150  
6    

1    
  0.0063449343826994   0.0000000000000000   0.0077292824815269
  -0.1317956583   -0.0003072608   -0.1861280034
   0.0035345998    0.0064639600   -0.0027314391
   0.0013016240   -0.0000496200    0.0014055250
   0.0007515116    0.0000374100    0.0013515899
   0.0031067866   -0.0064798300   -0.0025499042
   0.0020825274   -0.0056012003   -0.0027698003
  -0.0000832469   -0.0006962770    0.0018706005
   0.0000642547   -0.0001053954    0.0011381935
   0.0005733453    0.0003086852    0.0018227286
   0.0020209393    0.0058771268   -0.0025136429
   0.0001164089    0.0008815359    0.0013759388
  -0.0000332086    0.0000571852    0.0011182323
   0.0001470782    0.0000486739    0.0011588048
  -0.0001471447   -0.0004071525    0.0013789163
   0.0011154311   -0.0003011299    0.0019057197
  -0.0001533547    0.0003265325    0.0013506263
   0.0011148211    0.0003765399    0.0018474997
   0.0001244689   -0.0007900559    0.0014069788
   0.0000290214   -0.0000202552    0.0011276623
   0.0000834082   -0.0000121239    0.0011100448
   0.0019469993    0.0071176432   -0.0026768529
   0.0021558674   -0.0072900097   -0.0026024703
  -0.0000139369    0.0006522970    0.0019412605
   0.0000634447    0.0000298254    0.0011187035
   0.0005037753   -0.0003525552    0.0018718586
   0.0000782397    0.0000341688    0.0017369628
  -0.0000839199    0.0001308132    0.0020974967
   0.0000105160   -0.0006777518    0.0021096673
   0.0001066746    0.0001251603    0.0021324097
  -0.0000576417    0.0000418628    0.0014770400
   0.0000943503   -0.0001543956    0.0020769521
   0.0000566595    0.0000467828    0.0016666239
  -0.0000794776    0.0000334308    0.0016661131
  -0.0000349810   -0.0001385521    0.0021542181
  -0.0000450008    0.0006277080    0.0021944048
  -0.0005644679    0.0003323622    0.0021214048
  -0.0000228195   -0.0000782623    0.0016666277
   0.0006066343    0.0003443101    0.0020989279
   0.0000988406    0.0001617051    0.0016422793
  -0.0000615675    0.0001698822    0.0016271245
   0.0001845075    0.0000072108    0.0020948468
  -0.0001351538    0.0000287371    0.0021369698
   0.0001909549   -0.0000123875    0.0016440944
   0.0000169403   -0.0000008003    0.0016684697
  -0.0001750158   -0.0000155916    0.0016247410
   0.0000172724   -0.0000796600    0.0016073061
   0.0005789077   -0.0003609847    0.0022192141
   0.0001188612   -0.0001448748    0.0016368680
  -0.0000881230   -0.0001582960    0.0016319393
  -0.0005055358   -0.0002665473    0.0021710593
   0.0018653088   -0.0033885874    0.0213666640
  -0.0005906454    0.0016740254    0.0123661792
   0.0000539004    0.0006481455    0.0024037914
   0.0012141116    0.0029520528    0.0118721533
   0.0455704726   -0.0218382801    0.0571928256
   0.0016282344   -0.0015208575    0.0122581010
   0.0010612624    0.0006289781    0.0068846762
  -0.0011668949    0.0006578018    0.0069099022
  -0.0014749038   -0.0023604677    0.0119823631
  -0.0022673452   -0.0014690823    0.0043383256
   0.0005861593   -0.0003081597    0.0024619271
  -0.0000278838   -0.0012875937    0.0068987575
  -0.0005363760   -0.0003418209    0.0023473113
  -0.0003528035   -0.0004941172    0.0053177646
   0.0003802379   -0.0005516394    0.0052901120
   0.0028408980   -0.0006988497    0.0120160134
  -0.0020730169   -0.0000473973    0.0122341014
  -0.0007477612   -0.0000215998    0.0053522568
  -0.0000448580   -0.0000010921    0.0051581710
   0.0005227361   -0.0000901656    0.0052565798
   0.0077400707    0.0253596543    0.0394310998
  -0.0009036402   -0.0007931812    0.0040072191
  -0.0003741840    0.0006863168    0.0053374658
   0.0001661491    0.0004729831    0.0052694814
   0.0016416339    0.0022506190    0.0046660224
   0.0474990389    0.0230834564    0.0508482742
  -0.0021419517    0.0046707190   -0.0017318740
   0.0000348175    0.0049299480    0.0018480750
   0.0027566209    0.0058549681   -0.0012053616
   0.0011842804    0.0036661574    0.0134185950
   0.0034185937   -0.0043398296   -0.0015890444
  -0.0015256389   -0.0008790005    0.0007475600
   0.0014365458   -0.0008313054    0.0007004325
  -0.0032481357   -0.0051700257   -0.0013501521
  -0.0022510918   -0.0036633034    0.0033106721
   0.0042802283   -0.0024520178    0.0017906988
  -0.0000031552    0.0017093522    0.0007224830
  -0.0042585589   -0.0024799652    0.0019031856
  -0.0007353769   -0.0008065059   -0.0028934160
   0.0007576968   -0.0009105410   -0.0028798081
   0.0061341484   -0.0008195055   -0.0013309334
  -0.0054351828   -0.0001977507   -0.0016184735
  -0.0012169232   -0.0002044438   -0.0029531082
  -0.0000300450   -0.0000011121   -0.0073476391
   0.0010151239   -0.0002302036   -0.0028216159
   0.0075258550   -0.0266046668    0.0319706797
  -0.0027713301    0.0002944530    0.0037542809
  -0.0004715612    0.0011934733   -0.0029449895
   0.0002695789    0.0009600186   -0.0028274152
   0.0035746827    0.0033570470    0.0028708038
   0.0002335597    0.0000005500   -0.0008114792
  -0.0010793767    0.0001892700   -0.0057224711
   0.0017587972    0.0006750800    0.0041552548
  -0.0017442734    0.0006786500    0.0041520967
   0.0011639811    0.0003156600   -0.0058394408
  -0.0003263181   -0.0011152925   -0.0056580589
   0.0001449724    0.0000830393   -0.0013105444
   0.0000049323    0.0012448160   -0.0005403415
  -0.0001265062    0.0000723889   -0.0013872851
   0.0003577753   -0.0010814699   -0.0059044637
   0.0014781471    0.0011932910    0.0041534033
   0.0010799328   -0.0006207286   -0.0005396906
  -0.0010784684   -0.0006254953   -0.0005385442
  -0.0014437477    0.0011634007    0.0041525993
  -0.0000230630   -0.0004652432   -0.0010208091
  -0.0002888477   -0.0018715007    0.0041530493
  -0.0000000730   -0.0001567468   -0.0013466391
   0.0002907871   -0.0018374810    0.0041559333
   0.0000758228    0.0000495086    0.0000246394
  -0.0000762084    0.0000379853    0.0000460558
   0.0008782053    0.0008450899   -0.0057171237
  -0.0006813081    0.0008455325   -0.0058460489
  -0.0004456176    0.0002433807   -0.0010594644
  -0.0000100077   -0.0000882160    0.0000345985
   0.0003614638    0.0002216511   -0.0009809851
   0.0000103082    0.0000000800   -0.0160351365
  -0.0001754783    0.0001447400   -0.0057672960
   0.0070789304    0.0002026300   -0.0079071733
  -0.0070708289    0.0002042200   -0.0079136602
   0.0001910865    0.0001226400   -0.0057789780
   0.0000320156   -0.0002273621   -0.0057714197
   0.0036471792    0.0021065334   -0.0113776005
   0.0000044244   -0.0037344050   -0.0057159145
  -0.0036473468    0.0021038525   -0.0113853580
  -0.0000166817   -0.0002255287   -0.0057732857
   0.0037145449    0.0060238071   -0.0079095479
  -0.0032258467    0.0018651096   -0.0057177197
   0.0032396327    0.0018678456   -0.0057161296
  -0.0037112096    0.0060259873   -0.0079098263
   0.0000024985    0.0044276256   -0.0109730647
  -0.0033567596   -0.0062257773   -0.0079139463
  -0.0000026915   -0.0042118156   -0.0113836347
   0.0033661549   -0.0062302571   -0.0079078079
  -0.0029061667   -0.0016783396   -0.0062344397
   0.0029056127   -0.0016769756   -0.0062318996
   0.0002064083    0.0000977887   -0.0057775857
  -0.0002084644    0.0000858621   -0.0057683297
   0.0038304092   -0.0022104734   -0.0109687205
   0.0000010744    0.0033549250   -0.0062320045
  -0.0038379268   -0.0022174925   -0.0109774380

1    
 -0.0063449343826994   0.0000000000000000  -0.0077292824815269
   0.1306599127   -0.0003295908    0.1890742821
  -0.0033990466   -0.0063702500    0.0048101042
  -0.0006898916    0.0000802900    0.0006460401
  -0.0013489340   -0.0000061700    0.0006807950
  -0.0032246998    0.0065759200    0.0044975291
  -0.0020730593    0.0055666868    0.0047262929
  -0.0004956353    0.0003469852    0.0015781814
  -0.0000595047   -0.0000777654    0.0011661665
   0.0000245369   -0.0006560570    0.0016250995
  -0.0020189774   -0.0059126603    0.0045837003
   0.0002148147   -0.0003815925    0.0006689737
  -0.0001163682    0.0000296739    0.0011848252
   0.0000194186    0.0000418352    0.0011455777
  -0.0001705589    0.0009034059    0.0006562512
  -0.0011061411   -0.0002361499    0.0016591303
  -0.0001124789   -0.0008612659    0.0006878112
  -0.0011042911    0.0002971199    0.0016015603
   0.0001530347    0.0002566725    0.0006408237
  -0.0001215382   -0.0000413839    0.0011344252
   0.0000261286   -0.0000498152    0.0011553677
  -0.0019071574   -0.0070797597    0.0045711903
  -0.0021811693    0.0073247932    0.0047407029
  -0.0004356353   -0.0003831452    0.0016398114
  -0.0000552047    0.0000868054    0.0011457265
  -0.0000416231    0.0006174470    0.0016818495
  -0.0002481608   -0.0001390445    0.0015706753
  -0.0000545413    0.0002073264    0.0020601944
  -0.0000033703   -0.0007107676    0.0020098555
   0.0000551460    0.0002129992    0.0020298936
   0.0002372086   -0.0001436681    0.0018221226
   0.0001320843   -0.0001460361    0.0020821432
   0.0000876263    0.0000279514    0.0015532410
  -0.0000428609    0.0000446889    0.0015581662
  -0.0001761839   -0.0001641969    0.0020094087
   0.0000468336    0.0005560569    0.0019799327
  -0.0006294010    0.0003602507    0.0019997064
   0.0000352192   -0.0000771490    0.0015563128
   0.0006004862    0.0003470373    0.0020222925
   0.0000509582    0.0001503456    0.0015772308
  -0.0000753428    0.0001449835    0.0015920683
   0.0001934846   -0.0000425678    0.0020683560
  -0.0002255363   -0.0000688913    0.0020230323
   0.0001571812   -0.0000220210    0.0015719434
  -0.0000064087    0.0000007797    0.0016292810
  -0.0001629838   -0.0000145772    0.0015942173
  -0.0000105002    0.0002839342    0.0016940537
   0.0004519780   -0.0002321458    0.0019542126
   0.0000903713   -0.0001315697    0.0015805931
  -0.0001042243   -0.0001215538    0.0015870394
  -0.0005112081   -0.0003215151    0.0020068962
  -0.0023549712    0.0030911058   -0.0063561791
  -0.0004564740    0.0027138697    0.0110369295
  -0.0000459671    0.0006469680    0.0023697548
  -0.0001842170    0.0014552185    0.0115194973
  -0.0468918704    0.0226344126   -0.0439541207
   0.0016576486   -0.0015794307    0.0111617293
   0.0011642147    0.0006513448    0.0068358274
  -0.0010427809    0.0006224593    0.0068094297
  -0.0018142445   -0.0007447903    0.0113996084
   0.0022530419    0.0009317449    0.0013907045
   0.0005421290   -0.0003401551    0.0023122042
   0.0000353052   -0.0012755279    0.0068220668
  -0.0005757683   -0.0003060380    0.0024327511
  -0.0005314969   -0.0003231511    0.0053389276
   0.0005189770   -0.0002654653    0.0053693156
   0.0014913611   -0.0006094415    0.0114047684
  -0.0022567683   -0.0012359599    0.0111626798
  -0.0003981231   -0.0003378545    0.0053077856
   0.0000540251    0.0000006079    0.0051918790
   0.0006362836   -0.0002769933    0.0054046675
  -0.0076984129   -0.0255769814   -0.0249950800
   0.0004130427    0.0010566297    0.0017139186
   0.0001158625    0.0004934482    0.0053231350
   0.0000993520    0.0007094536    0.0053899788
  -0.0012012790   -0.0019994682    0.0010617097
  -0.0433260512   -0.0206513438   -0.0487475293
  -0.0034188031    0.0059582022   -0.0021863367
  -0.0000265809    0.0049547555    0.0017992188
   0.0028543485    0.0047506570   -0.0027179271
  -0.0035235180   -0.0023216990   -0.0130994699
   0.0030028145   -0.0058129385   -0.0023205172
  -0.0014099053   -0.0008216384    0.0005985281
   0.0015100571   -0.0008651016    0.0006480438
  -0.0031333473   -0.0049772725   -0.0025887981
   0.0022807851   -0.0063686638    0.0006601780
   0.0042848560   -0.0024900012    0.0018518389
   0.0000122938    0.0016847361    0.0006236427
  -0.0042941194   -0.0024641795    0.0017406131
  -0.0005529579   -0.0011186288   -0.0028510816
   0.0005484436   -0.0010130973   -0.0028644741
   0.0058709968    0.0003629483   -0.0025879178
  -0.0065402963   -0.0002825305   -0.0023272883
  -0.0010892165    0.0000421349   -0.0027966691
   0.0000376280    0.0000003879   -0.0073746909
   0.0013070804    0.0000695193   -0.0029227165
  -0.0075508528    0.0231063697   -0.0310727096
  -0.0058727945    0.0047016378    0.0002162373
  -0.0005360799    0.0008933734   -0.0028032807
   0.0007575625    0.0011254964   -0.0029167056
   0.0051567649    0.0016551515    0.0011115385
  -0.0002230781   -0.0000001400    0.0004561528
  -0.0012559122    0.0005775000   -0.0063792057
   0.0017382240    0.0007006900    0.0041553203
  -0.0017348980    0.0006975400    0.0041570207
   0.0011822197    0.0004503100   -0.0062549165
  -0.0001740664   -0.0012953513   -0.0064417483
   0.0000352588    0.0000150771   -0.0013658020
   0.0000041340    0.0012377061   -0.0005153264
  -0.0000367245    0.0000258752   -0.0012893466
   0.0001538688   -0.0013306517   -0.0061895338
   0.0014637987    0.0011401201    0.0041556559
   0.0010800999   -0.0006210077   -0.0005131784
  -0.0010652007   -0.0006169863   -0.0005146362
  -0.0014837519    0.0011676353    0.0041559961
   0.0000301530   -0.0004877590   -0.0009323585
  -0.0002559719   -0.0018357553    0.0041564761
   0.0000085530   -0.0000420510   -0.0013269085
   0.0002695887   -0.0018710601    0.0041566059
   0.0000906499    0.0000422477    0.0000137016
  -0.0000754907    0.0000544063   -0.0000081862
   0.0009616688    0.0007999217   -0.0063814838
  -0.0011491964    0.0008004713   -0.0062529283
  -0.0003719412    0.0002326529   -0.0008911520
   0.0000186740   -0.0000950761    0.0000044336
   0.0004726155    0.0002564848   -0.0009708666
  -0.0000053852   -0.0000004500   -0.0158934457
  -0.0001795345    0.0000777800   -0.0057836316
   0.0070861629    0.0001859300   -0.0078895930
  -0.0070774906    0.0001843100   -0.0078814902
   0.0001797394    0.0001001400   -0.0057753510
  -0.0000135650   -0.0001983305   -0.0057797746
   0.0036608142    0.0021071993   -0.0113834736
   0.0000045966   -0.0037249347   -0.0056804849
  -0.0036453736    0.0021106276   -0.0113765428
   0.0000109172   -0.0002024081   -0.0057811093
   0.0037068157    0.0060419350   -0.0078860202
  -0.0032236928    0.0018642409   -0.0056814597
   0.0032260674    0.0018601040   -0.0056829004
  -0.0036959008    0.0060374028   -0.0078849538
   0.0000043607    0.0044462664   -0.0109516837
  -0.0033778908   -0.0062275228   -0.0078817038
   0.0000102707   -0.0042190364   -0.0113807737
   0.0033833957   -0.0062236850   -0.0078896902
  -0.0028964928   -0.0016754209   -0.0062035797
   0.0029118074   -0.0016771040   -0.0062058104
   0.0001747372    0.0001067081   -0.0057751293
  -0.0001599250    0.0001176805   -0.0057851946
   0.0038628642   -0.0022274093   -0.0109567836
   0.0000068166    0.0033541047   -0.0062057449
  -0.0038390936   -0.0022179676   -0.0109482228

51   
  0.0063449343826994   0.0000000000000000   0.0077292824815269
   0.0018350512   -0.0034184558    0.0163199091
   0.0473723604   -0.0229532026    0.0522417407
   0.0003055170   -0.0002819685    0.0016991127
  -0.0002767629    0.0000737620    0.0009803852
   0.0006414740    0.0002759603    0.0010594905
   0.0076835229    0.0260212714    0.0334076800
   0.0004380290    0.0015586682    0.0040069503
  -0.0001766220   -0.0002011436    0.0011816812
   0.0001971475   -0.0001985282    0.0015253250
  -0.0000344227   -0.0013948797    0.0015554813
   0.0003859589    0.0005739015    0.0016234316
  -0.0002863936   -0.0000909667    0.0011165625
   0.0000004349    0.0000219721    0.0010757110
  -0.0002540169    0.0003136445    0.0008880344
   0.0004885083   -0.0011353001    0.0019142702
  -0.0000697190   -0.0003145149    0.0009809958
  -0.0000391770    0.0004115853    0.0015741344
   0.0001321269   -0.0002741589    0.0010019524
  -0.0001330817   -0.0001121220    0.0010901289
  -0.0000106552   -0.0000362221    0.0011133532
   0.0002461014   -0.0002213293    0.0012952207
  -0.0023568419   -0.0004231749    0.0024177955
  -0.0003327855    0.0008483403    0.0022247016
  -0.0000719591    0.0000396607    0.0011081803
   0.0001269653    0.0000832952    0.0017679226
  -0.0001118718   -0.0000764700    0.0015492035
  -0.0000941683    0.0001400400    0.0020503940
  -0.0000264496   -0.0007242200    0.0020113367
   0.0000422611    0.0001449200    0.0020383098
   0.0000538965   -0.0000784200    0.0016218120
   0.0000844956   -0.0001554721    0.0020660703
   0.0000375792    0.0000190734    0.0015749095
  -0.0000968956    0.0000138550    0.0015608855
  -0.0001477368   -0.0001748275    0.0020506320
  -0.0000273417    0.0005632013    0.0020419543
  -0.0006319651    0.0003265171    0.0020194721
  -0.0000274967   -0.0001032704    0.0015582303
   0.0005733627    0.0003238856    0.0020140504
   0.0000380904    0.0001352673    0.0015579937
  -0.0001014615    0.0001374156    0.0015654053
   0.0001519804   -0.0000473373    0.0020434237
  -0.0002221915   -0.0000502156    0.0020485353
   0.0001449049   -0.0000448871    0.0015548521
  -0.0000339667   -0.0000257996    0.0016013603
  -0.0002035373   -0.0000423956    0.0015633604
  -0.0000413117    0.0000661787    0.0016370743
   0.0004828856   -0.0003185779    0.0020405903
   0.0000682692   -0.0001623234    0.0015578295
  -0.0001334856   -0.0001627450    0.0015625955
  -0.0005541668   -0.0003263925    0.0020501220
  -0.0626372958    0.0038291758   -0.0880225625
   0.0037200150    0.0021155700    0.0098583689
  -0.0000084727    0.0005786600    0.0022013725
   0.0005328375    0.0020895800    0.0115004560
   0.0058332441    0.0000816400    0.0045280670
   0.0020856501    0.0003201862    0.0096285232
   0.0009969646    0.0005819397    0.0067651596
  -0.0010787661    0.0006222826    0.0067775597
  -0.0017677536   -0.0015324917    0.0117827424
   0.0010225518   -0.0035261315    0.0000820722
   0.0004846607   -0.0003349040    0.0021513309
   0.0000080884   -0.0012910997    0.0067682190
  -0.0005661034   -0.0003693153    0.0023143604
  -0.0003976549   -0.0004032671    0.0051757076
   0.0003891990   -0.0003153949    0.0053222261
   0.0020970251   -0.0006048229    0.0114621776
  -0.0022177910   -0.0006845051    0.0116971461
  -0.0005405093   -0.0001940460    0.0051860709
   0.0000129384   -0.0000358903    0.0050845790
   0.0005659466   -0.0001840347    0.0052491304
   0.0011751718    0.0030866015    0.0048819122
   0.0000617601   -0.0015876362    0.0006639432
  -0.0001459654    0.0005411803    0.0053180796
   0.0001614039    0.0005515074    0.0052425097
   0.0000160064    0.0000156217    0.0028666624
  -0.0006681613    0.0006706500    0.0105497713
  -0.0009983217    0.0068261300   -0.0005830594
   0.0000100657    0.0050032700    0.0017725681
   0.0027764621    0.0051642600   -0.0020210075
  -0.0017833725    0.0010698900   -0.0004569088
   0.0040062325   -0.0044225600   -0.0017306697
  -0.0014139267   -0.0008188520    0.0005033197
   0.0014446797   -0.0008784559    0.0006354897
  -0.0030925314   -0.0051816049   -0.0022559529
  -0.0020638877   -0.0046332590    0.0025343104
   0.0042013159   -0.0025375850    0.0017905121
  -0.0000225745    0.0016730074    0.0006459958
  -0.0042965794   -0.0024905782    0.0017739416
  -0.0007088830   -0.0009054917   -0.0029487657
   0.0006216610   -0.0009470392   -0.0031057948
   0.0059002970   -0.0001241883   -0.0020022257
  -0.0060326190   -0.0002318508   -0.0021961748
  -0.0012066041   -0.0002486850   -0.0029466479
  -0.0000045445   -0.0000154974   -0.0074004042
   0.0011290506   -0.0001035918   -0.0029130184
  -0.0003687077   -0.0016492810   -0.0006142896
  -0.0052198475   -0.0003307300    0.0035254003
  -0.0003965767    0.0009375720   -0.0031400403
   0.0004862097    0.0010043559   -0.0029111903
   0.0043898286    0.0025239949    0.0017821271
  -0.0000189815   -0.0000178536   -0.0002080066
  -0.0012181245    0.0003688305   -0.0060875281
   0.0016875229    0.0006805886    0.0041151733
  -0.0017679004    0.0006616617    0.0041184137
   0.0011435282    0.0003692740   -0.0060937371
  -0.0002853312   -0.0012468480   -0.0060821558
   0.0000497923    0.0000274277   -0.0014386923
  -0.0000378033    0.0012165323   -0.0005726652
  -0.0001039544    0.0000279213   -0.0013627287
   0.0002133311   -0.0012311632   -0.0060735852
   0.0014403440    0.0011252806    0.0041132987
   0.0010411802   -0.0006562219   -0.0005686292
  -0.0011025621   -0.0006456098   -0.0005617051
  -0.0014954415    0.0011328752    0.0041259844
  -0.0000364787   -0.0005257692   -0.0010256580
  -0.0003056323   -0.0018767043    0.0041133260
  -0.0000200076   -0.0001148068   -0.0013690315
   0.0002423209   -0.0018737486    0.0041163357
   0.0000523639    0.0000189623   -0.0000145997
  -0.0001104049    0.0000209568   -0.0000172908
   0.0008944283    0.0007954196   -0.0060893555
  -0.0009598117    0.0007945979   -0.0061090927
  -0.0004749528    0.0002277044   -0.0010202218
  -0.0000208262   -0.0001217219   -0.0000109844
   0.0003908357    0.0002193244   -0.0010159664
  -0.0000268382   -0.0000194580   -0.0159907708
  -0.0002139658    0.0000846461   -0.0058052903
   0.0070489730    0.0001679501   -0.0079426244
  -0.0071032589    0.0001688184   -0.0079433266
   0.0001566198    0.0000850375   -0.0058207471
  -0.0000319444   -0.0002424782   -0.0058015106
   0.0036166730    0.0020814430   -0.0114246301
  -0.0000289747   -0.0037539627   -0.0057448936
  -0.0036763702    0.0020823218   -0.0114293048
  -0.0000351037   -0.0002420886   -0.0058192642
   0.0036774419    0.0060086372   -0.0079401821
  -0.0032585439    0.0018390628   -0.0057443956
   0.0031998354    0.0018395800   -0.0057435398
  -0.0037356545    0.0060053449   -0.0079463128
  -0.0000253189    0.0044107538   -0.0110042495
  -0.0033993862   -0.0062507669   -0.0079408978
  -0.0000274988   -0.0042387721   -0.0114278463
   0.0033407462   -0.0062517045   -0.0079459122
  -0.0029328434   -0.0017039415   -0.0062638055
   0.0028769622   -0.0017044413   -0.0062635712
   0.0001595041    0.0000806061   -0.0058209285
  -0.0002230288    0.0000803157   -0.0058214222
   0.0038153964   -0.0022408447   -0.0110059831
  -0.0000287483    0.0033307771   -0.0062660649
  -0.0038683635   -0.0022411860   -0.0110069975

51   
 -0.0063449343826994   0.0000000000000000  -0.0077292824815269
  -0.0017642988    0.0034377674   -0.0118478140
  -0.0456704126    0.0218969201   -0.0483527356
   0.0002834484    0.0002955072    0.0002774667
  -0.0003596904   -0.0000634155    0.0009952886
  -0.0005577546   -0.0002703754    0.0008966908
  -0.0077327707   -0.0255825143   -0.0309692798
  -0.0010997339   -0.0019213990   -0.0005994724
   0.0001312109   -0.0000061931    0.0010522786
   0.0003485440   -0.0001567668    0.0018524842
   0.0000257902    0.0012233012    0.0003602509
  -0.0000787580   -0.0000662803    0.0003527666
   0.0000807539    0.0001654056    0.0011179802
   0.0001164180    0.0000541521    0.0011587890
  -0.0001163888    0.0001678198    0.0010840032
  -0.0005368031    0.0006051373    0.0016000786
  -0.0002400093   -0.0002324403    0.0009942529
  -0.0000004979    0.0002505694    0.0018038280
   0.0000950035   -0.0002716828    0.0009695154
  -0.0000108040    0.0000383309    0.0011069987
   0.0000784338   -0.0000394663    0.0010846725
  -0.0001950044    0.0003011075    0.0006525890
   0.0021856152    0.0005322723   -0.0004831756
  -0.0001579362   -0.0006144723    0.0012813169
   0.0000307049    0.0000634382    0.0010885778
   0.0002894276    0.0001572819    0.0017318338
  -0.0001053352   -0.0000457600    0.0017183043
  -0.0000958145    0.0001806500    0.0020815884
  -0.0000147871   -0.0006818900    0.0020783470
   0.0000714894    0.0001760800    0.0020940698
   0.0000834994   -0.0000435500    0.0016473190
   0.0000955650   -0.0001629305    0.0020642354
   0.0000564642    0.0000405893    0.0016153764
  -0.0000769434    0.0000470453    0.0016304251
  -0.0001102136   -0.0001457124    0.0020824872
  -0.0000128628    0.0006009919    0.0021004907
  -0.0006074243    0.0003483150    0.0020703898
  -0.0000114028   -0.0000691891    0.0016331703
   0.0005855974    0.0003513240    0.0020757296
   0.0000643392    0.0001575528    0.0016293162
  -0.0000795093    0.0001562164    0.0016216663
   0.0001797092   -0.0000114228    0.0020893362
  -0.0001883093   -0.0000069464    0.0020845563
   0.0001549657   -0.0000071450    0.0016312498
  -0.0000038228    0.0000071891    0.0016641203
  -0.0001775526   -0.0000109040    0.0016245396
   0.0000021972    0.0001206081    0.0016314507
   0.0004997950   -0.0002910295    0.0021019754
   0.0000915842   -0.0001323793    0.0016266964
  -0.0001063334   -0.0001343353    0.0016246251
  -0.0005076536   -0.0002814576    0.0020932372
   0.0661835356   -0.0008674748    0.1062440692
  -0.0047164041    0.0022501800    0.0134644630
  -0.0000317275    0.0006999600    0.0025244340
   0.0004666527    0.0022889400    0.0118574175
  -0.0054819150   -0.0003470700    0.0105000011
   0.0011387382   -0.0034209815    0.0136979278
   0.0011793936    0.0006760383    0.0069034876
  -0.0011773239    0.0006410126    0.0068990603
  -0.0015631246   -0.0015766403    0.0115749504
  -0.0010552801    0.0029508462    0.0055875168
   0.0005950749   -0.0003308371    0.0025733824
  -0.0000441866   -0.0012864353    0.0069106796
  -0.0005962384   -0.0002979797    0.0024153110
  -0.0005306707   -0.0004385840    0.0054316591
   0.0004633210   -0.0005239749    0.0052891239
   0.0021872093   -0.0007146360    0.0119001891
  -0.0021437790   -0.0006394451    0.0116639139
  -0.0006537151   -0.0001874929    0.0054257224
  -0.0000501466    0.0000161553    0.0052165196
   0.0005469216   -0.0001986703    0.0053628210
  -0.0012107101   -0.0025861662    0.0101343268
  -0.0005783618    0.0018331115    0.0049880878
  -0.0001596464    0.0006237317    0.0052937876
   0.0000622961    0.0006094874    0.0053659903
   0.0004166954    0.0002362203    0.0028228504
   0.0030066430    0.0007012500   -0.0101918804
  -0.0046127562    0.0037614500   -0.0033792271
  -0.0000499469    0.0048657000    0.0018233070
   0.0027658599    0.0054344600   -0.0019580011
  -0.0006428283    0.0002855200    0.0006565893
   0.0023228774   -0.0057360593   -0.0022605680
  -0.0015583752   -0.0008956585    0.0007941310
   0.0014583975   -0.0008368913    0.0006568421
  -0.0033534806   -0.0049748383   -0.0017167986
   0.0020162784   -0.0054176630    0.0013838454
   0.0043173413   -0.0024209752    0.0018060129
  -0.0000131323    0.0017066974    0.0006451142
  -0.0043046197   -0.0024713528    0.0018169479
  -0.0006276426   -0.0010391884   -0.0028488212
   0.0006388532   -0.0009950178   -0.0026935570
   0.0060432174   -0.0003691516   -0.0019793712
  -0.0059896368   -0.0002667922   -0.0017824370
  -0.0011503887    0.0000672952   -0.0028534671
  -0.0000325923   -0.0000047474   -0.0073739958
   0.0011455703   -0.0000773272   -0.0028862021
   0.0003249884   -0.0011274270    0.0008100154
  -0.0035182726    0.0052848793    0.0004193220
  -0.0006636052    0.0011334485   -0.0026611390
   0.0004935275    0.0010626513   -0.0028851879
   0.0042597794    0.0024708983    0.0021296114
  -0.0000216385   -0.0000011565   -0.0002030335
  -0.0011574091    0.0003781100   -0.0060527756
   0.0017603790    0.0006770060    0.0041472655
  -0.0017572764    0.0006956379    0.0041474278
   0.0011528422    0.0003775363   -0.0060412466
  -0.0002617375   -0.0011786845   -0.0060624030
   0.0000854550    0.0000520160   -0.0012880346
  -0.0000016398    0.0012492901   -0.0005287887
  -0.0001055340    0.0000521386   -0.0013569120
   0.0002501108   -0.0011933753   -0.0060635970
   0.0014534660    0.0011914731    0.0041455938
   0.0010712431   -0.0006052034   -0.0005334064
  -0.0010880670   -0.0006151698   -0.0005383045
  -0.0014783083    0.0011789041    0.0041391846
  -0.0000033458   -0.0004448568   -0.0009717904
  -0.0002867175   -0.0018484542    0.0041490142
  -0.0000183930   -0.0001013436   -0.0013512885
   0.0002689689   -0.0018519245    0.0041490759
   0.0000668268    0.0000529961    0.0000093103
  -0.0000873353    0.0000522339    0.0000101511
   0.0008962990    0.0008286398   -0.0060477563
  -0.0009113280    0.0008267916   -0.0060290147
  -0.0003905790    0.0002302496   -0.0009765983
  -0.0000169205   -0.0000797304    0.0000053471
   0.0003948052    0.0002391558   -0.0009788340
  -0.0000147429   -0.0000000426   -0.0159879999
  -0.0001887535    0.0001202232   -0.0057933567
   0.0070679980    0.0002022297   -0.0078994137
  -0.0070909510    0.0002002415   -0.0079026233
   0.0001667394    0.0001195524   -0.0057842642
   0.0000018042   -0.0002034006   -0.0057941184
   0.0036468180    0.0021138978   -0.0113800674
  -0.0000104748   -0.0037222571   -0.0056985457
  -0.0036623800    0.0021137884   -0.0113835257
  -0.0000186573   -0.0002036208   -0.0057836772
   0.0036962083    0.0060408138   -0.0078975371
  -0.0032388858    0.0018706176   -0.0056979138
   0.0032187847    0.0018699400   -0.0057014902
  -0.0037175558    0.0060391854   -0.0078990476
  -0.0000147514    0.0044461870   -0.0109686408
  -0.0033831638   -0.0062199730   -0.0079011423
  -0.0000112713   -0.0042095082   -0.0113832438
   0.0033602939   -0.0062198859   -0.0078987877
  -0.0029169265   -0.0016701685   -0.0062240644
   0.0028945578   -0.0016687285   -0.0062227587
   0.0001754354    0.0001058933   -0.0057813923
  -0.0001935614    0.0001040131   -0.0057811174
   0.0038305642   -0.0022149162   -0.0109669256
  -0.0000092114    0.0033607426   -0.0062208947
  -0.0038564767   -0.0022134542   -0.0109687428

76   
  0.0063449343826994   0.0000000000000000   0.0077292824815269
   0.0451943612    0.0217262838    0.0505265493
   0.0014947780    0.0034266690    0.0149019799
   0.0009309415   -0.0002937270    0.0012010971
  -0.0002590791   -0.0000899955    0.0010217612
   0.0000397731    0.0002899378    0.0017534267
   0.0074939128   -0.0254952797    0.0322550596
  -0.0004438649    0.0010200185    0.0020737715
  -0.0000311325   -0.0000786164    0.0010007956
   0.0001291599   -0.0001328734    0.0017999807
   0.0009678445   -0.0019409978    0.0032519127
   0.0006820432    0.0010763717    0.0013094678
  -0.0001015904   -0.0000588093    0.0010820065
   0.0000527420    0.0000233121    0.0011433009
  -0.0003374735    0.0003738751    0.0010169291
   0.0001686363   -0.0005730895    0.0024236383
  -0.0001910860   -0.0002343788    0.0010136011
   0.0000216164    0.0002841573    0.0017680241
   0.0001364879   -0.0004237712    0.0009039616
   0.0000305894   -0.0000266605    0.0011407769
   0.0000476262   -0.0000866961    0.0011586473
  -0.0000226045   -0.0007241315    0.0015788272
  -0.0023027651    0.0006644438    0.0023091020
   0.0000109973    0.0002871525    0.0021410481
  -0.0000698371    0.0000720816    0.0011667262
   0.0002161653    0.0001021084    0.0018024219
   0.0001460097   -0.0000767500    0.0010086108
   0.0000438433    0.0002460400    0.0023856289
   0.0000091072   -0.0006980400    0.0020589148
   0.0000833066    0.0001246300    0.0020676867
   0.0000594611    0.0000901000    0.0018719492
   0.0002791519   -0.0002256125    0.0022695211
   0.0001236124    0.0000472393    0.0016347756
  -0.0000620077    0.0000143060    0.0015925285
  -0.0001456762   -0.0001539711    0.0020240849
  -0.0001355347    0.0006115701    0.0024225663
  -0.0005815329    0.0003160010    0.0020479633
   0.0000007228   -0.0000982286    0.0015948194
   0.0006015116    0.0003206147    0.0020396858
   0.0000881023    0.0001401607    0.0016071193
  -0.0000920930    0.0000765468    0.0015590109
   0.0001863023   -0.0000403707    0.0020622093
  -0.0001851930   -0.0000981368    0.0020654809
   0.0001722871   -0.0000482210    0.0016129533
  -0.0000116472   -0.0000263214    0.0016555194
  -0.0001564484   -0.0000556647    0.0016220858
   0.0001798253   -0.0000204101    0.0017987663
   0.0005335519   -0.0004825875    0.0024648011
   0.0000108924   -0.0001236693    0.0015671256
  -0.0001101777   -0.0001479560    0.0016191085
  -0.0005039962   -0.0003030689    0.0020276549
  -0.0020281330   -0.0001515800    0.0178392604
  -0.0010806817    0.0018310700    0.0111641107
   0.0000256101    0.0007524300    0.0023567111
   0.0005508669    0.0021008900    0.0116911930
   0.0020416262   -0.0016320900    0.0089276671
  -0.0003113884   -0.0020154430    0.0123375146
   0.0012638706    0.0007011117    0.0066300386
  -0.0010985275    0.0006160187    0.0068561379
  -0.0015758048   -0.0016063985    0.0115339690
   0.0008131926   -0.0010037893    0.0030941080
   0.0005472226   -0.0004289384    0.0023505612
   0.0000182097   -0.0013079128    0.0068470121
  -0.0005436377   -0.0003443426    0.0023937258
  -0.0005016313   -0.0003867652    0.0053251471
   0.0004386568   -0.0005188878    0.0051320370
   0.0021535087   -0.0005485648    0.0116776071
  -0.0021553032   -0.0007244822    0.0115061370
  -0.0006369274   -0.0003552016    0.0053170812
   0.0000036997   -0.0000271672    0.0051766921
   0.0006026123   -0.0002179674    0.0053249758
  -0.0007663874    0.0029644893    0.0091292180
  -0.0006263184    0.0003294630    0.0021209046
  -0.0000896694    0.0005381683    0.0051559386
   0.0001381425    0.0005789913    0.0053263779
   0.0004244352    0.0002241185    0.0026448590
  -0.0652848205    0.0045750270   -0.1002214701
   0.0030891250    0.0050108700   -0.0046897111
   0.0000009873    0.0049779900    0.0016358125
   0.0028104375    0.0053029500   -0.0021619240
   0.0034086341    0.0005880900   -0.0015774530
   0.0041693101   -0.0018419738   -0.0045549168
  -0.0015845054   -0.0009470603    0.0007505496
   0.0015287539   -0.0008727074    0.0005944397
  -0.0032542736   -0.0050580017   -0.0020463776
   0.0006915218   -0.0070818015    0.0001466722
   0.0043182107   -0.0025418240    0.0016605309
   0.0000312584    0.0016909303    0.0005933090
  -0.0042513134   -0.0025122853    0.0017427904
  -0.0006682449   -0.0009954071   -0.0030958624
   0.0006609590   -0.0011010549   -0.0028767439
   0.0060392651   -0.0002540029   -0.0021336524
  -0.0059804710   -0.0002274551   -0.0019695039
  -0.0011868093   -0.0001385460   -0.0030918691
   0.0000323984   -0.0000399703   -0.0074395910
   0.0011862966   -0.0000894147   -0.0029512896
   0.0003775018    0.0006068715   -0.0019541678
  -0.0030674499   -0.0004016862   -0.0003638468
  -0.0006925254    0.0011317403   -0.0028541804
   0.0005667439    0.0010164874   -0.0029500303
   0.0043601364    0.0024850617    0.0019546624
  -0.0008055789   -0.0003428082    0.0000700915
   0.0002752505   -0.0006251483   -0.0039250206
   0.0017522743    0.0006783601    0.0040916088
  -0.0017370418    0.0006702322    0.0041364295
   0.0012527556    0.0004174550   -0.0060457105
  -0.0005103290    0.0000692940   -0.0048650445
   0.0002634940    0.0002096246   -0.0013942557
  -0.0000028011    0.0012356707   -0.0005655455
  -0.0000571505    0.0000239973   -0.0013492465
   0.0001727071   -0.0012637536   -0.0063082071
   0.0014841772    0.0010932482    0.0041321938
   0.0010951776   -0.0006582123   -0.0005535469
  -0.0010665436   -0.0006454890   -0.0005255139
  -0.0014475405    0.0011179346    0.0041313783
  -0.0000080289   -0.0005538354   -0.0010174131
  -0.0002607214   -0.0018831345    0.0041401441
   0.0000185518   -0.0001180153   -0.0013496558
   0.0002637170   -0.0018652250    0.0041185604
   0.0000835018    0.0000200502   -0.0000036195
  -0.0000822117    0.0000315994   -0.0000016838
   0.0010093741    0.0008350471   -0.0060358875
  -0.0010585565    0.0006477039   -0.0062053203
  -0.0004203416    0.0002039087   -0.0010485753
   0.0000158304   -0.0001268054    0.0000047661
   0.0004099166    0.0002140392   -0.0010031690
   0.0000081185   -0.0000217036   -0.0159541366
  -0.0001895445    0.0000938705   -0.0057905481
   0.0070784729    0.0001836386   -0.0079239067
  -0.0070681204    0.0001653817   -0.0079063363
   0.0001692382    0.0000835340   -0.0057783071
   0.0000086288   -0.0002476280   -0.0057767158
   0.0036054423    0.0020615977   -0.0114114023
  -0.0000050733   -0.0037572477   -0.0057103952
  -0.0036326444    0.0020852113   -0.0113802487
   0.0000320511   -0.0002654632   -0.0058098552
   0.0037171440    0.0060102106   -0.0079055313
  -0.0032321298    0.0018298881   -0.0057051392
   0.0032366479    0.0018396002   -0.0057034951
  -0.0036976315    0.0059986352   -0.0079017056
  -0.0000042587    0.0044180108   -0.0109800880
  -0.0033682523   -0.0062467543   -0.0079063840
   0.0000125324   -0.0042280268   -0.0113823715
   0.0033733609   -0.0062423386   -0.0079086543
  -0.0028949861   -0.0017015477   -0.0062267797
   0.0029088951   -0.0016940732   -0.0062257908
   0.0001812583    0.0000669096   -0.0057735055
  -0.0001972717    0.0001257679   -0.0058092827
   0.0038342772   -0.0022484456   -0.0109930218
   0.0000203738    0.0033207781   -0.0062252444
  -0.0038364243   -0.0022412156   -0.0109694364

76   
 -0.0063449343826994   0.0000000000000000  -0.0077292824815269
  -0.0470954889   -0.0228310764   -0.0478730742
  -0.0017561704   -0.0033834774   -0.0128012650
  -0.0002986409    0.0002908919    0.0007948416
  -0.0003268275    0.0000930420    0.0009859750
   0.0000872317   -0.0002851690    0.0002201240
  -0.0075834850    0.0259339068   -0.0307927597
  -0.0001179927   -0.0013856570    0.0013607762
   0.0000407311   -0.0001298586    0.0012702452
   0.0004712812   -0.0002352233    0.0016145795
  -0.0008771999    0.0017612170   -0.0013086009
  -0.0003395384   -0.0005863145    0.0006851734
  -0.0000478039    0.0001271336    0.0011906759
   0.0001152450    0.0000448921    0.0011283391
   0.0000237232    0.0000977938    0.0009915882
  -0.0001833872    0.0000477007    0.0011062535
  -0.0000732483   -0.0003173822    0.0009945712
  -0.0000126768    0.0003717110    0.0016491381
   0.0001395769   -0.0001303941    0.0011063960
  -0.0001301611   -0.0000578148    0.0010878544
   0.0000647052    0.0000026778    0.0010723170
   0.0001290463    0.0008034696    0.0003921444
   0.0022268918   -0.0005647566   -0.0003271221
  -0.0004452243   -0.0000717643    0.0013879021
   0.0000781142    0.0000191554    0.0010639775
   0.0002500089    0.0001337105    0.0017330700
  -0.0003139381   -0.0000539700    0.0022911128
  -0.0001824222    0.0000674300    0.0017874743
  -0.0000034260   -0.0007160200    0.0020669803
   0.0000771820    0.0001886700    0.0020999107
   0.0001231197   -0.0002191600    0.0014352935
  -0.0000521764   -0.0001007213    0.0018974717
   0.0000188688    0.0000058771    0.0015920480
  -0.0000660460    0.0000392261    0.0016357036
  -0.0000665445   -0.0001740448    0.0021442434
   0.0001387388    0.0005460483    0.0017595262
  -0.0006119813    0.0003516701    0.0020779259
   0.0000070099   -0.0000823377    0.0016330416
   0.0006028893    0.0003465737    0.0020872738
   0.0000601181    0.0001441453    0.0016166261
  -0.0000425970    0.0002108110    0.0016647115
   0.0001912181   -0.0000257953    0.0021056661
  -0.0001792570    0.0000314490    0.0021039015
   0.0001737587   -0.0000120501    0.0016102259
   0.0000202699   -0.0000004523    0.0016463916
  -0.0001781507   -0.0000050637    0.0016024538
  -0.0001724512    0.0001993517    0.0015074262
   0.0004973136   -0.0001403287    0.0017210417
   0.0001951188   -0.0001789671    0.0016558680
  -0.0000825260   -0.0001566361    0.0016045836
  -0.0005126645   -0.0003134552    0.0021506634
   0.0016231613   -0.0001293600   -0.0029276413
   0.0000387125    0.0025229000    0.0122495288
  -0.0000253321    0.0005181500    0.0024086775
   0.0004848443    0.0022715800    0.0117013619
  -0.0015991083    0.0013416900    0.0061088794
   0.0036208177   -0.0011017290    0.0110569696
   0.0009614714    0.0005517751    0.0070754529
  -0.0011143297    0.0006381141    0.0068577203
  -0.0017173033   -0.0015058020    0.0118613503
  -0.0007705625    0.0004403300    0.0026419697
   0.0005789930   -0.0002464217    0.0024157357
  -0.0000108806   -0.0012777182    0.0068679084
  -0.0005728655   -0.0003295726    0.0023730442
  -0.0003820159   -0.0004554350    0.0053211979
   0.0004589390   -0.0003250692    0.0055202448
   0.0021770241   -0.0007846350    0.0117230379
  -0.0021610510   -0.0006086408    0.0118916448
  -0.0005101270   -0.0000313383    0.0053342257
   0.0000046094    0.0000009082    0.0051634384
   0.0005558945   -0.0001745274    0.0053257242
   0.0007850275   -0.0025264500    0.0058966597
   0.0001711077   -0.0000676610    0.0036210296
  -0.0001676186    0.0006174249    0.0054961429
   0.0001284103    0.0005742959    0.0053197303
   0.0000513367    0.0000189120    0.0030817703
   0.0685973590    0.0012113151    0.1028988089
  -0.0086001841    0.0055853000    0.0007358930
  -0.0000053775    0.0048824800    0.0019960040
   0.0027743927    0.0052889600   -0.0017768225
  -0.0058763950    0.0007635500    0.0018748211
   0.0022340682   -0.0083418715    0.0006274078
  -0.0013505264   -0.0007805217    0.0005817776
   0.0014175561   -0.0008519074    0.0007354503
  -0.0031438146   -0.0051090903   -0.0018900096
  -0.0006534301   -0.0029713338    0.0038412468
   0.0042447249   -0.0024313371    0.0019727524
  -0.0000236366    0.0016811247    0.0007354196
  -0.0043039084   -0.0024559097    0.0018853810
  -0.0006218507   -0.0009560840   -0.0026618109
   0.0006447210   -0.0008527549   -0.0028833261
   0.0059512493   -0.0002494760   -0.0018100309
  -0.0059969290   -0.0002756351   -0.0019750861
  -0.0011245751   -0.0000452829   -0.0026707276
  -0.0000242066    0.0000134053   -0.0072965204
   0.0011343516   -0.0001009403   -0.0028095690
  -0.0003584801   -0.0034142962    0.0022410968
  -0.0056154118    0.0053951815    0.0043170478
  -0.0003250864    0.0009328317   -0.0029107824
   0.0004560961    0.0010417374   -0.0028071997
   0.0043383354    0.0025036203    0.0019973604
   0.0008115437    0.0003180088   -0.0004595407
  -0.0025694368    0.0013349202   -0.0081175974
   0.0017424024    0.0006719594    0.0042079658
  -0.0017429650    0.0006798460    0.0041672141
   0.0010904122    0.0003217970   -0.0060529303
   0.0000007339   -0.0024840810   -0.0072264878
  -0.0000818807   -0.0001348474   -0.0012978118
   0.0000090633    0.0012223780   -0.0004982392
  -0.0001072801    0.0000478221   -0.0013323810
   0.0003379372   -0.0011691894   -0.0057919828
   0.0014564939    0.0012142320    0.0041639817
   0.0010635542   -0.0006109066   -0.0005112059
  -0.0010788838   -0.0006232090   -0.0005356959
  -0.0014802914    0.0011866789    0.0041719592
   0.0000145184   -0.0004248455   -0.0009431732
  -0.0002856370   -0.0018498805    0.0041600949
  -0.0000118420   -0.0001062470   -0.0013327403
   0.0002935697   -0.0018682256    0.0041844067
   0.0000817512    0.0000446123    0.0000363988
  -0.0000695593    0.0000348393    0.0000322415
   0.0008282689    0.0007811585   -0.0060648633
  -0.0007684813    0.0009655928   -0.0058980673
  -0.0003983834    0.0002460933   -0.0009115419
  -0.0000077036   -0.0000830274    0.0000259980
   0.0004213477    0.0002358213   -0.0009541803
  -0.0000035885   -0.0000057565   -0.0159862135
  -0.0001672691    0.0001026900   -0.0057702256
   0.0070841890    0.0001803360   -0.0078806845
  -0.0070806464    0.0001964879   -0.0079020822
   0.0001995622    0.0001137863   -0.0057888466
   0.0000076325   -0.0002056145   -0.0057817630
   0.0037026750    0.0021260260   -0.0113551146
   0.0000116602   -0.0037274099   -0.0056960787
  -0.0036608140    0.0021030086   -0.0113950520
  -0.0000392592   -0.0001876753   -0.0057545270
   0.0037033160    0.0060301831   -0.0078944162
  -0.0032192069    0.0018722466   -0.0057000964
   0.0032276530    0.0018620202   -0.0057051745
  -0.0037096183    0.0060386741   -0.0079060354
   0.0000089242    0.0044303132   -0.0109549904
  -0.0033683775   -0.0062316242   -0.0078987258
  -0.0000058530   -0.0042284336   -0.0113916585
   0.0033740689   -0.0062370745   -0.0078983541
  -0.0029088032   -0.0016801839   -0.0062238297
   0.0029084747   -0.0016858761   -0.0062232489
   0.0001998690    0.0001109598   -0.0057908163
  -0.0001729080    0.0000514316   -0.0057547847
   0.0038557710   -0.0022153604   -0.0109422583
  -0.0000122505    0.0033620796   -0.0062234429
  -0.0038427648   -0.0022220242   -0.0109684140
