96   
12   

1    
  0.0056360240878269   0.0000000000000000   0.0082604620016943
  -0.0912067914   -0.0002181198   -0.1776624841
   0.0007675140    0.0057002500   -0.0025164369
   0.0026314070   -0.0000797100   -0.0013426137
   0.0003510908   -0.0060182700   -0.0023936334
   0.0005792463   -0.0056947388   -0.0026176286
   0.0003244312   -0.0004723206   -0.0016479907
   0.0003790539    0.0004302172   -0.0016048232
   0.0007563703    0.0061512738   -0.0022927718
   0.0001249464    0.0014502783   -0.0013917336
   0.0011291022    0.0000281701   -0.0016272980
   0.0002694664   -0.0013736183   -0.0012961936
   0.0011283722    0.0000303699   -0.0016253280
   0.0004296903    0.0057621962   -0.0025570718
   0.0009008263   -0.0058236812   -0.0023557886
   0.0003794112    0.0004333206   -0.0016019007
   0.0003270939   -0.0004689272   -0.0016497932
  -0.0031142668   -0.0043037046    0.0089746857
  -0.0005860110   -0.0004699397   -0.0032574320
   0.0005025410    0.0008953719   -0.0042219739
   0.0391202434   -0.0200705407    0.0399332796
   0.0000392547   -0.0002590930   -0.0034589638
  -0.0001048813   -0.0000009783   -0.0036300637
   0.0002126246   -0.0009031604   -0.0040249163
  -0.0016753108   -0.0005964500   -0.0026835616
   0.0008138237   -0.0002784318   -0.0039370020
  -0.0001052913    0.0010147992   -0.0035396727
  -0.0002183871    0.0000522575   -0.0038516916
  -0.0000739897   -0.0001342892   -0.0037360724
   0.0043473633    0.0244607583    0.0245595849
  -0.0001732267   -0.0008709459   -0.0031950427
  -0.0003080803    0.0000848002   -0.0037904435
   0.0008656933    0.0014613099   -0.0021760750
   0.0409287588    0.0212110318    0.0430484699
   0.0002888339   -0.0006750222   -0.0028877579
  -0.0004285063    0.0004536020   -0.0019955596
  -0.0032618456    0.0043152117    0.0101747515
   0.0001904107    0.0006012788   -0.0026282652
  -0.0000837790   -0.0000010082   -0.0024017134
   0.0000210611    0.0001251006   -0.0022486474
  -0.0016174695    0.0006901824   -0.0015501207
   0.0000277754   -0.0008051003   -0.0021870536
   0.0005730236    0.0002999872   -0.0026979340
  -0.0000784639    0.0001182028   -0.0025283517
  -0.0001850094   -0.0000551661   -0.0025986523
   0.0042005516   -0.0254286304    0.0264963035
   0.0010051389   -0.0015182451   -0.0011640689
  -0.0002820587   -0.0000605785   -0.0025673455
  -0.0001847371    0.0008217279   -0.0019343571
   0.0001760760    0.0001346808   -0.0010151146
  -0.0000611937    0.0000731696   -0.0009528516
   0.0000585660    0.0000804807   -0.0009155747
  -0.0001248838    0.0000395287   -0.0011250195
   0.0000261900   -0.0001191305   -0.0009781100
   0.0000112483   -0.0000005994   -0.0008610327
  -0.0000464163   -0.0000631316   -0.0008827007
  -0.0000172190    0.0000706336   -0.0011473031
   0.0001191025    0.0000335333   -0.0009583026
  -0.0000759163   -0.0000061889   -0.0008936203
   0.0000102120    0.0000186268   -0.0010406522
  -0.0000066658   -0.0000093675   -0.0009125400
  -0.0000569507   -0.0001753384   -0.0010693354
   0.0000952348   -0.0000644690   -0.0011672478
  -0.0000224571   -0.0000097309   -0.0009828948
  -0.0000285641   -0.0000063473   -0.0011273098
   0.0002854860    0.0001473543    0.0006077700
   0.0000234901    0.0000414188    0.0001055814
  -0.0001485727    0.0001012103    0.0003991182
   0.0000538995   -0.0004326340   -0.0002049756
   0.0000434814   -0.0000113297    0.0000855087
  -0.0000290146   -0.0000300151    0.0001276386
  -0.0000463714   -0.0000022441    0.0002123762
   0.0000050305    0.0000330670    0.0002594427
   0.0000285380   -0.0002510497    0.0005052155
  -0.0000224081   -0.0000278175    0.0002037128
  -0.0000046205   -0.0000006414    0.0001904579
  -0.0000224578   -0.0000329139    0.0002725332
  -0.0004274634    0.0002784048   -0.0002943889
   0.0000168830    0.0000065828    0.0002246725
  -0.0000340021    0.0000238154    0.0002477764
   0.0003205744    0.0001543939   -0.0001150458
   0.0000088327    0.0000057118    0.0088938838
  -0.0000016792    0.0000052094    0.0088056506
  -0.0000054059    0.0000004193    0.0088762661
  -0.0000039387    0.0000113054    0.0087816098
   0.0000007637   -0.0000012012    0.0088070055
  -0.0000094791   -0.0000043280    0.0088038351
   0.0000227811    0.0000027303    0.0088059094
  -0.0000248257    0.0000062697    0.0088191018
  -0.0000029483   -0.0000090409    0.0088841245
   0.0000098516    0.0000182704    0.0088128766
   0.0000006848   -0.0000007101    0.0088042093
  -0.0000213285    0.0000172820    0.0088087149
   0.0000134384   -0.0000096996    0.0087688093
  -0.0000106135   -0.0000195924    0.0088215631
   0.0000062728   -0.0000254903    0.0088038990
  -0.0000083163   -0.0000020760    0.0087939608

1    
 -0.0056360240878269   0.0000000000000000  -0.0082604620016943
   0.0908693002   -0.0002138996    0.1743405691
  -0.0005912508   -0.0056589400   -0.0004957066
  -0.0026288370    0.0000730400   -0.0017141263
  -0.0005190140    0.0060627800   -0.0007090831
  -0.0005618603    0.0057618738   -0.0004671982
  -0.0003241239    0.0004601572   -0.0014127868
  -0.0003682512   -0.0004410606   -0.0014566293
  -0.0007741863   -0.0060903288   -0.0007394014
  -0.0001261764   -0.0014432683   -0.0016715464
  -0.0011287922   -0.0000294199   -0.0014344220
  -0.0002548664    0.0013684983   -0.0017583664
  -0.0011245022   -0.0000415201   -0.0014348020
  -0.0004703763   -0.0057987712   -0.0005730814
  -0.0008677203    0.0057952362   -0.0006322382
  -0.0003842739   -0.0004300072   -0.0014479568
  -0.0003067112    0.0004678506   -0.0014224493
   0.0031373770    0.0042939282   -0.0167486932
   0.0005656204    0.0004618386   -0.0044223261
  -0.0004883567   -0.0008837075   -0.0034662767
  -0.0406276492    0.0209860469   -0.0492736611
  -0.0000421406    0.0002461330   -0.0042203146
   0.0001111256   -0.0000027183   -0.0040493429
  -0.0002068584    0.0008749498   -0.0036670629
   0.0016677599    0.0006000063   -0.0049948730
  -0.0007992904    0.0002840896   -0.0037410874
   0.0000925664   -0.0009849274   -0.0041438550
   0.0002224962   -0.0000461253   -0.0038300478
   0.0000741081    0.0001329736   -0.0039418502
  -0.0042888296   -0.0251830021   -0.0329026249
   0.0001522514    0.0008723529   -0.0044899995
   0.0003033116   -0.0000863200   -0.0038877955
  -0.0008847919   -0.0014755142   -0.0055100516
  -0.0394215139   -0.0203035658   -0.0466077902
  -0.0002941996    0.0006829063   -0.0023366224
   0.0004539871   -0.0004571831   -0.0032350919
   0.0032632855   -0.0043316683   -0.0153142749
  -0.0001881877   -0.0006236902   -0.0025846260
   0.0000889546   -0.0000028783   -0.0028283801
  -0.0000123550   -0.0001393107   -0.0029881139
   0.0016301107   -0.0006863247   -0.0036803134
  -0.0000095103    0.0008296324   -0.0030345884
  -0.0005790271   -0.0002941286   -0.0025394468
   0.0000851855   -0.0001179484   -0.0027035158
   0.0001875803    0.0000594782   -0.0026279482
  -0.0042466058    0.0247254771   -0.0310628247
  -0.0009774983    0.0015031901   -0.0040659214
   0.0002900373    0.0000586687   -0.0026635655
   0.0002134619   -0.0008195212   -0.0032839706
  -0.0001695720   -0.0001293025   -0.0010325898
   0.0000646059   -0.0000713820   -0.0011131092
  -0.0000563847   -0.0000791704   -0.0011421370
   0.0001259169   -0.0000393928   -0.0009339069
  -0.0000223270    0.0001150836   -0.0010747218
  -0.0000073841   -0.0000006094   -0.0012009641
   0.0000490814    0.0000609029   -0.0011716888
   0.0000210566   -0.0000717811   -0.0009179306
  -0.0001112584   -0.0000332495   -0.0010910817
   0.0000746078    0.0000048981   -0.0011509909
  -0.0000050081   -0.0000183215   -0.0010126618
   0.0000063764    0.0000099218   -0.0011452280
   0.0000555849    0.0001685063   -0.0009835716
  -0.0000897744    0.0000641856   -0.0008978157
   0.0000247871    0.0000079781   -0.0010825386
   0.0000326188    0.0000062428   -0.0009360370
  -0.0002820488   -0.0001510579   -0.0002259296
  -0.0000217991   -0.0000432833    0.0002732968
   0.0001551688   -0.0001036389   -0.0000184276
  -0.0000478374    0.0004249046    0.0005746409
  -0.0000392437    0.0000109003    0.0002930670
   0.0000331465    0.0000320270    0.0002550911
   0.0000492191    0.0000030435    0.0001664727
  -0.0000011172   -0.0000317038    0.0001192575
  -0.0000229696    0.0002520614   -0.0001203419
   0.0000247852    0.0000240529    0.0001796408
   0.0000100481   -0.0000002714    0.0001917946
   0.0000255227    0.0000309467    0.0001080763
   0.0004223410   -0.0002715003    0.0006567687
  -0.0000115068   -0.0000037853    0.0001549096
   0.0000364336   -0.0000232341    0.0001313304
  -0.0003126622   -0.0001530296    0.0004921997
  -0.0000031280   -0.0000078678    0.0087715491
   0.0000026309   -0.0000082389    0.0088584211
   0.0000106832   -0.0000025783    0.0087871154
   0.0000054149   -0.0000142696    0.0088818377
   0.0000018870    0.0000012619    0.0088585762
   0.0000133691    0.0000063472    0.0088580256
  -0.0000198121   -0.0000026390    0.0088601723
   0.0000284059   -0.0000041465    0.0088458620
   0.0000075967    0.0000071964    0.0087772118
  -0.0000079097   -0.0000212538    0.0088494488
   0.0000044460   -0.0000003901    0.0088589717
   0.0000227174   -0.0000205225    0.0088539957
  -0.0000115859    0.0000097956    0.0088954361
   0.0000159580    0.0000216314    0.0088436339
  -0.0000047531    0.0000251401    0.0088625412
   0.0000128896    0.0000042839    0.0088684199

17   
  0.0056360240878269   0.0000000000000000   0.0082604620016943
  -0.0048569470   -0.0053210182    0.0127124232
   0.0424336392   -0.0220394169    0.0429207311
  -0.0007918433   -0.0003394625   -0.0008845833
   0.0006448496    0.0005020414   -0.0016001239
   0.0042950996    0.0271532421    0.0276496449
   0.0010788419    0.0015486442    0.0001473516
  -0.0003000516    0.0001976600   -0.0013201745
  -0.0004130514   -0.0006397229   -0.0005751405
   0.0000558504   -0.0002105096   -0.0009355226
   0.0000598519   -0.0001389036   -0.0012681398
  -0.0002317962    0.0000802353   -0.0013651422
   0.0004813736   -0.0010732526   -0.0015608750
   0.0005831606   -0.0001890730   -0.0013138654
  -0.0016031399   -0.0009041663   -0.0002096670
  -0.0003687616    0.0012639002   -0.0011921071
  -0.0002045556    0.0000038783   -0.0011515571
  -0.0552884296   -0.0000678659   -0.0991574546
   0.0057086392   -0.0000965000   -0.0049614790
   0.0002164013   -0.0000246300   -0.0041122131
   0.0068078553   -0.0000191700   -0.0057050586
   0.0007348839    0.0024540006   -0.0052447265
  -0.0000341077   -0.0000733284   -0.0038878813
   0.0001892033   -0.0000321391   -0.0036308049
   0.0014931863   -0.0034553050   -0.0053653812
  -0.0000105042    0.0002371115   -0.0042122129
   0.0001096674    0.0001367792   -0.0037250244
   0.0000081558   -0.0000679815   -0.0038311229
  -0.0000482726    0.0001814308   -0.0039533144
   0.0013318763    0.0034411150   -0.0055198312
   0.0009460139   -0.0024449106   -0.0049531265
   0.0001452723   -0.0001530416   -0.0037537213
  -0.0000297567   -0.0000797909   -0.0039680649
  -0.0018513829    0.0000421200    0.0045849378
   0.0015228952    0.0012267000   -0.0007455411
   0.0000132242    0.0001417900   -0.0027157234
  -0.0009296502    0.0006835400   -0.0024313849
   0.0009754738    0.0006522402   -0.0016745699
  -0.0000857972   -0.0000743512   -0.0029283057
   0.0004319377   -0.0002008280   -0.0030259171
  -0.0018460269    0.0004728635   -0.0015631920
   0.0000596393    0.0000802567   -0.0027187982
   0.0000590594    0.0003078329   -0.0030132551
  -0.0002072007   -0.0000750567   -0.0028941282
  -0.0000758506    0.0000014671   -0.0027570451
  -0.0002429169   -0.0008751435   -0.0026086920
  -0.0005648162   -0.0022939302   -0.0007581299
   0.0000747428   -0.0001290388   -0.0030488457
   0.0002134977    0.0000756380   -0.0026444671
  -0.0000339149    0.0000233600   -0.0011154510
  -0.0000148266    0.0000022800   -0.0010471731
  -0.0000378444    0.0000234700   -0.0010798308
   0.0000243541    0.0000080200   -0.0010724721
  -0.0000351149   -0.0000232834   -0.0010410484
  -0.0000098198   -0.0000111639   -0.0010718322
  -0.0000021505   -0.0000077693   -0.0010989759
   0.0000051556   -0.0000145671   -0.0010677680
  -0.0000015845   -0.0000079156   -0.0010907112
  -0.0000207156   -0.0000110363   -0.0010838844
  -0.0000051045   -0.0000081944   -0.0010667912
  -0.0000322656   -0.0000117037   -0.0010610944
  -0.0000173444    0.0000391171   -0.0010520480
   0.0000043651    0.0000271034   -0.0010721484
  -0.0000334398    0.0000143639   -0.0010531422
  -0.0000165505    0.0000021393   -0.0010934959
   0.0000224344   -0.0000144156    0.0002427881
  -0.0000601806   -0.0000069655    0.0002091167
   0.0000039370   -0.0000210074    0.0001966228
  -0.0000228566    0.0000161558    0.0002919564
  -0.0000130982   -0.0000256241    0.0001740440
  -0.0000441985    0.0000001604    0.0002190274
   0.0000228031    0.0000115842    0.0002015229
  -0.0000472607    0.0000199140    0.0002266395
  -0.0000075804    0.0000202821    0.0001767964
  -0.0000000084   -0.0000151877    0.0001597292
  -0.0000048088    0.0000201475    0.0002317376
  -0.0000274011   -0.0000293663    0.0001632303
  -0.0000302365    0.0000146405    0.0002154551
   0.0000466330    0.0000200188    0.0002139794
  -0.0000642772    0.0000016979    0.0001845048
   0.0000048983    0.0000336057    0.0002083647
  -0.0000147467   -0.0000286406    0.0087672361
  -0.0000435758   -0.0000023511    0.0087688056
   0.0000093459   -0.0000213285    0.0087930431
  -0.0000129234    0.0000019842    0.0087506679
  -0.0000012281   -0.0000088423    0.0088067097
  -0.0000365175    0.0000007401    0.0088133465
   0.0000235511    0.0000026611    0.0087901490
  -0.0000456756    0.0000034547    0.0087755518
  -0.0000129010    0.0000130900    0.0088127935
  -0.0000042035   -0.0000211292    0.0088307552
  -0.0000070365    0.0000158809    0.0087682463
  -0.0000354291   -0.0000211353    0.0088234012
  -0.0000443355    0.0000421564    0.0088182070
   0.0000280815    0.0000316285    0.0087827816
  -0.0000583289   -0.0000019057    0.0088113087
   0.0000145228    0.0000379167    0.0088106220

17   
 -0.0056360240878269   0.0000000000000000  -0.0082604620016943
   0.0049330368    0.0052965846   -0.0155261457
  -0.0407585834    0.0210712307   -0.0440023296
   0.0008017090    0.0003514081   -0.0019454061
  -0.0006264590   -0.0004809003   -0.0012008980
  -0.0042518033   -0.0265081483   -0.0299143749
  -0.0010764933   -0.0016156599   -0.0029833750
   0.0003570403   -0.0001001402   -0.0015217065
   0.0004363967    0.0007406359   -0.0022948273
   0.0000043463    0.0001985518   -0.0018854980
   0.0001080997    0.0001403792   -0.0015767376
   0.0002853371   -0.0000442375   -0.0014751384
  -0.0006012087    0.0010988708   -0.0012626573
  -0.0004878047    0.0001867430   -0.0015148862
   0.0017218408    0.0008809200   -0.0026421684
   0.0003345254   -0.0013478096   -0.0016346937
   0.0001540713   -0.0000001517   -0.0016876063
   0.0498711203    0.0001177334    0.0839549764
  -0.0056055953    0.0001437600   -0.0027232414
  -0.0001830813    0.0000778800   -0.0035809369
  -0.0067759492    0.0001009500   -0.0019546610
  -0.0007131163   -0.0025734950   -0.0024713888
   0.0000641067    0.0000271709   -0.0037104951
  -0.0001276623    0.0000969316   -0.0038255287
  -0.0014565539    0.0033895106   -0.0022166535
   0.0001066942   -0.0001653515   -0.0035437771
   0.0000286926   -0.0001144208   -0.0037628856
  -0.0000442658    0.0000741715   -0.0036307771
   0.0000173626   -0.0001097592   -0.0037692356
  -0.0012343439   -0.0034552706   -0.0020858035
  -0.0009207963    0.0023889650   -0.0026056088
  -0.0001279233    0.0000940291   -0.0038349651
   0.0000599677    0.0000268084   -0.0036965787
   0.0018719169    0.0000026200   -0.0096909007
  -0.0014819569   -0.0011665500   -0.0044609384
   0.0000111574   -0.0000870600   -0.0024504800
   0.0010123019   -0.0006168100   -0.0027884540
  -0.0009464603   -0.0007721604   -0.0035221097
   0.0001306963    0.0000358812   -0.0023330895
  -0.0003711294    0.0002670818   -0.0023738869
   0.0018477778   -0.0005088700   -0.0037242923
   0.0000323156   -0.0000103567   -0.0023815347
   0.0000801150   -0.0002922598   -0.0023575568
   0.0001676256    0.0000848767   -0.0025069047
   0.0000470250    0.0000759198   -0.0023825468
   0.0003176678    0.0008567800   -0.0026840323
   0.0005957597    0.0021908404   -0.0045524397
  -0.0000564737    0.0000699988   -0.0022267095
  -0.0001893094   -0.0001335518   -0.0025442969
   0.0000614684   -0.0000006000   -0.0009270764
   0.0000604353    0.0000057300   -0.0010005029
   0.0000569574   -0.0000171300   -0.0009633662
   0.0000433307    0.0000097000   -0.0009757851
   0.0000653465    0.0000042919   -0.0009964240
   0.0000413534   -0.0000059034   -0.0009660519
   0.0000539003   -0.0000000604   -0.0009450140
   0.0000412794    0.0000035116   -0.0009787251
   0.0000477647    0.0000067672   -0.0009528567
   0.0000511754    0.0000075043   -0.0009496033
   0.0000762247    0.0000107728   -0.0009684267
   0.0000470254    0.0000091957   -0.0009809633
   0.0000562394   -0.0000145716   -0.0009851051
   0.0000513265   -0.0000069019   -0.0009871240
   0.0000664134   -0.0000103566   -0.0009938019
   0.0000516903    0.0000035204   -0.0009718240
   0.0000224441   -0.0000113791    0.0002004701
   0.0000734998    0.0000080200    0.0002258075
   0.0000601135    0.0000033577    0.0002174465
   0.0000634996   -0.0000093947    0.0001768639
   0.0000690760    0.0000175379    0.0002240137
   0.0000613411   -0.0000014496    0.0001808447
   0.0000560238   -0.0000112433    0.0002216878
   0.0000583633   -0.0000175040    0.0002051443
   0.0000501269   -0.0000070060    0.0002209276
   0.0000509993   -0.0000048049    0.0002256826
   0.0000512811   -0.0000031803    0.0002076463
   0.0000519514    0.0000074190    0.0002198810
   0.0000421549    0.0000230245    0.0001905649
   0.0000375315    0.0000121612    0.0002143949
   0.0000616033   -0.0000014996    0.0002150695
   0.0000656319    0.0000022613    0.0001981286
   0.0000597684    0.0000022316    0.0088520353
   0.0000573067    0.0000037814    0.0088606058
   0.0000548229    0.0000034788    0.0088610050
   0.0000521420    0.0000050168    0.0088442386
   0.0000589388    0.0000004531    0.0088618512
   0.0000545574   -0.0000016699    0.0088580334
   0.0000541782   -0.0000020701    0.0088569496
   0.0000547057   -0.0000010228    0.0088552578
   0.0000559207   -0.0000001912    0.0088613858
   0.0000546838   -0.0000006318    0.0088574050
   0.0000519967    0.0000004291    0.0088588239
   0.0000595088   -0.0000005147    0.0088617884
   0.0000559757   -0.0000053984    0.0088465120
   0.0000560199   -0.0000004694    0.0088573804
   0.0000555488    0.0000024954    0.0088595311
   0.0000545757   -0.0000019978    0.0088514751

33   
  0.0056360240878269   0.0000000000000000   0.0082604620016943
   0.0411346139    0.0213143158    0.0411899302
  -0.0050604355    0.0053416483    0.0124216449
   0.0005884729   -0.0002936269   -0.0016189481
  -0.0007424604    0.0003951737   -0.0011120776
   0.0042074958   -0.0267991371    0.0269543347
  -0.0001699519    0.0008411912   -0.0008646494
  -0.0002928973   -0.0000632387   -0.0014801545
   0.0009817083   -0.0015053201   -0.0000726686
   0.0006644203    0.0009022676   -0.0015592616
  -0.0001954703   -0.0000564182   -0.0015162918
  -0.0000804055    0.0001218284   -0.0014455642
  -0.0000903429    0.0002014386   -0.0011697532
  -0.0001893123   -0.0012587298   -0.0013043240
  -0.0016255207    0.0006731247   -0.0004640766
   0.0003876850    0.0000687907   -0.0014232861
  -0.0000877846    0.0000014183   -0.0013226799
  -0.0018246169    0.0000037500    0.0032505707
  -0.0009462419   -0.0006031600   -0.0036637860
   0.0000297326   -0.0000941300   -0.0039875200
   0.0015114269   -0.0011579800   -0.0019705516
  -0.0017807578   -0.0004958500   -0.0027210077
   0.0003990194    0.0002423018   -0.0040074831
  -0.0000754763    0.0000393612   -0.0041080905
   0.0009781803   -0.0007597104   -0.0029179603
  -0.0001303656    0.0000984067   -0.0039382353
  -0.0000137850   -0.0002696298   -0.0040558532
   0.0000270544   -0.0000032767   -0.0040512253
  -0.0000267850    0.0000293098   -0.0040849232
  -0.0005587497    0.0021655604   -0.0018714703
  -0.0002761078    0.0008390800   -0.0037680077
   0.0001981394   -0.0001207318   -0.0039088431
   0.0001526437    0.0001046588   -0.0042499105
  -0.0559674550   -0.0000130865   -0.0977117461
   0.0071069692    0.0001821400   -0.0045389490
   0.0001811413    0.0000699300   -0.0028603931
   0.0059813753    0.0001116100   -0.0037896086
   0.0015885539    0.0034309206   -0.0042638565
   0.0001091323    0.0000506116   -0.0026740213
   0.0000072633    0.0000164009   -0.0027429049
   0.0008269963   -0.0026741550   -0.0040532312
   0.0000678458    0.0000708715   -0.0028193629
   0.0000287274   -0.0000557108   -0.0027113744
  -0.0000590342   -0.0001408715   -0.0028865029
   0.0000376174   -0.0000705992   -0.0027060844
   0.0010716963    0.0025854450   -0.0038959712
   0.0013249339   -0.0036361906   -0.0044283765
  -0.0000004477    0.0000307884   -0.0027483713
   0.0001258133    0.0000517091   -0.0026758049
   0.0001402853    0.0000002100   -0.0011939001
   0.0000669391   -0.0000588200   -0.0006134261
   0.0000229535   -0.0000172900   -0.0010463971
  -0.0001269421   -0.0002399800   -0.0008250889
   0.0000012468    0.0001868012   -0.0004891403
  -0.0000642597    0.0000080041   -0.0010321828
  -0.0000267036   -0.0000248934   -0.0010179314
   0.0001625725    0.0001362199   -0.0009489817
   0.0000055268    0.0000127268   -0.0010448854
  -0.0000749269    0.0000235925   -0.0010181711
   0.0000356368    0.0000088232   -0.0010420354
  -0.0000345469    0.0000551375   -0.0010687711
  -0.0002532275   -0.0000723699   -0.0005957917
   0.0001042168    0.0000586888   -0.0008386003
   0.0000582903   -0.0000513741   -0.0010225928
  -0.0000336336    0.0000029534   -0.0011202414
   0.0018077538    0.0011983097    0.0028078335
  -0.0000134815    0.0000248547    0.0001035350
   0.0000058511    0.0000050200    0.0001408640
  -0.0008623783    0.0003531313    0.0005805878
   0.0000033572   -0.0000058836    0.0001223538
  -0.0000099785   -0.0000001151    0.0001407252
  -0.0000067812   -0.0000215727    0.0001244129
  -0.0000079154    0.0000943122   -0.0000046907
  -0.0000031977    0.0000061106    0.0001422335
  -0.0000323624    0.0000058462    0.0001063235
   0.0000212076    0.0000238009    0.0000922023
  -0.0000183040    0.0000067236    0.0001327672
  -0.0002612795   -0.0015391107    0.0016898933
   0.0001376768   -0.0000833162    0.0000639445
  -0.0000125472   -0.0000235710    0.0001138624
  -0.0000257130   -0.0000109398   -0.0000705866
  -0.0000307861   -0.0000200084    0.0088635374
  -0.0000205574   -0.0000092220    0.0088037448
  -0.0000205487    0.0000038409    0.0088362951
   0.0000171110   -0.0000017245    0.0087411096
  -0.0000225217   -0.0000054631    0.0088083686
  -0.0000065516   -0.0000004695    0.0088226612
  -0.0000124699    0.0000118364    0.0088281874
  -0.0000457062   -0.0000647195    0.0087753412
  -0.0000110800    0.0000055068    0.0088244878
  -0.0000002495    0.0000069134    0.0088120463
  -0.0000131727    0.0000051460    0.0088447603
  -0.0000082949   -0.0000005516    0.0088334379
   0.0000071411    0.0000276241    0.0087997297
  -0.0000789905    0.0000201972    0.0087760598
  -0.0000150521    0.0000021843    0.0088380902
   0.0000321203    0.0000443796    0.0087727009

33   
 -0.0056360240878269   0.0000000000000000  -0.0082604620016943
  -0.0428286588   -0.0222732618   -0.0461052599
   0.0050360656   -0.0053744917   -0.0155804015
  -0.0005891437    0.0002895180   -0.0015356704
   0.0006934361   -0.0003872178   -0.0020254421
  -0.0042599516    0.0274955804   -0.0306848635
   0.0001527671   -0.0008405779   -0.0022511129
   0.0002674787    0.0000616185   -0.0016537645
  -0.0009575289    0.0014804451   -0.0030809411
  -0.0006842654   -0.0008879197   -0.0015908664
   0.0001676694    0.0000587161   -0.0016164177
   0.0000588339   -0.0001172128   -0.0016866383
   0.0000350464   -0.0001770072   -0.0019668460
   0.0001576393    0.0012556112   -0.0018359148
   0.0016111595   -0.0006438824   -0.0026617993
  -0.0004035011   -0.0000910506   -0.0017215626
   0.0000616090    0.0000001182   -0.0018147266
   0.0018053429    0.0000020600   -0.0111259478
   0.0009084102    0.0005987100   -0.0040879651
  -0.0000672742    0.0000913500   -0.0037787366
  -0.0015424252    0.0011496100   -0.0058052489
   0.0017622169    0.0004943435   -0.0050494680
  -0.0004334177   -0.0002376580   -0.0037653629
   0.0000310872   -0.0000313212   -0.0036731143
  -0.0009760038    0.0007511302   -0.0048409201
   0.0000994707   -0.0000971167   -0.0038234918
  -0.0000225394    0.0002719329   -0.0037182949
  -0.0000551893    0.0000084567   -0.0037344818
   0.0000018506   -0.0000294529   -0.0036893749
   0.0005358962   -0.0021923802   -0.0059123501
   0.0002417569   -0.0008164935   -0.0039833180
  -0.0002265477    0.0001301480   -0.0038638029
  -0.0001735928   -0.0001006888   -0.0035158143
   0.0603607009    0.0001489563    0.1034700271
  -0.0070899653   -0.0001696400   -0.0007938014
  -0.0002250413   -0.0000730700   -0.0024697569
  -0.0060700992   -0.0001322900   -0.0015003310
  -0.0016404963   -0.0034630150   -0.0010556888
  -0.0001437733   -0.0000462791   -0.0026562551
  -0.0000372023   -0.0000154384   -0.0025706387
  -0.0008173139    0.0026638106   -0.0012336235
  -0.0001016758   -0.0000724115   -0.0025134071
  -0.0000637574    0.0000640292   -0.0026156056
   0.0000275042    0.0001469415   -0.0024248071
  -0.0000619474    0.0000672408   -0.0026126056
  -0.0010862239   -0.0025623706   -0.0014093835
  -0.0013822763    0.0036597950   -0.0008839688
  -0.0000321433   -0.0000192509   -0.0025769851
  -0.0001477623   -0.0000493216   -0.0026484887
  -0.0001691112    0.0000006900   -0.0009572480
  -0.0000935083    0.0000642800   -0.0015396050
  -0.0000535276    0.0000185400   -0.0011120914
   0.0000958195    0.0002407600   -0.0013280734
  -0.0000269935   -0.0001832454   -0.0016569606
   0.0000328554   -0.0000058391   -0.0011292791
  -0.0000036529    0.0000254580   -0.0011382218
  -0.0001945734   -0.0001335032   -0.0012069449
  -0.0000349993   -0.0000097788   -0.0011084596
   0.0000439093   -0.0000210859   -0.0011295243
  -0.0000669093   -0.0000068312   -0.0011122496
   0.0000031693   -0.0000515041   -0.0010864143
   0.0002201966    0.0000721232   -0.0015523449
  -0.0001359335   -0.0000597546   -0.0013136606
  -0.0000876046    0.0000534991   -0.0011400791
   0.0000016871   -0.0000020880   -0.0010390818
  -0.0017935141   -0.0011604912   -0.0024577578
  -0.0000144453   -0.0000204272    0.0001726702
  -0.0000381401   -0.0000016629    0.0001380077
   0.0008354901   -0.0003509469   -0.0003218361
  -0.0000325428    0.0000072947    0.0001552689
  -0.0000203235   -0.0000000151    0.0001382848
  -0.0000229238    0.0000230674    0.0001540371
  -0.0000240195   -0.0000950466    0.0002782197
  -0.0000283379   -0.0000042880    0.0001370279
   0.0000033035   -0.0000010497    0.0001754387
  -0.0000529669   -0.0000215954    0.0001819868
  -0.0000102789   -0.0000015866    0.0001484557
   0.0002260176    0.0015186379   -0.0013954332
  -0.0001702972    0.0000811101    0.0002093582
  -0.0000152144    0.0000245557    0.0001654688
  -0.0000054343    0.0000109517    0.0003474225
  -0.0000012114    0.0000234716    0.0087028426
  -0.0000087140    0.0000113387    0.0087595187
  -0.0000121199   -0.0000006106    0.0087238830
  -0.0000461309    0.0000051522    0.0088238730
  -0.0000091067    0.0000066334    0.0087519454
  -0.0000242550   -0.0000004295    0.0087364712
  -0.0000177042   -0.0000108854    0.0087322125
   0.0000141050    0.0000633699    0.0087873719
  -0.0000218350   -0.0000031221    0.0087349666
  -0.0000285392   -0.0000014516    0.0087461294
  -0.0000190441   -0.0000030699    0.0087185843
  -0.0000204445    0.0000051052    0.0087246435
  -0.0000356369   -0.0000271727    0.0087616691
   0.0000456198   -0.0000214290    0.0087870106
  -0.0000136294   -0.0000010066    0.0087212450
  -0.0000647639   -0.0000454236    0.0087865114

49   
  0.0056360240878269   0.0000000000000000   0.0082604620016943
   0.0000854120    0.0000890025   -0.0014366902
  -0.0000615269   -0.0000047572   -0.0016370731
   0.0000078547   -0.0000358896   -0.0013554330
  -0.0000404259   -0.0000998480   -0.0014343508
  -0.0000699149   -0.0000859363   -0.0015363584
   0.0000478312    0.0000435372   -0.0016446130
  -0.0000353871    0.0001133919   -0.0014415714
  -0.0000081456   -0.0000120956   -0.0015589043
  -0.0000392316    0.0000457895   -0.0013299283
   0.0000861236   -0.0000705418   -0.0014463120
  -0.0001058319   -0.0000440885   -0.0014369182
   0.0000514722    0.0000647919   -0.0014581791
  -0.0000936830    0.0000132564   -0.0013693682
  -0.0000317266   -0.0000307289   -0.0016021294
   0.0000467286    0.0000109371   -0.0014206512
  -0.0000040559   -0.0000015406   -0.0013201559
  -0.0000251184    0.0000042900   -0.0038580836
  -0.0000234907   -0.0000025000   -0.0038050349
  -0.0000219674   -0.0000112800   -0.0038264738
   0.0000086547   -0.0000011800   -0.0038192471
  -0.0000286894   -0.0000127284   -0.0038096649
  -0.0000223103   -0.0000137704   -0.0038133960
  -0.0000128534    0.0000043066   -0.0038145681
  -0.0000005365   -0.0000216481   -0.0038104760
  -0.0000376347    0.0000102628   -0.0038176633
  -0.0000012654    0.0000065143   -0.0038152567
  -0.0000181647    0.0000080572   -0.0038357533
  -0.0000049554   -0.0000185143   -0.0038484367
  -0.0000079265    0.0000186881   -0.0038178560
  -0.0000171694    0.0000085184   -0.0038026349
  -0.0000265103    0.0000076704   -0.0038436560
   0.0000111866    0.0000085034   -0.0038436681
   0.0001277612    0.0000047000   -0.0027640220
  -0.0001872595    0.0001946700   -0.0023343866
   0.0000124976   -0.0000008500   -0.0026066586
   0.0001248483    0.0003796100   -0.0022000850
   0.0000870034   -0.0003427632   -0.0023945751
  -0.0000575471   -0.0000147820   -0.0026499282
   0.0000719946   -0.0000635891   -0.0025971709
  -0.0002459065   -0.0002237154   -0.0021447694
   0.0000083393    0.0000040288   -0.0026158504
  -0.0000344693    0.0000761341   -0.0026217457
   0.0000093793    0.0000041112   -0.0025962304
  -0.0000731693    0.0000022459   -0.0025723257
   0.0004031635    0.0000166654   -0.0023247694
  -0.0002473366   -0.0000365368   -0.0022119451
  -0.0000526671   -0.0000164680   -0.0025680282
  -0.0000504254    0.0000122891   -0.0025859809
  -0.1026727843   -0.0002645192   -0.1919409564
   0.0000439596    0.0043753000   -0.0063343363
   0.0005714631    0.0000511000   -0.0002842320
   0.0002331372   -0.0044128600   -0.0066671595
   0.0012608679   -0.0051738778   -0.0064864671
   0.0004319666   -0.0001445353   -0.0009174098
   0.0002768287    0.0002342274   -0.0008539502
   0.0014384707    0.0050019330   -0.0065355187
  -0.0001130443    0.0004019660   -0.0002585718
   0.0006802700   -0.0000840796   -0.0008968764
  -0.0002179043   -0.0004516660   -0.0003136818
   0.0006823200    0.0000540396   -0.0008826764
   0.0013762507    0.0038245270   -0.0066501287
   0.0013137579   -0.0035556122   -0.0063612071
   0.0004024266    0.0001607053   -0.0009269798
   0.0003095087   -0.0002160474   -0.0008361202
  -0.0012916971   -0.0044019229    0.0167049351
  -0.0000874984   -0.0005626972    0.0011181285
   0.0004309901    0.0004615525    0.0008871487
   0.0415735310   -0.0203460690    0.0474638244
  -0.0002442082    0.0000596211    0.0012397820
  -0.0000886619    0.0000018396    0.0004023581
   0.0000985219   -0.0004575857    0.0007672163
  -0.0018545041   -0.0016972463    0.0017880081
   0.0003580035    0.0000764098    0.0011336358
   0.0001801438    0.0004188733    0.0008860797
   0.0000157031    0.0000626584    0.0002868397
  -0.0000700303   -0.0000154518    0.0001552336
   0.0063292194    0.0248583927    0.0322076139
  -0.0011266541   -0.0004211820    0.0012370901
  -0.0000947383   -0.0000496910    0.0002187732
   0.0018144591    0.0021125725    0.0023417277
   0.0442641964    0.0218154480    0.0595037902
   0.0004559431   -0.0005952802    0.0094210363
  -0.0000441631    0.0005275163    0.0096282577
  -0.0017628876    0.0047636842    0.0262718176
   0.0000097958    0.0005063736    0.0093199010
  -0.0001489814    0.0000015797    0.0089520036
  -0.0001854019   -0.0000401008    0.0097272022
  -0.0017875629    0.0014890624    0.0105840547
   0.0001574901   -0.0003624721    0.0094157633
   0.0004593779   -0.0000410231    0.0096213730
  -0.0000420758    0.0000128276    0.0087220554
  -0.0000366271   -0.0000181000    0.0088377700
   0.0064800483   -0.0264537207    0.0427544452
   0.0016816298   -0.0020038623    0.0109590590
  -0.0000662768    0.0000028278    0.0087822061
  -0.0008975274    0.0005083146    0.0102060698

49   
 -0.0056360240878269   0.0000000000000000  -0.0082604620016943
  -0.0001083960   -0.0000907808   -0.0015710954
   0.0000450838   -0.0000002387   -0.0013659805
  -0.0000374060    0.0000352293   -0.0016483453
   0.0000137137    0.0001009804   -0.0015667184
   0.0000459607    0.0000891784   -0.0014679046
  -0.0000697559   -0.0000462927   -0.0013511702
   0.0000138771   -0.0001021391   -0.0015614152
  -0.0000164648    0.0000192490   -0.0014319522
   0.0000141675   -0.0000473933   -0.0016684474
  -0.0001030842    0.0000693075   -0.0015535000
   0.0000831280    0.0000400432   -0.0015631078
  -0.0000798237   -0.0000606311   -0.0015399997
   0.0000753400   -0.0000153495   -0.0016312000
   0.0000111190    0.0000326464   -0.0013903469
  -0.0000726737   -0.0000111384   -0.0015836293
  -0.0000256783   -0.0000016706   -0.0016803773
   0.0000046249    0.0000069700   -0.0037674590
  -0.0000001241   -0.0000103900   -0.0038384479
   0.0000005544    0.0000181400   -0.0038004292
  -0.0000363334   -0.0000070600   -0.0038293269
  -0.0000155056    0.0000124029   -0.0038321420
   0.0000166905    0.0000222407   -0.0038190041
  -0.0000239602   -0.0000006439   -0.0038155878
  -0.0000044051    0.0000216566   -0.0038245516
   0.0000203145   -0.0000048244   -0.0038103088
  -0.0000230144   -0.0000216363   -0.0038180856
  -0.0000081455    0.0000033444   -0.0037804088
  -0.0000193044    0.0000112063   -0.0038001356
  -0.0000305851   -0.0000177166   -0.0038273516
   0.0000144544   -0.0000073429   -0.0038281020
  -0.0000140895   -0.0000091307   -0.0037890741
  -0.0000207402   -0.0000055861   -0.0037996278
  -0.0001552053    0.0000073600   -0.0024535699
   0.0001637821   -0.0002070700   -0.0028496511
  -0.0000353835    0.0000077900   -0.0025975629
  -0.0001423091   -0.0003817600   -0.0029747539
  -0.0001300925    0.0003381699   -0.0027913683
   0.0000506336    0.0000235066   -0.0025476386
  -0.0001091403    0.0000675741   -0.0026019572
   0.0002402432    0.0002146012   -0.0030441897
  -0.0000250668    0.0000008932   -0.0025860946
   0.0000092769   -0.0000901575   -0.0025736189
  -0.0000362668    0.0000079768   -0.0026179546
   0.0000491269   -0.0000085325   -0.0026098489
  -0.0004324468   -0.0000118912   -0.0028531497
   0.0002412475    0.0000382501   -0.0029818383
   0.0000118936    0.0000154534   -0.0026295686
   0.0000399397   -0.0000099441   -0.0026018672
   0.1048552754   -0.0003601092    0.1858236794
   0.0001555328   -0.0043490300    0.0043631095
  -0.0005953031   -0.0000425100   -0.0017389880
  -0.0004694096    0.0044280600    0.0045809463
  -0.0012069107    0.0053324030    0.0043856287
  -0.0004512887    0.0001474074   -0.0011106598
  -0.0003046666   -0.0002296753   -0.0011780802
  -0.0015336079   -0.0048545078    0.0045461271
   0.0001135943   -0.0004014260   -0.0017693382
  -0.0007092900    0.0000887504   -0.0011542536
   0.0001769543    0.0004469960   -0.0017149382
  -0.0007081700   -0.0000581504   -0.0011412236
  -0.0014985079   -0.0039362922    0.0044933871
  -0.0012496607    0.0034477670    0.0044411187
  -0.0004274287   -0.0001618474   -0.0010820798
  -0.0003239666    0.0002211153   -0.0011977602
   0.0012351330    0.0043628887   -0.0162942691
   0.0000441647    0.0005571611   -0.0006941755
  -0.0004607930   -0.0004564707   -0.0004706988
  -0.0432832821    0.0213469668   -0.0486634620
   0.0002137116   -0.0000614151   -0.0008045424
   0.0000618232    0.0000001997    0.0000251247
  -0.0001268905    0.0004534544   -0.0003563111
   0.0018075839    0.0017007757   -0.0013709019
  -0.0003818835   -0.0000748386   -0.0006843606
  -0.0002147787   -0.0004124273   -0.0004697360
  -0.0000380610   -0.0000573323    0.0001411873
   0.0000435567    0.0000121105    0.0002675912
  -0.0063241033   -0.0255831040   -0.0323479868
   0.0010836359    0.0004203418   -0.0008215533
   0.0000629929    0.0000457072    0.0002019208
  -0.0018624717   -0.0021258729   -0.0019177198
  -0.0425805456   -0.0208052902   -0.0401931431
  -0.0004729706    0.0006080619    0.0082780736
   0.0000389668   -0.0005367924    0.0080745095
   0.0017663717   -0.0047936184   -0.0085741738
  -0.0000183574   -0.0005135052    0.0083906237
   0.0001202802    0.0000001596    0.0087412036
   0.0001749085    0.0000385468    0.0079569383
   0.0017808732   -0.0014830725    0.0071153594
  -0.0001676552    0.0003771582    0.0082814431
  -0.0004844779    0.0000309645    0.0080613717
   0.0000227094   -0.0000104889    0.0089624397
   0.0000130449    0.0000180661    0.0088575830
  -0.0065490645    0.0257167596   -0.0245084525
  -0.0016641365    0.0019913616    0.0067390940
   0.0000427722   -0.0000070816    0.0089124099
   0.0009040056   -0.0005131448    0.0074878133

65   
  0.0056360240878269   0.0000000000000000   0.0082604620016943
   0.0002032488    0.0001100479   -0.0009446604
   0.0000452474   -0.0001451546   -0.0017861509
  -0.0000892488    0.0000594489   -0.0012393424
   0.0000142391   -0.0000377467   -0.0014819068
  -0.0001866310    0.0001346503   -0.0020331887
   0.0000628222    0.0000103796   -0.0015318197
  -0.0000000836    0.0000383341   -0.0013697804
  -0.0000307632    0.0000557653   -0.0013324196
   0.0000128896   -0.0001718514   -0.0010900681
   0.0000210173    0.0000072333   -0.0013502063
  -0.0000139381   -0.0000022486   -0.0014009046
  -0.0000768352   -0.0000264529   -0.0013531308
  -0.0000339963    0.0000283397   -0.0014580770
   0.0000016872   -0.0000399562   -0.0013337775
  -0.0000603191   -0.0000361435   -0.0013705227
   0.0000289535    0.0000071630   -0.0015040411
  -0.0000132641   -0.0000034109   -0.0036568501
   0.0000219904   -0.0000319953   -0.0037049439
  -0.0000176335    0.0000119923   -0.0036986965
  -0.0000265698   -0.0000246000   -0.0037265175
  -0.0000204549    0.0000240355   -0.0036908849
   0.0000246681    0.0000247587   -0.0037156886
  -0.0000302433   -0.0000080504   -0.0037160495
   0.0000010385    0.0000067188   -0.0036904249
   0.0000046531   -0.0000032140   -0.0037037776
  -0.0000213314   -0.0000163990   -0.0037114110
   0.0000071689    0.0000117003   -0.0037018163
  -0.0000109493    0.0000004649   -0.0037181226
  -0.0000319560   -0.0000043379   -0.0037257437
  -0.0000017233   -0.0000061060   -0.0037066143
  -0.0000228038    0.0000074833   -0.0037118778
  -0.0000049311    0.0000041896   -0.0036750247
   0.0020429241    0.0013300712   -0.0001260622
  -0.0011361501    0.0004890469   -0.0018769339
   0.0000193401    0.0000058729   -0.0025539977
  -0.0000326547    0.0000081672   -0.0025493402
  -0.0002747876   -0.0018338279   -0.0009885068
  -0.0000274957   -0.0000097717   -0.0027228525
  -0.0000255856    0.0000347643   -0.0025505988
   0.0001730672   -0.0000881601   -0.0026158782
   0.0000133979    0.0000162380   -0.0025503879
   0.0000233189   -0.0000392734   -0.0025691357
  -0.0000227731   -0.0000080246   -0.0025504268
  -0.0000468535    0.0000060997   -0.0025561587
  -0.0000195272   -0.0000176447   -0.0025401089
   0.0000059395    0.0001229166   -0.0026657097
  -0.0000114362   -0.0000298874   -0.0025510171
   0.0000025735    0.0000040251   -0.0025305448
  -0.0025393430   -0.0051207487    0.0163750392
   0.0446361521   -0.0221186468    0.0471397420
   0.0000374230    0.0001791207    0.0000381888
   0.0003371253    0.0004026789   -0.0003077845
   0.0063285433    0.0270646940    0.0316009768
   0.0011564017    0.0017411129    0.0016626998
  -0.0000874029   -0.0001096072   -0.0009234508
  -0.0004539659   -0.0008038918   -0.0003683667
   0.0004617635    0.0001795186   -0.0000795694
  -0.0001212367    0.0000201195   -0.0009538512
   0.0000713410    0.0000918423   -0.0008925673
   0.0001008987   -0.0007364127   -0.0001854940
   0.0002649784   -0.0003824749   -0.0002536776
  -0.0018527439   -0.0009299057    0.0006442619
  -0.0003967895    0.0003510656   -0.0000158389
  -0.0000821032   -0.0000011897   -0.0007359547
  -0.0561983407    0.0002418546   -0.1220733524
   0.0031143391    0.0000354700   -0.0014655881
   0.0000377823   -0.0000297200   -0.0001783584
   0.0045342732    0.0002622800   -0.0024354959
   0.0002573312    0.0013227685   -0.0016197953
  -0.0000041331   -0.0000062686    0.0001476762
  -0.0001180619    0.0000733454    0.0002299594
   0.0007380644   -0.0027420811   -0.0022887592
  -0.0000288552    0.0000373319   -0.0001914583
   0.0000078904   -0.0000684175    0.0001897772
   0.0000211448   -0.0000105819   -0.0001605683
   0.0000100104    0.0000691175    0.0001894472
   0.0009962144    0.0023656711   -0.0021036192
   0.0000020612   -0.0012502285   -0.0018022453
  -0.0000000831    0.0000044486    0.0001493162
  -0.0001204819   -0.0000763454    0.0002296294
  -0.0011164662   -0.0000021700    0.0244752733
   0.0018175650    0.0015204800    0.0098717380
   0.0000574672   -0.0001179000    0.0089494858
  -0.0003213695    0.0001954900    0.0084198577
   0.0007904041    0.0005576516    0.0089188870
   0.0000562680    0.0000228973    0.0087800617
   0.0000152231    0.0000029891    0.0087501012
  -0.0017687592    0.0004351379    0.0093676917
  -0.0001826151    0.0001375912    0.0090046475
   0.0000185091   -0.0000257233    0.0087637848
   0.0000201549   -0.0000221612    0.0088875975
   0.0000099391    0.0000870333    0.0087606448
  -0.0002838692    0.0000058221    0.0081984117
  -0.0007104659   -0.0027385516    0.0100990470
   0.0001000380   -0.0000536073    0.0087804817
  -0.0000514569   -0.0000365691    0.0087434912

65   
 -0.0056360240878269   0.0000000000000000  -0.0082604620016943
  -0.0002043960    0.0000208657   -0.0019085200
  -0.0000617595    0.0001758940   -0.0010335744
   0.0001140627   -0.0002055303   -0.0016073582
  -0.0000810001   -0.0000515388   -0.0013299614
   0.0000161834   -0.0002381148   -0.0007891911
  -0.0000010744    0.0000102961   -0.0012989342
  -0.0000947979    0.0000609946   -0.0014602564
   0.0001866870   -0.0000868128   -0.0015072525
   0.0000081720    0.0002446497   -0.0017341955
   0.0000221678    0.0000038039   -0.0014977532
  -0.0000914995   -0.0000379986   -0.0014282779
   0.0000630281    0.0000744875   -0.0014741528
   0.0000406686   -0.0000796603   -0.0013708387
  -0.0001274705   -0.0000324170   -0.0014895327
   0.0002516614    0.0000852541   -0.0014653862
  -0.0001546354    0.0000687551   -0.0013337986
  -0.0002201944    0.0001528456   -0.0041380881
   0.0001811766   -0.0000282858   -0.0042598564
  -0.0002443770   -0.0000866226   -0.0042975628
   0.0002632406    0.0001287555   -0.0041715467
  -0.0001363735   -0.0002369705   -0.0043443051
  -0.0000373783    0.0002798943   -0.0040543047
   0.0001169172   -0.0000443479   -0.0042654648
   0.0000284570   -0.0001893488   -0.0040805694
   0.0003553004   -0.0000938621   -0.0042057364
  -0.0002776189   -0.0001164937   -0.0040458703
   0.0000129888    0.0000624225   -0.0043263476
  -0.0001229816    0.0003364377   -0.0042245392
   0.0000520382    0.0001411741   -0.0041921640
   0.0000320107   -0.0000902440   -0.0043670595
   0.0001893969    0.0000061758   -0.0038321329
  -0.0002670115   -0.0002125904   -0.0042489574
  -0.0023094838   -0.0012123897   -0.0053715335
   0.0013415183   -0.0005463513   -0.0033834878
  -0.0002824311   -0.0000818700   -0.0026910240
   0.0002661815    0.0000942553   -0.0027973250
   0.0001323095    0.0016407706   -0.0042293533
   0.0000128630    0.0003123498   -0.0027483734
   0.0001098672   -0.0000851990   -0.0027108624
  -0.0001451468   -0.0000917438   -0.0028501445
   0.0003452277   -0.0001127906   -0.0027809235
  -0.0003204560   -0.0000920336   -0.0029156272
   0.0000435424    0.0000822791   -0.0026627123
  -0.0000870776    0.0003322738   -0.0027449435
   0.0000393528    0.0001510736   -0.0027852538
   0.0000234554   -0.0002184322   -0.0024978193
   0.0001775312    0.0000449527   -0.0031484329
  -0.0002752915   -0.0002104849   -0.0027897752
   0.0025420071    0.0051464929   -0.0182871451
  -0.0428080510    0.0210424690   -0.0471897844
   0.0000109299   -0.0001809825   -0.0018363687
  -0.0003749616   -0.0003884128   -0.0014720685
  -0.0063659694   -0.0263513528   -0.0329024039
  -0.0011838091   -0.0017417625   -0.0034453577
   0.0000877083    0.0000809910   -0.0008867132
   0.0004416841    0.0007913920   -0.0014189301
  -0.0004679135   -0.0001564798   -0.0017262058
   0.0001098003   -0.0000187782   -0.0008514236
  -0.0000557131   -0.0000892884   -0.0009086497
  -0.0001532838    0.0007387567   -0.0016071297
  -0.0002822918    0.0003901789   -0.0015542820
   0.0018220741    0.0009584563   -0.0024656381
   0.0003910281   -0.0003818743   -0.0017879363
   0.0000485319    0.0000238504   -0.0010681781
   0.0556842604    0.0000754464    0.1206954142
  -0.0030561532   -0.0000796000    0.0016173759
  -0.0000562423   -0.0000183300    0.0003867884
  -0.0045597991   -0.0002541100    0.0027074881
  -0.0003006444   -0.0013012311    0.0017442092
  -0.0000103981   -0.0000081946   -0.0000121394
   0.0001622231   -0.0000554986   -0.0000113562
  -0.0007988312    0.0027179385    0.0024827253
  -0.0000119648   -0.0000570219    0.0003251383
   0.0000321896    0.0000712225   -0.0000057972
  -0.0000576248   -0.0000315581    0.0003514583
  -0.0000235704   -0.0000730825   -0.0000042872
  -0.0009779512   -0.0022870685    0.0022944753
  -0.0000473744    0.0012607811    0.0019379092
   0.0000067419    0.0000417346    0.0000465506
   0.0000757831    0.0001191586   -0.0000520962
   0.0010207550   -0.0000425500   -0.0065892331
  -0.0017830340   -0.0015633800    0.0077891092
  -0.0000779898    0.0000695100    0.0086744972
   0.0003536857   -0.0002035700    0.0091423380
  -0.0008335466   -0.0005358302    0.0087504039
  -0.0000687357   -0.0000330893    0.0089121257
   0.0000264120    0.0000182804    0.0088639069
   0.0016916135   -0.0004429967    0.0082657835
   0.0001391739   -0.0001593031    0.0086883590
   0.0000232816    0.0000260317    0.0088829947
  -0.0000586161   -0.0000188669    0.0087472590
  -0.0000231084   -0.0000878117    0.0088819747
   0.0003041035    0.0000857967    0.0094290535
   0.0006722134    0.0026996402    0.0075933539
  -0.0000942757    0.0000991693    0.0088502557
   0.0000021320    0.0000762296    0.0089132269

81   
  0.0056360240878269   0.0000000000000000   0.0082604620016943
   0.0001486980    0.0001403078   -0.0011290691
  -0.0000159149   -0.0000145704   -0.0012297277
   0.0000987568   -0.0001196017   -0.0011359754
  -0.0000431109   -0.0000368111   -0.0011943911
  -0.0001016341   -0.0000815456   -0.0012290161
   0.0001219104    0.0000416461   -0.0012350199
  -0.0000044469    0.0000900999   -0.0011991912
   0.0001692520   -0.0000270914   -0.0012200639
   0.0000356533    0.0000411136   -0.0011145418
   0.0001264326   -0.0000154875   -0.0012298357
  -0.0000769260   -0.0000441599   -0.0011996317
   0.0000874797    0.0000236738   -0.0011858288
   0.0000513330   -0.0000688119   -0.0011953262
  -0.0000088959   -0.0000324435   -0.0012196420
   0.0001865321    0.0000564990   -0.0011840923
  -0.0000539691    0.0000479528   -0.0012266556
  -0.0000519984    0.0001282684   -0.0038330453
   0.0001287780   -0.0000601168   -0.0040177286
  -0.0000984129    0.0000161912   -0.0040293450
   0.0001981233    0.0001437286   -0.0039774258
  -0.0001007657   -0.0001787916   -0.0040581120
   0.0001133443    0.0002464278   -0.0037926151
   0.0000968712   -0.0001301754   -0.0039692411
   0.0000692601   -0.0001873106   -0.0038214204
   0.0003611593   -0.0001540888   -0.0040377558
  -0.0002345588   -0.0000146753   -0.0037781284
   0.0000939933    0.0000522509   -0.0041520139
  -0.0000421638    0.0003690718   -0.0039303150
   0.0002221612    0.0000578069   -0.0040172312
  -0.0000376857   -0.0000514372   -0.0039933678
   0.0003030318   -0.0000668599   -0.0036778396
  -0.0003081274   -0.0001727201   -0.0039706334
   0.0000454914    0.0001702984   -0.0027292626
   0.0000391009    0.0000026478   -0.0025034630
  -0.0000841301    0.0000213206   -0.0025118330
   0.0001645940    0.0001382313   -0.0025609787
  -0.0000794831   -0.0002859273   -0.0024843891
   0.0000926339    0.0002557636   -0.0027456314
   0.0000925394   -0.0001343534   -0.0025499550
   0.0000574902   -0.0002002710   -0.0027980506
   0.0003776550   -0.0001336079   -0.0025077166
  -0.0002403955   -0.0000126452   -0.0027352835
   0.0000986641    0.0000567299   -0.0023671243
  -0.0000513108    0.0003915916   -0.0026024594
   0.0002039067    0.0000271566   -0.0025272054
  -0.0000733550   -0.0000458299   -0.0025840819
   0.0003069242   -0.0000791246   -0.0028558225
  -0.0003068050   -0.0001730905   -0.0025599112
   0.0437100556    0.0214529203    0.0475396931
  -0.0029080717    0.0054715384    0.0176550338
   0.0004277532   -0.0003825476   -0.0001395095
   0.0000880206   -0.0001457819    0.0002266164
   0.0065670945   -0.0270915896    0.0327460125
  -0.0001235256    0.0009280248    0.0002364867
   0.0000064078    0.0000858416   -0.0007033499
   0.0009916765   -0.0015781316    0.0019676260
   0.0002245352    0.0007739518   -0.0000542831
   0.0001023351   -0.0000654061   -0.0006852830
  -0.0000541194   -0.0000378011   -0.0007081297
   0.0004979079   -0.0002142245    0.0001612483
  -0.0003369926   -0.0004059848    0.0001074163
  -0.0017316932    0.0006535025    0.0010956606
   0.0003024915    0.0003884032   -0.0000258583
  -0.0001129502    0.0000086004   -0.0005222736
  -0.0010052150   -0.0000317800    0.0154030131
  -0.0003333057   -0.0003368400   -0.0004073980
   0.0001766698    0.0000828500    0.0001057328
   0.0018161139   -0.0016538100    0.0010592308
  -0.0017972135   -0.0004225167    0.0004158865
   0.0000327280    0.0000397704   -0.0000902969
   0.0001165457   -0.0000550793   -0.0000558557
   0.0009419566   -0.0004305102    0.0001863061
   0.0001387761   -0.0000004769    0.0000232610
  -0.0000045216    0.0000080717   -0.0000744747
  -0.0000390539   -0.0001253431    0.0001872910
  -0.0000099616   -0.0000060117   -0.0000638747
  -0.0007317834    0.0027841702    0.0011370461
  -0.0000838635    0.0000944867   -0.0005440135
   0.0000762280   -0.0000452304   -0.0000930169
   0.0000743257    0.0000741293   -0.0000381957
  -0.0589117771    0.0001653544   -0.1102713105
   0.0045013691   -0.0001991000    0.0058903620
   0.0001792523    0.0000607300    0.0085219116
   0.0027055833   -0.0000115100    0.0071166041
   0.0009279312    0.0026730984    0.0061878047
  -0.0000686331   -0.0000149186    0.0089050462
   0.0000494381   -0.0000197646    0.0088815494
   0.0001781144   -0.0010369611    0.0068769808
   0.0002191248   -0.0000473781    0.0085745917
  -0.0000103396    0.0000254025    0.0088943672
   0.0000787348   -0.0000588419    0.0084606517
  -0.0000270896   -0.0000572025    0.0088839272
   0.0000299744    0.0009853011    0.0068083608
   0.0010935012   -0.0023595684    0.0062542747
  -0.0000655831    0.0000258586    0.0089278562
   0.0000233781    0.0000550646    0.0088466894

81   
 -0.0056360240878269   0.0000000000000000  -0.0082604620016943
  -0.0000322327   -0.0000073118   -0.0015377838
  -0.0000095013    0.0000225246   -0.0014305798
  -0.0000007641   -0.0000047493   -0.0015316761
  -0.0000157308   -0.0000031594   -0.0014524806
   0.0000002516   -0.0000021504   -0.0014354693
  -0.0000375837   -0.0000140340   -0.0014194308
   0.0000016772   -0.0000022797   -0.0014673390
  -0.0000257665   -0.0000062076   -0.0014526531
  -0.0000150317    0.0000189009   -0.0015354345
  -0.0000076315    0.0000187280   -0.0014492149
  -0.0000128748    0.0000008701   -0.0014553293
  -0.0000107316    0.0000185496   -0.0014725166
  -0.0000155837    0.0000035912   -0.0014587555
  -0.0000259043   -0.0000069997   -0.0014436318
   0.0000003289   -0.0000049103   -0.0014787894
  -0.0000087709    0.0000064480   -0.0014471851
  -0.0000132133    0.0000088506   -0.0037966161
  -0.0000121766   -0.0000096442   -0.0038185479
  -0.0000190759    0.0000063885   -0.0037838231
  -0.0000084442   -0.0000053489   -0.0037993656
  -0.0000286945    0.0000014436   -0.0038138270
  -0.0000033228    0.0000066533   -0.0038063120
  -0.0000243011    0.0000081357   -0.0038012287
   0.0000044585    0.0000057915   -0.0038024916
  -0.0000098690    0.0000025600   -0.0037848835
  -0.0000125309   -0.0000106047   -0.0037996112
  -0.0000131635    0.0000021391   -0.0037901163
  -0.0000183465   -0.0000117408   -0.0037983352
  -0.0000226819    0.0000089423   -0.0037952997
  -0.0000006544    0.0000094953   -0.0038074918
  -0.0000270611    0.0000096889   -0.0037940990
  -0.0000040725    0.0000043199   -0.0037996565
  -0.0001098539   -0.0000367116   -0.0025610274
   0.0000773290   -0.0000714055   -0.0025753996
  -0.0000329913   -0.0000009409   -0.0025987051
   0.0000248674    0.0000011920   -0.0025819248
  -0.0000461611    0.0001088759   -0.0025618997
   0.0000143397   -0.0000020196   -0.0025741809
  -0.0000196579    0.0000135957   -0.0026007802
   0.0000137805    0.0000190228   -0.0025011898
  -0.0000257200   -0.0000183468   -0.0025926378
  -0.0000074451   -0.0000106984   -0.0026012679
  -0.0000177173   -0.0000030960   -0.0026127503
  -0.0000096105   -0.0000309134   -0.0025880863
  -0.0000014083    0.0000382331   -0.0025815286
   0.0000316862    0.0000046095   -0.0025341512
  -0.0000286501    0.0000219836   -0.0025928374
  -0.0000087084    0.0000043295   -0.0025879012
  -0.0455230164   -0.0225100880   -0.0509285302
   0.0028942176   -0.0054411342   -0.0191474076
  -0.0003662070    0.0003720137   -0.0014948277
  -0.0000977831    0.0001655602   -0.0018393363
  -0.0065325483    0.0277827407   -0.0348726852
   0.0001556074   -0.0009305346   -0.0018409898
   0.0000345368   -0.0000909178   -0.0009292861
  -0.0009462098    0.0015778023   -0.0036296690
  -0.0001690302   -0.0007577179   -0.0015647633
  -0.0000705529    0.0000634500   -0.0009416800
   0.0000939958    0.0000374524   -0.0009237954
  -0.0005008279    0.0002587531   -0.0017722830
   0.0003683942    0.0003813464   -0.0017408911
   0.0017775829   -0.0006329224   -0.0027306247
  -0.0002338881   -0.0004084492   -0.0015989322
   0.0001211814    0.0000014103   -0.0010959836
   0.0010972062    0.0000009400   -0.0152901433
   0.0002780995    0.0003326800    0.0007761724
  -0.0000789672   -0.0000976600    0.0002336242
  -0.0018251650    0.0016205500   -0.0007019180
   0.0018525992    0.0003731979   -0.0001085717
  -0.0000187031    0.0000131691    0.0004726988
  -0.0000797680    0.0000301473    0.0003649583
  -0.0008891141    0.0004790116    0.0001871530
  -0.0000260449   -0.0000291512    0.0003090225
  -0.0000345191   -0.0000342633    0.0004202952
   0.0001454951    0.0001316512    0.0001646725
  -0.0000448591    0.0000296733    0.0004200652
   0.0007806259   -0.0027877216   -0.0008535070
   0.0001351392   -0.0000228279    0.0009219383
  -0.0000340131   -0.0000044791    0.0004301688
  -0.0000824380   -0.0000191473    0.0004082083
   0.0577542608   -0.0000244650    0.1151349879
  -0.0045042132    0.0002145700    0.0119037059
  -0.0000833223   -0.0000755100    0.0093016884
  -0.0027469391   -0.0000202600    0.0107028181
  -0.0008770844   -0.0027394811    0.0116684992
   0.0000788919    0.0000670754    0.0088734906
  -0.0000074569   -0.0000098786    0.0089717638
  -0.0001352913    0.0010892485    0.0109487753
  -0.0001055548    0.0000133781    0.0092533683
  -0.0000309104   -0.0000501575    0.0089206728
   0.0000277852    0.0000656019    0.0093465283
  -0.0000293804    0.0000777375    0.0089204028
   0.0000254587   -0.0009519585    0.0110669053
  -0.0010439544    0.0024188011    0.0115470692
   0.0001015419   -0.0000739754    0.0088925206
  -0.0000299269    0.0000022086    0.0089499138
