96   
12   

1    
  0.0055961878037124   0.0000000000000000   0.0082875015575010
  -0.0907543700   -0.0002048100   -0.1791384300
   0.0010829700    0.0058225700    0.0005079500
   0.0027506600    0.0000005300    0.0012072000
   0.0005126100   -0.0057787900    0.0007443800
   0.0009749800   -0.0056459700    0.0005460300
   0.0002090100   -0.0003770400    0.0006475500
   0.0002839800    0.0003279800    0.0006187800
   0.0007675500    0.0060475800    0.0007076100
   0.0005770000    0.0012441500    0.0012066600
   0.0008660200    0.0000338600    0.0006345600
   0.0005827000   -0.0012534600    0.0012077900
   0.0008524900   -0.0000406600    0.0006318000
   0.0007597200    0.0055813900    0.0006682000
   0.0009888800   -0.0059466100    0.0005889400
   0.0002116300    0.0003657200    0.0006578800
   0.0002751500   -0.0003370600    0.0006062500
  -0.0035704900   -0.0044249500    0.0154574100
  -0.0006850300   -0.0005263300    0.0032088600
   0.0005960400    0.0009182400    0.0020525600
   0.0392684700   -0.0202813100    0.0468091800
  -0.0000533400   -0.0003050400    0.0028695800
  -0.0000961700   -0.0000088400    0.0028677600
   0.0002587200   -0.0010117000    0.0024065300
  -0.0016892500   -0.0004252700    0.0037825100
   0.0008340800   -0.0001951100    0.0022875500
  -0.0001364400    0.0011243600    0.0029708500
  -0.0002300000    0.0000289900    0.0025762400
  -0.0000457300   -0.0001367400    0.0027859000
   0.0041076400    0.0248049400    0.0312363000
  -0.0000443800   -0.0009485800    0.0031818900
  -0.0002811300    0.0001079500    0.0026783500
   0.0006879800    0.0013626500    0.0043461500
   0.0401438000    0.0209391800    0.0421841300
   0.0004462300   -0.0008742400   -0.0034466600
  -0.0005794700    0.0005527200   -0.0022826100
  -0.0034670800    0.0042684600    0.0093750400
   0.0001983900    0.0008826800   -0.0031009100
  -0.0000649900   -0.0000085200   -0.0025964600
  -0.0000261800    0.0001555000   -0.0026421100
  -0.0016472200    0.0005795000   -0.0019449400
  -0.0000873200   -0.0010219800   -0.0025154400
   0.0007136000    0.0003092600   -0.0032099400
  -0.0000674800    0.0001223900   -0.0027354400
  -0.0001854200   -0.0000553400   -0.0029704400
   0.0038921700   -0.0251025300    0.0256699100
   0.0008758400   -0.0014564200   -0.0012140400
  -0.0002795400   -0.0000671000   -0.0028502400
  -0.0001328000    0.0008648300   -0.0026385100
   0.0002109700    0.0001156000   -0.0003148200
  -0.0000714600   -0.0000598200   -0.0002649800
   0.0000470900   -0.0000573300   -0.0002349200
  -0.0001998000    0.0001216100   -0.0004228100
  -0.0000519400   -0.0000489500   -0.0002755600
  -0.0000599700   -0.0000014100   -0.0001934200
   0.0001082100    0.0000040800   -0.0002284700
  -0.0000302200   -0.0000359700   -0.0003373900
   0.0000102900    0.0000592500   -0.0002559200
   0.0000542800    0.0001040700   -0.0002451800
  -0.0000017600   -0.0000006800   -0.0002777000
   0.0000043500   -0.0000042900   -0.0002846100
   0.0000109100   -0.0002394500   -0.0003663700
  -0.0000189900   -0.0000080800   -0.0003072100
  -0.0000016100    0.0000032200   -0.0002784400
   0.0000449900    0.0000422200   -0.0003657200
   0.0002942300   -0.0000008700   -0.0021938500
   0.0001346400   -0.0001439700   -0.0010210500
  -0.0000007000    0.0000111000   -0.0012766800
  -0.0000495500   -0.0000787600   -0.0010287800
  -0.0000458000    0.0001211400   -0.0009189200
   0.0000326800    0.0000299400   -0.0012871500
  -0.0000373300    0.0000100300   -0.0013878800
   0.0000537900    0.0001488800   -0.0011325200
   0.0000020500   -0.0000044600   -0.0012862200
  -0.0000180900   -0.0000419700   -0.0013382600
  -0.0000112100   -0.0000066200   -0.0012656400
  -0.0000023200    0.0000118400   -0.0013302000
  -0.0000773000    0.0000021700   -0.0009225500
   0.0002048000   -0.0000471900   -0.0011278300
  -0.0000190700    0.0000070200   -0.0013943500
  -0.0000350900   -0.0000210500   -0.0012686100
   0.0000082700   -0.0000019900    0.0009599000
  -0.0000062500    0.0000309800    0.0012058800
  -0.0000005600    0.0000115400    0.0011180300
  -0.0000020700    0.0000103300    0.0011650000
   0.0000144600   -0.0000116100    0.0011936700
  -0.0000122400   -0.0000042200    0.0011281900
   0.0000033000   -0.0000057300    0.0011160300
  -0.0000203600   -0.0000141400    0.0011789100
  -0.0000020700   -0.0000007900    0.0011130300
  -0.0000048200    0.0000076500    0.0011224900
  -0.0000153500   -0.0000091800    0.0011203100
  -0.0000015800   -0.0000041800    0.0011317400
   0.0000065800   -0.0000026400    0.0011730700
  -0.0000338500   -0.0000105500    0.0011981100
  -0.0000110600    0.0000029200    0.0011436700
   0.0000020500   -0.0000007500    0.0011239000

1    
 -0.0055961878037124   0.0000000000000000  -0.0082875015575010
   0.0918527700   -0.0002561800    0.1797329300
  -0.0009412400   -0.0058081200    0.0012593500
  -0.0027572400   -0.0000236500    0.0005155100
  -0.0006943600    0.0058065100    0.0009413300
  -0.0009906500    0.0056919700    0.0011581700
  -0.0002375300    0.0003580100    0.0010780500
  -0.0002752000   -0.0003427500    0.0011068300
  -0.0007805500   -0.0059940700    0.0010462900
  -0.0006076700   -0.0012335600    0.0005115100
  -0.0008619600   -0.0000194700    0.0010907900
  -0.0005870900    0.0012621100    0.0005166000
  -0.0008653900    0.0000300300    0.0010900900
  -0.0008017000   -0.0055854100    0.0009946500
  -0.0009624300    0.0059433800    0.0012073800
  -0.0002444300   -0.0003608600    0.0010770900
  -0.0002771100    0.0003398600    0.0011056200
   0.0035682700    0.0043868700   -0.0104130400
   0.0006666500    0.0004992400    0.0019439000
  -0.0006145600   -0.0009337800    0.0030759600
  -0.0407809200    0.0212063200   -0.0433568100
   0.0000440600    0.0003274600    0.0022632100
   0.0000766400    0.0000074100    0.0022241700
  -0.0002460500    0.0010183100    0.0027325600
   0.0016454600    0.0004318300    0.0013340400
  -0.0008622900    0.0001794200    0.0028460800
   0.0001451500   -0.0010947200    0.0021902800
   0.0001925100   -0.0000444300    0.0025748800
   0.0000530800    0.0001375300    0.0023841300
  -0.0040341300   -0.0255168000   -0.0267713900
  -0.0000094600    0.0009572800    0.0019497100
   0.0002807700   -0.0000887800    0.0024815200
  -0.0007522600   -0.0013743300    0.0007692500
  -0.0386684300   -0.0200539700   -0.0463487200
  -0.0004530600    0.0008641000   -0.0024134800
   0.0005697200   -0.0005837000   -0.0035723300
   0.0034604100   -0.0042840600   -0.0151599300
  -0.0002023200   -0.0008718200   -0.0027304300
   0.0000480100    0.0000071400   -0.0032154400
   0.0000409600   -0.0001354000   -0.0032325000
   0.0016252900   -0.0005711900   -0.0038883300
   0.0000624300    0.0010243300   -0.0033258100
  -0.0007006500   -0.0003009800   -0.0026768500
   0.0000322900   -0.0001442300   -0.0031368200
   0.0001938100    0.0000632600   -0.0029075900
  -0.0039404000    0.0244035300   -0.0308601000
  -0.0008724200    0.0014434500   -0.0046383600
   0.0002929700    0.0000845800   -0.0030242500
   0.0001212300   -0.0008590700   -0.0031882400
  -0.0002189800   -0.0001104100   -0.0003881200
   0.0000581700    0.0000595800   -0.0004358800
  -0.0000566000    0.0000546500   -0.0004764100
   0.0001843000   -0.0001210000   -0.0002825800
   0.0000346700    0.0000440600   -0.0004384200
   0.0000520900   -0.0000019100   -0.0005136100
  -0.0001198700   -0.0000022900   -0.0004833400
   0.0000200200    0.0000344500   -0.0003720000
  -0.0000241500   -0.0000487300   -0.0004519200
  -0.0000612700   -0.0001028500   -0.0004608000
  -0.0000153400   -0.0000038600   -0.0004334700
  -0.0000143300    0.0000049200   -0.0004237800
  -0.0000266200    0.0002311000   -0.0003321900
   0.0000044700    0.0000070300   -0.0003995000
  -0.0000069000   -0.0000009100   -0.0004260400
  -0.0000539200   -0.0000444100   -0.0003407900
  -0.0002938000   -0.0000003500   -0.0002373000
  -0.0001487300    0.0001491800   -0.0014085700
  -0.0000110000   -0.0000043500   -0.0011492900
   0.0000359400    0.0000725000   -0.0013982200
   0.0000333700   -0.0001241300   -0.0015103300
  -0.0000520100   -0.0000371100   -0.0011408400
   0.0000343900   -0.0000124500   -0.0010393900
  -0.0000677300   -0.0001458600   -0.0012946800
  -0.0000156100    0.0000014100   -0.0011406400
   0.0000125400    0.0000489800   -0.0010919700
  -0.0000041200    0.0000032100   -0.0011559200
  -0.0000093800   -0.0000155200   -0.0010997000
   0.0000636700    0.0000057000   -0.0015054600
  -0.0002222200    0.0000465400   -0.0013007900
   0.0000044600   -0.0000086600   -0.0010394100
   0.0000341200    0.0000245900   -0.0011593700
  -0.0000147400   -0.0000014600    0.0012399900
  -0.0000020600   -0.0000262500    0.0009927200
  -0.0000103900   -0.0000032800    0.0010818600
  -0.0000151700   -0.0000182300    0.0010304000
  -0.0000243600    0.0000135000    0.0010028200
  -0.0000059000   -0.0000021500    0.0010740000
  -0.0000050500    0.0000030400    0.0010840100
   0.0000054100    0.0000215800    0.0010189700
  -0.0000094200   -0.0000017300    0.0010872100
  -0.0000006400   -0.0000007100    0.0010803900
   0.0000001400    0.0000053500    0.0010736600
  -0.0000105900    0.0000006600    0.0010671000
  -0.0000240900    0.0000080900    0.0010219200
   0.0000200600    0.0000061400    0.0009995100
  -0.0000030700   -0.0000048800    0.0010607200
  -0.0000007900    0.0000046600    0.0010740000

17   
  0.0055961878037124   0.0000000000000000   0.0082875015575010
  -0.0055968800   -0.0056018100    0.0151868400
   0.0428679200   -0.0224023000    0.0455013500
  -0.0008600900   -0.0005002500    0.0013694100
   0.0008037600    0.0003405400    0.0005020600
   0.0040880700    0.0278443400    0.0301840900
   0.0012003700    0.0016548000    0.0023396600
  -0.0003004300    0.0001505900    0.0009723700
  -0.0004975800   -0.0006774200    0.0018259700
  -0.0001161100   -0.0001996300    0.0012662900
   0.0000014100   -0.0001791800    0.0010222200
  -0.0002626600    0.0000185000    0.0009233100
   0.0008375800   -0.0011807700    0.0005962900
   0.0004579600   -0.0000365200    0.0008287100
  -0.0016659200   -0.0009852500    0.0020785900
  -0.0002488900    0.0015493900    0.0010287300
  -0.0000923800   -0.0000043300    0.0011892000
  -0.0587941700    0.0005466400   -0.0924960200
   0.0064257300   -0.0001132900    0.0014783300
   0.0002305200   -0.0000106900    0.0024198300
   0.0074772700   -0.0000735800    0.0007575600
   0.0009093000    0.0028266700    0.0012770400
  -0.0000518600   -0.0000935300    0.0025047900
   0.0002112200   -0.0001090800    0.0026188600
   0.0016833000   -0.0037485900    0.0010027900
  -0.0000011500    0.0001504400    0.0023991400
   0.0000668100    0.0001690400    0.0025369400
   0.0000504800   -0.0000775400    0.0024479700
   0.0000561200    0.0000866100    0.0025307300
   0.0014848700    0.0037652200    0.0009129000
   0.0011110300   -0.0027268600    0.0013693100
   0.0001386000   -0.0000826400    0.0026586600
   0.0000272700   -0.0000418700    0.0024581200
  -0.0018079900    0.0000187600    0.0037873600
   0.0014787500    0.0011845400   -0.0008820600
   0.0000536300    0.0001685700   -0.0031784600
  -0.0009578900    0.0006692100   -0.0025571700
   0.0010355200    0.0006746900   -0.0018557000
  -0.0001318400   -0.0001120400   -0.0032484900
   0.0005618200   -0.0003374500   -0.0032112800
  -0.0017587600    0.0004732000   -0.0016298100
   0.0000968700   -0.0000089300   -0.0032551500
   0.0000201600    0.0004178300   -0.0032057800
  -0.0001634500   -0.0000998900   -0.0031091000
   0.0000008300   -0.0000706600   -0.0032016500
  -0.0001808200   -0.0009216100   -0.0026865100
  -0.0005330500   -0.0021606700   -0.0007955500
   0.0001357700   -0.0001115300   -0.0034955100
   0.0002957800    0.0001459500   -0.0029589700
   0.0000062900   -0.0000052500   -0.0003427300
   0.0000065400   -0.0000034800   -0.0003691000
   0.0000172600   -0.0000008500   -0.0003687600
   0.0000080700    0.0000003200   -0.0003709200
   0.0000093900    0.0000023100   -0.0003538100
  -0.0000006500   -0.0000002200   -0.0003430800
   0.0000100400   -0.0000086600   -0.0003599300
   0.0000028500   -0.0000138800   -0.0003809800
   0.0000116400   -0.0000021800   -0.0003584800
  -0.0000023700   -0.0000003800   -0.0003477000
   0.0000009100   -0.0000164800   -0.0003758500
   0.0000003700   -0.0000041900   -0.0003662600
   0.0000055500   -0.0000080700   -0.0003497900
  -0.0000044900    0.0000006500   -0.0003814000
  -0.0000006400   -0.0000004700   -0.0003678500
  -0.0000033800   -0.0000044300   -0.0003582200
   0.0000400200    0.0000217100   -0.0012580400
  -0.0000471000    0.0000266600   -0.0013033500
  -0.0000228700    0.0000157100   -0.0012564100
   0.0000211500    0.0000064600   -0.0012760800
  -0.0000038700   -0.0000561100   -0.0012830500
  -0.0000157200   -0.0000142500   -0.0013340400
   0.0000094500   -0.0000196900   -0.0012590600
   0.0000136000   -0.0000144100   -0.0012636100
   0.0000047200   -0.0000280400   -0.0012629100
  -0.0000018500    0.0000070600   -0.0012613300
   0.0000131500    0.0000036100   -0.0012489400
   0.0000069200   -0.0000289400   -0.0012723400
   0.0000207700    0.0000057100   -0.0012755300
  -0.0000046700    0.0000072000   -0.0012992200
  -0.0000212600    0.0000106600   -0.0012678200
   0.0000170800   -0.0000057100   -0.0012424800
   0.0000065700   -0.0000006800    0.0011419900
   0.0000116500   -0.0000032100    0.0011284600
   0.0000059400    0.0000018300    0.0011169100
   0.0000082700   -0.0000090300    0.0011177800
   0.0000015400   -0.0000031800    0.0011393700
   0.0000038100   -0.0000085100    0.0011161300
   0.0000109800   -0.0000051500    0.0011205500
   0.0000054300   -0.0000046200    0.0011251200
   0.0000047100   -0.0000028300    0.0011165800
   0.0000131800    0.0000002800    0.0011147000
   0.0000015600   -0.0000025800    0.0011141100
   0.0000123300   -0.0000009600    0.0011196100
   0.0000031800    0.0000010100    0.0011211400
   0.0000039800   -0.0000099600    0.0011196600
   0.0000089700   -0.0000061200    0.0011249700
   0.0000141700   -0.0000063200    0.0011137500

17   
 -0.0055961878037124   0.0000000000000000  -0.0082875015575010
   0.0056013500    0.0055589100   -0.0133714300
  -0.0411743300    0.0214461800   -0.0419101100
   0.0009080100    0.0005143500    0.0004046600
  -0.0008106200   -0.0003444400    0.0012991000
  -0.0040283200   -0.0271204600   -0.0277865400
  -0.0012302700   -0.0016759000   -0.0005595000
   0.0003196100   -0.0001502200    0.0007977300
   0.0005241100    0.0006858400   -0.0000862600
   0.0001718500    0.0002267200    0.0005054100
   0.0000105200    0.0001871300    0.0007453700
   0.0002959500   -0.0000082500    0.0008463200
  -0.0008268500    0.0012060700    0.0011936200
  -0.0004488600    0.0000106800    0.0009522600
   0.0016890300    0.0010271500   -0.0003265000
   0.0002772800   -0.0015570600    0.0007477300
   0.0001128700    0.0000045100    0.0005831000
   0.0544988300   -0.0007592200    0.0910911200
  -0.0063190900    0.0001098400    0.0036892100
  -0.0001967100    0.0000235500    0.0027825800
  -0.0074743300    0.0000778400    0.0044412200
  -0.0009171300   -0.0028338700    0.0039110100
   0.0000788200    0.0000764000    0.0026946200
  -0.0001941000    0.0001319400    0.0026047900
  -0.0016151300    0.0037184100    0.0041877700
   0.0000157200   -0.0001226700    0.0027961500
  -0.0000097000   -0.0001623700    0.0026673600
  -0.0000310200    0.0000793900    0.0027770800
  -0.0000264700   -0.0000894000    0.0026682500
  -0.0014410300   -0.0037245900    0.0042944800
  -0.0010886600    0.0027432100    0.0038032400
  -0.0001249400    0.0000890900    0.0025480700
   0.0000168300    0.0000413800    0.0027457000
   0.0018070200   -0.0000051900   -0.0095176400
  -0.0014385200   -0.0011740600   -0.0049405700
  -0.0000282700   -0.0001550200   -0.0026462900
   0.0010120900   -0.0006792700   -0.0032804700
  -0.0010339900   -0.0006808200   -0.0040067400
   0.0001757000    0.0001053000   -0.0025718300
  -0.0005457800    0.0003608600   -0.0026249500
   0.0017845000   -0.0004694200   -0.0041905600
  -0.0000847200    0.0000327300   -0.0025606400
   0.0000364300   -0.0004198500   -0.0026141500
   0.0001791800    0.0001045600   -0.0027399900
   0.0000293000    0.0000712500   -0.0026219900
   0.0001978100    0.0009562600   -0.0031811100
   0.0005623900    0.0021248800   -0.0050095300
  -0.0001224400    0.0001190300   -0.0023385300
  -0.0002570400   -0.0001491400   -0.0028645000
   0.0000233100    0.0000071700   -0.0003683700
   0.0000199000    0.0000063700   -0.0003318900
   0.0000135100    0.0000007600   -0.0003344100
   0.0000172500    0.0000043800   -0.0003404400
   0.0000213500    0.0000045300   -0.0003499400
   0.0000257300    0.0000096400   -0.0003589200
   0.0000223400    0.0000171500   -0.0003470300
   0.0000221500    0.0000217800   -0.0003237600
   0.0000180100    0.0000029700   -0.0003433800
   0.0000318300    0.0000034200   -0.0003544400
   0.0000287200    0.0000149600   -0.0003246600
   0.0000246300    0.0000090400   -0.0003397400
   0.0000245700    0.0000141400   -0.0003509000
   0.0000282000    0.0000093800   -0.0003154100
   0.0000326400    0.0000070900   -0.0003280300
   0.0000285900    0.0000139000   -0.0003474200
  -0.0000132700   -0.0000126600   -0.0011258400
   0.0000823000   -0.0000181100   -0.0010739100
   0.0000469100   -0.0000027400   -0.0011237500
   0.0000090900   -0.0000027400   -0.0011006400
   0.0000293600    0.0000619300   -0.0011033800
   0.0000430400    0.0000124900   -0.0010463700
   0.0000231600    0.0000223700   -0.0011292100
   0.0000157300    0.0000172100   -0.0011163300
   0.0000200600    0.0000347200   -0.0011184100
   0.0000361100    0.0000035100   -0.0011201500
   0.0000087200    0.0000041300   -0.0011317500
   0.0000263800    0.0000363900   -0.0011059300
   0.0000028400    0.0000024900   -0.0011114100
   0.0000347500   -0.0000089600   -0.0010833200
   0.0000485500   -0.0000068200   -0.0011213900
   0.0000166400    0.0000066400   -0.0011375900
   0.0000207100    0.0000091000    0.0010525700
   0.0000240300    0.0000121700    0.0010637100
   0.0000177800    0.0000126900    0.0010775100
   0.0000219900    0.0000132600    0.0010728300
   0.0000244700    0.0000097100    0.0010626700
   0.0000232300    0.0000068000    0.0010785100
   0.0000215200    0.0000074700    0.0010834600
   0.0000246900    0.0000077100    0.0010675700
   0.0000216700    0.0000094100    0.0010777100
   0.0000213300    0.0000104800    0.0010781300
   0.0000207300    0.0000112600    0.0010806200
   0.0000210600    0.0000086100    0.0010710900
   0.0000214300    0.0000073000    0.0010821400
   0.0000257500    0.0000081600    0.0010749400
   0.0000190600    0.0000101000    0.0010775700
   0.0000205800    0.0000070000    0.0010789300

33   
  0.0055961878037124   0.0000000000000000   0.0082875015575010
   0.0408653900    0.0213034700    0.0426692700
  -0.0056962300    0.0055290200    0.0145949200
   0.0008456700   -0.0003979900    0.0005460000
  -0.0009013900    0.0005051200    0.0012310600
   0.0039229600   -0.0270236900    0.0287832500
  -0.0006430100    0.0005365400    0.0014782800
  -0.0002778400   -0.0002004100    0.0009095500
   0.0015022500   -0.0018023100    0.0021373000
   0.0008382400    0.0011992100    0.0006268500
  -0.0002513100   -0.0000309500    0.0008584300
   0.0000792500    0.0001857200    0.0009605900
  -0.0001643400    0.0002152100    0.0011512900
  -0.0002542700   -0.0015940300    0.0009717500
  -0.0015992800    0.0012294400    0.0018127200
   0.0004975500   -0.0000176800    0.0008098800
  -0.0000417200   -0.0000189600    0.0011420400
  -0.0017609200   -0.0000280900    0.0091580400
  -0.0009497400   -0.0006479800    0.0029466800
   0.0000630600   -0.0001708700    0.0022982300
   0.0015055000   -0.0011375700    0.0045824300
  -0.0016840700   -0.0005327800    0.0038724800
   0.0006223900    0.0003495500    0.0022923300
  -0.0001420200    0.0000912100    0.0022141400
   0.0010383900   -0.0007377900    0.0036284600
  -0.0001186700    0.0000821900    0.0023828900
   0.0000162600   -0.0004675200    0.0022696100
   0.0001247200   -0.0000003100    0.0022095000
   0.0000279100    0.0000221100    0.0022714800
  -0.0004576800    0.0020763200    0.0046950700
  -0.0001999900    0.0009002600    0.0028020500
   0.0002843900   -0.0001413200    0.0025133200
   0.0001966400    0.0000912800    0.0020021600
  -0.0599141900    0.0015899000   -0.0950383200
   0.0074449400    0.0001028400   -0.0043993400
   0.0001590700   -0.0000393400   -0.0031286500
   0.0067900600   -0.0001223300   -0.0039724300
   0.0014980300    0.0034508500   -0.0042706000
   0.0001906000    0.0000522900   -0.0029379600
   0.0000041300    0.0000539800   -0.0030067200
   0.0011939300   -0.0029805800   -0.0040714800
   0.0000312200    0.0000509700   -0.0031294700
   0.0000988800   -0.0001344500   -0.0029888200
   0.0000477500   -0.0000999600   -0.0031240200
   0.0001012100   -0.0000775400   -0.0029890100
   0.0012238300    0.0031821100   -0.0040644900
   0.0014635600   -0.0037044500   -0.0042794200
   0.0000533800    0.0000328700   -0.0030590200
   0.0001379000    0.0000137500   -0.0028940200
   0.0000884600   -0.0000167300   -0.0001896300
   0.0002177500    0.0000570700   -0.0001551500
   0.0000728200   -0.0000270500   -0.0004789200
  -0.0001026600    0.0001168800   -0.0002654900
   0.0002060900    0.0000339800   -0.0002397900
   0.0000590000    0.0000121600   -0.0004577200
   0.0000353400   -0.0000243500   -0.0005187500
  -0.0001343200    0.0001103200   -0.0001800300
   0.0000306400    0.0000075400   -0.0004987200
   0.0000159500   -0.0000311600   -0.0004853900
   0.0000472600   -0.0000331600   -0.0004588200
   0.0000088500   -0.0000467800   -0.0004572300
   0.0001156300   -0.0001817600   -0.0002889500
   0.0000941800   -0.0002271000   -0.0001232900
  -0.0000172100    0.0000026000   -0.0004265100
   0.0000339900    0.0000004000   -0.0004813900
  -0.0007316900   -0.0003738400   -0.0006920800
   0.0015361700   -0.0009633200    0.0009530700
  -0.0000167400    0.0000090400   -0.0011793300
   0.0000699200    0.0000125800   -0.0010883000
  -0.0001087000    0.0012901900    0.0001250200
   0.0000493000    0.0000387100   -0.0012640600
   0.0000250500    0.0000177400   -0.0011270000
  -0.0000040100   -0.0000420600   -0.0013309600
   0.0000266500   -0.0000700300   -0.0011109100
   0.0000648500   -0.0000369300   -0.0011247100
   0.0000039600   -0.0000251500   -0.0011240800
   0.0000292600   -0.0000552400   -0.0011557000
   0.0000762800    0.0000097800   -0.0010694100
  -0.0000464100   -0.0000483900   -0.0012993300
  -0.0000067800    0.0000067400   -0.0012061300
   0.0000201100   -0.0000175900   -0.0011476000
   0.0000188800   -0.0000290500    0.0008723500
   0.0000546700   -0.0000180000    0.0008570900
   0.0000092100    0.0000027500    0.0009412000
   0.0000256400   -0.0000183200    0.0009944600
   0.0000457600    0.0000042400    0.0008679000
  -0.0000366500   -0.0000494200    0.0009064200
   0.0000261200   -0.0000117200    0.0009774700
   0.0000765500   -0.0000491700    0.0009528200
   0.0000281300   -0.0000264900    0.0009633900
   0.0000370000   -0.0000206500    0.0009856400
   0.0000275500   -0.0000125800    0.0009622300
   0.0000272900   -0.0000201100    0.0009707400
   0.0000239500   -0.0000144500    0.0009952200
   0.0000208900    0.0000482200    0.0009309500
   0.0000081200   -0.0000103300    0.0009482000
   0.0000355200   -0.0000173700    0.0009529600

33   
 -0.0055961878037124   0.0000000000000000  -0.0082875015575010
  -0.0424780600   -0.0222837200   -0.0428211000
   0.0057645700   -0.0056012800   -0.0129624000
  -0.0007659200    0.0003567500    0.0011066100
   0.0009143100   -0.0005289500    0.0004401000
  -0.0039114700    0.0277121900   -0.0277388300
   0.0006889800   -0.0005701000    0.0002224800
   0.0003247700    0.0001647200    0.0007657600
  -0.0013917500    0.0017559700   -0.0004785500
  -0.0007853600   -0.0012087800    0.0010295700
   0.0002931200    0.0000051500    0.0008194400
  -0.0000106500   -0.0002093100    0.0007154000
   0.0001826400   -0.0002152400    0.0005195400
   0.0002926700    0.0015521700    0.0006964400
   0.0016612200   -0.0012176100   -0.0001234400
  -0.0004250900   -0.0000370600    0.0008524500
   0.0000830600   -0.0000104700    0.0005319700
   0.0018242200    0.0000180200   -0.0041526500
   0.0009977400    0.0006084900    0.0021933700
  -0.0000367600    0.0001424400    0.0028232700
  -0.0014624700    0.0011212800    0.0005244100
   0.0017342000    0.0005011200    0.0012490700
  -0.0005716800   -0.0003721500    0.0028211800
   0.0001798800   -0.0001269700    0.0029012100
  -0.0009654900    0.0006943200    0.0015308500
   0.0001656100   -0.0001058600    0.0027387000
   0.0000162600    0.0004463800    0.0028377400
  -0.0000670800   -0.0000078000    0.0029014000
   0.0000198400   -0.0000438800    0.0028524500
   0.0005107700   -0.0021454700    0.0004033300
   0.0002513500   -0.0009169100    0.0023525700
  -0.0002405100    0.0001194800    0.0026324200
  -0.0001455300   -0.0001278100    0.0031206100
   0.0571218500    0.0013123000    0.0960072900
  -0.0073461200   -0.0001289600   -0.0015186400
  -0.0001414800    0.0000106900   -0.0027859100
  -0.0068095300    0.0000916600   -0.0018948400
  -0.0014927100   -0.0035185400   -0.0016390700
  -0.0001411700   -0.0000756000   -0.0029776700
   0.0000485400   -0.0000971800   -0.0029004200
  -0.0011088400    0.0029341400   -0.0018294900
   0.0000115600   -0.0000788800   -0.0027835600
  -0.0000649600    0.0001196200   -0.0029185200
   0.0000055400    0.0000932100   -0.0027817000
  -0.0000530900    0.0000520200   -0.0029264200
  -0.0011628800   -0.0031970200   -0.0018186700
  -0.0014372600    0.0036929400   -0.0016315400
  -0.0000141900   -0.0000534000   -0.0028815100
  -0.0000882900   -0.0000525200   -0.0030165400
  -0.0000443400   -0.0000141300   -0.0005970000
  -0.0001698100   -0.0000881300   -0.0006276400
  -0.0000254400   -0.0000060400   -0.0003103600
   0.0001453400   -0.0001471600   -0.0005295400
  -0.0001590100   -0.0000579000   -0.0005465600
  -0.0000174900   -0.0000359600   -0.0003315200
   0.0000137300    0.0000006900   -0.0002729600
   0.0001766800   -0.0001326000   -0.0006059300
   0.0000147700   -0.0000379100   -0.0002894300
   0.0000303900    0.0000025300   -0.0002987100
  -0.0000009300   -0.0000013100   -0.0003279800
   0.0000342000    0.0000192400   -0.0003342200
  -0.0000705000    0.0001567000   -0.0004953700
  -0.0000499400    0.0002010900   -0.0006538200
   0.0000667000   -0.0000275300   -0.0003575900
   0.0000087200   -0.0000243500   -0.0003108700
   0.0007729300    0.0003514400   -0.0017908000
  -0.0014437500    0.0009095000   -0.0033580600
   0.0000569600   -0.0000294700   -0.0012880000
  -0.0000214100   -0.0000407600   -0.0013764800
   0.0001442500   -0.0012963500   -0.0025814700
  -0.0000044900   -0.0000719800   -0.0012064500
   0.0000214300   -0.0000464800   -0.0013475500
   0.0000506500    0.0000109500   -0.0011348400
   0.0000136200    0.0000446300   -0.0013571400
  -0.0000137500    0.0000129600   -0.0013419200
   0.0000345600    0.0000012400   -0.0013437000
   0.0000213500    0.0000303000   -0.0013094300
  -0.0000360200   -0.0000341200   -0.0014058900
   0.0000924900    0.0000143100   -0.0011715700
   0.0000513100   -0.0000349100   -0.0012714200
   0.0000301800   -0.0000145200   -0.0013206000
   0.0000242600    0.0000057300    0.0012241500
  -0.0000025200   -0.0000055900    0.0012359400
   0.0000309200   -0.0000203200    0.0011559800
   0.0000226400   -0.0000080800    0.0010981700
  -0.0000031900   -0.0000303300    0.0012353100
   0.0000807400    0.0000151700    0.0011913400
   0.0000218100   -0.0000180600    0.0011285400
  -0.0000293700    0.0000182200    0.0011422500
   0.0000146200    0.0000009400    0.0011340600
   0.0000142200   -0.0000019400    0.0011089600
   0.0000117100   -0.0000109200    0.0011343100
   0.0000223800   -0.0000054400    0.0011213800
   0.0000181700   -0.0000109300    0.0011110400
   0.0000253800   -0.0000823500    0.0011666100
   0.0000353900   -0.0000184000    0.0011569100
   0.0000150900   -0.0000152300    0.0011417800

49   
  0.0055961878037124   0.0000000000000000   0.0082875015575010
   0.0000894200    0.0000468400    0.0009700700
  -0.0000795300    0.0000262200    0.0007010400
   0.0000072700   -0.0000336200    0.0010006500
  -0.0000294900   -0.0000148000    0.0009240800
   0.0000022800   -0.0000907900    0.0008337900
  -0.0000335000    0.0000081500    0.0008927200
   0.0000032000   -0.0000131000    0.0009294700
   0.0000653100   -0.0000592700    0.0008521900
   0.0000183300    0.0000057900    0.0009435800
  -0.0000028500    0.0000121900    0.0009290200
   0.0000161400    0.0000304100    0.0009265300
   0.0000382300    0.0000689700    0.0009730700
   0.0000078500   -0.0000255600    0.0009103200
  -0.0000085300    0.0000599200    0.0008757700
   0.0000522500    0.0000218100    0.0010121800
  -0.0000808700    0.0000033800    0.0010141500
  -0.0000118100   -0.0000027200    0.0025851300
   0.0000129500    0.0000097600    0.0025532700
   0.0000002300    0.0000174300    0.0025561900
   0.0000038500    0.0000387000    0.0025704400
   0.0000123300    0.0000123300    0.0025526000
   0.0000037500    0.0000096700    0.0025453700
  -0.0000179300    0.0000002700    0.0025570300
  -0.0000379700   -0.0000079000    0.0025675900
   0.0000064800   -0.0000101500    0.0025517100
  -0.0000124400    0.0000141600    0.0025711400
  -0.0000067400    0.0000084900    0.0025725200
  -0.0000142000   -0.0000150500    0.0025780000
   0.0000389300   -0.0000107900    0.0025809200
  -0.0000220100   -0.0000340600    0.0025975800
  -0.0000316600    0.0000027200    0.0025960800
  -0.0000014000    0.0000160700    0.0025508600
   0.0000464000   -0.0000022000   -0.0027623200
  -0.0000486300   -0.0000523100   -0.0028476100
   0.0000322200   -0.0000320400   -0.0030153700
   0.0001189800   -0.0001401500   -0.0026483100
  -0.0000558100   -0.0000071300   -0.0027295400
  -0.0000592500   -0.0000175800   -0.0029582400
   0.0000181400   -0.0000284700   -0.0030065800
   0.0001922200   -0.0000209000   -0.0027612100
  -0.0000284600    0.0000276500   -0.0030129300
  -0.0000271400    0.0000702000   -0.0030019200
   0.0000441900    0.0000193200   -0.0030304700
  -0.0000185400   -0.0000585300   -0.0030288300
  -0.0000154200    0.0001101700   -0.0026500200
   0.0000452900    0.0001188300   -0.0029004700
  -0.0000498400    0.0000099300   -0.0030540900
   0.0000548000    0.0000508400   -0.0029960200
  -0.1069975000   -0.0000034200   -0.1816796800
   0.0015941600   -0.0036906900   -0.0079726600
  -0.0004331800    0.0000122400    0.0005531200
   0.0015729800    0.0036363300   -0.0082313000
   0.0017837200    0.0035074800   -0.0080055900
   0.0003949000    0.0000110400   -0.0000320800
   0.0003381500    0.0000193000    0.0001089400
   0.0018185900   -0.0035564700   -0.0082128300
  -0.0002275600   -0.0001145500    0.0005605200
   0.0003748800   -0.0000238400    0.0000411400
  -0.0002368200    0.0001162400    0.0005451900
   0.0003734900    0.0001320000    0.0000417400
   0.0018016300   -0.0037670800   -0.0081283400
   0.0018075700    0.0038087400   -0.0080830100
   0.0004801400   -0.0000577500    0.0000210800
   0.0002561100   -0.0000659100    0.0000564500
   0.0385890000    0.0175199400    0.0439807100
   0.0003268800    0.0045863900    0.0176154800
  -0.0002592600    0.0006748400   -0.0004577300
   0.0005412400   -0.0001396000    0.0000153300
   0.0082549500   -0.0222029500    0.0309144600
  -0.0015474400    0.0002207800    0.0000493100
  -0.0000386900    0.0000537000   -0.0013521600
   0.0020420800   -0.0022756000    0.0008012700
   0.0001894700   -0.0005583700   -0.0005174300
   0.0000860500   -0.0000684200   -0.0012369800
  -0.0000061400    0.0000223500   -0.0014665200
   0.0001360000   -0.0004010000    0.0000822800
   0.0002989600    0.0004454700   -0.0002810400
  -0.0019162600    0.0020757300    0.0004278100
  -0.0005626900   -0.0000036800   -0.0001577500
  -0.0001050000    0.0000056100   -0.0010850700
  -0.0002281900   -0.0049375300    0.0209037700
   0.0415836200   -0.0191938800    0.0494096000
   0.0005786800    0.0002629600    0.0024557700
  -0.0001578100   -0.0006383200    0.0019428600
   0.0083287600    0.0240163700    0.0350303600
   0.0020250400    0.0022062300    0.0032201900
   0.0000036400    0.0000219200    0.0010233900
  -0.0014032100   -0.0002107600    0.0026660400
   0.0002498500    0.0003785000    0.0024683000
   0.0000433600   -0.0000194300    0.0009158300
   0.0000056800    0.0000049100    0.0011285800
   0.0002162800    0.0004481900    0.0019225900
  -0.0004842000    0.0000077100    0.0022127600
  -0.0017845800   -0.0019749100    0.0029409900
   0.0002101100   -0.0004397700    0.0021815700
  -0.0001544500    0.0000058700    0.0012915600

49   
 -0.0055961878037124   0.0000000000000000  -0.0082875015575010
  -0.0000873200   -0.0000528800    0.0007286000
   0.0000676300   -0.0000709300    0.0010102500
  -0.0000205500    0.0000117700    0.0007123900
   0.0000334900    0.0000199600    0.0007917200
  -0.0000132600    0.0000925500    0.0008697900
   0.0000180300   -0.0000069200    0.0008129600
  -0.0000072900   -0.0000066800    0.0007788100
  -0.0000530900    0.0000389900    0.0008581600
  -0.0000386400   -0.0000323400    0.0007630500
   0.0000006400   -0.0000045100    0.0007764500
  -0.0000078000    0.0000106300    0.0007785800
  -0.0000422800   -0.0000544900    0.0007357200
   0.0000083800    0.0000362500    0.0008070400
   0.0000445500   -0.0000535700    0.0008370900
  -0.0000761900   -0.0000272600    0.0006954500
   0.0000369700   -0.0000078300    0.0006928800
  -0.0000075000   -0.0000020200    0.0025451200
  -0.0000050700   -0.0000231600    0.0025604500
  -0.0000140200   -0.0000261000    0.0025600300
   0.0000045000   -0.0000506700    0.0025494300
  -0.0000249000   -0.0000085600    0.0025610100
  -0.0000061700   -0.0000166500    0.0025463900
   0.0000116700   -0.0000101400    0.0025426700
   0.0000418700    0.0000164100    0.0025630800
  -0.0000200900   -0.0000110300    0.0025352400
   0.0000106700    0.0000254300    0.0025662100
   0.0000183600    0.0000100500    0.0025804300
   0.0000002500   -0.0000061900    0.0025466800
   0.0000009900    0.0000130800    0.0025655700
   0.0000078500   -0.0000024000    0.0025829900
   0.0000007800   -0.0000038200    0.0025480700
  -0.0000104900   -0.0000062700    0.0025300600
  -0.0000659200   -0.0000020000   -0.0031784300
   0.0000539600    0.0000393700   -0.0030395500
  -0.0000476100    0.0000237600   -0.0028761200
  -0.0001005100    0.0001236400   -0.0032387800
   0.0000404400    0.0000071500   -0.0031550200
   0.0000557200    0.0000107900   -0.0029090700
  -0.0000261200    0.0000208800   -0.0028678300
  -0.0001795100    0.0000247800   -0.0031363200
   0.0000140600   -0.0000507500   -0.0028498700
   0.0000258500   -0.0000328000   -0.0029094700
  -0.0000337300   -0.0000004300   -0.0028989300
   0.0000045000    0.0000388900   -0.0028711600
   0.0000570800   -0.0000992000   -0.0032648200
  -0.0000580900   -0.0001507100   -0.0030520900
   0.0000192300   -0.0000129400   -0.0028668200
  -0.0000707700   -0.0000437200   -0.0028614100
   0.1074186500    0.0008896800    0.1817528900
  -0.0013031600    0.0036688200    0.0072791400
   0.0004284700   -0.0000370000   -0.0013259400
  -0.0018614800   -0.0036495000    0.0073801600
  -0.0016526900   -0.0033529700    0.0073661000
  -0.0004060800   -0.0000263900   -0.0007268700
  -0.0003355000   -0.0000367900   -0.0008940000
  -0.0019670100    0.0037074700    0.0072847600
   0.0001949100    0.0001286300   -0.0013395300
  -0.0003792500    0.0000409200   -0.0008066100
   0.0002548400   -0.0001039000   -0.0013137000
  -0.0003781700   -0.0001438900   -0.0008049200
  -0.0019045600    0.0035493200    0.0074206800
  -0.0017072600   -0.0040380900    0.0072325800
  -0.0004902900    0.0000570900   -0.0007809600
  -0.0002535600    0.0000662000   -0.0008258600
  -0.0402837700   -0.0184974900   -0.0478748900
  -0.0003861000   -0.0045510600   -0.0200291200
   0.0002446900   -0.0006686100   -0.0019803600
  -0.0005662500    0.0001278000   -0.0024519000
  -0.0082565700    0.0229066000   -0.0338246600
   0.0015018500   -0.0002120100   -0.0024930000
   0.0000371300   -0.0000553200   -0.0010829800
  -0.0020808800    0.0022855100   -0.0032405300
  -0.0001989300    0.0005423100   -0.0019281300
  -0.0000918600    0.0000650300   -0.0012048100
  -0.0000016500   -0.0000330200   -0.0009666900
  -0.0001499700    0.0003949200   -0.0024986700
  -0.0003129200   -0.0004463800   -0.0021601600
   0.0018733300   -0.0020692900   -0.0028638500
   0.0005394900    0.0000036700   -0.0022619400
   0.0001009100   -0.0000004300   -0.0013555100
   0.0002840100    0.0049689300   -0.0187119200
  -0.0399018100    0.0182191500   -0.0457599500
  -0.0005608300   -0.0002774800   -0.0002256300
   0.0001578000    0.0006373000    0.0002933100
  -0.0083338100   -0.0233222700   -0.0323563500
  -0.0020033600   -0.0021999700   -0.0009904000
   0.0000037100   -0.0000238000    0.0012021200
   0.0014233300    0.0002255300   -0.0004386300
  -0.0002481000   -0.0003821300   -0.0002620100
  -0.0000431600    0.0000176600    0.0013141700
  -0.0000080000   -0.0000175700    0.0010963600
  -0.0002143400   -0.0004569400    0.0003222100
   0.0004950800   -0.0000054800   -0.0000050100
   0.0018095900    0.0019779800   -0.0007163500
  -0.0001992700    0.0004396000    0.0000603200
   0.0001522500    0.0000002200    0.0009403400

65   
  0.0055961878037124   0.0000000000000000   0.0082875015575010
   0.0002876100   -0.0000019300   -0.0001536700
   0.0000234400    0.0001934600    0.0009489600
  -0.0000050100   -0.0000221600    0.0007601100
   0.0000482500    0.0001473100    0.0010717800
   0.0002061800   -0.0000782400    0.0009149200
   0.0000604800    0.0000386400    0.0006989700
  -0.0001262100    0.0000602500    0.0007162500
  -0.0000832800   -0.0001328000    0.0011023300
  -0.0000224600    0.0000032200    0.0007600200
  -0.0000039300   -0.0001002600    0.0007064600
   0.0000041900    0.0000208400    0.0007523700
  -0.0000236100   -0.0000737100    0.0006978800
   0.0001718300   -0.0000885500    0.0009797100
  -0.0001475800   -0.0000590600    0.0010452500
  -0.0000830900    0.0000352100    0.0006715600
   0.0000491600    0.0000574900    0.0007253100
  -0.0000110200    0.0000071700    0.0024967000
  -0.0000074900   -0.0000148900    0.0024821500
  -0.0000179100    0.0000017000    0.0024622200
  -0.0000271700    0.0000145800    0.0024352100
  -0.0000222800   -0.0000032500    0.0024754100
   0.0000056500    0.0000029600    0.0024862700
  -0.0000062900   -0.0000179900    0.0024482600
  -0.0000190500    0.0000596100    0.0024296000
  -0.0000038000   -0.0000088300    0.0024569700
  -0.0000192800    0.0000380400    0.0024857600
   0.0000035400    0.0000120600    0.0024915300
  -0.0000105500    0.0000062000    0.0024859600
   0.0000155200   -0.0000195800    0.0024823500
   0.0000239200   -0.0000522800    0.0024645100
  -0.0000065900    0.0000022200    0.0025103500
  -0.0000821500   -0.0000286900    0.0024043800
  -0.0008606600   -0.0004108000   -0.0023724000
   0.0000784200    0.0000738400   -0.0028379700
  -0.0000994700    0.0000709700   -0.0029026300
   0.0015545100   -0.0009692400   -0.0008923300
   0.0000966900    0.0000285200   -0.0028298300
  -0.0000094000    0.0000031800   -0.0028723700
  -0.0001080700    0.0000178000   -0.0028893100
  -0.0000833900   -0.0000571000   -0.0030209900
   0.0000209600   -0.0001213000   -0.0028540100
  -0.0000466800   -0.0000749300   -0.0028842900
   0.0000020000    0.0000130900   -0.0028779300
   0.0000012800   -0.0000030000   -0.0028487000
  -0.0001084300    0.0013854300   -0.0016453100
  -0.0000784100   -0.0000306900   -0.0030665800
  -0.0000102400    0.0000091900   -0.0028847800
   0.0000177700    0.0000658200   -0.0029867100
   0.0408775100    0.0188176000    0.0459617800
   0.0005215400   -0.0002327300    0.0008574900
  -0.0002119600   -0.0003671000    0.0003056700
  -0.0001592100    0.0048534500    0.0186545400
  -0.0002046800    0.0002257700    0.0008735600
  -0.0001120400   -0.0000005400   -0.0002874600
  -0.0000498300    0.0007051500    0.0002824400
  -0.0019128300    0.0006348100    0.0012275200
  -0.0002795300    0.0002322100    0.0006028000
   0.0006069700   -0.0005631600    0.0005561300
  -0.0001376600   -0.0000553700   -0.0005839800
   0.0002097000   -0.0001447700   -0.0005308100
   0.0082666700   -0.0235005500    0.0321573500
   0.0008018600   -0.0015724100    0.0024529700
  -0.0000412500    0.0002000400   -0.0005519300
  -0.0002986900    0.0009278900   -0.0000009800
  -0.0541654300   -0.0001952500   -0.1135373800
   0.0023848500   -0.0002370200   -0.0033345700
   0.0000029000   -0.0000290700   -0.0018164400
   0.0036051300   -0.0004294100   -0.0041574600
  -0.0004408300    0.0011628800   -0.0037454100
  -0.0000272400   -0.0000348100   -0.0012784900
  -0.0000833600    0.0000647000   -0.0011506200
   0.0007711000   -0.0019160700   -0.0037563000
  -0.0000471600    0.0000313000   -0.0018358200
   0.0000298700   -0.0000314400   -0.0012113800
   0.0000045400    0.0000023800   -0.0017982400
   0.0000301600    0.0001098400   -0.0012135500
   0.0001904900    0.0024386500   -0.0041567700
   0.0001370700   -0.0010179100   -0.0033459300
   0.0000382900   -0.0000054800   -0.0012370300
  -0.0001489900   -0.0001038600   -0.0011938100
  -0.0010487500    0.0000018400    0.0238922400
   0.0021350200   -0.0018005900    0.0017233200
   0.0000861500    0.0002013500    0.0010294400
   0.0000762000    0.0001407700    0.0002636000
  -0.0006751800    0.0032033500    0.0019202500
   0.0000498800   -0.0000004300    0.0008080800
  -0.0000630600    0.0000620900    0.0007572500
  -0.0002513900   -0.0005670700    0.0000762800
   0.0000989900   -0.0000045400    0.0009177800
   0.0000465500   -0.0000629400    0.0007794500
  -0.0002494600   -0.0001917400    0.0011392300
   0.0000445900    0.0000531600    0.0007570400
  -0.0017048800   -0.0005453500    0.0011831900
   0.0007637700   -0.0004058500    0.0007994700
   0.0000418900    0.0000003800    0.0007680100
  -0.0000462000   -0.0000536600    0.0007477700

65   
 -0.0055961878037124   0.0000000000000000  -0.0082875015575010
  -0.0003052000   -0.0000008700    0.0018117200
  -0.0000557700   -0.0002221900    0.0007045700
  -0.0000159800    0.0000139400    0.0008951400
  -0.0000742100   -0.0001460800    0.0005764700
  -0.0002355100    0.0000797300    0.0007370500
  -0.0000823700   -0.0000342500    0.0009555600
   0.0001049100   -0.0000674900    0.0009389100
   0.0000693600    0.0001262100    0.0005416800
  -0.0000049000   -0.0000103600    0.0008912900
  -0.0000137800    0.0001067700    0.0009468500
  -0.0000271700   -0.0000048500    0.0008982900
   0.0000074200    0.0000849600    0.0009536900
  -0.0001835400    0.0000913500    0.0006759400
   0.0001454200    0.0000695900    0.0006076800
   0.0000570200   -0.0000338600    0.0009814000
  -0.0000897800   -0.0000589100    0.0009264800
  -0.0000410600   -0.0000148600    0.0025839600
   0.0000116000    0.0000056300    0.0025841600
  -0.0000156800   -0.0000032600    0.0026275200
   0.0000282100   -0.0000300400    0.0026504300
  -0.0000037200    0.0000183900    0.0025979700
  -0.0000157500    0.0000014700    0.0025884500
  -0.0000233600    0.0000094400    0.0026176800
   0.0000036000   -0.0000603300    0.0026349500
  -0.0000210700   -0.0000158000    0.0026131400
  -0.0000089500   -0.0000231400    0.0026021100
  -0.0000206300    0.0000001600    0.0025831000
  -0.0000005800   -0.0000108600    0.0025997200
  -0.0000092300    0.0000442200    0.0026106100
  -0.0000507600    0.0000286000    0.0026198800
  -0.0000192400    0.0000079800    0.0025873000
   0.0000479500    0.0000358300    0.0026477800
   0.0008126000    0.0004043200   -0.0035618100
  -0.0000770100   -0.0000825700   -0.0030982800
   0.0000656800   -0.0000726500   -0.0030568600
  -0.0015891200    0.0009796800   -0.0051146900
  -0.0001236500   -0.0000152700   -0.0031131200
  -0.0000010400    0.0000014500   -0.0030716900
   0.0000783000   -0.0000253500   -0.0030457300
   0.0000688600    0.0000591500   -0.0029101200
  -0.0000455100    0.0000968100   -0.0030857400
   0.0000180900    0.0000900500   -0.0030721100
  -0.0000192600   -0.0000007600   -0.0030674800
  -0.0000133600   -0.0000017500   -0.0031063000
   0.0001205800   -0.0013811400   -0.0043283300
   0.0000534700    0.0000055600   -0.0028868200
  -0.0000161100   -0.0000004900   -0.0030830900
  -0.0000551400   -0.0000616100   -0.0029314800
  -0.0390607700   -0.0177956200   -0.0451759900
  -0.0004882800    0.0002308300   -0.0016849200
   0.0001730800    0.0003653700   -0.0011469000
   0.0001845700   -0.0048857200   -0.0197000200
   0.0001977500   -0.0001914400   -0.0016989700
   0.0000893600   -0.0000017200   -0.0005509600
   0.0000159700   -0.0006873300   -0.0011284300
   0.0018707400   -0.0006460300   -0.0020651800
   0.0002416900   -0.0002473000   -0.0014293400
  -0.0006053600    0.0005261700   -0.0013959100
   0.0001129800    0.0000506100   -0.0002568500
  -0.0002299300    0.0001461800   -0.0003159700
  -0.0082577500    0.0228407000   -0.0325784000
  -0.0008496500    0.0015658800   -0.0032568000
   0.0000239800   -0.0001984100   -0.0002860300
   0.0002677000   -0.0009301300   -0.0008642100
   0.0543699600   -0.0001490300    0.1155287000
  -0.0023734200    0.0002494400    0.0007867700
  -0.0000242700    0.0000257700   -0.0007008000
  -0.0036621100    0.0004279400    0.0016597400
   0.0004062200   -0.0011610000    0.0011972200
   0.0000073800    0.0000322400   -0.0012307300
   0.0000635700   -0.0000628700   -0.0013599600
  -0.0008055500    0.0019101900    0.0012438000
   0.0000214300   -0.0000275800   -0.0006864300
  -0.0000468200    0.0000306900   -0.0012953800
  -0.0000273100   -0.0000024700   -0.0007179400
  -0.0000467500   -0.0001110400   -0.0012965600
  -0.0002168500   -0.0024288500    0.0016332100
  -0.0001861700    0.0010055800    0.0008067100
  -0.0000596800    0.0000085200   -0.0012787600
   0.0001308300    0.0001036600   -0.0013125900
   0.0009851000   -0.0000010300   -0.0213980100
  -0.0021397800    0.0018099000    0.0004517700
  -0.0001068500   -0.0002038400    0.0011307800
  -0.0000712500   -0.0001307600    0.0018857700
   0.0006446900   -0.0031538600    0.0002664600
  -0.0000666500   -0.0000026500    0.0013433300
   0.0000414200   -0.0000578300    0.0013993600
   0.0002356100    0.0005487000    0.0020739200
  -0.0001236900    0.0000084900    0.0012399300
  -0.0000603300    0.0000612300    0.0013715200
   0.0002254000    0.0001908000    0.0010220700
  -0.0000614500   -0.0000517500    0.0013961300
   0.0016761500    0.0005498000    0.0009769800
  -0.0008155600    0.0004051100    0.0013497700
  -0.0000611400    0.0000003400    0.0013841700
   0.0000271300    0.0000515700    0.0014061700

81   
  0.0055961878037124   0.0000000000000000   0.0082875015575010
   0.0000059200    0.0000006400    0.0006862400
  -0.0000384100   -0.0000123600    0.0009220000
  -0.0000057900   -0.0000138500    0.0008502100
   0.0000164400   -0.0000018000    0.0009143300
  -0.0000344700   -0.0000203200    0.0009328600
  -0.0000253800   -0.0000046200    0.0008656300
  -0.0000027100    0.0000030000    0.0008620100
   0.0000057200   -0.0000138900    0.0009030000
  -0.0000219900    0.0000082500    0.0008535800
  -0.0000044800    0.0000147400    0.0008648300
  -0.0000037100    0.0000047700    0.0008453900
  -0.0000146200   -0.0000066100    0.0008520800
   0.0000048900    0.0000264900    0.0009301500
  -0.0000132800    0.0000176200    0.0009077200
  -0.0000186700    0.0000000000    0.0008543400
  -0.0000075000    0.0000036300    0.0008504800
  -0.0000015100    0.0000158400    0.0026009200
  -0.0000019600    0.0000018800    0.0025756900
  -0.0000027900   -0.0000001400    0.0025901300
  -0.0000206000    0.0000002800    0.0026027800
  -0.0000120800    0.0000030000    0.0025911500
  -0.0000025800   -0.0000004400    0.0025882800
  -0.0000108100    0.0000009400    0.0025859100
  -0.0000044400    0.0000047800    0.0025885300
  -0.0000106600    0.0000008200    0.0025898400
  -0.0000056400   -0.0000044900    0.0025801700
  -0.0000059200    0.0000085500    0.0025795300
  -0.0000042600   -0.0000027300    0.0025791700
  -0.0000161900   -0.0000104300    0.0025985800
   0.0000058200   -0.0000100400    0.0025809800
  -0.0000140000   -0.0000038000    0.0025785900
  -0.0000123200    0.0000021900    0.0025897600
   0.0000042600    0.0000071700   -0.0031366000
   0.0000201100    0.0000155200   -0.0030122200
  -0.0000542200    0.0000212100   -0.0030347500
  -0.0000170800    0.0000100500   -0.0031176900
   0.0000060900    0.0000175000   -0.0030269200
   0.0000013400   -0.0000007000   -0.0030454700
  -0.0000595500    0.0000325600   -0.0030305700
  -0.0000132200    0.0000354400   -0.0030649100
  -0.0000182100   -0.0000369100   -0.0030297400
  -0.0000064900   -0.0000480300   -0.0030208000
  -0.0000241200    0.0000007500   -0.0030197800
   0.0000154000   -0.0000171600   -0.0030143500
   0.0000044300   -0.0000117300   -0.0031233500
   0.0000227200   -0.0000247400   -0.0030204800
  -0.0000188600    0.0000179300   -0.0030163800
  -0.0000490500   -0.0000138200   -0.0031036500
  -0.0003616400   -0.0050206100    0.0195407600
  -0.0001719000    0.0002862300    0.0004207900
   0.0005544800    0.0002387000    0.0009106000
   0.0398881000   -0.0182392500    0.0463266900
  -0.0001045100   -0.0007040500    0.0004344100
  -0.0001622600    0.0000003000   -0.0002446300
  -0.0001921000   -0.0001918700    0.0008933300
  -0.0017968200   -0.0004779800    0.0014118100
   0.0006321900    0.0006194900    0.0006774000
  -0.0001865200   -0.0002478900    0.0006474000
   0.0001737000    0.0001059000   -0.0005185800
  -0.0001375200    0.0000746300   -0.0004952400
   0.0083165300    0.0234225600    0.0330850400
  -0.0001147300   -0.0009750200    0.0002680700
  -0.0000087700   -0.0001799100   -0.0005055000
   0.0007141600    0.0014465300    0.0025568500
  -0.0010049000   -0.0000002300    0.0212179100
   0.0000081700   -0.0000195200   -0.0020395900
   0.0000860100   -0.0001901100   -0.0013123800
   0.0021585600    0.0019182700   -0.0006607100
  -0.0001828600    0.0004603900   -0.0021816500
  -0.0000195000   -0.0000314000   -0.0016087800
   0.0000099700    0.0000171400   -0.0015472500
  -0.0007387300   -0.0032445300   -0.0005246200
  -0.0002358100    0.0001864200   -0.0011958600
   0.0000371900    0.0000175800   -0.0015760300
   0.0000916300    0.0000040200   -0.0014279100
   0.0000396700   -0.0000443300   -0.0015540400
   0.0009063100    0.0003846900   -0.0014839300
  -0.0018138200    0.0005314700   -0.0012063800
  -0.0000477600    0.0000507500   -0.0015919600
   0.0000294000   -0.0000055400   -0.0015163700
  -0.0517887900   -0.0002238200   -0.1088623800
   0.0036743400    0.0003562100   -0.0023358000
  -0.0000064900   -0.0000127100    0.0004570900
   0.0019894200    0.0001844700   -0.0012036300
   0.0007903100    0.0020437700   -0.0018928800
  -0.0001477200   -0.0000886000    0.0011247100
  -0.0000300300    0.0000225400    0.0010127500
  -0.0004998900   -0.0008808300   -0.0016387300
  -0.0000179600    0.0000079300    0.0004502100
   0.0000073200    0.0000682600    0.0010680100
   0.0000029600    0.0000064800    0.0004657700
   0.0000075600   -0.0000939500    0.0010685100
  -0.0000265700    0.0007900300   -0.0013249200
   0.0003222800   -0.0024869400   -0.0022030600
  -0.0001718500    0.0001045600    0.0011066200
  -0.0000063800   -0.0000071700    0.0010309000

81   
 -0.0055961878037124   0.0000000000000000  -0.0082875015575010
   0.0000273300    0.0000004200    0.0010176600
   0.0000580700   -0.0000206700    0.0007891400
   0.0000242800   -0.0000032200    0.0008608100
   0.0000114800    0.0000124300    0.0007946700
   0.0000515700    0.0000294900    0.0007763600
   0.0000474800    0.0000184700    0.0008430700
   0.0000272900   -0.0000025900    0.0008466200
   0.0000291000    0.0000113400    0.0008030400
   0.0000383000   -0.0000199100    0.0008529700
   0.0000330300   -0.0000100100    0.0008441600
   0.0000361600    0.0000213900    0.0008614000
   0.0000361300    0.0000215600    0.0008552800
   0.0000356200   -0.0000287600    0.0007810700
   0.0000661900   -0.0000170900    0.0008029000
   0.0000343100   -0.0000061700    0.0008530300
   0.0000003700   -0.0000122000    0.0008571300
   0.0000063400   -0.0000193800    0.0025246100
   0.0000388900   -0.0000055300    0.0025364300
   0.0000216000    0.0000047900    0.0025377300
   0.0000597900   -0.0000017200    0.0025312000
   0.0000338700    0.0000095700    0.0025324600
   0.0000354500   -0.0000012800    0.0025320400
   0.0000332400   -0.0000136400    0.0025384200
   0.0000270100   -0.0000016200    0.0025434700
   0.0000276700   -0.0000147100    0.0025279800
   0.0000273600    0.0000243900    0.0025498700
   0.0000408500    0.0000132600    0.0025648900
   0.0000303700   -0.0000125000    0.0025499800
   0.0000616300    0.0000220400    0.0025420700
   0.0000230400   -0.0000156500    0.0025712500
   0.0000154500    0.0000034100    0.0025612000
   0.0000359600    0.0000052800    0.0025084200
  -0.0000003800   -0.0000110900   -0.0027509900
   0.0000166500   -0.0000182300   -0.0028640200
   0.0000735500   -0.0000167600   -0.0028566000
   0.0000554500   -0.0000111200   -0.0027799000
   0.0000162300   -0.0000049100   -0.0028602800
   0.0000308100   -0.0000008500   -0.0028375600
   0.0000828500   -0.0000448400   -0.0028565900
   0.0000345100   -0.0000322600   -0.0028297200
   0.0000353800    0.0000221300   -0.0028514500
   0.0000284600    0.0000679100   -0.0028726800
   0.0000586000    0.0000209200   -0.0028881600
   0.0000104200    0.0000016000   -0.0028783400
   0.0000411800    0.0000231800   -0.0027789900
   0.0000062700   -0.0000022400   -0.0028960700
   0.0000201300   -0.0000194500   -0.0028873300
   0.0000717400    0.0000216900   -0.0027572800
   0.0003321800    0.0049815900   -0.0201216100
   0.0002162000   -0.0002864100   -0.0012060200
  -0.0005846200   -0.0002425800   -0.0017026500
  -0.0416926200    0.0192627300   -0.0486943200
   0.0001410500    0.0007221400   -0.0012182300
   0.0001882500   -0.0000002400   -0.0005468400
   0.0002025100    0.0002284300   -0.0016919600
   0.0018406400    0.0004667500   -0.0021967300
  -0.0006290700   -0.0006547300   -0.0014676500
   0.0002269700    0.0002316700   -0.0014473000
  -0.0001541400   -0.0001067000   -0.0002627100
   0.0001679000   -0.0000769600   -0.0002880000
  -0.0083121200   -0.0240712900   -0.0342504700
   0.0001440700    0.0009737700   -0.0010248300
   0.0000327300    0.0001842700   -0.0002728900
  -0.0006659400   -0.0014518100   -0.0033647600
   0.0010714600   -0.0000035600   -0.0240057000
  -0.0000074000    0.0000408800   -0.0004116000
  -0.0000636100    0.0001863900   -0.0011413600
  -0.0021423000   -0.0018998900   -0.0018173000
   0.0002133000   -0.0004786200   -0.0002709500
   0.0000397300    0.0000371200   -0.0008411900
   0.0000157600   -0.0000175000   -0.0009026100
   0.0007637600    0.0032866500   -0.0019611000
   0.0002614200   -0.0001932600   -0.0012603200
  -0.0000176200   -0.0000178000   -0.0008739900
  -0.0000641500   -0.0000026000   -0.0010235700
  -0.0000171700    0.0000487000   -0.0009005700
  -0.0008385200   -0.0003816400   -0.0009650200
   0.0018324900   -0.0005296900   -0.0012486400
   0.0000770800   -0.0000532200   -0.0008634300
  -0.0000118200    0.0000051800   -0.0009345100
   0.0512375200   -0.0001838300    0.1145011800
  -0.0036112600   -0.0003577600    0.0045331300
   0.0000290800    0.0000070900    0.0017544000
  -0.0020007900   -0.0001714200    0.0034396300
  -0.0007460800   -0.0020427100    0.0041037000
   0.0001651000    0.0000905900    0.0010805000
   0.0000606200   -0.0000251100    0.0011962200
   0.0005299400    0.0008883300    0.0038737900
   0.0000425200   -0.0000123100    0.0017598800
   0.0000143300   -0.0000643200    0.0011414900
   0.0000261700   -0.0000028900    0.0017510900
   0.0000149000    0.0000985500    0.0011427700
   0.0000832300   -0.0008007800    0.0035575600
  -0.0002969300    0.0024969500    0.0044183800
   0.0002004200   -0.0001049600    0.0010997900
   0.0000277500    0.0000099900    0.0011799600
