96   
12   

1    
  0.0055327584188552   0.0000000000000000   0.0083299810491133
  -0.1091748433   -0.0002167218   -0.1812295010
   0.0030379998    0.0041778700   -0.0063715202
  -0.0002207806   -0.0000066900    0.0022580763
   0.0026971661   -0.0047564900   -0.0064492595
   0.0016675213   -0.0036326773   -0.0066191000
   0.0000262506   -0.0001850812    0.0018672770
   0.0002086339    0.0000632856    0.0019352783
   0.0020663292    0.0041398023   -0.0062013197
  -0.0001358005   -0.0000397186    0.0022515264
   0.0003275267    0.0000971787    0.0019016778
  -0.0001375905    0.0000400786    0.0022676164
   0.0002983167    0.0000634413    0.0019002478
   0.0015173192    0.0051012177   -0.0066575997
   0.0022006413   -0.0049761527   -0.0061631300
   0.0001800306    0.0000895512    0.0019713570
   0.0000713839   -0.0001236556    0.0018298583
   0.0001907474    0.0001236368    0.0005189288
   0.0001096607    0.0001311835    0.0005913086
  -0.0000394590    0.0000927085    0.0007025928
  -0.0001221503    0.0000589998    0.0001484287
   0.0001457664    0.0000071558    0.0006019066
   0.0000063204   -0.0000063693    0.0007122888
  -0.0001183728    0.0000066972    0.0006873697
  -0.0000019932   -0.0000508109    0.0001476384
   0.0000675487   -0.0000936291    0.0006601624
  -0.0000471743   -0.0001429527    0.0006330213
   0.0000494954    0.0000428601    0.0004725126
  -0.0000297967   -0.0000009365    0.0005967617
  -0.0000169966   -0.0001785454    0.0003296246
  -0.0000338477    0.0000166794    0.0000977484
  -0.0000228376   -0.0000422555    0.0005299737
   0.0000525049    0.0000395683    0.0001929788
  -0.0008472666   -0.0055959045    0.0182699226
  -0.0000980420   -0.0006114314   -0.0017597152
   0.0008443396    0.0001793939   -0.0012681068
   0.0398265177   -0.0179057616    0.0434501276
  -0.0004632638    0.0000270728   -0.0015555643
  -0.0000657061   -0.0000036720   -0.0025108126
   0.0003781559   -0.0006339976   -0.0014755335
  -0.0017826094   -0.0019573107   -0.0009348712
   0.0002693738    0.0005093844   -0.0013094424
   0.0001697205    0.0005247088   -0.0017214700
  -0.0000510665   -0.0000243472   -0.0026445470
   0.0000504522   -0.0000310979   -0.0028959812
   0.0088387895    0.0235907121    0.0309629727
  -0.0016230887   -0.0000994257   -0.0008926831
  -0.0000098400    0.0000595258   -0.0027665560
   0.0017647193    0.0020482530   -0.0009660387
   0.0396769795    0.0177240553    0.0434757201
   0.0007859239   -0.0000011475   -0.0013907263
  -0.0002638736    0.0006677316   -0.0018675433
   0.0001183574    0.0050962416    0.0175793261
   0.0005461015    0.0005979019   -0.0015318022
  -0.0000318895   -0.0000040820   -0.0026459667
  -0.0005617769   -0.0000280522   -0.0017253812
  -0.0018157554    0.0019803946   -0.0011272039
   0.0001702416   -0.0007154847   -0.0017718582
   0.0001153388   -0.0005266778   -0.0014862103
  -0.0000539572   -0.0000114084   -0.0030050066
   0.0000566922   -0.0000482460   -0.0026983443
   0.0089705890   -0.0227226908    0.0304184055
   0.0017638154   -0.0020723093   -0.0012568914
  -0.0000348199    0.0000647650   -0.0028534636
  -0.0016702051    0.0000833734   -0.0010071670
   0.0004578205    0.0002821096   -0.0007025774
   0.0001025575    0.0001111380   -0.0017440177
  -0.0004119218    0.0002086004   -0.0011446269
   0.0000045448   -0.0003699769   -0.0019890899
   0.0001453549   -0.0000236220   -0.0017912752
  -0.0000573670   -0.0000875362   -0.0017152129
  -0.0001168022   -0.0000178457   -0.0016567204
   0.0000847102    0.0000086162   -0.0016002603
  -0.0000375150   -0.0004990408   -0.0009240808
  -0.0000569783   -0.0001011873   -0.0016389262
   0.0000183131   -0.0000092033   -0.0016455371
   0.0000581703   -0.0000667065   -0.0016079783
  -0.0003548541    0.0002070969   -0.0020304917
   0.0000553495    0.0000849494   -0.0016212562
  -0.0000178081    0.0001134284   -0.0016403584
   0.0002818185    0.0001597847   -0.0019448106
   0.0000063594    0.0000041545    0.0051444945
   0.0000096680    0.0000000851    0.0051217814
  -0.0000152069   -0.0000031743    0.0051477492
   0.0000009882    0.0000118573    0.0051497455
   0.0000048010    0.0000039262    0.0051270558
  -0.0000042634   -0.0000038708    0.0051364862
   0.0000445620   -0.0000088475    0.0051422396
  -0.0000297395    0.0000024505    0.0051357788
  -0.0000079552   -0.0000093498    0.0051464412
   0.0000211826    0.0000377351    0.0051232578
   0.0000027641   -0.0000094002    0.0051004782
  -0.0000042419    0.0000306345    0.0051448110
   0.0000139715   -0.0000078364    0.0051377051
  -0.0000213418   -0.0000282472    0.0051292278
   0.0000409249   -0.0000140158    0.0051510119
  -0.0000102731   -0.0000064410    0.0051566667

1    
 -0.0055327584188552   0.0000000000000000  -0.0083299810491133
   0.1097547520   -0.0002060532    0.1855525234
  -0.0027236360   -0.0041493300    0.0091162595
   0.0002210906    0.0000388700    0.0003850937
  -0.0030379099    0.0047624300    0.0090117002
  -0.0015714692    0.0038072624    0.0092042297
  -0.0000154439    0.0001624656    0.0007823517
  -0.0002274006   -0.0000687912    0.0007059830
  -0.0021859313   -0.0039252873    0.0089234100
   0.0001787205    0.0000307886    0.0004049536
  -0.0003192767   -0.0001244913    0.0007425022
   0.0000969705   -0.0000731586    0.0003660736
  -0.0003258067   -0.0000622887    0.0007419722
  -0.0016894913   -0.0052514527    0.0091540600
  -0.0020627292    0.0048128476    0.0089717897
  -0.0001741639   -0.0000637956    0.0006841217
  -0.0000679706    0.0001608212    0.0008016630
  -0.0001858545   -0.0001079077    0.0003139092
  -0.0001060814   -0.0001343543    0.0002251582
   0.0000360902   -0.0000964380    0.0001164951
   0.0000970479   -0.0000543891    0.0006719841
  -0.0001626704    0.0000024424    0.0002065973
  -0.0000151877   -0.0000076880    0.0001075817
   0.0001126267   -0.0000199455    0.0001339110
   0.0000082681    0.0000527922    0.0006674650
  -0.0000879959    0.0000954614    0.0001537845
   0.0000439063    0.0001469072    0.0001889813
  -0.0000421908   -0.0000425857    0.0003513344
   0.0000249374    0.0000003717    0.0002223806
   0.0000043923    0.0001669281    0.0004900126
   0.0000323490   -0.0000106710    0.0007113859
   0.0000304696    0.0000446121    0.0002865440
  -0.0000677647   -0.0000356444    0.0006262442
   0.0008284248    0.0055856827   -0.0235997273
   0.0000851221    0.0005956478   -0.0035351857
  -0.0008685355   -0.0001704497   -0.0040111463
  -0.0414517917    0.0188090180   -0.0501498311
   0.0004322095   -0.0000372529   -0.0037286100
   0.0000721809   -0.0000050320   -0.0027842348
  -0.0004116025    0.0006287381   -0.0038364481
   0.0017485332    0.0019459355   -0.0043668392
  -0.0002813836   -0.0005120503   -0.0039702877
  -0.0001884797   -0.0005127018   -0.0035939153
   0.0000442296    0.0000219920   -0.0026620480
  -0.0000607820    0.0000372647   -0.0024091757
  -0.0088428810   -0.0242962741   -0.0367613008
   0.0015686177    0.0000898664   -0.0044085227
   0.0000040351   -0.0000520556   -0.0025257090
  -0.0017993837   -0.0020431633   -0.0043123651
  -0.0380792558   -0.0168166990   -0.0473412773
  -0.0007712383   -0.0000025484   -0.0039226310
   0.0002739835   -0.0006765351   -0.0034487856
  -0.0001043856   -0.0051309236   -0.0228248717
  -0.0005486251   -0.0006036316   -0.0037573163
   0.0000354946   -0.0000050320   -0.0026585560
   0.0005603013    0.0000183020   -0.0035973643
   0.0018589617   -0.0019969494   -0.0041710952
  -0.0001701123    0.0007233419   -0.0035164663
  -0.0001198491    0.0005319622   -0.0038365296
   0.0000508271    0.0000082647   -0.0022924958
  -0.0000608253    0.0000561308   -0.0025950707
  -0.0089569974    0.0220319186   -0.0351849871
  -0.0017572406    0.0020762589   -0.0040466839
   0.0000351448   -0.0000565548   -0.0024518514
   0.0017015560   -0.0000871127   -0.0043029972
  -0.0004725859   -0.0002923183   -0.0025397831
  -0.0000917581   -0.0001367355   -0.0014756360
   0.0003929077   -0.0002197527   -0.0020688231
  -0.0000121940    0.0003768202   -0.0012404529
  -0.0001613370    0.0000400175   -0.0014431050
   0.0000638718    0.0000978177   -0.0015232296
   0.0001136845    0.0000170004   -0.0015696939
  -0.0000933464   -0.0000027575   -0.0016221286
   0.0000296229    0.0004980498   -0.0023067216
   0.0000476500    0.0001067088   -0.0015756622
  -0.0000219756   -0.0000063833   -0.0015925888
  -0.0000599181    0.0000618189   -0.0016055843
   0.0003613766   -0.0002123017   -0.0012033574
  -0.0000766585   -0.0000802115   -0.0016111186
   0.0000242214   -0.0000879942   -0.0015815560
  -0.0002987988   -0.0001628042   -0.0012879389
  -0.0000061611   -0.0000056275    0.0051100947
  -0.0000007153   -0.0000251641    0.0051206615
  -0.0000091998   -0.0000048027    0.0050863316
  -0.0000086538   -0.0000047085    0.0051096215
  -0.0000224999    0.0000123450    0.0051322471
   0.0000107335    0.0000140695    0.0051265452
  -0.0000490635    0.0000075296    0.0051100534
   0.0000230100    0.0000003347    0.0051112875
  -0.0000008372   -0.0000035598    0.0050997770
  -0.0000317296   -0.0000327004    0.0051172309
  -0.0000058428   -0.0000061802    0.0051639837
   0.0000044301   -0.0000378754    0.0050947803
  -0.0000050778    0.0000017406    0.0051197033
  -0.0000025112    0.0000351055    0.0051267534
  -0.0000353953    0.0000404555    0.0050938488
  -0.0000041471    0.0000059678    0.0051063104

17   
  0.0055327584188552   0.0000000000000000   0.0083299810491133
   0.0002889645    0.0001909077    0.0013609608
  -0.0002422479    0.0001326091    0.0011634559
   0.0001049598    0.0000075980    0.0015281149
  -0.0000729286   -0.0000306357    0.0016252218
  -0.0000269023   -0.0003233681    0.0012577874
   0.0000743847    0.0000426644    0.0011111958
  -0.0000494796    0.0001051679    0.0014645960
  -0.0000779190    0.0000208210    0.0010505441
   0.0000336559    0.0000776086    0.0016188055
   0.0000904026   -0.0000833617    0.0014403094
  -0.0001080392   -0.0000376143    0.0014916856
  -0.0000320263    0.0000967228    0.0015344687
  -0.0000631196   -0.0000210524    0.0016698027
  -0.0000198081   -0.0000653822    0.0010801450
   0.0000618733   -0.0000763645    0.0014858990
  -0.0000048823    0.0000216080    0.0016449683
  -0.0903930899   -0.0005644567   -0.1825669948
   0.0011263998    0.0060349000    0.0009762998
   0.0027851594   -0.0000299000    0.0008186463
   0.0013229860   -0.0058935000    0.0006737605
   0.0009557913   -0.0060219373    0.0009102100
   0.0003408606   -0.0002493412   -0.0000491030
   0.0002409339    0.0002884656    0.0000104583
   0.0010791492    0.0056818024    0.0007413104
   0.0008026895    0.0011359114    0.0008016164
   0.0007583467   -0.0000567513   -0.0000226522
   0.0008749095   -0.0011012514    0.0008322964
   0.0007425867    0.0000532013   -0.0000199122
   0.0011553792    0.0062429076    0.0007583304
   0.0008971313   -0.0059392427    0.0008917200
   0.0003319906    0.0002423712   -0.0000497030
   0.0002360639   -0.0002846856    0.0000151083
  -0.0000020419    0.0000034300   -0.0026803979
  -0.0000139206    0.0000074300   -0.0025368008
  -0.0000045745   -0.0000231100   -0.0026189134
   0.0000052948    0.0000166900   -0.0025222053
  -0.0000160940   -0.0000173449   -0.0025438714
  -0.0000082302   -0.0000106366   -0.0025995804
  -0.0000139040    0.0000047008   -0.0025941084
  -0.0000184911   -0.0000155066   -0.0025368137
  -0.0000464582    0.0000291103   -0.0026408430
   0.0000027381    0.0000068661   -0.0026052291
   0.0000002618    0.0000090297   -0.0026332030
  -0.0000155919   -0.0000102161   -0.0026424791
   0.0000107789    0.0000210166   -0.0025313637
  -0.0000221040    0.0000015049   -0.0025398114
  -0.0000294002    0.0000166766   -0.0026359504
  -0.0000040840    0.0000164392   -0.0026215684
   0.0002500178    0.0000032200   -0.0038257466
  -0.0001846275    0.0001806800   -0.0023757311
  -0.0000121064   -0.0000182800   -0.0027606637
   0.0002635430    0.0003990300   -0.0023762470
   0.0000797409   -0.0003044513   -0.0025712822
  -0.0000459879   -0.0000149023   -0.0028733209
   0.0000772257   -0.0000649137   -0.0027206116
  -0.0001916252   -0.0003785981   -0.0021621852
  -0.0000129019    0.0000062786   -0.0027288297
  -0.0000271330    0.0000804520   -0.0027899520
   0.0000240281    0.0000275714   -0.0027631497
  -0.0000258130    0.0000218780   -0.0028267920
   0.0004183948    0.0000680381   -0.0025757452
  -0.0003096691    0.0000485513   -0.0021652022
  -0.0000324479    0.0000124523   -0.0027719609
  -0.0000602143   -0.0000104463   -0.0029059016
  -0.0042594714   -0.0044619501    0.0107117804
  -0.0007382309   -0.0006412700   -0.0009379488
   0.0007652952    0.0008312104   -0.0021869505
   0.0388953859   -0.0204326295    0.0416838856
  -0.0001636672   -0.0002035494   -0.0013359599
  -0.0000962712    0.0000045938   -0.0011417526
   0.0004283208   -0.0011954188   -0.0018004196
  -0.0017327183   -0.0004145343   -0.0006122762
   0.0007464588   -0.0001107914   -0.0019575851
  -0.0001834427    0.0013314588   -0.0011673732
  -0.0002062626    0.0000427994   -0.0015922965
   0.0000066088   -0.0001624076   -0.0013312911
   0.0034903985    0.0249883512    0.0262945895
  -0.0000493203   -0.0009688640   -0.0015175498
  -0.0002765385    0.0001348401   -0.0014619427
   0.0006769111    0.0013990503    0.0002712090
   0.0407566604    0.0214858005    0.0511726644
   0.0009426866   -0.0009248722    0.0045282678
  -0.0008281299    0.0005796814    0.0057695766
  -0.0043407305    0.0045757878    0.0181241964
   0.0004508987    0.0013389782    0.0049355599
  -0.0001391988    0.0000049939    0.0055715666
  -0.0001304109    0.0003659287    0.0053743353
  -0.0017708119    0.0002378440    0.0064250737
  -0.0002464986   -0.0013847570    0.0055527088
   0.0009251759    0.0000366199    0.0047442355
  -0.0000213322    0.0001474859    0.0054191441
  -0.0002069866   -0.0000372698    0.0051774661
   0.0035667390   -0.0259580066    0.0345419640
   0.0005828729   -0.0013561295    0.0071960354
  -0.0002733832   -0.0000956444    0.0052974640
   0.0001802044    0.0011336080    0.0056787214

17   
 -0.0055327584188552   0.0000000000000000  -0.0083299810491133
  -0.0003186074   -0.0001903468    0.0013049712
   0.0002498303   -0.0001287498    0.0015095113
  -0.0001088710    0.0000101115    0.0011367172
   0.0000452393    0.0000395465    0.0010398014
   0.0000205766    0.0003167054    0.0014050254
  -0.0000694049   -0.0000560083    0.0015626112
   0.0000265676   -0.0001161945    0.0012052263
   0.0000510677   -0.0000342094    0.0016234216
  -0.0000311987   -0.0000679509    0.0010470376
  -0.0000986733    0.0000712465    0.0012300583
   0.0000829346    0.0000317599    0.0011845074
   0.0000130943   -0.0000859973    0.0011312387
   0.0000383636    0.0000438642    0.0009985434
   0.0000115532    0.0000890009    0.0015916216
  -0.0000716272    0.0001082228    0.0011786403
  -0.0000060004    0.0000176193    0.0010274112
   0.0915826899   -0.0004961480    0.1825619582
  -0.0009425760   -0.0059987500   -0.0000903205
  -0.0028004494    0.0000180600    0.0000305637
  -0.0015351498    0.0059311900    0.0001346602
  -0.0009803192    0.0060739424   -0.0000867104
  -0.0003702439    0.0002237756    0.0009004517
  -0.0002369006   -0.0003158212    0.0008350330
  -0.0010731713   -0.0056245173    0.0001296300
  -0.0008433195   -0.0011291714    0.0000425136
  -0.0007713467    0.0000761187    0.0008660322
  -0.0008589895    0.0011122014    0.0000168636
  -0.0007542367   -0.0000589787    0.0008665422
  -0.0011920213   -0.0062362527    0.0000254400
  -0.0008811692    0.0059517176    0.0000141796
  -0.0003423839   -0.0002314056    0.0009103117
  -0.0002461906    0.0002964912    0.0008260030
  -0.0000066823    0.0000028000   -0.0025951222
   0.0000121848   -0.0000041800   -0.0027230722
  -0.0000098679    0.0000278800   -0.0026277190
  -0.0000330323   -0.0000073500   -0.0027453046
   0.0000046382    0.0000222285   -0.0027394148
   0.0000011902    0.0000105468   -0.0026627599
  -0.0000037389   -0.0000174888   -0.0026774161
   0.0000018498    0.0000188937   -0.0027453010
   0.0000349280   -0.0000230115   -0.0026392386
  -0.0000249379    0.0000088423   -0.0026762927
  -0.0000062220    0.0000068815   -0.0026507586
   0.0000019621    0.0000115877   -0.0026464527
  -0.0000182802   -0.0000210537   -0.0027464410
   0.0000059582    0.0000014615   -0.0027306048
   0.0000103002    0.0000030332   -0.0026291699
  -0.0000062289    0.0000042588   -0.0026424461
  -0.0002703875    0.0000024500   -0.0014487805
   0.0001801092   -0.0001768400   -0.0029175320
  -0.0000027910    0.0000221500   -0.0025400575
  -0.0002815119   -0.0003865500   -0.0029034752
  -0.0000887219    0.0003027659   -0.0027017396
   0.0000379322    0.0000144701   -0.0024178128
  -0.0000953842    0.0000533512   -0.0025615798
   0.0001760864    0.0003741556   -0.0031047462
   0.0000016583    0.0000013577   -0.0025442935
   0.0000052367   -0.0000663052   -0.0024849720
  -0.0000316117   -0.0000112377   -0.0025089335
   0.0000130767   -0.0000182648   -0.0024383020
  -0.0004187636   -0.0000628956   -0.0026987862
   0.0002924181   -0.0000409259   -0.0031149096
   0.0000137422    0.0000073899   -0.0025130928
   0.0000510058    0.0000304788   -0.0023830698
   0.0042866069    0.0044665633   -0.0140416591
   0.0007051530    0.0006339344   -0.0022740240
  -0.0007727763   -0.0008128626   -0.0010311637
  -0.0404305723    0.0213764524   -0.0466915428
   0.0001375964    0.0001932185   -0.0018824342
   0.0000860703    0.0000050739   -0.0020734081
  -0.0004406518    0.0011713282   -0.0014321145
   0.0017161927    0.0004341844   -0.0025964318
  -0.0007347598    0.0001218269   -0.0012499986
   0.0001432190   -0.0013012363   -0.0020514591
   0.0002057481   -0.0000261519   -0.0016174385
  -0.0000330368    0.0001675683   -0.0018721669
  -0.0034333950   -0.0257402440   -0.0302615395
   0.0000175713    0.0009882109   -0.0017122778
   0.0002535084   -0.0001275447   -0.0017432566
  -0.0007301325   -0.0014119028   -0.0035008250
  -0.0392093342   -0.0205279977   -0.0390722975
  -0.0009708758    0.0009330099    0.0057781763
   0.0008324878   -0.0005798570    0.0045274663
   0.0042814251   -0.0045587245   -0.0076824378
  -0.0004765979   -0.0013644090    0.0053872641
   0.0001335996    0.0000054438    0.0047305341
   0.0001250617   -0.0003783896    0.0049285288
   0.0017726076   -0.0002214337    0.0038677346
   0.0002604224    0.0014183195    0.0047505535
  -0.0009625649   -0.0000228342    0.0055507681
   0.0000247803   -0.0001396351    0.0048701438
   0.0001827911    0.0000517073    0.0051187789
  -0.0036402426    0.0251812439   -0.0234757041
  -0.0005612211    0.0013550068    0.0031192213
   0.0002687033    0.0001011798    0.0049925553
  -0.0001725954   -0.0011230211    0.0046405862

33   
  0.0055327584188552   0.0000000000000000   0.0083299810491133
   0.0004559151   -0.0048390627    0.0213271974
   0.0402446018   -0.0180984080    0.0497433810
   0.0007682455    0.0000372797    0.0027706163
  -0.0000050421    0.0002259322    0.0021426357
   0.0088666510    0.0227873942    0.0353888308
  -0.0000033163    0.0010202333    0.0041737151
  -0.0000061551   -0.0002095844    0.0011990590
   0.0001416423   -0.0011036864    0.0019022127
   0.0005315036    0.0007636502    0.0024879877
  -0.0001806480    0.0001003853    0.0012340557
   0.0001824104    0.0001064880    0.0011666480
  -0.0000861303   -0.0002156382    0.0024273353
  -0.0001243694   -0.0005413170    0.0021724300
  -0.0017716732    0.0000907945    0.0030376392
   0.0000466725   -0.0002335081    0.0027401582
  -0.0000617309    0.0000110220    0.0014603948
   0.0000071023    0.0000087000    0.0003616622
   0.0000327423    0.0000188800    0.0005166146
   0.0000061679   -0.0000084500    0.0004094190
  -0.0000091348   -0.0000051800    0.0004953422
   0.0000161602    0.0000257237    0.0005181910
   0.0000009889    0.0000022312    0.0004130761
  -0.0000129002    0.0000081768    0.0004050499
   0.0000025118    0.0000150885    0.0004960848
  -0.0000256980    0.0000168015    0.0003937286
  -0.0000008021   -0.0000062777    0.0004088327
   0.0000008920   -0.0000039915    0.0004239886
   0.0000187479    0.0000093977    0.0004393627
  -0.0000118182   -0.0000051185    0.0005085948
   0.0000051202   -0.0000158837    0.0005053310
   0.0000128789    0.0000123388    0.0004419461
  -0.0000096302   -0.0000069168    0.0004378199
  -0.0527294289   -0.0001769448   -0.1109711231
   0.0022151036    0.0002612400   -0.0056512167
  -0.0000994797   -0.0000155800   -0.0032808657
   0.0032358573    0.0004564600   -0.0063400215
   0.0000596174    0.0010166514   -0.0056275209
  -0.0000109917    0.0000026552   -0.0027504913
  -0.0001757650    0.0001012996   -0.0026363241
  -0.0000152332   -0.0022914024   -0.0063815183
  -0.0000224638   -0.0000406685   -0.0032955356
  -0.0000076002   -0.0000924688   -0.0026932076
   0.0000049362    0.0000620885   -0.0032784756
  -0.0000061002    0.0001027788   -0.0026957076
   0.0006024068    0.0017479324   -0.0059686083
  -0.0005517126   -0.0011820714   -0.0060353309
  -0.0000102817    0.0000096648   -0.0027478313
  -0.0001770650   -0.0000927896   -0.0026345141
  -0.0014247988    0.0000079800    0.0163012962
   0.0023237175    0.0017174500   -0.0018149081
   0.0000752015   -0.0002092500   -0.0027509183
  -0.0003240297    0.0001039100   -0.0034279817
   0.0009461315    0.0007573970   -0.0026957560
   0.0000304010    0.0000157802   -0.0029215669
  -0.0000231569    0.0000244115   -0.0029713924
  -0.0019448143    0.0006202482   -0.0025507129
  -0.0002305432    0.0001808951   -0.0026309243
   0.0000112925   -0.0000274533   -0.0029461085
   0.0001315368    0.0000347649   -0.0028640843
   0.0000513225    0.0000144933   -0.0029533685
  -0.0003734543    0.0000611618   -0.0034964629
  -0.0006438185   -0.0032722070   -0.0017371260
   0.0000032810    0.0000357298   -0.0029241769
  -0.0000112469   -0.0000298015   -0.0029881224
   0.0000235835    0.0000267053   -0.0016829088
  -0.0000404443   -0.0000183653   -0.0017018225
   0.0000370464   -0.0000180625   -0.0016818312
  -0.0000016244    0.0000104967   -0.0016990611
  -0.0000417722   -0.0000452693   -0.0017006043
  -0.0000084434    0.0000029006   -0.0016601945
   0.0000483493   -0.0000147825   -0.0016815339
  -0.0000021674   -0.0000090482   -0.0016579469
   0.0000211152    0.0000614793   -0.0016945848
   0.0000075027    0.0000590033   -0.0016915357
   0.0000152486    0.0000118666   -0.0016952560
  -0.0000117424    0.0000122858   -0.0016883329
   0.0000000967   -0.0000181404   -0.0016846400
  -0.0000132755    0.0000017602   -0.0016666338
   0.0000024826   -0.0000039239   -0.0016834282
   0.0000077579    0.0000051846   -0.0016695596
  -0.0000031325    0.0000059015    0.0051824068
   0.0000023979    0.0000006053    0.0051667725
  -0.0000059573   -0.0000018147    0.0051690017
   0.0000061518    0.0000120466    0.0051769422
  -0.0000056797   -0.0000024236    0.0051694978
   0.0000010821    0.0000028300    0.0051759105
   0.0000115486   -0.0000004424    0.0051669663
   0.0000003290   -0.0000026522    0.0051591447
   0.0000005404    0.0000092772    0.0051747925
   0.0000003738    0.0000189884    0.0051660116
   0.0000010871    0.0000034148    0.0051888660
   0.0000033887    0.0000037300    0.0051722403
   0.0000097731    0.0000018820    0.0051733945
  -0.0000092293    0.0000009928    0.0051678969
   0.0000027207    0.0000125951    0.0051711232
   0.0000002054   -0.0000008106    0.0051701925

33   
 -0.0055327584188552   0.0000000000000000  -0.0083299810491133
  -0.0004280133    0.0048636246   -0.0188499926
  -0.0384953578    0.0171443517   -0.0455357775
  -0.0007167696   -0.0000293139   -0.0001159933
  -0.0000244080   -0.0002342187    0.0005067952
  -0.0088298195   -0.0221763622   -0.0323352827
  -0.0000265993   -0.0010350630   -0.0014962013
  -0.0000105200    0.0002044142    0.0014412960
  -0.0001725013    0.0010981357    0.0007170331
  -0.0004995938   -0.0007167044    0.0001597124
   0.0001725478   -0.0001114421    0.0014081712
  -0.0001954735   -0.0001162128    0.0014710670
   0.0000502295    0.0002490312    0.0002305800
   0.0000886737    0.0005396872    0.0004715243
   0.0017485794   -0.0000739893   -0.0003932788
  -0.0000243659    0.0002097176   -0.0000808665
   0.0000560661    0.0000115820    0.0011871726
  -0.0000108881    0.0000029800    0.0004462879
  -0.0000285648   -0.0000140200    0.0002900553
  -0.0000158255    0.0000040300    0.0003982734
  -0.0000071294    0.0000089000    0.0003125708
  -0.0000259589   -0.0000145566    0.0002878337
  -0.0000115060   -0.0000100092    0.0003882484
   0.0000065502   -0.0000113266    0.0004037104
  -0.0000012560   -0.0000067949    0.0003118814
   0.0000044182   -0.0000184403    0.0004118330
  -0.0000036981    0.0000091461    0.0003993091
   0.0000005282    0.0000040403    0.0003844630
  -0.0000201481   -0.0000087161    0.0003640491
   0.0000031540    0.0000060549    0.0003018514
  -0.0000064289    0.0000199666    0.0002997337
  -0.0000079360   -0.0000034108    0.0003653884
  -0.0000090798    0.0000111466    0.0003636104
   0.0516646316    0.0003232921    0.1067107661
  -0.0021662276   -0.0002682100    0.0002627717
   0.0000896997    0.0000148700   -0.0020760843
  -0.0032822033   -0.0004492500    0.0009961065
  -0.0000882270   -0.0010012027    0.0002297584
   0.0000045850    0.0000021596   -0.0026082859
   0.0001695717   -0.0001021048   -0.0027212287
  -0.0000051672    0.0022806012    0.0010001708
   0.0000183538    0.0000408785   -0.0020706344
  -0.0000026798    0.0000907412   -0.0026683824
  -0.0000149962   -0.0000629885   -0.0020959244
   0.0000005502   -0.0001000112   -0.0026705424
  -0.0006211272   -0.0017431812    0.0006036608
   0.0005325030    0.0011641727    0.0006378684
  -0.0000007250    0.0000032004   -0.0026061159
   0.0001749617    0.0000999048   -0.0027191787
   0.0013754539   -0.0000034900   -0.0213310799
  -0.0023080139   -0.0017324900   -0.0034793041
  -0.0000868184    0.0002044500   -0.0025643431
   0.0003380757   -0.0001215400   -0.0018979672
  -0.0009877492   -0.0007565831   -0.0026133355
  -0.0000343593   -0.0000089175   -0.0023964076
   0.0000141669   -0.0000232800   -0.0023383963
   0.0019343593   -0.0006274982   -0.0027559769
   0.0002230399   -0.0001784240   -0.0026725291
  -0.0000215897    0.0000241156   -0.0023623407
  -0.0001395201   -0.0000326160   -0.0024455391
  -0.0000539497   -0.0000082456   -0.0023568007
   0.0003648793   -0.0000340618   -0.0018202669
   0.0006275308    0.0032338231   -0.0035414855
  -0.0000111393   -0.0000219125   -0.0023957976
   0.0000057069    0.0000342000   -0.0023300063
  -0.0000313879   -0.0000150874   -0.0015563306
   0.0000512889    0.0000141334   -0.0015261391
  -0.0000640747    0.0000133827   -0.0015477416
  -0.0000007637    0.0000090967   -0.0015390493
   0.0000291863    0.0000465538   -0.0015296084
   0.0000001173    0.0000004006   -0.0015796730
  -0.0000417539    0.0000082136   -0.0015471767
  -0.0000104664    0.0000034464   -0.0015579241
  -0.0000275811   -0.0000592355   -0.0015408408
  -0.0000185310   -0.0000369850   -0.0015338666
  -0.0000180649   -0.0000138811   -0.0015518692
   0.0000061931   -0.0000035317   -0.0015391658
   0.0000075071    0.0000089023   -0.0015430149
  -0.0000123740   -0.0000084005   -0.0015670894
   0.0000034370    0.0000226413   -0.0015364663
  -0.0000220643   -0.0000127293   -0.0015704986
  -0.0000049965    0.0000055393    0.0050847161
   0.0000095630   -0.0000036850    0.0050821391
  -0.0000212234   -0.0000018851    0.0050855173
  -0.0000094531    0.0000095541    0.0050845671
  -0.0000058597    0.0000042044    0.0050853133
  -0.0000091420    0.0000004800    0.0050885396
  -0.0000054891   -0.0000058970    0.0050878431
  -0.0000136791   -0.0000035163    0.0050814858
  -0.0000076506   -0.0000081779    0.0050876774
  -0.0000109736    0.0000011507    0.0050832990
  -0.0000052569   -0.0000061148    0.0050839444
  -0.0000084888    0.0000046301    0.0050791496
  -0.0000013533   -0.0000112835    0.0050790466
  -0.0000167095   -0.0000077337    0.0050903854
   0.0000025094    0.0000063646    0.0050708870
  -0.0000149165   -0.0000071701    0.0050937662

49   
  0.0055327584188552   0.0000000000000000   0.0083299810491133
   0.0375782859    0.0165499991    0.0462254672
   0.0005207956    0.0048998436    0.0213699118
  -0.0001011635   -0.0002043449    0.0020254256
   0.0005798183    0.0001154784    0.0027169110
   0.0089626974   -0.0215785387    0.0339356771
   0.0002392240    0.0011927327    0.0017367672
  -0.0000280348    0.0002644448    0.0011468814
  -0.0001620694   -0.0009545089    0.0039959039
  -0.0000706177    0.0001464281    0.0023852363
   0.0002272653   -0.0001418908    0.0011821007
  -0.0002186371   -0.0001062847    0.0011105558
   0.0003456491   -0.0006537722    0.0023523996
   0.0000994451    0.0001491916    0.0027329063
  -0.0018234917   -0.0002131006    0.0028696852
  -0.0001384813    0.0005361280    0.0020075043
  -0.0000201046    0.0000221820    0.0013499760
   0.0002743675    0.0000177900   -0.0007663495
   0.0000590619   -0.0003247600    0.0008453252
   0.0000022710    0.0000366500    0.0003142075
   0.0000568308   -0.0003679200    0.0005393220
  -0.0002446764    0.0002923956    0.0009365662
  -0.0001341458   -0.0000665488    0.0002114598
   0.0000675678   -0.0000380699    0.0002391328
   0.0003904919    0.0000883059    0.0004514796
   0.0000381217   -0.0000172277    0.0002982935
  -0.0000082967    0.0001256348    0.0002272920
   0.0000024117    0.0000048577    0.0003242335
  -0.0000082167    0.0001420452    0.0002639720
  -0.0003513781    0.0001423541    0.0007850796
   0.0002703336    0.0002475944    0.0006013962
   0.0001543742   -0.0000757712    0.0003091498
  -0.0000901622   -0.0000286301    0.0002225928
  -0.0013820339    0.0000075900    0.0160196799
  -0.0002211258   -0.0000285900   -0.0034872728
   0.0000802684    0.0002106000   -0.0027389469
   0.0021832939   -0.0016034000   -0.0017468259
  -0.0018074093   -0.0005657482   -0.0025350630
  -0.0000462269   -0.0000514300   -0.0029498037
   0.0000411793    0.0000145125   -0.0029368024
   0.0008197292   -0.0006760332   -0.0027099545
   0.0001241001   -0.0000177960   -0.0028656509
   0.0000537097    0.0000650356   -0.0029483393
  -0.0002190699   -0.0001613540   -0.0026264909
   0.0000152897   -0.0000354356   -0.0029406493
  -0.0005907108    0.0030997332   -0.0016677945
  -0.0003780993   -0.0001881418   -0.0035820030
  -0.0000345069    0.0000403200   -0.0029553737
   0.0000460393    0.0000343275   -0.0029142224
  -0.0529434413   -0.0008596295   -0.1125775960
   0.0037225635   -0.0003289000   -0.0059596966
  -0.0000274498    0.0000047200   -0.0030904757
   0.0026557875   -0.0003104900   -0.0052438516
   0.0000982373    0.0024004713   -0.0059550209
  -0.0001466217   -0.0000971748   -0.0025479513
   0.0000605250   -0.0000095904   -0.0025966041
   0.0001534570   -0.0011627926   -0.0052224384
  -0.0000136238   -0.0000002685   -0.0030863756
   0.0000315398    0.0001328912   -0.0025670276
  -0.0000019238    0.0000257585   -0.0030812756
   0.0000327898   -0.0000340712   -0.0025676376
  -0.0004151430    0.0014889226   -0.0056023684
   0.0006640673   -0.0020270013   -0.0055860009
  -0.0000826417    0.0000784948   -0.0025014313
  -0.0000021050   -0.0000034896   -0.0026467241
   0.0021787227    0.0013702099    0.0011431973
  -0.0000319247   -0.0000368659   -0.0015200129
   0.0000407837   -0.0000710804   -0.0014824933
  -0.0009538518    0.0004768318   -0.0011422974
  -0.0000884573   -0.0000022678   -0.0014828797
  -0.0000006048    0.0000102047   -0.0014690478
   0.0000716350    0.0000006461   -0.0015235973
  -0.0000019995    0.0001361284   -0.0015884582
  -0.0000450521    0.0001062624   -0.0014669294
   0.0000139177    0.0000670208   -0.0015430167
   0.0000239533    0.0000263547   -0.0015099403
  -0.0000018096    0.0000087117   -0.0014792954
  -0.0001598643   -0.0018024634   -0.0000010507
   0.0001467215   -0.0000815355   -0.0015591293
  -0.0000042782    0.0000064777   -0.0014868807
  -0.0000700806   -0.0000335424   -0.0016396007
  -0.0000512569   -0.0000191630    0.0050727570
   0.0000273525    0.0000020940    0.0050636147
  -0.0000479731    0.0000120778    0.0050791743
   0.0000533449   -0.0000057798    0.0050970760
   0.0000109068    0.0000277482    0.0050519071
   0.0000080283    0.0000101503    0.0051201153
  -0.0000083886    0.0000382905    0.0050974898
  -0.0000363199   -0.0000573766    0.0050105373
  -0.0000099276   -0.0000192339    0.0050620914
   0.0000186113    0.0000019247    0.0050904444
  -0.0000107754    0.0000061297    0.0051221062
   0.0000177927   -0.0000027118    0.0051220117
   0.0000135928    0.0000646023    0.0050793950
  -0.0000784433    0.0000286059    0.0050252042
  -0.0000041422    0.0000372712    0.0051124596
   0.0000397959    0.0000495594    0.0050165846

49   
 -0.0055327584188552   0.0000000000000000  -0.0083299810491133
  -0.0393507595   -0.0175277353   -0.0451692500
  -0.0005385474   -0.0048645117   -0.0185247662
   0.0001179836    0.0002145984    0.0006437833
  -0.0006403239   -0.0001187825   -0.0000635837
  -0.0089797990    0.0222156809   -0.0317016855
  -0.0002147149   -0.0011991834    0.0009511470
   0.0000273199   -0.0002652850    0.0015211036
   0.0001817846    0.0009535993   -0.0013679186
   0.0000984284   -0.0001171853    0.0002673682
  -0.0002251822    0.0001364660    0.0014858843
   0.0002185272    0.0001005184    0.0015582666
  -0.0003821488    0.0007075078    0.0003069703
  -0.0001347715   -0.0001684618   -0.0000854278
   0.0018454054    0.0002255154   -0.0002048761
   0.0001581669   -0.0005399878    0.0006608112
   0.0000283795    0.0000019220    0.0013110067
  -0.0002614578   -0.0000024800    0.0015985466
  -0.0000443830    0.0003265200    0.0000000070
  -0.0000020936   -0.0000375100    0.0005226937
  -0.0000619925    0.0003678600    0.0002986211
   0.0002379352   -0.0002710681   -0.0000880348
   0.0001279243    0.0000588363    0.0006206616
  -0.0000632621    0.0000349677    0.0005995909
  -0.0003738109   -0.0000773213    0.0003848122
  -0.0000494481    0.0000185714    0.0005354597
   0.0000114730   -0.0001173080    0.0006111720
   0.0000098719   -0.0000010714    0.0005136597
   0.0000102930   -0.0001327220    0.0005651420
   0.0003416991   -0.0001341887    0.0000616822
  -0.0002576248   -0.0002355719    0.0002338152
  -0.0001375957    0.0000842837    0.0005235816
   0.0000758579    0.0000369223    0.0006063109
   0.0014214088   -0.0000011600   -0.0216341262
   0.0001998298    0.0000210500   -0.0018245184
  -0.0000796515   -0.0002107000   -0.0025843117
  -0.0022072976    0.0015977500   -0.0036006218
   0.0018179144    0.0005625883   -0.0027984771
   0.0000446769    0.0000506615   -0.0023805376
  -0.0000464710   -0.0000041098   -0.0023863931
  -0.0007907716    0.0006797171   -0.0026254940
  -0.0001284268    0.0000233549   -0.0024668857
  -0.0000483325   -0.0000602533   -0.0023830515
   0.0002163532    0.0001662151   -0.0027087157
  -0.0000154425    0.0000396033   -0.0023904715
   0.0006027184   -0.0031429971   -0.0036931240
   0.0003737044    0.0002139017   -0.0017453071
   0.0000323869   -0.0000293615   -0.0023701476
  -0.0000422510   -0.0000177302   -0.0024035231
   0.0545142916    0.0006870149    0.1096620499
  -0.0036750275    0.0003386400    0.0006554516
   0.0000278698   -0.0000026900   -0.0021904243
  -0.0026963936    0.0003059400    0.0000099966
  -0.0000817869   -0.0024072225    0.0006928784
   0.0001438050    0.0000948596   -0.0027359859
  -0.0000649083    0.0000173852   -0.0026819487
  -0.0001302473    0.0011746613   -0.0000120291
   0.0000120538    0.0000041585   -0.0021804744
  -0.0000276898   -0.0001283988   -0.0027099724
  -0.0000039062   -0.0000228985   -0.0021930544
  -0.0000294298    0.0000382288   -0.0027085324
   0.0004350327   -0.0014919113    0.0003675109
  -0.0006533069    0.0020349125    0.0003090084
   0.0000773650   -0.0000635596   -0.0027827259
   0.0000067017    0.0000187048   -0.0026422787
  -0.0021251673   -0.0013196134   -0.0042786788
   0.0000521290    0.0000346532   -0.0016737612
  -0.0000592519    0.0000706672   -0.0017114748
   0.0009587707   -0.0004562379   -0.0020894959
   0.0000846724    0.0000113981   -0.0017131339
   0.0000015520   -0.0000051053   -0.0017403127
  -0.0000606097    0.0000004672   -0.0016688829
  -0.0000016295   -0.0001356153   -0.0016013382
   0.0000428673   -0.0001011586   -0.0017346702
  -0.0000124367   -0.0000469737   -0.0016488155
  -0.0000229335   -0.0000267779   -0.0017015716
   0.0000066065   -0.0000001655   -0.0017152320
   0.0001674924    0.0017717790   -0.0031859418
  -0.0001593860    0.0000790546   -0.0016479865
   0.0000150843    0.0000168478   -0.0017030597
   0.0000643225    0.0000297702   -0.0015702216
   0.0000517412    0.0000327434    0.0052200216
  -0.0000101260   -0.0000045801    0.0052141465
   0.0000287933   -0.0000114975    0.0052022254
  -0.0000488751    0.0000269785    0.0051950092
  -0.0000161100   -0.0000199461    0.0052307385
  -0.0000062160   -0.0000051797    0.0051758867
   0.0000185857   -0.0000370295    0.0051852612
   0.0000321636    0.0000542041    0.0052622140
   0.0000068644    0.0000233603    0.0052273024
  -0.0000170705    0.0000181043    0.0051897362
   0.0000116175   -0.0000067922    0.0051770875
  -0.0000126824    0.0000109741    0.0051600096
  -0.0000006911   -0.0000686614    0.0052027638
   0.0000611043   -0.0000285831    0.0052632629
   0.0000149176   -0.0000145928    0.0051620142
  -0.0000440048   -0.0000522823    0.0052765491

65   
  0.0055327584188552   0.0000000000000000   0.0083299810491133
   0.0003668459    0.0002407083    0.0022825231
   0.0000099740   -0.0000670502    0.0009342029
  -0.0003039877    0.0001736027    0.0017041031
   0.0000851381   -0.0000440445    0.0011699160
  -0.0000960566    0.0000616017    0.0007171874
   0.0000401488    0.0000175442    0.0011497289
  -0.0000031714    0.0000401642    0.0012557260
   0.0000323885    0.0000217615    0.0013228786
  -0.0000350029   -0.0003849698    0.0019945816
   0.0000247681   -0.0000123889    0.0013257643
   0.0000144556    0.0000071133    0.0012858788
  -0.0000150200   -0.0000410488    0.0012501322
  -0.0000086930    0.0000805125    0.0012422650
   0.0000254064    0.0000269175    0.0013581086
  -0.0000523145    0.0000101796    0.0012170539
   0.0000945182    0.0000216723    0.0011021596
  -0.0062588769   -0.0056178933    0.0141059591
   0.0424985523   -0.0225208524    0.0442126128
  -0.0008943637   -0.0006882074    0.0009211237
   0.0009485370    0.0004263256   -0.0000588460
   0.0034794150    0.0280369340    0.0290053895
   0.0016662325    0.0019629328    0.0016261650
  -0.0002651484    0.0002211947    0.0005242566
  -0.0009864113   -0.0004086009    0.0011108878
  -0.0002860902   -0.0001597669    0.0007265986
   0.0001001168   -0.0002021683    0.0005970669
  -0.0002697581    0.0000015919    0.0004454785
   0.0008868410   -0.0013049537    0.0001333891
   0.0004958836    0.0000861315    0.0002372242
  -0.0017190027   -0.0015229144    0.0013585718
  -0.0001866682    0.0016917418    0.0006186245
  -0.0000980103    0.0000147061    0.0008483181
   0.0000147679    0.0000219774   -0.0027401294
   0.0000100537    0.0000005833   -0.0027589707
   0.0000113047    0.0000241973   -0.0027101584
  -0.0000072589   -0.0000198534   -0.0027815909
  -0.0000062071    0.0000047177   -0.0027511351
   0.0000161743    0.0000070393   -0.0027229614
  -0.0000077470   -0.0000059713   -0.0027539637
   0.0000059240    0.0000126805   -0.0027405806
   0.0000157611    0.0000040355   -0.0027541892
  -0.0000064131    0.0000208117   -0.0027638442
   0.0000102249    0.0000146911   -0.0027505208
   0.0000219610    0.0000293750   -0.0027577934
   0.0000025437    0.0000072462   -0.0027781216
   0.0000006464    0.0000014536   -0.0027297559
   0.0000167239    0.0000105964   -0.0027248333
  -0.0000133173    0.0000158694   -0.0027290770
   0.0022468273    0.0013980135   -0.0000669812
  -0.0010793308    0.0005390379   -0.0020860941
   0.0000284219    0.0000809229   -0.0025442352
  -0.0000185090    0.0000443768   -0.0026023688
  -0.0001602024   -0.0019157991   -0.0010711682
  -0.0000069425   -0.0000030802   -0.0027296284
  -0.0000180943    0.0000140922   -0.0025507003
   0.0001024660   -0.0000463546   -0.0025733135
   0.0000436127   -0.0000111914   -0.0025804798
   0.0000172535   -0.0000000745   -0.0025613780
  -0.0000007965    0.0000151279   -0.0025363084
  -0.0000703533    0.0000101137   -0.0025501945
   0.0000333876   -0.0000073581   -0.0026197661
  -0.0000028805    0.0000710853   -0.0026539818
  -0.0000422403   -0.0000603572   -0.0025184171
  -0.0000098420    0.0000153053   -0.0025108473
  -0.0616300556   -0.0007472867   -0.0973551551
   0.0079096498    0.0002294000   -0.0028461254
   0.0001618538    0.0000821600   -0.0018334165
   0.0082687219   -0.0001067500   -0.0030906982
   0.0014036429    0.0034261744   -0.0028673611
  -0.0000391888   -0.0000575335   -0.0017105389
   0.0002966442   -0.0001152642   -0.0016532709
   0.0015634750   -0.0038543501   -0.0030600725
   0.0000631943    0.0000710237   -0.0017887663
   0.0000787008    0.0002079527   -0.0016770397
  -0.0000636157   -0.0001233837   -0.0018726163
   0.0000766808    0.0000564773   -0.0016884697
   0.0016506850    0.0041591102   -0.0029844625
   0.0013198429   -0.0038067044   -0.0029398111
   0.0001706412   -0.0000417565   -0.0015748589
   0.0000893642    0.0000126042   -0.0017986109
  -0.0018818568    0.0000144900    0.0110199658
   0.0015547939    0.0010493600    0.0075454832
   0.0000616294    0.0002421800    0.0048250403
  -0.0011509477    0.0006480400    0.0057353230
   0.0010624849    0.0008636500    0.0065431357
  -0.0002412456   -0.0001272659    0.0046817824
   0.0007879368   -0.0004460172    0.0048099511
  -0.0017393745    0.0006531386    0.0067266854
   0.0001882936   -0.0000594170    0.0046931537
  -0.0000027808    0.0006085777    0.0047407967
  -0.0002136164   -0.0001523030    0.0049535337
  -0.0000069508   -0.0000511277    0.0047267067
  -0.0002817645   -0.0010745686    0.0056341654
  -0.0003907751   -0.0021022900    0.0076357057
   0.0001938544   -0.0001036641    0.0043832924
   0.0003014968    0.0001835172    0.0050649811

65   
 -0.0055327584188552   0.0000000000000000  -0.0083299810491133
  -0.0003645505   -0.0002299996    0.0003342674
   0.0000317452    0.0000938669    0.0017037699
   0.0003465018   -0.0001353904    0.0009131569
  -0.0000792975    0.0000847320    0.0014652377
   0.0001328541   -0.0000463969    0.0019211617
  -0.0000002985   -0.0000060947    0.0014832406
   0.0000196881   -0.0000431084    0.0013793384
  -0.0000241395   -0.0000203094    0.0013158562
   0.0000638950    0.0004174208    0.0006248108
   0.0000031297    0.0000285165    0.0013154683
   0.0000033169    0.0000172033    0.0013538171
   0.0000413183    0.0000765473    0.0013847962
   0.0000367851   -0.0000357880    0.0013972452
  -0.0000080502    0.0000108638    0.0012769703
   0.0000807222    0.0000360457    0.0014175004
  -0.0000717930    0.0000268562    0.0015325129
   0.0062376414    0.0055908201   -0.0132406004
  -0.0407652659    0.0215683395   -0.0415178956
   0.0009507848    0.0007172696   -0.0001312295
  -0.0009733391   -0.0004047500    0.0008758188
  -0.0034286485   -0.0272459112   -0.0275254995
  -0.0017019811   -0.0019682703   -0.0008174690
   0.0002820485   -0.0002136401    0.0002713127
   0.0010280003    0.0004254040   -0.0003501602
   0.0003309312    0.0002091414    0.0000686451
  -0.0000986588    0.0002266676    0.0001951311
   0.0003079926    0.0000186606    0.0003435365
  -0.0008688073    0.0013474012    0.0006750032
  -0.0004997028   -0.0000906806    0.0005656099
   0.0017300583    0.0016010743   -0.0005945938
   0.0002388392   -0.0016664612    0.0001721296
   0.0001066612    0.0000132562   -0.0000567574
  -0.0000028835    0.0000017247   -0.0025938412
   0.0000321343    0.0000230633   -0.0025638889
   0.0000121136    0.0000019725   -0.0025888988
   0.0000255343    0.0000371653   -0.0025378575
   0.0000342033    0.0000299304   -0.0025762400
   0.0000136821    0.0000051154   -0.0026059304
   0.0000198274    0.0000182039   -0.0025784718
   0.0000205455    0.0000225898   -0.0025984962
  -0.0000007352    0.0000172207   -0.0025791152
   0.0000274524    0.0000257342   -0.0025697371
   0.0000222714    0.0000125434   -0.0025859140
   0.0000039773   -0.0000170633   -0.0025716943
   0.0000361522    0.0000194393   -0.0025413157
   0.0000163874    0.0000131082   -0.0026017731
   0.0000007907    0.0000348825   -0.0026000961
   0.0000366234    0.0000281194   -0.0026037155
  -0.0022782428   -0.0014093700   -0.0052685773
   0.0011141918   -0.0005083718   -0.0031731726
  -0.0000050037   -0.0000546796   -0.0027549867
   0.0000365847   -0.0000274341   -0.0026799171
   0.0001994943    0.0019659734   -0.0042177093
   0.0000348806    0.0000158524   -0.0025508793
   0.0000303782   -0.0000006677   -0.0027241793
  -0.0000776815    0.0000801155   -0.0026943407
  -0.0000256879    0.0000340676   -0.0026912406
   0.0000035096    0.0000440783   -0.0027142146
   0.0000313267    0.0000124353   -0.0027364197
   0.0000969523    0.0000059292   -0.0027248833
   0.0000030473    0.0000333078   -0.0026646303
   0.0000205395   -0.0000545585   -0.0026236518
   0.0000611150    0.0001046139   -0.0027597127
   0.0000323248    0.0000266653   -0.0027623822
   0.0577432555   -0.0014834929    0.0943099906
  -0.0078203919   -0.0002303500   -0.0004591318
  -0.0001160538   -0.0000482800   -0.0014205335
  -0.0082783398    0.0001307300   -0.0001427046
  -0.0014296350   -0.0034065501   -0.0004134375
   0.0000750658    0.0000886258   -0.0015343191
  -0.0002817412    0.0001391765   -0.0015920211
  -0.0014936429    0.0038469044   -0.0001865789
  -0.0000344343   -0.0000334137   -0.0014498937
  -0.0000591708   -0.0001909473   -0.0015824903
   0.0001044857    0.0001371737   -0.0013811337
  -0.0000602308   -0.0000479827   -0.0015590303
  -0.0016144529   -0.0040862944   -0.0002632889
  -0.0013057550    0.0038794801   -0.0003577375
  -0.0001535942    0.0000712642   -0.0017013691
  -0.0000501212    0.0000188835   -0.0014465411
   0.0018854298    0.0000089000   -0.0006799388
  -0.0015342114   -0.0010349600    0.0027283456
  -0.0000269731   -0.0002075500    0.0054322007
   0.0011938458   -0.0006362000    0.0044945686
  -0.0010713589   -0.0008382986    0.0036901720
   0.0002951705    0.0001677971    0.0055713256
  -0.0007748865    0.0004715998    0.0054540897
   0.0017518577   -0.0006154510    0.0035295236
  -0.0001655969    0.0000934845    0.0055491743
   0.0000232634   -0.0006020627    0.0055332028
   0.0002507331    0.0001700555    0.0053056243
   0.0000239934    0.0000633327    0.0055272928
   0.0002874277    0.0011377910    0.0045829236
   0.0004178711    0.0021118286    0.0026608920
  -0.0001791795    0.0001342129    0.0058937156
  -0.0002668165   -0.0001544198    0.0051928197

81   
  0.0055327584188552   0.0000000000000000   0.0083299810491133
  -0.0000215389    0.0000081575    0.0013448353
   0.0000018338    0.0000029685    0.0013437585
   0.0000166898    0.0000107327    0.0013368584
  -0.0000129447    0.0000086941    0.0013277885
  -0.0000092122    0.0000185694    0.0013439767
   0.0000093971    0.0000157522    0.0013412196
   0.0000245253    0.0000067245    0.0013488412
  -0.0000199788    0.0000134645    0.0013284666
  -0.0000076428    0.0000248898    0.0013408830
   0.0000288099    0.0000295854    0.0013272797
  -0.0000110172    0.0000174702    0.0012899463
  -0.0000164004    0.0000296504    0.0013474191
  -0.0000157401    0.0000320850    0.0013301029
  -0.0000025300   -0.0000067247    0.0013145125
   0.0000108735   -0.0000000796    0.0013595766
   0.0000033765    0.0000322205    0.0013220848
   0.0412427042    0.0217471477    0.0431713475
  -0.0063665351    0.0057598845    0.0146534378
   0.0010175422   -0.0003887230   -0.0002163863
  -0.0009014742    0.0007179901    0.0009782337
   0.0035882026   -0.0276006839    0.0290660941
  -0.0007562746    0.0005843411    0.0015596238
  -0.0002792433   -0.0002045398    0.0005489147
   0.0015629211   -0.0018962768    0.0018067187
   0.0009524776    0.0013508905   -0.0000155935
  -0.0002941011    0.0000155427    0.0004938011
   0.0000935097    0.0002182151    0.0006089662
  -0.0002667751    0.0001884442    0.0007912819
  -0.0001771521   -0.0016986110    0.0005844459
  -0.0017520376    0.0013654437    0.0016835754
   0.0005373283   -0.0000716804    0.0001902212
  -0.0001526996    0.0000113962    0.0008141059
  -0.0000029235    0.0000242307   -0.0026269861
   0.0000053031    0.0000188259   -0.0026159471
   0.0000022034    0.0000145051   -0.0026072073
  -0.0000192630    0.0000095450   -0.0026259291
  -0.0000026567    0.0000072435   -0.0026157166
  -0.0000052035    0.0000077601   -0.0026245662
  -0.0000099294    0.0000069154   -0.0026209670
   0.0000077995    0.0000145337   -0.0026283054
   0.0000002906    0.0000098179   -0.0026306574
  -0.0000075112    0.0000263299   -0.0026135596
   0.0000056469    0.0000190548   -0.0026204744
  -0.0000056964    0.0000160993   -0.0026283290
   0.0000110997    0.0000062656   -0.0026273433
  -0.0000075709    0.0000090563   -0.0026265258
  -0.0000068709    0.0000203170   -0.0026205931
  -0.0000046880    0.0000281800   -0.0026179696
  -0.0000252212    0.0000086266   -0.0027365916
   0.0000169651    0.0000126115   -0.0026697792
   0.0000014867   -0.0000220725   -0.0027352054
  -0.0000382640   -0.0000262499   -0.0026919665
   0.0000002311    0.0000274214   -0.0027072638
  -0.0000304152    0.0000169823   -0.0027320691
  -0.0000217076    0.0000228328   -0.0026610442
  -0.0000029843   -0.0000046169   -0.0028037329
  -0.0000253744    0.0000350097   -0.0027085924
   0.0000030424    0.0000120659   -0.0026617196
  -0.0000112375    0.0000167922   -0.0026703475
   0.0000211305    0.0000470757   -0.0026977162
  -0.0000292800    0.0000083261   -0.0026984885
  -0.0000480836    0.0000192559   -0.0027685440
   0.0000278343    0.0000367895   -0.0027178812
  -0.0000034440    0.0000266297   -0.0026800767
  -0.0018677398    0.0000010000    0.0042050188
  -0.0011721658   -0.0007227100   -0.0009663186
   0.0000425731   -0.0002073400   -0.0019211507
   0.0015520114   -0.0011112000    0.0007929144
  -0.0017997877   -0.0005798210   -0.0000571636
   0.0007513065    0.0004635198   -0.0019696997
  -0.0002823005    0.0001688571   -0.0020593756
   0.0011503989   -0.0007916286   -0.0001253020
  -0.0002136031    0.0001561955   -0.0017743643
  -0.0000206434   -0.0005939927   -0.0020251728
   0.0001830969    0.0000880445   -0.0020394643
  -0.0000080634    0.0001082727   -0.0019902128
  -0.0004612511    0.0021528686    0.0008146280
  -0.0001945677    0.0011735210   -0.0010148636
   0.0003473965   -0.0001898498   -0.0016454397
   0.0001760495    0.0001201829   -0.0023689956
  -0.0586377644   -0.0012988813   -0.0862199312
   0.0084111798    0.0000361200    0.0033622346
   0.0002441938   -0.0000379800    0.0049336435
   0.0074141919    0.0000287600    0.0040517418
   0.0017149029    0.0041325244    0.0035576189
   0.0003647212    0.0002106865    0.0051018611
  -0.0000872658    0.0000866158    0.0050612391
   0.0012225950   -0.0033064201    0.0038700075
  -0.0000182257    0.0001592037    0.0048885237
   0.0000308708   -0.0002591873    0.0050913203
   0.0000858643   -0.0000850337    0.0049497937
   0.0000421008   -0.0000596127    0.0050825203
   0.0012511450    0.0033437301    0.0039078675
   0.0016806229   -0.0041008944    0.0035323089
   0.0000795012   -0.0000073365    0.0049330311
   0.0001970142    0.0001026942    0.0052669291

81   
 -0.0055327584188552   0.0000000000000000  -0.0083299810491133
  -0.0000317594   -0.0000168245    0.0013199055
  -0.0000269082   -0.0000032173    0.0013192745
  -0.0000394631    0.0000026243    0.0013185308
  -0.0000474380    0.0000054249    0.0013374486
  -0.0000232915   -0.0000244036    0.0013188949
  -0.0000328869   -0.0000268490    0.0013207333
  -0.0000735649   -0.0000324642    0.0013104081
  -0.0000349482   -0.0000355128    0.0013333922
  -0.0000268148   -0.0000225302    0.0013166788
  -0.0000636881   -0.0000395445    0.0013319290
  -0.0000382241   -0.0000157598    0.0013737418
  -0.0000237026   -0.0000212751    0.0013137122
  -0.0000221110   -0.0000123762    0.0013311942
  -0.0000428805    0.0000182595    0.0013426312
  -0.0000469220    0.0000199175    0.0012998204
  -0.0000435366   -0.0000047692    0.0013431838
  -0.0429688904   -0.0227190505   -0.0442563644
   0.0064054505   -0.0058243678   -0.0139251764
  -0.0010366101    0.0003819186    0.0009883434
   0.0008146434   -0.0007057878   -0.0001762778
  -0.0036549790    0.0283670866   -0.0289314840
   0.0007150156   -0.0006115380   -0.0007131014
   0.0002314432    0.0001863944    0.0002621960
  -0.0015289429    0.0018835095   -0.0009924654
  -0.0009895314   -0.0013404830    0.0008079812
   0.0002516966   -0.0000244502    0.0003193039
  -0.0001006478   -0.0002093659    0.0002086459
   0.0001962241   -0.0001625399    0.0000212145
   0.0001261013    0.0016859318    0.0002220201
   0.0017452419   -0.0013131440   -0.0008496037
  -0.0005459991    0.0000562713    0.0006043647
   0.0000900588   -0.0000089939   -0.0000037966
  -0.0000462275   -0.0000224515   -0.0026891868
  -0.0000293918   -0.0000157566   -0.0026861922
  -0.0000397827   -0.0000146953   -0.0026730617
  -0.0000320179   -0.0000127353   -0.0026745225
  -0.0000325531   -0.0000048120   -0.0026906345
  -0.0000327254   -0.0000192994   -0.0026776625
  -0.0000407907   -0.0000246551   -0.0026930632
  -0.0000460707   -0.0000030828   -0.0026813069
  -0.0000447904   -0.0000089772   -0.0026836525
  -0.0000397187   -0.0000030400   -0.0026986903
  -0.0000316571   -0.0000139048   -0.0026941260
  -0.0000400238   -0.0000297184   -0.0026819416
  -0.0000373103   -0.0000097764   -0.0026734378
  -0.0000405890   -0.0000214278   -0.0026786147
  -0.0000422286   -0.0000013276   -0.0026847963
  -0.0000347121   -0.0000091300   -0.0026896105
  -0.0000219531   -0.0000075970   -0.0025159970
  -0.0000442149   -0.0000085602   -0.0025914060
  -0.0000392169    0.0000214722   -0.0025444843
  -0.0000121525    0.0000228160   -0.0025719047
  -0.0000341128   -0.0000279323   -0.0025514250
  -0.0000082359   -0.0000275994   -0.0025302146
  -0.0000296478   -0.0000382612   -0.0025908896
  -0.0000359067    0.0000125441   -0.0024538642
  -0.0000174924   -0.0000336261   -0.0025431614
  -0.0000500427    0.0000081618   -0.0025950717
  -0.0000177946   -0.0000114997   -0.0025827962
  -0.0000657613   -0.0000566847   -0.0025588544
   0.0000021232   -0.0000114182   -0.0025664271
  -0.0000003301   -0.0000290834   -0.0024933273
  -0.0000750214   -0.0000193705   -0.0025421198
  -0.0000366883   -0.0000095403   -0.0025780753
   0.0018463368   -0.0000093000   -0.0075116758
   0.0011100177    0.0007096200   -0.0022266030
  -0.0000910794    0.0002097900   -0.0013197803
  -0.0015832839    0.0011007300   -0.0040365932
   0.0017767945    0.0005891186   -0.0031709854
  -0.0007889068   -0.0004467272   -0.0012495611
   0.0002189456   -0.0001559859   -0.0011818424
  -0.0011573749    0.0007998600   -0.0030751757
   0.0001773864   -0.0001689130   -0.0014408237
  -0.0000334392    0.0005696177   -0.0012116767
  -0.0002079336   -0.0000846570   -0.0011776437
  -0.0000343592   -0.0001270877   -0.0012328967
   0.0004202451   -0.0021635200   -0.0040797657
   0.0001715845   -0.0011255786   -0.0021769154
  -0.0003964668    0.0001976272   -0.0015947211
  -0.0002041344   -0.0001125941   -0.0008841924
   0.0640242928    0.0014171579    0.0997597031
  -0.0084201319   -0.0000387600    0.0068976082
  -0.0003025038    0.0000416100    0.0053594665
  -0.0075161598   -0.0000558900    0.0062804754
  -0.0017926350   -0.0041636301    0.0067252325
  -0.0004010842   -0.0001934542    0.0051613309
   0.0000419388   -0.0000829435    0.0052338989
  -0.0012146329    0.0033114044    0.0064386211
  -0.0000223843   -0.0001765937    0.0053794663
  -0.0000841008    0.0002422727    0.0051910697
  -0.0001145343    0.0000911437    0.0053196463
  -0.0000835908    0.0000361973    0.0051954297
  -0.0012811529   -0.0032911244    0.0064181211
  -0.0017341250    0.0041609301    0.0067520725
  -0.0001338842    0.0000156742    0.0053552009
  -0.0002247412   -0.0000970865    0.0050467489
