96   
12   

1    
  0.0053764491443378   0.0000000000000000   0.0084317136216993
  -0.1306111577   -0.0003030505   -0.2238348543
   0.0058092847    0.0054286300   -0.0056776118
   0.0009900789   -0.0000170300    0.0013831434
   0.0052855453   -0.0056920900   -0.0055850278
   0.0025856874   -0.0035663199   -0.0057679082
   0.0000983613   -0.0004227484    0.0007099799
   0.0002696253    0.0004262050    0.0007182946
   0.0025868152    0.0041396491   -0.0054947213
  -0.0001443390    0.0006564796    0.0013799435
   0.0009437799    0.0001118602    0.0007219274
  -0.0001222190   -0.0006057396    0.0013931735
   0.0009360499   -0.0000066302    0.0007124874
   0.0023773552    0.0071500509   -0.0057219713
   0.0028017774   -0.0074172901   -0.0055394082
   0.0001317413    0.0003947484    0.0007537299
   0.0002266753   -0.0004776250    0.0006847346
  -0.0028320367   -0.0067537663    0.0237605649
  -0.0001487095   -0.0005067081    0.0010353594
   0.0009137595    0.0004480305    0.0011205576
   0.0471361046   -0.0221679782    0.0535745305
  -0.0002635859    0.0000140781    0.0010688198
  -0.0001066998    0.0000086105    0.0004033984
   0.0002656296   -0.0008042972    0.0010553491
  -0.0022965054   -0.0018073354    0.0021873709
   0.0004646643    0.0003296544    0.0010937407
   0.0000339531    0.0005877805    0.0010279517
  -0.0000172181    0.0000120792    0.0002382269
  -0.0000214923   -0.0000543640    0.0000793074
   0.0088340819    0.0289509281    0.0387757193
  -0.0014283400   -0.0005271330    0.0019801078
  -0.0000834096   -0.0000153427    0.0001214178
   0.0018095475    0.0023732533    0.0024267032
   0.0484790374    0.0229291357    0.0548165668
   0.0008107417   -0.0003737562    0.0009945316
  -0.0000564280    0.0005142893    0.0009235327
  -0.0026671342    0.0065379320    0.0231647456
   0.0003256004    0.0008183999    0.0009861525
  -0.0000738754    0.0000138806    0.0003173315
  -0.0002819406   -0.0000288545    0.0009576705
  -0.0022742474    0.0019520792    0.0018787574
   0.0000326956   -0.0005643601    0.0009778164
   0.0003932066   -0.0002896901    0.0009860934
  -0.0000696144   -0.0000159386   -0.0000780063
   0.0000635248   -0.0000993372    0.0001168930
   0.0087368801   -0.0294254739    0.0388756647
   0.0018511701   -0.0024058830    0.0021498048
  -0.0000869346    0.0000568080    0.0000510777
  -0.0014268146    0.0004815599    0.0015868814
   0.0001232256    0.0000046300   -0.0000642091
   0.0000373774   -0.0001527300    0.0006822011
  -0.0000050140   -0.0000121400    0.0004019148
  -0.0000009336   -0.0000792800    0.0006129844
  -0.0000965047    0.0000737941    0.0007152591
   0.0000483959    0.0000374070    0.0004194300
  -0.0000507840    0.0000340572    0.0003533979
   0.0000926192    0.0000893953    0.0005908908
  -0.0000213789    0.0000212206    0.0003913286
  -0.0000202694   -0.0000555642    0.0003729071
   0.0000051811    0.0000041994    0.0004000686
  -0.0000283994    0.0000268042    0.0003730271
  -0.0000649808    0.0000259647    0.0006516208
   0.0001636053    0.0000360859    0.0006066491
  -0.0000186741   -0.0000237770    0.0003426000
  -0.0000536040   -0.0000259372    0.0003773679
  -0.0000090197    0.0000088900   -0.0003095948
   0.0000027553    0.0000286600   -0.0002101260
  -0.0000253340    0.0000250900   -0.0002263891
  -0.0000030144    0.0000034700   -0.0002015701
  -0.0000049813    0.0000052184   -0.0002273702
  -0.0000146019   -0.0000101377   -0.0002207260
  -0.0000061050    0.0000031563   -0.0002300221
  -0.0000179809   -0.0000088489   -0.0002001673
  -0.0000014242   -0.0000024571   -0.0002415796
  -0.0000211659    0.0000056219   -0.0002250694
  -0.0000285742   -0.0000071929   -0.0002338296
  -0.0000057359   -0.0000115019   -0.0002435594
  -0.0000150309   -0.0000120211   -0.0002041273
  -0.0000225013   -0.0000155884   -0.0001875002
  -0.0000250019   -0.0000034223   -0.0002260760
  -0.0000006950   -0.0000021963   -0.0002292221
   0.0001761731    0.0000509599   -0.0007224752
  -0.0000480769   -0.0000142660   -0.0008788886
   0.0000637358   -0.0000534925   -0.0008189739
  -0.0002334042    0.0001332152   -0.0009803643
  -0.0000073168   -0.0000381663   -0.0008767268
  -0.0000431102    0.0000079912   -0.0007317245
   0.0000547291   -0.0000315560   -0.0008230641
  -0.0000739811    0.0000108038   -0.0007749511
   0.0000341420    0.0000368247   -0.0008503265
   0.0000079296    0.0000883214   -0.0008513285
   0.0000095872    0.0000462505   -0.0007895083
  -0.0000330422    0.0000191563   -0.0007985536
   0.0000617417   -0.0002288735   -0.0008557746
  -0.0000239439   -0.0000596120   -0.0007647207
   0.0000040160   -0.0000254699   -0.0007953233
  -0.0000413217    0.0000596832   -0.0007883759

1    
 -0.0053764491443378   0.0000000000000000  -0.0084317136216993
   0.1324147573   -0.0002785306    0.2211723247
  -0.0055710953   -0.0054448900    0.0064265478
  -0.0010427689    0.0000562500   -0.0007285034
  -0.0055741147    0.0056561300    0.0061572018
  -0.0025401752    0.0037946891    0.0063609513
  -0.0001687253    0.0004637950   -0.0000582346
  -0.0003193713   -0.0003824484   -0.0000693199
  -0.0025918374   -0.0039151899    0.0062196882
   0.0001279490   -0.0006807796   -0.0007068135
  -0.0009491499   -0.0000371098   -0.0000565274
   0.0000841390    0.0006929496   -0.0007501335
  -0.0009484699   -0.0000208402   -0.0000566274
  -0.0024481574   -0.0072880701    0.0062379382
  -0.0027362552    0.0072886709    0.0063513213
  -0.0002424353   -0.0004698150   -0.0000840646
  -0.0001924013    0.0003927184   -0.0000320499
   0.0028581755    0.0067428823   -0.0233077826
   0.0001015795    0.0004940862   -0.0003985555
  -0.0009324875   -0.0004481477   -0.0004550619
  -0.0490755683    0.0232325877   -0.0547811835
   0.0002388346    0.0000069577   -0.0004481561
   0.0000832376   -0.0000007394    0.0001874061
  -0.0003083948    0.0008096886   -0.0004968898
   0.0022571873    0.0018762512   -0.0015441460
  -0.0004938836   -0.0003086757   -0.0004725277
  -0.0000731337   -0.0004895408   -0.0004390650
   0.0000376778   -0.0000398101    0.0003815833
  -0.0000196445   -0.0000368448    0.0005461217
  -0.0087993821   -0.0299163963   -0.0388863666
   0.0012939441    0.0004900759   -0.0013516269
   0.0000121723    0.0000454472    0.0004402382
  -0.0017800834   -0.0023643710   -0.0018167464
  -0.0465881041   -0.0218569663   -0.0526914347
  -0.0008281741    0.0003755889   -0.0007622076
   0.0000773880   -0.0005313511   -0.0007170665
   0.0026119955   -0.0065607760   -0.0227916782
  -0.0003247455   -0.0007886788   -0.0007099419
   0.0000480876    0.0000057405   -0.0000385561
   0.0002692020    0.0000392903   -0.0006914341
   0.0023016156   -0.0018892128   -0.0016604417
  -0.0000480049    0.0006078699   -0.0006800631
  -0.0004219174    0.0003685491   -0.0007308364
   0.0000933412   -0.0000123202    0.0003194671
  -0.0000920044    0.0000148262    0.0001410568
  -0.0087159800    0.0284622659   -0.0378891780
  -0.0019140634    0.0023686550   -0.0019116004
   0.0000222319   -0.0000354436    0.0002494563
   0.0015324404   -0.0004825371   -0.0013169923
  -0.0001421391    0.0000054200    0.0008765852
  -0.0000519454    0.0001577100    0.0001192200
  -0.0000475112    0.0000261400    0.0004089816
   0.0000082919    0.0000650900    0.0002184952
   0.0000551109   -0.0000604282    0.0000931188
  -0.0000621627   -0.0000493618    0.0003997975
   0.0000372136   -0.0000026212    0.0004603912
  -0.0001000613   -0.0000957693    0.0002411914
   0.0000071438   -0.0000133676    0.0003992541
  -0.0000015868    0.0000606228    0.0004241376
  -0.0000298462    0.0000013476    0.0004074941
   0.0000157432   -0.0000343328    0.0004579276
   0.0000333187   -0.0000383607    0.0001257714
  -0.0001819791   -0.0000380018    0.0001735888
  -0.0000136227    0.0000006218    0.0004541575
   0.0000566836    0.0000150912    0.0004400312
  -0.0000221384    0.0000089100   -0.0001068121
   0.0000020453   -0.0000210600   -0.0002150757
  -0.0000272726   -0.0000051500   -0.0001801974
   0.0000065183   -0.0000183000   -0.0002258448
  -0.0000430368    0.0000126317   -0.0002018586
   0.0000082761   -0.0000182193   -0.0002063375
  -0.0000065751    0.0000213839   -0.0001927872
   0.0000090750    0.0000057641   -0.0002390132
  -0.0000176155    0.0000142889   -0.0001813979
   0.0000003356   -0.0000063842   -0.0002006977
   0.0000065645    0.0000070111   -0.0001857179
  -0.0000090844   -0.0000004958   -0.0002006377
  -0.0000284150    0.0000052959   -0.0001984232
   0.0000194432    0.0000098883   -0.0002221186
  -0.0000043439   -0.0000167307   -0.0001879575
   0.0000029849    0.0000015561   -0.0001927572
  -0.0001989770   -0.0001131799   -0.0009784829
   0.0000361636    0.0000134117   -0.0008399544
  -0.0000610040    0.0000273933   -0.0008867496
   0.0001940161   -0.0001597504   -0.0007217190
   0.0000012341    0.0000500743   -0.0008452573
   0.0000300089    0.0000036512   -0.0009746192
  -0.0001255999    0.0000025292   -0.0008811048
   0.0000923058   -0.0000165988   -0.0009322018
  -0.0000239644   -0.0000424583   -0.0008657120
  -0.0000434663   -0.0000641050   -0.0008557942
  -0.0000238365    0.0000151615   -0.0009101692
  -0.0000039692    0.0000027144   -0.0009047821
  -0.0000311981    0.0002325217   -0.0008540908
  -0.0000436671    0.0000556864   -0.0009418790
   0.0000109349    0.0000123310   -0.0009111631
  -0.0000138503   -0.0000260425   -0.0009182992

17   
  0.0053764491443378   0.0000000000000000   0.0084317136216993
  -0.0013544455   -0.0058831424    0.0229218926
   0.0476659983   -0.0223963977    0.0565047735
   0.0004741175   -0.0001326723    0.0014873919
   0.0003572905    0.0001906838    0.0008561455
   0.0088557921    0.0281145163    0.0395498266
   0.0005790734    0.0016299810    0.0033089464
  -0.0000521923   -0.0001936172    0.0002618418
  -0.0001430241   -0.0012143159    0.0012625169
   0.0003267236    0.0005771957    0.0013126177
  -0.0001695155    0.0000597848    0.0002712583
   0.0001565522    0.0001055401    0.0002653967
   0.0002277437   -0.0005069892    0.0010217050
   0.0000053854   -0.0002857977    0.0009990261
  -0.0022521973   -0.0004099512    0.0022833660
   0.0000352548    0.0001820414    0.0013343098
  -0.0001055476   -0.0000018506    0.0005497639
  -0.0613222185    0.0001799209   -0.1247029289
   0.0027473368    0.0001088900   -0.0026720426
  -0.0000645661   -0.0000867900   -0.0003090104
   0.0043519434    0.0004671400   -0.0037092870
   0.0002721121    0.0011200657   -0.0027859991
  -0.0000472927   -0.0000457753    0.0001055247
  -0.0001504922    0.0000944845    0.0002624885
   0.0005851365   -0.0028367073   -0.0036253213
  -0.0000674334    0.0000045913   -0.0003748904
   0.0000211277   -0.0000593671    0.0001682767
   0.0000945966    0.0000932587   -0.0002683804
   0.0000164477    0.0001375971    0.0001865867
   0.0010927765    0.0021935273   -0.0033005013
  -0.0002298479   -0.0010530157   -0.0031024991
   0.0000112173   -0.0000013947    0.0001557547
  -0.0002095222   -0.0001330745    0.0002272985
  -0.0015182802   -0.0000076100    0.0156222999
   0.0023093088    0.0019786200    0.0013244150
   0.0000686633   -0.0001022000    0.0001207237
  -0.0005635453    0.0004204800   -0.0004986281
   0.0011464445    0.0007202575    0.0002418666
   0.0000481321   -0.0000023713   -0.0000604430
   0.0000698522   -0.0000175133   -0.0002154831
  -0.0023868395    0.0005676011    0.0005941949
  -0.0001816061    0.0001482135    0.0002103961
   0.0000437657    0.0000145552   -0.0001203786
   0.0000076839   -0.0000338135    0.0000554861
   0.0000466757    0.0001110148   -0.0001416786
  -0.0002891695   -0.0002107611   -0.0006649051
  -0.0009389455   -0.0034974375    0.0015080566
   0.0001473821   -0.0000640687   -0.0001525430
  -0.0000274578   -0.0000466567   -0.0001378131
   0.0000039403    0.0000145372    0.0002051345
   0.0000121709    0.0000101582    0.0002161010
  -0.0000343016    0.0000210523    0.0001987476
   0.0000254009    0.0000014048    0.0002006232
  -0.0000056997   -0.0000043661    0.0002150304
   0.0000085534   -0.0000125608    0.0001562306
   0.0000042350    0.0000188904    0.0001979132
   0.0000107195    0.0000050685    0.0002201485
   0.0000080972   -0.0000011089    0.0002010101
   0.0000176885   -0.0000069579    0.0002064771
   0.0000055738   -0.0000029617    0.0002003980
   0.0000033731   -0.0000315195    0.0002071470
  -0.0000018207   -0.0000067836    0.0002013635
   0.0000100477   -0.0000087560    0.0001703220
  -0.0000260090    0.0000118334    0.0001933648
   0.0000260764   -0.0000072003    0.0001939658
  -0.0000066800    0.0000124047    0.0000942829
   0.0000311000   -0.0000002213    0.0000828692
  -0.0000123219    0.0000088112    0.0000791550
   0.0000271119   -0.0000076261    0.0000790869
  -0.0000114089    0.0000098466    0.0000849510
   0.0000125812   -0.0000167281    0.0000611922
   0.0000044581    0.0000113317    0.0000775271
   0.0000208495    0.0000004258    0.0000561248
   0.0000065676    0.0000109207    0.0000751810
   0.0000100082   -0.0000021585    0.0000696735
   0.0000090580   -0.0000005732    0.0000707606
   0.0000098061   -0.0000129563    0.0000667308
  -0.0000049744   -0.0000002149    0.0000757770
   0.0000151341   -0.0000049076    0.0000790835
   0.0000022802   -0.0000004747    0.0000823249
   0.0000243101   -0.0000051300    0.0000772760
   0.0000149778    0.0000094600   -0.0008521942
   0.0000077449   -0.0000166100   -0.0007675340
   0.0000024799   -0.0000006000   -0.0007899881
   0.0000160846   -0.0000170300   -0.0007701452
  -0.0000088277    0.0000130233   -0.0007593458
   0.0000127797    0.0000055392   -0.0007792588
   0.0000042413    0.0000043487   -0.0007780795
   0.0000242776   -0.0000011923   -0.0007767759
  -0.0000029019    0.0000033412   -0.0007812486
   0.0000014318   -0.0000093073   -0.0007792196
   0.0000089781   -0.0000034512   -0.0007985486
   0.0000129618   -0.0000034727   -0.0007840196
  -0.0000178124    0.0000057123   -0.0007610959
   0.0000232223    0.0000139167   -0.0007799458
  -0.0000049003    0.0000048308   -0.0007885788
   0.0000089713   -0.0000085987   -0.0007814295

17   
 -0.0053764491443378   0.0000000000000000  -0.0084317136216993
   0.0014007268    0.0058836963   -0.0224703249
  -0.0456755046    0.0212947082   -0.0539725805
  -0.0004428295    0.0001748095   -0.0008886576
  -0.0003529605   -0.0001757619   -0.0002594094
  -0.0087954219   -0.0273616982   -0.0383799893
  -0.0006272875   -0.0016532433   -0.0026902032
   0.0000392696    0.0001788527    0.0003216922
   0.0001307100    0.0012104130   -0.0007043778
  -0.0002981443   -0.0005715544   -0.0007208207
   0.0001587323   -0.0000614260    0.0003300326
  -0.0001499819   -0.0001039892    0.0003161731
  -0.0002643731    0.0004959895   -0.0004224117
   0.0000089959    0.0002956119   -0.0004087598
   0.0022264054    0.0004424554   -0.0016995909
  -0.0000614796   -0.0002124928   -0.0007389591
   0.0000980698    0.0000036895    0.0000541816
   0.0595650110    0.0001896199    0.1196567031
  -0.0027159435   -0.0001234000    0.0029884470
   0.0000636861    0.0000973500    0.0006573304
  -0.0043919067   -0.0004640900    0.0040754625
  -0.0003017266   -0.0011106574    0.0030968413
   0.0000573322    0.0000275845    0.0002392215
   0.0001476827   -0.0000920753    0.0001102753
  -0.0005983821    0.0028131256    0.0039533490
   0.0000492134    0.0000173487    0.0007105404
  -0.0000018377    0.0000565529    0.0001776733
  -0.0001159766   -0.0001031287    0.0005990804
  -0.0000006877   -0.0001155229    0.0001449133
  -0.0011187321   -0.0021883156    0.0036551990
   0.0002108834    0.0010599974    0.0034178213
   0.0000063722   -0.0000015845    0.0001814515
   0.0002121527    0.0001174653    0.0001279454
   0.0014971861    0.0000035100   -0.0151833081
  -0.0023096333   -0.0019938200   -0.0010810953
  -0.0000710573    0.0001124200    0.0001102974
   0.0005826873   -0.0004408700    0.0007126827
  -0.0011901134   -0.0007175071   -0.0000180722
  -0.0000274730   -0.0000091236    0.0002940282
  -0.0000758681    0.0000241826    0.0004316096
   0.0023687211   -0.0005783254   -0.0003532381
   0.0001603745   -0.0001242560    0.0000382199
  -0.0000237747   -0.0000221491    0.0003604484
  -0.0000303155    0.0000244060    0.0001851399
  -0.0000262847   -0.0000839309    0.0003881984
   0.0002631511    0.0002346654    0.0008721719
   0.0009212466    0.0034623771   -0.0012498922
  -0.0001258430    0.0000609036    0.0003954282
   0.0000245719    0.0000250974    0.0003648796
  -0.0000153333   -0.0000102906    0.0001520428
  -0.0000009760   -0.0000114286    0.0001470152
   0.0000216411   -0.0000164069    0.0001616150
  -0.0000200505   -0.0000056450    0.0001554759
  -0.0000043440    0.0000093886    0.0001464417
  -0.0000022660    0.0000065125    0.0002059743
  -0.0000097093   -0.0000118898    0.0001547902
  -0.0000081800   -0.0000000752    0.0001466147
  -0.0000090261    0.0000113016    0.0001562009
  -0.0000172072    0.0000054310    0.0001511860
  -0.0000073925    0.0000019397    0.0001545129
  -0.0000077267    0.0000245836    0.0001539265
  -0.0000099024    0.0000036225    0.0001569369
  -0.0000066852    0.0000011843    0.0001848720
   0.0000185071   -0.0000105073    0.0001655016
  -0.0000179340    0.0000036397    0.0001604959
  -0.0000056612   -0.0000070551    0.0001973486
  -0.0000177495    0.0000004507    0.0002013348
  -0.0000037772   -0.0000034414    0.0002088665
  -0.0000184222    0.0000033360    0.0002105830
   0.0000001884   -0.0000046456    0.0002024517
  -0.0000083403    0.0000077789    0.0002219203
  -0.0000109278   -0.0000054915    0.0002131133
  -0.0000141302    0.0000010946    0.0002227453
  -0.0000083676   -0.0000035600    0.0002126699
  -0.0000113480    0.0000008286    0.0002160770
  -0.0000099480    0.0000010530    0.0002156596
  -0.0000124564    0.0000042368    0.0002166396
  -0.0000049759   -0.0000000754    0.0002085831
  -0.0000114943    0.0000005966    0.0002124977
  -0.0000093598    0.0000037839    0.0002066364
  -0.0000169300    0.0000026700    0.0002119943
  -0.0000226071   -0.0000034800   -0.0007800369
  -0.0000061425    0.0000130800   -0.0008658927
  -0.0000095760    0.0000038300   -0.0008466480
  -0.0000107715    0.0000124600   -0.0008671990
   0.0000037598   -0.0000133018   -0.0008773500
  -0.0000130649   -0.0000090559   -0.0008581138
  -0.0000065314   -0.0000019384   -0.0008604997
  -0.0000264644   -0.0000010318   -0.0008585732
  -0.0000049778   -0.0000016991   -0.0008566085
  -0.0000033921    0.0000125047   -0.0008580272
  -0.0000138878    0.0000031591   -0.0008387385
  -0.0000071421    0.0000042753   -0.0008538672
   0.0000128556   -0.0000034782   -0.0008761932
  -0.0000183602   -0.0000175982   -0.0008560500
  -0.0000055149   -0.0000020541   -0.0008492438
  -0.0000075514    0.0000034784   -0.0008554497

33   
  0.0053764491443378   0.0000000000000000   0.0084317136216993
   0.0455659941    0.0212943363    0.0535396947
  -0.0017181955    0.0060011260    0.0226358082
   0.0003182920   -0.0001938789    0.0007123065
   0.0003963741    0.0002094011    0.0013212577
   0.0086831400   -0.0274641860    0.0382424880
  -0.0002725804    0.0011643171    0.0008729723
  -0.0000770719    0.0002094736    0.0000601737
   0.0007004134   -0.0017035350    0.0029874604
   0.0002144449    0.0004805501    0.0009078031
   0.0001470744   -0.0001240162    0.0000960032
  -0.0001875812   -0.0000602198    0.0000260629
   0.0002296274   -0.0005595191    0.0011247564
   0.0000534155   -0.0002240712    0.0012121019
  -0.0022687556    0.0005593828    0.0019341717
  -0.0000269520    0.0002662997    0.0008206441
  -0.0000803376   -0.0000055105    0.0003297161
  -0.0015216961    0.0000042500    0.0154908281
  -0.0005938973   -0.0003528700   -0.0004105027
   0.0000506773    0.0001324200    0.0001928526
   0.0022783633   -0.0019150000    0.0013996353
  -0.0023150911   -0.0006092854    0.0007155181
   0.0000492381    0.0000227626   -0.0000928796
   0.0000139330   -0.0000033936   -0.0000026682
   0.0010942134   -0.0007385671    0.0002997622
   0.0000257255    0.0000164760    0.0001454701
   0.0000075647   -0.0000171691   -0.0000388484
  -0.0001971545   -0.0001422460    0.0002628401
  -0.0000020253   -0.0001162409   -0.0000622584
  -0.0008770866    0.0034122571    0.0016173822
  -0.0003548811    0.0001804954   -0.0006105019
  -0.0000692419    0.0000365374   -0.0000599796
   0.0001276030    0.0000729236   -0.0000740182
  -0.0580938777    0.0001522403   -0.1234624187
   0.0043929967   -0.0004999300   -0.0035050325
  -0.0000923061    0.0000373300   -0.0004092704
   0.0030120235   -0.0002284500   -0.0026034170
   0.0004611221    0.0027785057   -0.0034845790
  -0.0001829627   -0.0001076853    0.0001221647
  -0.0000529422    0.0000291945    0.0000308585
   0.0004405466   -0.0012509673   -0.0026319013
   0.0000258266   -0.0000667687   -0.0004002304
  -0.0000006723    0.0000768829    0.0000677067
  -0.0000322434    0.0000351087   -0.0004379704
  -0.0000070623   -0.0000906429    0.0000910467
  -0.0002021034    0.0013392573   -0.0030389613
   0.0011019521   -0.0021416157   -0.0030853490
  -0.0001958227    0.0001067853    0.0001381047
  -0.0000424522   -0.0000217945    0.0000534285
  -0.0007455037   -0.0003427731    0.0007622845
   0.0012177340   -0.0008116521    0.0020708046
  -0.0000193620    0.0000272618    0.0001320552
   0.0000425455    0.0000542367    0.0001749783
  -0.0001607538    0.0011369930    0.0014127148
   0.0001028413    0.0001343909    0.0001313350
  -0.0000016156    0.0000042365    0.0001899747
  -0.0001051313   -0.0000049573   -0.0000149924
   0.0000031363   -0.0000624724    0.0001605459
   0.0000027330   -0.0000009226    0.0001936077
  -0.0000200983   -0.0000090733    0.0001758620
  -0.0000242362   -0.0000483219    0.0001406207
   0.0000722397    0.0000338574    0.0001826329
  -0.0001128641   -0.0001146337    0.0000701439
  -0.0000448561    0.0000070730    0.0001293645
  -0.0000209020    0.0000026168    0.0002411380
  -0.0000025402   -0.0000064870    0.0002372997
  -0.0000306856    0.0000034356    0.0002396805
  -0.0000158077    0.0000157999    0.0002084131
  -0.0000298683    0.0000082569    0.0002316786
   0.0000019605   -0.0000103193    0.0002391728
  -0.0000794286   -0.0000203121    0.0002027108
  -0.0000124522    0.0000005589    0.0002218090
   0.0000280701   -0.0000303595    0.0002133244
  -0.0000049187   -0.0000191270    0.0002189559
  -0.0000028745   -0.0000045004    0.0002334214
  -0.0000164565   -0.0000010076    0.0002215251
  -0.0000201878    0.0000018533    0.0002290523
  -0.0000018680   -0.0000032939    0.0002292742
  -0.0000240528    0.0000670532    0.0001944351
  -0.0000321180    0.0000058494    0.0002066251
  -0.0000162666    0.0000015597    0.0002149334
   0.0001253665   -0.0000041600   -0.0012078401
   0.0000934562    0.0000294300   -0.0005804231
   0.0000144122    0.0000081600   -0.0008603398
  -0.0000554039    0.0000977100   -0.0006273057
   0.0000849061    0.0000007415   -0.0006596051
   0.0000667638    0.0000505923   -0.0008379871
  -0.0000701148    0.0000192098   -0.0009078308
  -0.0001022024    0.0000597166   -0.0005513614
   0.0000058466    0.0000039089   -0.0008717768
  -0.0000273350   -0.0000664111   -0.0008719814
  -0.0000085634   -0.0000048389   -0.0008507168
  -0.0000362250   -0.0000290589   -0.0009012414
   0.0000899776   -0.0000737766   -0.0006799414
   0.0000374761   -0.0001225915   -0.0005265251
  -0.0000620762    0.0000136477   -0.0008809071
  -0.0000082948    0.0000221402   -0.0009198608

33   
 -0.0053764491443378   0.0000000000000000  -0.0084317136216993
  -0.0475899274   -0.0224119757   -0.0548960668
   0.0016509842   -0.0059749920   -0.0218956456
  -0.0003101920    0.0002182807   -0.0001270027
  -0.0004296516   -0.0002003938   -0.0007297616
  -0.0087383801    0.0282465139   -0.0382317347
   0.0002586546   -0.0011677199   -0.0002603914
   0.0000658246   -0.0002084380    0.0005343423
  -0.0006468701    0.0017038830   -0.0024298348
  -0.0002086256   -0.0005217599   -0.0003216364
  -0.0001560448    0.0001342372    0.0004960970
   0.0001922944    0.0000782486    0.0005730963
  -0.0002568566    0.0005521601   -0.0005398134
  -0.0000197804    0.0002097101   -0.0006299525
   0.0022883974   -0.0005521892   -0.0013461174
  -0.0000126394   -0.0002985755   -0.0002335405
   0.0000743454    0.0000143794    0.0002601285
   0.0015336402    0.0000164600   -0.0153068099
   0.0005733753    0.0003512500    0.0008172481
  -0.0000557133   -0.0001392100    0.0002017263
  -0.0022931988    0.0018865700   -0.0010187450
   0.0023103595    0.0005814211   -0.0003072549
  -0.0000599322   -0.0000095033    0.0005129231
  -0.0000397821    0.0000042987    0.0003844930
  -0.0010367545    0.0007478675    0.0001216334
   0.0000075961   -0.0000304335    0.0002398739
  -0.0000366057    0.0000180552    0.0004548986
   0.0002083561    0.0001643935    0.0001328239
  -0.0000389157    0.0001241048    0.0004492486
   0.0008928555   -0.0034580975   -0.0012419766
   0.0003625195   -0.0001836711    0.0010275451
   0.0000649478   -0.0000543967    0.0004592431
  -0.0001534021   -0.0000553287    0.0004662730
   0.0605967867    0.0002849612    0.1209781924
  -0.0043516935    0.0005177700    0.0037440170
   0.0000842761   -0.0000416900    0.0006555904
  -0.0030531668    0.0001977600    0.0028932125
  -0.0004735066   -0.0028167173    0.0037315313
   0.0001720422    0.0001183945    0.0000952115
   0.0000313127   -0.0000301853    0.0002349153
  -0.0003923421    0.0012680157    0.0029028790
   0.0000046934    0.0000512587    0.0006643704
  -0.0000263677   -0.0000761271    0.0001568933
   0.0000405334   -0.0000144387    0.0006824404
  -0.0000302077    0.0000985071    0.0001698033
   0.0002169379   -0.0013381457    0.0033158790
  -0.0010882966    0.0021199873    0.0033311713
   0.0001887522   -0.0001234745    0.0001052915
   0.0000156727    0.0000347353    0.0002031553
   0.0007326036    0.0003435518   -0.0003817913
  -0.0011842550    0.0007862887   -0.0016193061
   0.0000104680   -0.0000247169    0.0002574433
  -0.0000474610   -0.0000542470    0.0002114999
   0.0001488925   -0.0011150727   -0.0010021081
  -0.0001101288   -0.0001340415    0.0002552494
  -0.0000026745   -0.0000031665    0.0001969015
   0.0000986342    0.0000079619    0.0004101403
  -0.0000092882    0.0000626851    0.0002338690
  -0.0000080190    0.0000030557    0.0001875109
   0.0000135832    0.0000065913    0.0002154123
   0.0000181426    0.0000476439    0.0002478177
  -0.0000790373   -0.0000360794    0.0002102026
   0.0001052181    0.0001093294    0.0003144171
   0.0000380478   -0.0000080904    0.0002573347
   0.0000167144   -0.0000064332    0.0001447613
  -0.0000080916    0.0000072839    0.0000695064
   0.0000317697   -0.0000031852    0.0000666417
   0.0000046167   -0.0000116443    0.0000967691
   0.0000254787   -0.0000078971    0.0000760605
  -0.0000079436    0.0000134305    0.0000642168
   0.0000677953    0.0000151633    0.0001034529
   0.0000102181   -0.0000015168    0.0000849446
  -0.0000331503    0.0000328927    0.0000883989
  -0.0000013402    0.0000195895    0.0000820650
  -0.0000033525    0.0000083125    0.0000751219
   0.0000118359   -0.0000015353    0.0000803361
   0.0000130043   -0.0000056093    0.0000743312
  -0.0000063651    0.0000020129    0.0000733163
   0.0000193954   -0.0000683244    0.0001140785
   0.0000221059   -0.0000045631    0.0000990510
   0.0000138489   -0.0000043403    0.0000917683
  -0.0001292927    0.0000065100   -0.0003954270
  -0.0000964668   -0.0000332200   -0.0010203470
  -0.0000211123   -0.0000068400   -0.0007455847
   0.0000524623   -0.0001015000   -0.0009761583
  -0.0000931154   -0.0000003405   -0.0009494886
  -0.0000693646   -0.0000545027   -0.0007710510
   0.0000619955   -0.0000193942   -0.0007007814
   0.0000958706   -0.0000603781   -0.0010501642
  -0.0000185199   -0.0000014539   -0.0007376516
   0.0000220582    0.0000715278   -0.0007359536
   0.0000016101    0.0000064039   -0.0007569516
   0.0000361982    0.0000301522   -0.0007070536
  -0.0000953294    0.0000733981   -0.0009250042
  -0.0000389354    0.0001164905   -0.0010735786
   0.0000508554   -0.0000131973   -0.0007265410
   0.0000035455   -0.0000247358   -0.0006875314

49   
  0.0053764491443378   0.0000000000000000   0.0084317136216993
   0.0001437891    0.0000003600   -0.0002391152
  -0.0000680619    0.0000997500    0.0004562648
   0.0000031412   -0.0000212800    0.0002281584
   0.0000910854    0.0000497300    0.0004890500
   0.0000920713   -0.0001006393    0.0004015786
  -0.0000313736    0.0000162488    0.0001716988
  -0.0000474773    0.0000372882    0.0002032525
   0.0000310191   -0.0001162582    0.0005416412
  -0.0000022938    0.0000128076    0.0002177759
  -0.0000143432   -0.0000169072    0.0001891124
  -0.0000099138    0.0000065424    0.0002382059
  -0.0000219132   -0.0000486328    0.0002106324
   0.0001129291   -0.0000147218    0.0004191412
  -0.0000983787    0.0000483693    0.0005249686
  -0.0000553636    0.0000113712    0.0001763088
   0.0000521427    0.0000334018    0.0002443825
  -0.0000160867    0.0000074206    0.0002218272
  -0.0000294595   -0.0000021150    0.0001725841
  -0.0000100711    0.0000122369    0.0001422350
   0.0000033160   -0.0000047814    0.0001781948
  -0.0000260076   -0.0000111025    0.0001897931
  -0.0000049260    0.0000115803    0.0001677641
  -0.0000225371    0.0000163473    0.0001645184
   0.0000025952    0.0000399457    0.0001521080
  -0.0000009539   -0.0000080916    0.0001838791
  -0.0000070733   -0.0000100936    0.0001987935
  -0.0000179475   -0.0000035997    0.0001824171
   0.0000000272    0.0000034190    0.0001803440
  -0.0000065960    0.0000093714    0.0002013583
   0.0000284500   -0.0000219648    0.0001666153
  -0.0000027007   -0.0000098502    0.0001762198
  -0.0000614240   -0.0000314725    0.0001553657
  -0.0007742236   -0.0003413418    0.0007373913
   0.0000359910    0.0000423970    0.0001750901
  -0.0000140580    0.0000141169    0.0001333367
   0.0012350750   -0.0008041387    0.0019839161
   0.0000411173    0.0000163594    0.0001681274
  -0.0000112144    0.0000101432    0.0002314887
  -0.0000300078    0.0000238304    0.0001025053
  -0.0000866281   -0.0001368794    0.0000515029
   0.0000053182   -0.0000434151    0.0001358110
  -0.0000058726   -0.0000561639    0.0001041523
  -0.0000295432   -0.0000166013    0.0001561277
   0.0000107990    0.0000012643    0.0001786191
  -0.0001587825    0.0011600227    0.0013616781
  -0.0001034642    0.0000015081   -0.0000288103
   0.0000070645    0.0000051365    0.0001737685
   0.0001156888    0.0001234815    0.0001138406
  -0.0658045054   -0.0002066276   -0.1369559826
   0.0030190368   -0.0000960200   -0.0020501825
   0.0000112039    0.0000116300   -0.0003945004
   0.0051645235   -0.0004406500   -0.0034071270
  -0.0001265479    0.0009982257   -0.0025396390
  -0.0000411727   -0.0000321853    0.0001048747
  -0.0001327922    0.0000875045    0.0001790285
   0.0014400066   -0.0026243473   -0.0029145113
   0.0000071566   -0.0000104487   -0.0003805404
   0.0000329077   -0.0000570771    0.0001403967
  -0.0000104334   -0.0000073413   -0.0003997404
   0.0000295777    0.0000660071    0.0001426367
   0.0009758366    0.0032521473   -0.0032269213
   0.0003361121   -0.0010772057   -0.0022337790
  -0.0000279927    0.0000351853    0.0001093447
  -0.0001462022   -0.0001002445    0.0001679085
  -0.0011828333   -0.0000001600    0.0168202602
   0.0023020773   -0.0021418200    0.0013281924
   0.0000711119    0.0000878200    0.0003137707
  -0.0004160028   -0.0003349000   -0.0004530895
  -0.0010329290    0.0036318488    0.0016099503
   0.0001740008    0.0000957515   -0.0000505758
  -0.0001084610    0.0000734867   -0.0000498636
  -0.0002361996   -0.0000092147   -0.0007396758
  -0.0000439869    0.0000526085    0.0002704731
   0.0000306272   -0.0001675490   -0.0000477501
  -0.0001950869   -0.0001485785    0.0003494231
   0.0000233172   -0.0000002810   -0.0000504501
  -0.0023922796   -0.0005416753    0.0007228242
   0.0011111610   -0.0005695688    0.0001407703
   0.0000398508   -0.0000086715    0.0000235242
   0.0000349890    0.0000063533   -0.0001190336
   0.0525160413    0.0257301382    0.0583383097
   0.0004088278    0.0000096614    0.0001593749
   0.0003235346   -0.0002992152   -0.0003956389
  -0.0035256185    0.0066272648    0.0224345029
  -0.0001368012   -0.0001745267    0.0000176014
  -0.0001211941   -0.0000012182   -0.0006377705
   0.0000824825    0.0003902328   -0.0002503412
  -0.0023493597    0.0014796454    0.0012550625
   0.0001304023    0.0005919661   -0.0002602573
   0.0004331421   -0.0005110878    0.0000300639
  -0.0001130855   -0.0000562918   -0.0010253193
   0.0001602025   -0.0001028712   -0.0009131840
   0.0079636988   -0.0321594127    0.0402033377
   0.0018299305   -0.0024281223    0.0023487021
  -0.0000145452    0.0001533217   -0.0009681864
  -0.0007366519    0.0009321133    0.0001681169

49   
 -0.0053764491443378   0.0000000000000000  -0.0084317136216993
  -0.0000935356   -0.0000691300    0.0008142991
   0.0000223736   -0.0001266100    0.0001224556
  -0.0000401060    0.0000222600    0.0003464852
  -0.0000386974   -0.0000763100    0.0000750889
  -0.0000879092    0.0001173953    0.0001742092
   0.0000053640    0.0000234472    0.0004051021
   0.0000372841    0.0000103270    0.0003661100
   0.0000231347    0.0001526641    0.0000297309
   0.0000111589   -0.0000220206    0.0003632014
   0.0000295494    0.0000687158    0.0003949929
   0.0000186389    0.0000646606    0.0003341814
   0.0000186894    0.0000471942    0.0003693029
  -0.0000355053    0.0000003359    0.0001582209
   0.0000717408   -0.0000499653    0.0000501792
   0.0000064240   -0.0000681772    0.0004007021
  -0.0000257959   -0.0001005370    0.0003347500
   0.0000141897   -0.0000254372    0.0002536355
   0.0000342891    0.0000193052    0.0003297768
   0.0000207916   -0.0000175523    0.0003396324
   0.0000173191   -0.0000163082    0.0003040590
   0.0000554307    0.0000091136    0.0002877365
  -0.0000139564   -0.0000021797    0.0003202442
   0.0000318690   -0.0000031234    0.0002910352
   0.0000111523    0.0000107960    0.0003510680
   0.0000218328    0.0000275789    0.0002958499
   0.0000042969    0.0000535795    0.0002959630
   0.0000593662   -0.0000221383    0.0003177020
  -0.0000247085   -0.0000470621    0.0003090029
   0.0000380397   -0.0000380338    0.0003137296
  -0.0000679495   -0.0000010285    0.0003331015
  -0.0000105750    0.0000138596    0.0002792068
   0.0001174266    0.0000218708    0.0003194194
   0.0007751537    0.0003217931   -0.0004127745
  -0.0000355855   -0.0000277967    0.0001203417
   0.0000252820   -0.0000162518    0.0001803148
  -0.0012454240    0.0008127121   -0.0017272846
  -0.0000122197   -0.0000129474    0.0001498071
  -0.0000082180    0.0000042632    0.0000769220
   0.0000403261   -0.0000103830    0.0002308155
   0.0001014541    0.0001860837    0.0002416561
   0.0000134837    0.0000621925    0.0001917741
  -0.0000000738    0.0001013519    0.0002006093
   0.0000702283   -0.0000063567    0.0001357580
  -0.0000297230   -0.0000449174    0.0001331023
   0.0001995638   -0.0012100230   -0.0010979448
   0.0000643613   -0.0000233827    0.0003312924
  -0.0000246144   -0.0000047065    0.0001627353
  -0.0000607613   -0.0001415909    0.0002078150
   0.0629702663   -0.0001455689    0.1313810398
  -0.0030013935    0.0001319300    0.0025899470
  -0.0000071239   -0.0000225000    0.0009815004
  -0.0051989167    0.0004456100    0.0040204725
   0.0001150034   -0.0010320973    0.0031015913
   0.0000634522    0.0000425745    0.0004854615
   0.0001419427   -0.0000776853    0.0004275853
  -0.0014486521    0.0026206957    0.0035120790
  -0.0000153566    0.0000208487    0.0009541104
  -0.0000232277    0.0000485729    0.0004436733
   0.0000250034    0.0000145413    0.0009936104
  -0.0000122477   -0.0000609629    0.0004621433
  -0.0009484721   -0.0032363757    0.0037897990
  -0.0003791366    0.0010626573    0.0027693013
   0.0000429622   -0.0000489945    0.0004665415
   0.0001546627    0.0000853253    0.0004297153
   0.0011818641    0.0000066500   -0.0165572125
  -0.0023066020    0.0021776800   -0.0013004106
  -0.0000645563   -0.0000975100   -0.0003050895
   0.0004499505    0.0003551400    0.0004503357
   0.0010182408   -0.0036083114   -0.0015836244
  -0.0001450028   -0.0000929377    0.0000475711
   0.0001142549   -0.0000621178    0.0000426501
   0.0002321375   -0.0000154534    0.0007228688
   0.0000303152   -0.0000383612   -0.0002748570
  -0.0000176561    0.0001513443    0.0000452003
   0.0002095152    0.0001492912   -0.0003528070
  -0.0000058861    0.0000114657    0.0000363703
   0.0023973175    0.0005500034   -0.0007014912
  -0.0011610492    0.0005621814   -0.0001354244
  -0.0000106128   -0.0000103423   -0.0000162089
  -0.0000330751   -0.0000199022    0.0001260701
  -0.0502814503   -0.0244796256   -0.0579326791
  -0.0003305301   -0.0000310240   -0.0019113479
  -0.0003311824    0.0002901127   -0.0013475250
   0.0035597002   -0.0066728451   -0.0243609348
   0.0001601473    0.0002393375   -0.0017753779
   0.0001133090    0.0000004417   -0.0011142747
  -0.0001099623   -0.0003869264   -0.0014927214
   0.0023442214   -0.0014785247   -0.0030065966
  -0.0001383647   -0.0006252590   -0.0014821934
  -0.0003917200    0.0005085504   -0.0017725498
   0.0000839244    0.0000815673   -0.0007207224
  -0.0001350908    0.0000842211   -0.0008372777
  -0.0079167019    0.0312860810   -0.0413206757
  -0.0018405609    0.0023776546   -0.0040665593
   0.0000157698   -0.0001282394   -0.0007796497
   0.0007257339   -0.0009004135   -0.0019365410

65   
  0.0053764491443378   0.0000000000000000   0.0084317136216993
   0.0000371484   -0.0000064400    0.0001215921
   0.0000040717   -0.0000295200    0.0002268348
  -0.0000008474   -0.0000185400    0.0001964374
   0.0000176847   -0.0000300100    0.0002297857
  -0.0000088750    0.0000009641    0.0002363032
  -0.0000075849    0.0000091339    0.0002062272
   0.0000137739    0.0000246407    0.0001984575
   0.0000309568    0.0000223317    0.0002194386
   0.0000100755    0.0000058911    0.0002049079
   0.0000252944    0.0000117658    0.0002044477
   0.0000038655    0.0000180889    0.0001885679
  -0.0000013956   -0.0000029358    0.0002101977
   0.0000016668    0.0000095083    0.0002385186
   0.0000362250   -0.0000079841    0.0002169032
  -0.0000107449   -0.0000067039    0.0002105372
   0.0000233339   -0.0000011907    0.0002077075
   0.0000068912    0.0000103551    0.0002170314
   0.0000002122    0.0000013940    0.0001716370
   0.0000243372   -0.0000043286    0.0001584535
   0.0000225695   -0.0000094807    0.0001941352
  -0.0000002841   -0.0000059046    0.0001880369
   0.0000091900    0.0000106300    0.0001752757
   0.0000175598    0.0000180161    0.0001814536
   0.0000248243   -0.0000036066    0.0001778223
   0.0000152476    0.0000006000    0.0001862701
   0.0000213664   -0.0000033468    0.0002071104
   0.0000027280   -0.0000037830    0.0001878104
   0.0000112180    0.0000056814    0.0001786330
   0.0000120216    0.0000064156    0.0002068083
   0.0000094602   -0.0000020146    0.0001914747
   0.0000153978   -0.0000153285    0.0001749967
   0.0000051503   -0.0000052489    0.0001799897
   0.0000097516    0.0000089561    0.0001678736
   0.0000006813    0.0000106871    0.0001833995
  -0.0000065467    0.0000106843    0.0001898509
   0.0000118403   -0.0000009348    0.0001820383
   0.0000050651   -0.0000099729    0.0001713337
   0.0000099611    0.0000098003    0.0001687917
  -0.0000134359    0.0000357431    0.0001633890
   0.0000193246   -0.0000004656    0.0001457515
   0.0000161902   -0.0000171195    0.0001675750
   0.0000172057   -0.0000234007    0.0001416688
  -0.0000026659   -0.0000059847    0.0001594139
   0.0000196725   -0.0000014425    0.0001779981
   0.0000177336   -0.0000010705    0.0001725232
   0.0000049103   -0.0000035627    0.0001680011
   0.0000132619   -0.0000059532    0.0001783354
  -0.0000028353   -0.0000056433    0.0001102671
  -0.0011260941   -0.0000019200    0.0164886125
  -0.0004456605    0.0004269800   -0.0004988657
   0.0000925363   -0.0000721500    0.0002497695
   0.0023232820    0.0022106200    0.0012267506
  -0.0001601975   -0.0000660833   -0.0007403788
  -0.0000619749   -0.0000455378   -0.0001078001
   0.0001718328   -0.0000833877   -0.0001005511
  -0.0010515608   -0.0036233914    0.0014722844
  -0.0001603052    0.0001307312    0.0003042370
   0.0000411761    0.0001296443   -0.0001056703
  -0.0000385752   -0.0000690212    0.0002028670
   0.0000452861    0.0000038457   -0.0001067803
   0.0012341792    0.0005571614    0.0001202444
  -0.0024373775    0.0005300333    0.0006229412
   0.0000580051   -0.0000040722   -0.0001965801
   0.0000450428    0.0000031777   -0.0000166211
  -0.0649118838   -0.0002053192   -0.1298525032
   0.0052545167    0.0004249500   -0.0036857625
   0.0000410539   -0.0000675800   -0.0003272304
   0.0027083435    0.0000154100   -0.0020572271
   0.0014881421    0.0026801156   -0.0031683790
  -0.0001505827   -0.0000893453    0.0002263246
  -0.0000043622    0.0000129745    0.0001640685
  -0.0001414834   -0.0007302774   -0.0025752013
  -0.0000270234    0.0000239913   -0.0003657404
   0.0000312277    0.0000791629    0.0001984267
   0.0000866766    0.0000336687   -0.0002928804
   0.0000306277   -0.0000470629    0.0001979267
   0.0002440866    0.0009372174   -0.0023424413
   0.0011021921   -0.0033152356   -0.0033961190
  -0.0001149927    0.0000873253    0.0002399946
  -0.0000378522   -0.0000365845    0.0001542085
  -0.0032943231   -0.0065527673    0.0228608480
   0.0003962342    0.0002605664   -0.0004943928
   0.0003945366    0.0000125254    0.0000970023
   0.0503140581   -0.0244041807    0.0569108872
   0.0000991790   -0.0003830279   -0.0003143128
  -0.0001321818   -0.0000007783   -0.0006768223
  -0.0001324771    0.0002407623   -0.0000842614
  -0.0022796738   -0.0013375229    0.0013775916
   0.0004694490    0.0005035919   -0.0000168632
   0.0002381024   -0.0006264468   -0.0003758070
   0.0001585777    0.0000884447   -0.0009588877
  -0.0000970858    0.0000645126   -0.0010308519
   0.0080645855    0.0311375783    0.0400677964
  -0.0005726195   -0.0010038433    0.0003727904
   0.0000129806   -0.0001523584   -0.0009953951
   0.0017397643    0.0023235225    0.0023867401

65   
 -0.0053764491443378   0.0000000000000000  -0.0084317136216993
   0.0000115797   -0.0000073800    0.0002864348
  -0.0000209156    0.0000154500    0.0001812601
  -0.0000054360   -0.0000123800    0.0002100591
   0.0000199147    0.0000090100    0.0001777960
   0.0000260309   -0.0000243289    0.0001703773
  -0.0000075450    0.0000171363    0.0001998521
   0.0000101119    0.0000199623    0.0002052160
   0.0000063113   -0.0000216516    0.0001871302
   0.0000155242    0.0000014171    0.0002028396
   0.0000133159    0.0000110619    0.0002050094
  -0.0000075658    0.0000164829    0.0002176896
   0.0000068859    0.0000178781    0.0001987894
   0.0000337213   -0.0000169284    0.0001692402
  -0.0000240091   -0.0000005811    0.0001885773
   0.0000028650   -0.0000084663    0.0001942621
   0.0000019019   -0.0000174023    0.0002014260
  -0.0000017400    0.0000074453    0.0001663371
  -0.0000112519    0.0000043361    0.0001426031
   0.0000094319    0.0000013888    0.0001294150
   0.0000140200   -0.0000035987    0.0001404608
  -0.0000082156   -0.0000112751    0.0001582530
  -0.0000019401    0.0000116600    0.0001519240
   0.0000018998    0.0000183147    0.0001520451
   0.0000215659   -0.0000081824    0.0001603365
   0.0000113124   -0.0000005507    0.0001605590
   0.0000072439   -0.0000047037    0.0001807492
  -0.0000067180   -0.0000045868    0.0001702094
   0.0000025118    0.0000061985    0.0001572265
   0.0000102589    0.0000035734    0.0001587590
   0.0000006605   -0.0000005258    0.0001724452
   0.0000068219   -0.0000135517    0.0001581029
   0.0000056188   -0.0000060419    0.0001659578
  -0.0000048598    0.0000091170    0.0000954503
  -0.0000097117   -0.0000027669    0.0001444814
   0.0000397877   -0.0000143599    0.0001641569
   0.0000235356   -0.0000132756    0.0001244695
  -0.0000122720   -0.0000085461    0.0001255958
  -0.0000026634    0.0000105503    0.0001477966
   0.0000325880    0.0000005306    0.0001458349
   0.0000266828   -0.0000092432    0.0001576949
   0.0000106787    0.0000169470    0.0001245041
   0.0000126278    0.0000158867    0.0001141477
  -0.0000005535   -0.0000032324    0.0001246049
  -0.0000077555    0.0000126904    0.0001269986
   0.0000047295    0.0000111793    0.0001034472
   0.0000042399   -0.0000006005    0.0001098256
   0.0000098922   -0.0000216589    0.0001332910
   0.0000130286   -0.0000036979    0.0001896092
   0.0011828833   -0.0000002400   -0.0164022802
   0.0004165028   -0.0004065900    0.0008501795
  -0.0000537219    0.0000628500    0.0000973393
  -0.0023291573   -0.0021903500   -0.0009034724
   0.0001904396    0.0000298053    0.0011149958
   0.0000722910    0.0000673767    0.0004559036
  -0.0001578408    0.0000699515    0.0004664758
   0.0010763490    0.0036742988   -0.0011655903
   0.0001661869   -0.0001421385    0.0000519669
  -0.0000214572   -0.0001377790    0.0004598301
   0.0000577169    0.0000708685    0.0001519569
  -0.0000275272    0.0000054790    0.0004583801
  -0.0011670810   -0.0005448488    0.0002351097
   0.0024550696   -0.0005274753   -0.0002758742
  -0.0000327090    0.0000049533    0.0005463636
  -0.0000467608   -0.0000093715    0.0003680858
   0.0655206951   -0.0002173080    0.1327772366
  -0.0052167434   -0.0004239900    0.0041046970
  -0.0000029439    0.0000590100    0.0007593204
  -0.0027400968    0.0000101900    0.0025292726
  -0.0014528265   -0.0026952573    0.0035850413
   0.0001560022    0.0001110245    0.0002043415
   0.0000207427   -0.0000263753    0.0002516953
   0.0001689279    0.0007217957    0.0030495691
   0.0000333234   -0.0000362313    0.0007898204
  -0.0000104977   -0.0000828371    0.0002314333
  -0.0000695066   -0.0000304287    0.0007237704
  -0.0000110377    0.0000527671    0.0002294933
  -0.0001873521   -0.0009334357    0.0028105291
  -0.0010981865    0.0033309373    0.0038315413
   0.0001371622   -0.0000838945    0.0001845215
   0.0000438627    0.0000329253    0.0002751953
   0.0032429914    0.0065343670   -0.0245025465
  -0.0003399963   -0.0002600490   -0.0013254832
  -0.0004318449   -0.0000061879   -0.0019093995
  -0.0525116694    0.0256526034   -0.0608638285
  -0.0000742392    0.0004168944   -0.0015039045
   0.0001640469   -0.0000009782   -0.0011419924
   0.0001169507   -0.0002083012   -0.0017326523
   0.0023530322    0.0013252729   -0.0031851870
  -0.0004825913   -0.0005487695   -0.0017945008
  -0.0001993799    0.0006147938   -0.0014384723
  -0.0001471393   -0.0000813748   -0.0008486706
   0.0001259269   -0.0000705071   -0.0007741165
  -0.0080628825   -0.0319933902   -0.0424942888
   0.0005938972    0.0009985332   -0.0021498363
   0.0000033247    0.0001523607   -0.0008103188
  -0.0017072627   -0.0023397196   -0.0042248716

81   
  0.0053764491443378   0.0000000000000000   0.0084317136216993
   0.0001984270    0.0000722299    0.0003026029
  -0.0002240261    0.0001459304    0.0000491490
   0.0000519840   -0.0000365533    0.0002190696
  -0.0000234936   -0.0000231717    0.0001528544
   0.0000515981   -0.0002364817    0.0001762908
  -0.0000218597    0.0000549625    0.0002462792
  -0.0000074849    0.0000092190    0.0002341931
   0.0000261371   -0.0000620964    0.0002634690
   0.0000402744    0.0000251883    0.0001873020
   0.0000021892    0.0000069756    0.0002266121
  -0.0000062335    0.0000183185    0.0002432392
   0.0000301363    0.0000736850    0.0001860742
   0.0000177359   -0.0000428243    0.0001537573
  -0.0000936458    0.0000093588    0.0002545518
   0.0000798199   -0.0000258692    0.0002174948
  -0.0000291589   -0.0000107212    0.0003000892
   0.0000047271    0.0000077200    0.0000737869
  -0.0000073485    0.0000110500    0.0001335690
   0.0000050160    0.0000146700    0.0001054680
   0.0000074925    0.0000190300    0.0001383827
  -0.0000010156   -0.0000138218    0.0001413032
  -0.0000009386    0.0000088916    0.0001335297
  -0.0000110451    0.0000187841    0.0001271038
  -0.0000078498   -0.0000142918    0.0001520800
   0.0000176878   -0.0000113709    0.0001322585
   0.0000026721   -0.0000119453    0.0001557172
  -0.0000213122   -0.0000153591    0.0001312585
  -0.0000092279    0.0000064053    0.0001384572
   0.0000211102   -0.0000065682    0.0001468400
  -0.0000160456   -0.0000127082    0.0001592432
   0.0000068714   -0.0000169416    0.0001255897
  -0.0000088651   -0.0000038841    0.0001440738
   0.0001293027    0.0000073300   -0.0002654830
  -0.0000172723   -0.0000653100    0.0003258183
   0.0000324823   -0.0000197000    0.0001232147
   0.0000772168   -0.0001715600    0.0004140070
  -0.0000562806    0.0000264219    0.0003702842
  -0.0000557955   -0.0000071542    0.0000806914
   0.0000077646   -0.0000088127    0.0000495510
   0.0002087654    0.0000086995    0.0003495386
   0.0000026599    0.0000131739    0.0000983316
  -0.0000252782    0.0000303578    0.0000403136
   0.0000220799   -0.0000067739    0.0000954916
  -0.0000181282   -0.0000594778    0.0000899236
  -0.0000762046    0.0000752905    0.0004105386
   0.0000773094    0.0001092181    0.0002950242
  -0.0000349855    0.0000035342    0.0000587014
   0.0000617146    0.0000429127    0.0001295610
   0.0501201303    0.0243293356    0.0574509592
  -0.0033211502    0.0064947151    0.0233712948
  -0.0000619676    0.0004872173    0.0009048950
   0.0007906901   -0.0005096460    0.0009274379
   0.0079796419   -0.0309660010    0.0405463157
  -0.0011432739    0.0007148935    0.0014664510
  -0.0000155298    0.0000948894    0.0000747097
   0.0022254309   -0.0026414546    0.0031041893
   0.0000496747   -0.0005030110    0.0008315234
   0.0001252908   -0.0000827511    0.0001553177
  -0.0000619544   -0.0000308773   -0.0000169576
   0.0005178200   -0.0002544804    0.0010117098
   0.0002043727    0.0007665625    0.0008350979
  -0.0023431814    0.0019536747    0.0022987366
  -0.0002269877    0.0000200664    0.0010093914
  -0.0001318090   -0.0000016817    0.0004025547
  -0.0035328914   -0.0066964170    0.0240436165
   0.0526937494   -0.0258023934    0.0599114085
   0.0008769349    0.0005835879    0.0008982094
  -0.0000695337   -0.0004720910    0.0008725832
   0.0080611125    0.0323426002    0.0418328688
   0.0021875527    0.0026228896    0.0031948616
  -0.0000029847   -0.0000749907    0.0000716388
  -0.0010241572   -0.0007480732    0.0017287263
   0.0006204113    0.0002622695    0.0009500308
  -0.0000348369    0.0000164071   -0.0000085335
   0.0000730193    0.0000398248    0.0001665406
   0.0000743499    0.0004698862    0.0008131723
  -0.0001795708   -0.0000623844    0.0009451945
  -0.0023129122   -0.0018455529    0.0024487570
   0.0001715093   -0.0007751488    0.0008164023
  -0.0001700169   -0.0000025418    0.0004014924
  -0.1381292061    0.0004149562   -0.2367236583
   0.0048344562   -0.0050523400   -0.0067524964
   0.0012329178   -0.0000234200    0.0002531271
   0.0048155630    0.0049342900   -0.0070053152
   0.0027949035    0.0060834549   -0.0067953635
   0.0003721502   -0.0003390850   -0.0007538577
   0.0003389188    0.0003356197   -0.0007273131
   0.0029215501   -0.0061878621   -0.0069642279
  -0.0000550251    0.0007327728    0.0002410672
   0.0009406012    0.0000049303   -0.0007392954
  -0.0000009151   -0.0007020628    0.0002657072
   0.0009557112    0.0000391297   -0.0007406654
   0.0028687501   -0.0037903679   -0.0069197579
   0.0028527335    0.0039227551   -0.0068360635
   0.0003886802    0.0003174750   -0.0007438777
   0.0003195988   -0.0003554997   -0.0007358131

81   
 -0.0053764491443378   0.0000000000000000  -0.0084317136216993
  -0.0001769231   -0.0000916399    0.0000519352
   0.0002072542   -0.0001537452    0.0003151843
  -0.0000550358    0.0000202825    0.0001451139
   0.0000363669   -0.0000023540    0.0002147586
  -0.0000356817    0.0002266935    0.0001840046
   0.0000113617   -0.0000273132    0.0001143559
   0.0000058140    0.0000230899    0.0001263133
  -0.0000151061    0.0000614620    0.0000997107
  -0.0000210220   -0.0000212047    0.0001794665
   0.0000123322    0.0000080537    0.0001366436
  -0.0000185372    0.0000046895    0.0001179483
  -0.0000228796   -0.0000618114    0.0001812985
  -0.0000022032    0.0000264563    0.0002139868
   0.0000842511   -0.0000314638    0.0001068111
  -0.0000927291    0.0000120060    0.0001454841
   0.0000507602   -0.0000056612    0.0000635145
  -0.0000098678    0.0000095000    0.0002401042
  -0.0000069646   -0.0000042700    0.0001288352
   0.0000123801   -0.0000181100    0.0001387681
   0.0000101651   -0.0000320900    0.0001364340
  -0.0000150776   -0.0000016623    0.0001562959
  -0.0000025713    0.0000067087    0.0001517595
   0.0000152103    0.0000076692    0.0001502288
   0.0000393177    0.0000026633    0.0001282858
  -0.0000045581    0.0000066788    0.0001706386
   0.0000076682    0.0000022627    0.0001772196
   0.0000096319    0.0000044212    0.0001622586
   0.0000130982    0.0000031173    0.0001469896
  -0.0000129223    0.0000106567    0.0001623758
   0.0000133724    0.0000075723    0.0001389259
   0.0000085087   -0.0000077587    0.0001488295
   0.0000043503   -0.0000069692    0.0001482988
  -0.0001376565    0.0000092700    0.0004699001
   0.0000024439    0.0000735100   -0.0000524043
  -0.0000158122    0.0000153600    0.0001647698
  -0.0000544162    0.0001555400   -0.0001474369
   0.0000390324   -0.0000461934   -0.0001283086
   0.0000522948    0.0000208898    0.0001697908
  -0.0000044338    0.0000356423    0.0002077971
  -0.0001725661   -0.0000226185   -0.0000891649
   0.0000112434   -0.0000187089    0.0001302968
   0.0000371450   -0.0000408811    0.0001631214
  -0.0000333166   -0.0000049011    0.0001443368
   0.0000190750    0.0000687811    0.0001575414
   0.0000861239   -0.0000656215   -0.0001791749
  -0.0000809876   -0.0001113566   -0.0000568786
   0.0000516848   -0.0000276598    0.0002012008
  -0.0000677138   -0.0000511523    0.0001122571
  -0.0521961313   -0.0255642282   -0.0591453297
   0.0032964385   -0.0064945348   -0.0231120729
   0.0000752754   -0.0004924748   -0.0005897112
  -0.0008133578    0.0005130186   -0.0006147949
  -0.0079238588    0.0319157727   -0.0409840177
   0.0011081419   -0.0006860033   -0.0011591969
   0.0000094752   -0.0001088617    0.0002552264
  -0.0022778105    0.0026542823   -0.0027978821
  -0.0000668123    0.0004703439   -0.0005116627
  -0.0001129525    0.0000707712    0.0001654640
   0.0000604955    0.0000277718    0.0003432793
  -0.0005154121    0.0002711778   -0.0006796939
  -0.0001935788   -0.0007512133   -0.0005289914
   0.0023176797   -0.0019493354   -0.0019699225
   0.0002214675   -0.0000061228   -0.0006645788
   0.0001180941    0.0000001682   -0.0000804595
   0.0035499631    0.0067006873   -0.0236177380
  -0.0506309781    0.0245630407   -0.0575125273
  -0.0008272966   -0.0006130954   -0.0005129322
   0.0000809058    0.0004979636   -0.0004856472
  -0.0080586355   -0.0313938983   -0.0406989664
  -0.0021472843   -0.0025745925   -0.0028045901
   0.0000093694    0.0000618184    0.0002948751
   0.0010458895    0.0007458433   -0.0013338104
  -0.0006205890   -0.0002727719   -0.0005974168
   0.0000498758   -0.0000235126    0.0003838319
  -0.0000709277   -0.0000479547    0.0002110977
  -0.0000531024   -0.0004745532   -0.0004103031
   0.0002162810    0.0000692379   -0.0005789373
   0.0023367738    0.0018485829   -0.0020763516
  -0.0001507429    0.0007968977   -0.0004266586
   0.0001563318   -0.0000006317   -0.0000247477
   0.1377257130    0.0003479262    0.2387719892
  -0.0044996730    0.0050468300    0.0049647852
  -0.0012293178    0.0000182700   -0.0020918771
  -0.0051258562   -0.0049553200    0.0051024364
  -0.0026702101   -0.0059677421    0.0050781279
  -0.0003552988    0.0003311897   -0.0010701369
  -0.0003552802   -0.0003431550   -0.0011266223
  -0.0030276335    0.0062875149    0.0049891635
   0.0000359951   -0.0007341828   -0.0020810472
  -0.0009402412    0.0000155103   -0.0010963946
   0.0000132551    0.0007221028   -0.0021023972
  -0.0009344712   -0.0000364303   -0.0010977446
  -0.0029094335    0.0036202451    0.0051480535
  -0.0027915601   -0.0041130779    0.0049223179
  -0.0003874488   -0.0003199597   -0.0010924569
  -0.0003234402    0.0003589350   -0.0011034223
