96   
12   

1    
  0.0055247696963231   0.0000000000000000   0.0083352816270712
  -0.0928417826   -0.0002020011   -0.1821138001
   0.0014488818    0.0059728400    0.0009921165
   0.0029789584   -0.0000790900    0.0010919475
   0.0010002777   -0.0063006300    0.0011239577
   0.0009372678   -0.0058025222    0.0008994974
   0.0003379405   -0.0003508595    0.0003302825
   0.0004230464    0.0002908228    0.0003457546
   0.0011298862    0.0062455669    0.0012165381
   0.0006640738    0.0013320619    0.0010480177
   0.0009366708    0.0000451594    0.0003374137
   0.0008058538   -0.0012581419    0.0011367777
   0.0009378008    0.0000068206    0.0003386737
   0.0007991262    0.0062270931    0.0009654481
   0.0012658278   -0.0062676678    0.0011515074
   0.0003859305    0.0003138895    0.0003680625
   0.0003757164   -0.0003287528    0.0003084446
  -0.0042485516   -0.0044562723    0.0087198913
  -0.0008227967   -0.0005557169   -0.0035647417
   0.0010135627    0.0008973367   -0.0048244972
   0.0390432591   -0.0205261533    0.0398240778
  -0.0000697944   -0.0003711039   -0.0039524925
  -0.0001360650   -0.0000013860   -0.0037685925
   0.0005501950   -0.0013941473   -0.0044384172
  -0.0018571211   -0.0002384335   -0.0029276417
   0.0009641048   -0.0000330967   -0.0045774698
  -0.0002562160    0.0014542062   -0.0038044790
  -0.0001832413    0.0000561953   -0.0042183027
   0.0000279821   -0.0001762655   -0.0038686650
   0.0034796504    0.0250606472    0.0243695659
   0.0002561531   -0.0012213462   -0.0037348596
  -0.0002790599    0.0001213016   -0.0040435380
   0.0006713690    0.0014570195   -0.0021348238
   0.0411389812    0.0218510858    0.0473519216
   0.0007546157   -0.0006895291    0.0007053039
  -0.0006239691    0.0005293901    0.0018913023
  -0.0046701100    0.0046123518    0.0142228243
   0.0004881303    0.0010597526    0.0011364800
  -0.0001160860   -0.0000013759    0.0016906367
  -0.0000642034    0.0002110864    0.0014621277
  -0.0017884223    0.0003374798    0.0023828380
  -0.0001125912   -0.0011995385    0.0017245639
   0.0007104502    0.0000868260    0.0008650833
   0.0000397044    0.0001631361    0.0015368623
  -0.0001608310   -0.0000456494    0.0012501930
   0.0033044617   -0.0263743059    0.0306808466
   0.0008352807   -0.0015160393    0.0030413530
  -0.0002414887   -0.0001165355    0.0013937118
   0.0002527738    0.0011758209    0.0017380629
   0.0001386776    0.0000971495    0.0004454258
  -0.0000351335    0.0000111112    0.0005258407
   0.0000659166    0.0000599120    0.0005449114
  -0.0000749070    0.0000258587    0.0003634177
  -0.0000115628   -0.0000798533    0.0004831543
   0.0000150532   -0.0000002793    0.0005989859
  -0.0000217460   -0.0000438579    0.0005864728
   0.0000006791    0.0000676293    0.0004117934
   0.0000927915    0.0000509982    0.0004936935
  -0.0000208649    0.0000017128    0.0005777713
  -0.0000024005    0.0000189352    0.0004260953
   0.0000403762   -0.0000436650    0.0005795677
  -0.0000297137   -0.0001235872    0.0004043133
   0.0001059216   -0.0000603836    0.0003919334
  -0.0000356222    0.0000250680    0.0005025631
  -0.0000111964   -0.0000067786    0.0004320527
   0.0002612793    0.0001334512    0.0008532049
   0.0000284636    0.0000333677    0.0004818284
  -0.0001305122    0.0000925118    0.0007261350
   0.0000533937   -0.0003785800    0.0002758083
   0.0000462527   -0.0000099842    0.0004656504
  -0.0000114132   -0.0000238703    0.0004982720
  -0.0000344310   -0.0000086322    0.0005627206
   0.0000110697    0.0000316624    0.0006083052
   0.0000291671   -0.0002256119    0.0007892505
  -0.0000092088   -0.0000245488    0.0005711755
  -0.0000017715    0.0000000089    0.0005420243
  -0.0000065809   -0.0000265902    0.0005987858
  -0.0003772738    0.0002479322    0.0002289768
   0.0000281864    0.0000005184    0.0005945929
  -0.0000144264    0.0000272125    0.0005758887
   0.0002798534    0.0001303128    0.0003211760
   0.0000201432    0.0000043908    0.0011682428
   0.0000101330    0.0000104167    0.0011096768
   0.0000053910    0.0000038120    0.0011631086
   0.0000125118    0.0000127248    0.0010918929
   0.0000161975   -0.0000030879    0.0011141991
  -0.0000020305   -0.0000077486    0.0011050240
   0.0000305809    0.0000046711    0.0011058128
  -0.0000159579    0.0000059616    0.0011124734
   0.0000113760   -0.0000080025    0.0011658453
   0.0000208758    0.0000161982    0.0011177010
   0.0000105161    0.0000001399    0.0011117424
  -0.0000121281    0.0000185833    0.0011015754
   0.0000223337   -0.0000060976    0.0010811121
   0.0000006581   -0.0000194246    0.0011203016
   0.0000143528   -0.0000261200    0.0010980954
   0.0000011366   -0.0000068472    0.0011016743

1    
 -0.0055247696963231   0.0000000000000000  -0.0083352816270712
   0.0921145536   -0.0002158417    0.1835797366
  -0.0012498377   -0.0059338800    0.0005902823
  -0.0029709484    0.0000685200    0.0004567325
  -0.0011891018    0.0063428100    0.0003869235
  -0.0009322562    0.0058449869    0.0006246519
  -0.0003428564    0.0003326228    0.0012172954
  -0.0004048205   -0.0003069995    0.0012001575
  -0.0011236578   -0.0062080122    0.0003524626
  -0.0006717538   -0.0013341419    0.0004971223
  -0.0009264408   -0.0000419506    0.0012092663
  -0.0007831038    0.0012600119    0.0004165623
  -0.0009298008   -0.0000227494    0.0012102463
  -0.0008151178   -0.0062304678    0.0005220826
  -0.0012368462    0.0062655631    0.0004548219
  -0.0003955764   -0.0003148328    0.0011890854
  -0.0003553605    0.0003281395    0.0012280675
   0.0043007568    0.0044617856   -0.0172478911
   0.0008039570    0.0005587210   -0.0048211098
  -0.0009862856   -0.0008849705   -0.0035761931
  -0.0405894149    0.0214764160   -0.0500221757
   0.0000768934    0.0003536723   -0.0044251204
   0.0001356917   -0.0000097459   -0.0046169123
  -0.0005333623    0.0013616432   -0.0039600840
   0.0018497253    0.0002382639   -0.0054644068
  -0.0009448546    0.0000431646   -0.0038075418
   0.0002487024   -0.0014173030   -0.0045850521
   0.0001884165   -0.0000466473   -0.0041700719
  -0.0000225507    0.0001809051   -0.0045093425
  -0.0034075270   -0.0258486499   -0.0335243670
  -0.0002779598    0.0012214618   -0.0046653293
   0.0002806380   -0.0001314966   -0.0043386813
  -0.0006956748   -0.0014734043   -0.0062694640
  -0.0395896060   -0.0209103233   -0.0429600949
  -0.0007634740    0.0007106751    0.0018756358
   0.0006580390   -0.0005324560    0.0006902895
   0.0046421949   -0.0046096086   -0.0115157752
  -0.0004785536   -0.0010896974    0.0014465808
   0.0001194793   -0.0000095460    0.0008841381
   0.0000808845   -0.0002279380    0.0011075655
   0.0018017092   -0.0003358376    0.0001976528
   0.0001335450    0.0012287620    0.0008589773
  -0.0007148406   -0.0000740375    0.0017028982
  -0.0000308558   -0.0001619265    0.0010329152
   0.0001697058    0.0000583974    0.0013233917
  -0.0033552054    0.0256019934   -0.0273410065
  -0.0008002430    0.0014954436   -0.0004518128
   0.0002608006    0.0001061305    0.0011771875
  -0.0002231675   -0.0011728255    0.0008529461
  -0.0001245124   -0.0000922683    0.0004322265
   0.0000406010   -0.0000070924    0.0003511655
  -0.0000560557   -0.0000587214    0.0003314873
   0.0000787035   -0.0000249809    0.0005119449
   0.0000205081    0.0000747504    0.0003898794
  -0.0000056581    0.0000000107    0.0002771782
   0.0000298997    0.0000417197    0.0002877186
   0.0000071266   -0.0000661816    0.0004585097
  -0.0000800686   -0.0000490159    0.0003821641
   0.0000239167   -0.0000011575    0.0002994115
   0.0000129552   -0.0000182807    0.0004481923
  -0.0000346855    0.0000456103    0.0002935549
   0.0000352343    0.0001173602    0.0004709524
  -0.0000959558    0.0000600258    0.0004769758
   0.0000444642   -0.0000268315    0.0003702352
   0.0000192576    0.0000072829    0.0004411027
  -0.0002534980   -0.0001357672    0.0003678752
  -0.0000217458   -0.0000319931    0.0007337888
   0.0001386867   -0.0000912077    0.0004896073
  -0.0000398197    0.0003725675    0.0009298470
  -0.0000360461    0.0000089930    0.0007491650
   0.0000187947    0.0000233933    0.0007180981
   0.0000424100    0.0000086517    0.0006548505
  -0.0000047664   -0.0000318774    0.0006071122
  -0.0000194507    0.0002262858    0.0004281021
   0.0000170399    0.0000234254    0.0006443212
   0.0000098081   -0.0000003611    0.0006755880
   0.0000144051    0.0000284012    0.0006177468
   0.0003754944   -0.0002396715    0.0009693137
  -0.0000202075    0.0000006632    0.0006208171
   0.0000240842   -0.0000281118    0.0006411210
  -0.0002688179   -0.0001319809    0.0008884863
  -0.0000118688   -0.0000064870    0.0010139694
  -0.0000035614   -0.0000098161    0.0010715149
   0.0000025564   -0.0000031510    0.0010198132
  -0.0000027253   -0.0000123293    0.0010878939
  -0.0000066268    0.0000027086    0.0010671825
   0.0000093505    0.0000076378    0.0010750068
  -0.0000220219   -0.0000048400    0.0010744990
   0.0000226282   -0.0000047485    0.0010689103
  -0.0000025474    0.0000081683    0.0010171309
  -0.0000124940   -0.0000170914    0.0010649341
  -0.0000022453   -0.0000001401    0.0010693787
   0.0000188171   -0.0000173138    0.0010795354
  -0.0000153813    0.0000078240    0.0010966219
   0.0000085161    0.0000206336    0.0010613950
  -0.0000051830    0.0000249898    0.0010823050
   0.0000060471    0.0000055453    0.0010781464

17   
  0.0055247696963231   0.0000000000000000   0.0083352816270712
  -0.0063841868   -0.0056392356    0.0151289811
   0.0426667549   -0.0226336760    0.0452674457
  -0.0008684944   -0.0006870395    0.0013481631
   0.0009891530    0.0004793290    0.0001629298
   0.0034233170    0.0282276299    0.0300361870
   0.0016145348    0.0020621643    0.0021503840
  -0.0003158280    0.0003244866    0.0008953813
  -0.0007590202   -0.0006231218    0.0018573693
  -0.0002550154   -0.0001391146    0.0011484018
   0.0001295307   -0.0002281551    0.0009649225
  -0.0003724865   -0.0000033227    0.0008216319
   0.0009023076   -0.0012899470    0.0003606121
   0.0005507766    0.0000974477    0.0005494504
  -0.0018973853   -0.0013384739    0.0020015668
  -0.0001535777    0.0017125668    0.0009506940
  -0.0001733117    0.0000304659    0.0011699623
  -0.0579540660   -0.0027863542   -0.0974853402
   0.0076164482   -0.0000018400   -0.0054194510
   0.0002325673    0.0000881800   -0.0044606562
   0.0084331580    0.0000438600   -0.0059691331
   0.0012121903    0.0034306613   -0.0055358858
  -0.0000990785   -0.0000606936   -0.0042996357
   0.0003256173   -0.0001643051   -0.0042342064
   0.0017366427   -0.0041713669   -0.0058079468
   0.0000259998    0.0001662696   -0.0044485560
   0.0000238028    0.0003046738   -0.0042830858
  -0.0000368502   -0.0001074096   -0.0044848260
   0.0000198628    0.0000932562   -0.0042846858
   0.0016960727    0.0041815769   -0.0058114268
   0.0012602403   -0.0033406513   -0.0055325158
   0.0001527615   -0.0000625464   -0.0041130557
   0.0000727773    0.0000459751   -0.0044190464
  -0.0019183621    0.0000516300    0.0070215478
   0.0015372972    0.0010641100    0.0037167676
   0.0000108073    0.0002703200    0.0009660841
  -0.0013229075    0.0007334600    0.0018072197
   0.0010816139    0.0009145268    0.0027017007
  -0.0002878858   -0.0001281074    0.0007780683
   0.0007123735   -0.0004284641    0.0008920571
  -0.0018187772    0.0007320770    0.0027777116
   0.0001347200   -0.0000249015    0.0008434674
  -0.0000478069    0.0006373162    0.0008508026
  -0.0002439100   -0.0000992285    0.0011009574
  -0.0000367869   -0.0001102862    0.0008775426
  -0.0003219072   -0.0012072470    0.0017499116
  -0.0003827461   -0.0021060468    0.0037339907
   0.0000651042   -0.0000434926    0.0005220083
   0.0003387735    0.0002332641    0.0012012171
  -0.0000300374    0.0000322100    0.0004074538
  -0.0000356799    0.0000210200    0.0004500514
  -0.0000311220    0.0000556300    0.0004316057
  -0.0000190422    0.0000183200    0.0004297875
  -0.0000447049    0.0000266017    0.0004537473
  -0.0000226872    0.0000288149    0.0004286290
  -0.0000129417    0.0000262630    0.0004114199
  -0.0000146258    0.0000319969    0.0004255504
  -0.0000131545    0.0000214615    0.0004257252
  -0.0000197556    0.0000365826    0.0004210041
  -0.0000542745    0.0000179285    0.0004363452
  -0.0000198856    0.0000122974    0.0004503841
  -0.0000345858    0.0000486331    0.0004370804
  -0.0000206549    0.0000399883    0.0004412173
  -0.0000470172    0.0000473851    0.0004626290
  -0.0000142317    0.0000338170    0.0004390599
   0.0000063223    0.0000489415    0.0005621032
  -0.0000385130    0.0000254765    0.0005390507
  -0.0000383135    0.0000269737    0.0005450996
  -0.0000379482    0.0000406636    0.0005880831
  -0.0000390517    0.0000207345    0.0005398751
  -0.0000348927    0.0000313803    0.0005795478
  -0.0000295063    0.0000440593    0.0005423734
  -0.0000252316    0.0000520388    0.0005529345
  -0.0000300797    0.0000322347    0.0005402791
  -0.0000223449    0.0000370023    0.0005434185
  -0.0000248719    0.0000382031    0.0005528530
  -0.0000188427    0.0000216970    0.0005473096
  -0.0000141899    0.0000056453    0.0005737018
  -0.0000036580    0.0000138545    0.0005387496
  -0.0000370518    0.0000351492    0.0005498869
  -0.0000405120    0.0000261957    0.0005648328
  -0.0000311820    0.0000347035    0.0011560841
  -0.0000255540    0.0000281502    0.0011518983
  -0.0000283773    0.0000255006    0.0011487855
  -0.0000278554    0.0000278385    0.0011593904
  -0.0000330946    0.0000321000    0.0011473579
  -0.0000281683    0.0000313000    0.0011465422
  -0.0000253169    0.0000348926    0.0011538159
  -0.0000261102    0.0000288927    0.0011540711
  -0.0000323232    0.0000317373    0.0011485565
  -0.0000246722    0.0000343395    0.0011522773
  -0.0000257170    0.0000343629    0.0011481448
  -0.0000304876    0.0000314174    0.0011442243
  -0.0000265946    0.0000329780    0.0011575923
  -0.0000290600    0.0000278409    0.0011528732
  -0.0000309902    0.0000288496    0.0011457546
  -0.0000262246    0.0000356663    0.0011551991

17   
 -0.0055247696963231   0.0000000000000000  -0.0083352816270712
   0.0062753916    0.0055940123   -0.0134865113
  -0.0410275091    0.0216788333   -0.0417980878
   0.0008503573    0.0007162133    0.0002098172
  -0.0010695333   -0.0004647531    0.0014226617
  -0.0034471704   -0.0274427772   -0.0277923059
  -0.0017264490   -0.0020654595   -0.0005938462
   0.0002635099   -0.0003119516    0.0006654180
   0.0007167869    0.0006345962   -0.0003386704
   0.0002360252    0.0001791467    0.0004103798
  -0.0001993521    0.0002579655    0.0005846650
   0.0003268513    0.0000240547    0.0007318027
  -0.0009642140    0.0013214038    0.0012142890
  -0.0006114756   -0.0001031861    0.0010163725
   0.0018305011    0.0014058335   -0.0004717483
   0.0001075350   -0.0017035527    0.0006093372
   0.0001207350   -0.0000097740    0.0003843625
   0.0609460568    0.0010226431    0.0839902854
  -0.0075913280    0.0000082800   -0.0030332269
  -0.0002636673   -0.0000654400   -0.0039483138
  -0.0085294482   -0.0000221100   -0.0024397590
  -0.0013127727   -0.0034406469   -0.0028950232
   0.0000493227    0.0000732949   -0.0041121636
  -0.0003824115    0.0001908664   -0.0041704043
  -0.0017303303    0.0041447013   -0.0025960742
  -0.0000699398   -0.0001241996   -0.0039724040
  -0.0000651328   -0.0002733062   -0.0041228442
  -0.0000077998    0.0001234196   -0.0039260940
  -0.0000787128   -0.0000673538   -0.0041318142
  -0.0017149903   -0.0041317213   -0.0025967942
  -0.0013342327    0.0033925169   -0.0029041032
  -0.0002024873    0.0000802651   -0.0042997236
  -0.0001183515   -0.0000255564   -0.0039711543
   0.0018613535   -0.0000119500   -0.0043708878
  -0.0015832559   -0.0010412600   -0.0011533113
  -0.0000526098   -0.0002473600    0.0015904473
   0.0012803347   -0.0007190300    0.0007354304
  -0.0011637481   -0.0009191261   -0.0001788551
   0.0002581220    0.0001511095    0.0017835407
  -0.0007692930    0.0004553466    0.0016711833
   0.0017674100   -0.0007160294   -0.0002249141
  -0.0001835431    0.0000634996    0.0017275207
   0.0000074694   -0.0006155819    0.0017106570
   0.0001955669    0.0001195104    0.0014565507
  -0.0000201606    0.0001417419    0.0016842170
   0.0002726500    0.0012416194    0.0007658559
   0.0003230219    0.0020924461   -0.0011574151
  -0.0001149880    0.0000636305    0.0020325707
  -0.0003904930   -0.0002160366    0.0013433633
  -0.0000193594   -0.0000084600    0.0005117412
  -0.0000106109    0.0000016600    0.0004681246
  -0.0000181147   -0.0000340700    0.0004851379
  -0.0000257636    0.0000031100    0.0004889864
  -0.0000043734   -0.0000054427    0.0004724720
  -0.0000222588   -0.0000084620    0.0004890277
  -0.0000348500   -0.0000030729    0.0005020194
  -0.0000324996   -0.0000120120    0.0004885279
  -0.0000371053    0.0000044002    0.0004913474
  -0.0000269256   -0.0000164060    0.0004949676
   0.0000068547    0.0000034598    0.0004779274
  -0.0000259456    0.0000116760    0.0004629576
  -0.0000156896   -0.0000254480    0.0004788379
  -0.0000260334   -0.0000184173    0.0004779920
   0.0000011912   -0.0000248280    0.0004515877
  -0.0000329700   -0.0000147671    0.0004746494
  -0.0000528197   -0.0000232744    0.0007007447
  -0.0000069328   -0.0000041732    0.0007238780
  -0.0000089764   -0.0000071434    0.0007170304
  -0.0000131079   -0.0000192056    0.0006762757
  -0.0000091725    0.0000013858    0.0007225288
  -0.0000141052   -0.0000088097    0.0006806542
  -0.0000165363   -0.0000213984    0.0007195578
  -0.0000215437   -0.0000313141    0.0007096842
  -0.0000194431   -0.0000125978    0.0007202146
  -0.0000247843   -0.0000122319    0.0007209911
  -0.0000219562   -0.0000162352    0.0007067904
  -0.0000266670    0.0000004951    0.0007155917
  -0.0000296448    0.0000149204    0.0006875639
  -0.0000466246    0.0000064213    0.0007237507
  -0.0000107335   -0.0000117706    0.0007120267
  -0.0000075258   -0.0000013482    0.0006964010
  -0.0000152888   -0.0000090123    0.0011163477
  -0.0000199051   -0.0000066099    0.0011167929
  -0.0000184135   -0.0000061404    0.0011219233
  -0.0000234445   -0.0000058985    0.0011093483
  -0.0000157648   -0.0000099093    0.0011227230
  -0.0000201117   -0.0000084800    0.0011236278
  -0.0000204937   -0.0000117819    0.0011164433
  -0.0000205398   -0.0000085213    0.0011159489
  -0.0000168170   -0.0000118281    0.0011224132
  -0.0000228875   -0.0000099503    0.0011151131
  -0.0000218028   -0.0000127729    0.0011228254
  -0.0000154825   -0.0000097673    0.0011237655
  -0.0000169761   -0.0000125372    0.0011137580
  -0.0000218289   -0.0000070217    0.0011157486
  -0.0000167998   -0.0000051599    0.0011248355
  -0.0000220465   -0.0000100070    0.0011141092

33   
  0.0055247696963231   0.0000000000000000   0.0083352816270712
   0.0413332760    0.0219634233    0.0437588649
  -0.0064844049    0.0056576086    0.0148304052
   0.0009502810   -0.0002626440    0.0003150005
  -0.0008658160    0.0007605549    0.0012559042
   0.0033023154   -0.0277132234    0.0294519665
  -0.0004685725    0.0007880155    0.0017050739
  -0.0002681306   -0.0002368405    0.0008977025
   0.0015181530   -0.0019055736    0.0020682528
   0.0009339950    0.0011598080    0.0005041927
  -0.0003033758    0.0000324526    0.0008289283
   0.0001365658    0.0002501465    0.0009582248
  -0.0003803494    0.0002092275    0.0010729318
  -0.0000614764   -0.0015759126    0.0009783492
  -0.0018054092    0.0011702576    0.0018895372
   0.0004412055   -0.0001862020    0.0006032745
  -0.0001318393    0.0000159660    0.0011914219
  -0.0018844435    0.0000101000    0.0014935878
  -0.0013172347   -0.0006916600   -0.0036180504
   0.0000272398   -0.0002299800   -0.0044687873
   0.0015382959   -0.0010288100   -0.0017209387
  -0.0017937200   -0.0006764094   -0.0026618259
   0.0007191830    0.0004630966   -0.0044843333
  -0.0002801720    0.0001755395   -0.0046615407
   0.0011375881   -0.0008866261   -0.0026958049
  -0.0002369169    0.0001472104   -0.0043413307
  -0.0000289194   -0.0005701619   -0.0045568470
   0.0001634131    0.0000921496   -0.0046037807
  -0.0000277894    0.0001126719   -0.0045901970
  -0.0003667619    0.0021090861   -0.0017276849
  -0.0003089600    0.0012762894   -0.0036392459
   0.0003171230   -0.0001771766   -0.0042506033
   0.0001298780    0.0001312805   -0.0049497407
  -0.0589849050   -0.0014522906   -0.0982207556
   0.0085277382    0.0001571400   -0.0003780810
   0.0002086773   -0.0000348400    0.0011137438
   0.0077380580    0.0000504900    0.0001248569
   0.0017958903    0.0040299013   -0.0001930758
   0.0002694615    0.0001683464    0.0012900943
  -0.0000459327    0.0000743649    0.0012751136
   0.0013002627   -0.0034790069   -0.0000382469
  -0.0000281402    0.0001323496    0.0010915740
   0.0000308428   -0.0001755962    0.0012662842
   0.0000352298   -0.0000866796    0.0011432340
   0.0000452828   -0.0000072338    0.0012732442
   0.0014715727    0.0035345069    0.0000694231
   0.0016290903   -0.0041788213   -0.0002972458
   0.0000961015   -0.0000078864    0.0011638343
   0.0001159673    0.0000795351    0.0014000836
   0.0000910351    0.0000175300    0.0006569802
   0.0000495942    0.0000249800    0.0008026511
   0.0000394546   -0.0000019900    0.0004110806
  -0.0001808829   -0.0001793100    0.0006091721
   0.0000333814    0.0001406567    0.0008870164
  -0.0000397046    0.0000355301    0.0004543033
  -0.0000326165   -0.0000068630    0.0004701981
   0.0000809066    0.0001859973    0.0005283769
  -0.0000019160    0.0000428917    0.0004034704
  -0.0000763348    0.0000211588    0.0004617099
   0.0000316740    0.0000109883    0.0004196504
  -0.0000313648    0.0000731312    0.0003809899
  -0.0002129634   -0.0000821373    0.0007879769
   0.0000673814    0.0000088833    0.0006249964
   0.0000631754   -0.0000383301    0.0004226233
  -0.0000320565    0.0000154030    0.0003397981
   0.0015065349    0.0010153211    0.0030539535
  -0.0000264238    0.0000307578    0.0007012090
  -0.0000076098    0.0000287735    0.0007520737
  -0.0006764185    0.0002805581    0.0011025715
   0.0000034550    0.0000069105    0.0007209176
  -0.0000146657    0.0000174344    0.0007198267
  -0.0000105377   -0.0000024994    0.0007328776
  -0.0000096379    0.0000689852    0.0006156259
   0.0000005220    0.0000045804    0.0007469415
  -0.0000323575    0.0000304447    0.0007059067
   0.0000180238    0.0000373172    0.0006925541
  -0.0000249052    0.0000205493    0.0007385173
  -0.0002213701   -0.0012407048    0.0020718862
   0.0000831748   -0.0000353907    0.0006662563
  -0.0000192502   -0.0000076610    0.0007162926
  -0.0000063082    0.0000183898    0.0005657064
  -0.0000118512    0.0000057779    0.0011210417
  -0.0000274131   -0.0000011276    0.0010614837
  -0.0000123390    0.0000169045    0.0010992787
  -0.0000104134    0.0000254743    0.0009844227
  -0.0000313572    0.0000086890    0.0010771391
  -0.0000095821    0.0000176305    0.0010701694
  -0.0000093609    0.0000214005    0.0010852195
  -0.0000407995   -0.0000467983    0.0010425104
  -0.0000107048    0.0000262483    0.0010929556
  -0.0000039053    0.0000268377    0.0010672711
  -0.0000122494    0.0000171047    0.0011011876
  -0.0000145077    0.0000167474    0.0010841564
   0.0000054786    0.0000189790    0.0010540734
  -0.0000792162    0.0000406286    0.0010372037
  -0.0000141839    0.0000161465    0.0010945931
   0.0000319878    0.0000591070    0.0010462053

33   
 -0.0055247696963231   0.0000000000000000  -0.0083352816270712
  -0.0430509012   -0.0229552858   -0.0441131216
   0.0065266400   -0.0057288118   -0.0133706243
  -0.0009390509    0.0002625799    0.0012123077
   0.0008222943   -0.0007537109    0.0002947161
  -0.0033453217    0.0284779959   -0.0285814166
   0.0004545362   -0.0007985609   -0.0001166829
   0.0002540787    0.0002303955    0.0006632082
  -0.0014812507    0.0018805393   -0.0005217230
  -0.0009350288   -0.0011524815    0.0010330861
   0.0002872410   -0.0000352706    0.0007282970
  -0.0001465344   -0.0002482161    0.0005980877
   0.0003309598   -0.0001937060    0.0004811567
   0.0000457597    0.0015648774    0.0005754900
   0.0018042723   -0.0011367498   -0.0003141080
  -0.0004532066    0.0001553336    0.0009406223
   0.0001210860   -0.0000176741    0.0003634633
   0.0018764621   -0.0000235200   -0.0099806478
   0.0012855975    0.0006760900   -0.0047486897
  -0.0000475073    0.0002052300   -0.0039265641
  -0.0015604172    0.0010141600   -0.0066610176
   0.0017943872    0.0006886770   -0.0057388916
  -0.0007477135   -0.0004457241   -0.0039239971
   0.0002563558   -0.0001592274   -0.0037463383
  -0.0011369539    0.0008768768   -0.0056820607
   0.0002139800   -0.0001776885   -0.0040506174
   0.0000020469    0.0005581462   -0.0038275726
  -0.0001829100   -0.0001004615   -0.0038047374
   0.0000208369   -0.0001219962   -0.0037981626
   0.0003702761   -0.0021255668   -0.0066976807
   0.0002812372   -0.0012452270   -0.0047240316
  -0.0003266335    0.0001854341   -0.0041509571
  -0.0001568442   -0.0001126226   -0.0034556183
   0.0622888006    0.0019134009    0.1010901436
  -0.0085055780   -0.0001595100    0.0029246031
  -0.0002395373    0.0000113200    0.0014533562
  -0.0078263282   -0.0000795700    0.0024657710
  -0.0018490027   -0.0040640169    0.0027626169
  -0.0002973573   -0.0001524951    0.0012791264
   0.0000405385   -0.0000677136    0.0013047557
  -0.0012818203    0.0034616513    0.0026432358
   0.0000019702   -0.0001663796    0.0014727960
  -0.0000554228    0.0001725938    0.0012832958
  -0.0000592898    0.0000817296    0.0014351460
  -0.0000520128   -0.0000049138    0.0012891858
  -0.0014522003   -0.0034842113    0.0025327958
  -0.0016881327    0.0042233969    0.0028684469
  -0.0001102173    0.0000178651    0.0014047264
  -0.0001446415   -0.0000641564    0.0011830857
  -0.0001092550   -0.0000186300    0.0002588808
  -0.0000652717   -0.0000193300    0.0001134148
  -0.0000581439   -0.0000002900    0.0004980059
   0.0001638445    0.0001787900    0.0003034383
  -0.0000469392   -0.0001429846    0.0000332354
   0.0000223484   -0.0000390221    0.0004560076
   0.0000151230    0.0000069064    0.0004377050
  -0.0001029473   -0.0001902554    0.0003816272
  -0.0000174346   -0.0000425963    0.0005065958
   0.0000583153   -0.0000230586    0.0004476256
  -0.0000498146   -0.0000137837    0.0004902458
   0.0000136453   -0.0000718314    0.0005266556
   0.0001952827    0.0000779454    0.0001278072
  -0.0000893892   -0.0000147054    0.0002895854
  -0.0000795816    0.0000353121    0.0004857976
   0.0000125230   -0.0000187964    0.0005677150
  -0.0014845629   -0.0009867701   -0.0017214139
   0.0000085376   -0.0000314159    0.0005646956
  -0.0000112285   -0.0000309955    0.0005131363
   0.0006592560   -0.0002831256    0.0001488437
  -0.0000207525   -0.0000092401    0.0005454391
  -0.0000043275   -0.0000189457    0.0005453732
  -0.0000075143    0.0000010715    0.0005347057
  -0.0000101679   -0.0000715199    0.0006465322
  -0.0000189997   -0.0000068371    0.0005173260
   0.0000131730   -0.0000327760    0.0005602220
  -0.0000362547   -0.0000394885    0.0005711553
   0.0000068217   -0.0000215729    0.0005281459
   0.0001978062    0.0012202298   -0.0007905307
  -0.0001029499    0.0000335476    0.0005961523
   0.0000012842    0.0000060671    0.0005513074
  -0.0000119756   -0.0000193039    0.0006970444
  -0.0000058431   -0.0000069822    0.0011226182
   0.0000083923   -0.0000014256    0.0011781499
  -0.0000058499   -0.0000195242    0.0011410094
  -0.0000089698   -0.0000269752    0.0012560353
   0.0000118191   -0.0000106183    0.0011638050
  -0.0000095145   -0.0000188695    0.0011678230
  -0.0000082433   -0.0000230694    0.0011537506
   0.0000219281    0.0000451201    0.0011977339
  -0.0000080004   -0.0000278138    0.0011464788
  -0.0000147532   -0.0000281463    0.0011719649
  -0.0000060874   -0.0000190987    0.0011376370
  -0.0000039918   -0.0000185837    0.0011534250
  -0.0000234754   -0.0000206314    0.0011883930
   0.0000595572   -0.0000416514    0.0012026582
  -0.0000036376   -0.0000172589    0.0011452520
  -0.0000513623   -0.0000598913    0.0011925276

49   
  0.0055247696963231   0.0000000000000000   0.0083352816270712
   0.0000730724    0.0000727683    0.0008143835
  -0.0000475435    0.0000031609    0.0006777651
   0.0000113657   -0.0000441086    0.0009116327
  -0.0000211710   -0.0001154976    0.0008469345
  -0.0000476543   -0.0000675102    0.0007474076
   0.0000556424    0.0000433271    0.0007213673
  -0.0000542242    0.0001350815    0.0008484148
   0.0000003558   -0.0000090158    0.0008018042
  -0.0000479414    0.0000703759    0.0009164759
   0.0001163655   -0.0000945903    0.0008628451
  -0.0001165752   -0.0000332393    0.0008336677
   0.0000822833    0.0000441375    0.0008452585
  -0.0001152981    0.0000262396    0.0008837406
  -0.0000180166   -0.0000259084    0.0007610503
   0.0000438303    0.0000414403    0.0008769514
  -0.0000054319    0.0000059993    0.0009432918
  -0.0000066906    0.0000035600   -0.0042004312
  -0.0000284764    0.0000173200   -0.0041578464
  -0.0000121653   -0.0000101800   -0.0041762179
   0.0000035109    0.0000124100   -0.0041693046
  -0.0000077804   -0.0000195920   -0.0041692179
  -0.0000323000   -0.0000114429   -0.0041400294
   0.0000092388   -0.0000036420   -0.0041627377
  -0.0000111766   -0.0000140327   -0.0041560820
  -0.0000232347    0.0000081798   -0.0041619674
  -0.0000046744    0.0000281440   -0.0041469976
  -0.0000028247    0.0000047302   -0.0041926474
  -0.0000038044   -0.0000051540   -0.0041811676
   0.0000108434    0.0000113427   -0.0041751520
  -0.0000343504    0.0000125220   -0.0041539279
  -0.0000034600    0.0000076529   -0.0041842694
   0.0000059788    0.0000109720   -0.0041874577
   0.0000960750    0.0000040500    0.0014606592
  -0.0002103045    0.0001791300    0.0014430817
   0.0000444139   -0.0000133200    0.0012282441
   0.0000801916    0.0002837300    0.0015988852
   0.0000548573   -0.0003344554    0.0014282428
  -0.0000466430   -0.0000034536    0.0011653950
   0.0000832816   -0.0000626121    0.0012284524
  -0.0001943508   -0.0001401146    0.0016113046
   0.0000087346    0.0000226863    0.0012171942
  -0.0000329153    0.0000796714    0.0011927944
   0.0000345846   -0.0000060763    0.0012409242
  -0.0000763653    0.0000223786    0.0012750244
   0.0003354292    0.0000411746    0.0015070346
  -0.0002135127   -0.0000105546    0.0015375428
  -0.0000150430   -0.0000276764    0.0012838050
  -0.0000523684    0.0000191021    0.0012750524
  -0.1158184209   -0.0006110639   -0.2012072606
   0.0020538386    0.0041062100   -0.0063221047
   0.0000793816    0.0000481200    0.0014465136
   0.0020370074   -0.0041161300   -0.0065848416
   0.0020109265   -0.0041161323   -0.0064494632
   0.0004462066   -0.0000012115    0.0006971393
   0.0002994980    0.0000898528    0.0007453417
   0.0020863154    0.0040991122   -0.0064570116
  -0.0000857683    0.0001019561    0.0014704438
   0.0004488159   -0.0000790478    0.0007216955
  -0.0001696783   -0.0001421761    0.0014239138
   0.0004490959    0.0000431778    0.0007217355
   0.0020332353    0.0041661178   -0.0065809816
   0.0020541265   -0.0040448677   -0.0063260732
   0.0004122666    0.0000289215    0.0006805193
   0.0003350680   -0.0000598528    0.0007636317
  -0.0010467991   -0.0053029818    0.0206519822
  -0.0001579462   -0.0006137534    0.0013773048
   0.0006469552    0.0002800824    0.0017193313
   0.0431283785   -0.0202015644    0.0495079781
  -0.0004390744    0.0000253815    0.0016343516
  -0.0001119819    0.0000028491    0.0008168363
   0.0002593462   -0.0005471287    0.0014683681
  -0.0020681098   -0.0020950959    0.0023135410
   0.0002716940    0.0003642039    0.0018093593
   0.0001612861    0.0005106679    0.0012962792
   0.0000895060    0.0000809255    0.0006209636
  -0.0000294602   -0.0000042822    0.0003720900
   0.0081321892    0.0256265582    0.0352008097
  -0.0014920133   -0.0003293223    0.0017447284
  -0.0000439821   -0.0000655261    0.0004954840
   0.0021381779    0.0024241330    0.0028780180
   0.0458033299    0.0216761649    0.0534399984
   0.0006721957   -0.0003824632    0.0022357975
  -0.0001155172    0.0005785660    0.0018411954
  -0.0013435150    0.0055506443    0.0221820061
   0.0001710659    0.0005789619    0.0020020878
  -0.0001691241    0.0000028291    0.0013237528
  -0.0003847204    0.0000128662    0.0020699519
  -0.0019834355    0.0019249893    0.0030463882
   0.0001431543   -0.0004289213    0.0018000725
   0.0003699841   -0.0003404362    0.0022681486
   0.0000090720    0.0000117129    0.0009211940
   0.0000232140   -0.0000124699    0.0011411362
   0.0082582781   -0.0270868571    0.0376792528
   0.0020552077   -0.0023274938    0.0034735040
  -0.0000051295    0.0000115640    0.0010320878
  -0.0012779190    0.0004031300    0.0026216588

49   
 -0.0055247696963231   0.0000000000000000  -0.0083352816270712
  -0.0000726076   -0.0000717495    0.0007307042
   0.0000529070   -0.0000026387    0.0008709823
  -0.0000076666    0.0000426280    0.0006385586
   0.0000162435    0.0001138088    0.0007050293
   0.0000496437    0.0000688972    0.0008022367
  -0.0000533536   -0.0000474714    0.0008326673
   0.0000559922   -0.0001389580    0.0007041369
   0.0000045684    0.0000059336    0.0007588266
   0.0000476685   -0.0000666382    0.0006365765
  -0.0001142762    0.0000985550    0.0006882523
   0.0001182705    0.0000333248    0.0007197947
  -0.0000759151   -0.0000400728    0.0007100887
   0.0001142728   -0.0000221867    0.0006694857
   0.0000194009    0.0000349007    0.0007952266
  -0.0000370640   -0.0000316021    0.0006756572
   0.0000065168    0.0000023693    0.0006083841
   0.0000180374   -0.0000022900   -0.0041739638
   0.0000253822   -0.0000156500   -0.0042105175
   0.0000200020    0.0000050200   -0.0041975357
  -0.0000119001   -0.0000048800   -0.0041971714
   0.0000125558    0.0000177769   -0.0042052604
   0.0000295117    0.0000194730   -0.0042287099
   0.0000003672   -0.0000003651   -0.0042114790
   0.0000079649    0.0000197117   -0.0042034473
   0.0000322245   -0.0000106315   -0.0042107152
  -0.0000020944   -0.0000186574   -0.0042133041
   0.0000147345   -0.0000090585   -0.0041848552
  -0.0000017644    0.0000100274   -0.0041841841
   0.0000015949   -0.0000176317   -0.0041980773
   0.0000242358   -0.0000059669   -0.0042132304
   0.0000151217   -0.0000052230   -0.0041968699
  -0.0000110628   -0.0000033249   -0.0041824590
  -0.0000904851   -0.0000017200    0.0010825898
   0.0002075829   -0.0001766900    0.0011183179
  -0.0000387846    0.0000091600    0.0013338994
  -0.0000775042   -0.0002687200    0.0009655489
  -0.0000488366    0.0003286973    0.0011391731
   0.0000439965    0.0000121070    0.0013925319
  -0.0000753354    0.0000592501    0.0013348767
   0.0001905486    0.0001354867    0.0009447736
   0.0000008860   -0.0000263217    0.0013431396
   0.0000252548   -0.0000702812    0.0013572601
  -0.0000236640    0.0000028917    0.0013240996
   0.0000713048   -0.0000159388    0.0012793201
  -0.0003141714   -0.0000441267    0.0010630336
   0.0002009234    0.0000176027    0.0010248231
   0.0000268265    0.0000301230    0.0012853219
   0.0000464046   -0.0000124401    0.0012834767
   0.1155592338   -0.0001696439    0.2017204932
  -0.0017499775   -0.0040819400    0.0072572016
  -0.0000778916   -0.0000279400   -0.0005778236
  -0.0023233686    0.0041294100    0.0073624147
  -0.0019118254    0.0043209322    0.0072424816
  -0.0004431180   -0.0000022272    0.0001767883
  -0.0002966066   -0.0000874515    0.0001190207
  -0.0021718365   -0.0038995923    0.0073805732
   0.0001118583   -0.0001072961   -0.0005955038
  -0.0004464959    0.0000854722    0.0001485245
   0.0001515983    0.0001292561   -0.0005598938
  -0.0004481859   -0.0000535922    0.0001475945
  -0.0021656965   -0.0043081277    0.0072939432
  -0.0019238354    0.0039053478    0.0073265816
  -0.0004095680   -0.0000187028    0.0002042583
  -0.0003270566    0.0000710515    0.0000924707
   0.0010063437    0.0052645629   -0.0194197814
   0.0001405527    0.0006055972   -0.0001516473
  -0.0006600854   -0.0002682133   -0.0004918528
  -0.0449433137    0.0212594820   -0.0499231186
   0.0004269629   -0.0000279099   -0.0003893343
   0.0001146044   -0.0000018809    0.0004133368
  -0.0002665969    0.0005465619   -0.0002479426
   0.0020367256    0.0020928653   -0.0010874004
  -0.0002713154   -0.0003615074   -0.0005553627
  -0.0001680839   -0.0005029750   -0.0000789755
  -0.0000853936   -0.0000754804    0.0006076333
   0.0000249182    0.0000108536    0.0008578352
  -0.0081218869   -0.0264031027   -0.0345413555
   0.0014650863    0.0003279016   -0.0005270575
   0.0000439908    0.0000622538    0.0007319015
  -0.0021668608   -0.0024356514   -0.0016513596
  -0.0439733548   -0.0206179773   -0.0496407680
  -0.0006577856    0.0003969223   -0.0000435561
   0.0001307807   -0.0005811021    0.0003578471
   0.0013934904   -0.0055807533   -0.0199991569
  -0.0001517853   -0.0005841187    0.0002054266
   0.0001714115   -0.0000018409    0.0008641041
   0.0004019819   -0.0000134046    0.0001035408
   0.0020141597   -0.0019229898   -0.0008568687
  -0.0001259765    0.0004401742    0.0004013638
  -0.0003662327    0.0003325627   -0.0000963352
   0.0000005200   -0.0000089715    0.0012631308
  -0.0000230265    0.0000216150    0.0010483470
  -0.0082731904    0.0263114226   -0.0349424470
  -0.0020129947    0.0023236553   -0.0012822322
   0.0000145908   -0.0000150463    0.0011562667
   0.0013101159   -0.0004149707   -0.0004302797

65   
  0.0055247696963231   0.0000000000000000   0.0083352816270712
   0.0001415380    0.0000712672    0.0010824448
   0.0000408797   -0.0000772975    0.0004535430
  -0.0000359067    0.0000312977    0.0008259627
   0.0000154558   -0.0000274469    0.0006524812
  -0.0001227544    0.0000944715    0.0002442163
   0.0000103679   -0.0000188691    0.0006659637
  -0.0000186242    0.0000190618    0.0007420290
   0.0000079575    0.0000398068    0.0007700529
   0.0000165607   -0.0001035658    0.0009554479
   0.0000007849   -0.0000035712    0.0007563032
  -0.0000128981    0.0000013011    0.0007111220
  -0.0000382399   -0.0000502254    0.0007547388
  -0.0000170939    0.0000209470    0.0006720250
   0.0000112064   -0.0000061926    0.0007705178
  -0.0000575200    0.0000017283    0.0007405595
   0.0000308253    0.0000099967    0.0006331619
  -0.0000043203   -0.0000105756   -0.0042020247
   0.0000292779   -0.0000098344   -0.0042202657
  -0.0000084236    0.0000014034   -0.0042424604
  -0.0000210372   -0.0000040268   -0.0042375480
   0.0000131748    0.0000223396   -0.0042089239
   0.0000199958    0.0000184382   -0.0042425310
  -0.0000018365   -0.0000077894   -0.0042307767
  -0.0000235454    0.0000083687   -0.0042154507
   0.0000022531   -0.0000076122   -0.0042419546
  -0.0000050030    0.0000017449   -0.0042214617
   0.0000096062    0.0000064052   -0.0042375804
   0.0000011043    0.0000132019   -0.0042354311
  -0.0000021675   -0.0000109758   -0.0042426288
  -0.0000105763   -0.0000242959   -0.0042292342
   0.0000026263    0.0000044684   -0.0042421578
  -0.0000138748    0.0000025697   -0.0041979542
   0.0018439129    0.0011789701    0.0034003839
  -0.0010267260    0.0004763656    0.0019904163
   0.0000363386   -0.0000017245    0.0013688137
  -0.0000516976    0.0000316859    0.0013509345
  -0.0001997462   -0.0016562797    0.0026956307
  -0.0000313043   -0.0000140761    0.0012202956
  -0.0000031642    0.0000343129    0.0013486426
   0.0001191499   -0.0000707376    0.0012806577
   0.0000291297    0.0000239371    0.0013707840
   0.0000349583   -0.0000219871    0.0013270041
  -0.0000233053   -0.0000118115    0.0013681447
  -0.0000380430    0.0000316860    0.0013465980
   0.0000044325   -0.0000533799    0.0013648209
  -0.0000052021    0.0000874899    0.0012507978
   0.0000191143   -0.0000347715    0.0013593643
  -0.0000079425    0.0000024457    0.0013529168
  -0.0008492538   -0.0051886329    0.0202727515
   0.0448932638   -0.0212045720    0.0511402086
   0.0005460754    0.0001921733    0.0016335628
  -0.0000061027    0.0003742928    0.0010992672
   0.0081515069    0.0262127528    0.0355433855
   0.0011844908    0.0018756414    0.0033511396
  -0.0000354908   -0.0002198738    0.0003106085
  -0.0005080363   -0.0008895516    0.0009165775
   0.0006129554    0.0005617574    0.0014014828
  -0.0001523482    0.0000677964    0.0002725048
   0.0002306236    0.0001536704    0.0003477467
  -0.0001559961   -0.0003696550    0.0013319855
   0.0000338271   -0.0006201701    0.0011341843
  -0.0020574056   -0.0009757653    0.0021318304
  -0.0001835731   -0.0001353919    0.0015994426
  -0.0001067644    0.0000007309    0.0006328732
  -0.0587233742    0.0001783423   -0.1204572466
   0.0025275173    0.0001783700   -0.0014806564
   0.0000131027    0.0000117100    0.0001182807
   0.0040402464    0.0004255200   -0.0024809644
   0.0001527944    0.0010314395   -0.0015576112
   0.0000145020    0.0000025255    0.0006252300
  -0.0001456312    0.0000894895    0.0006883280
   0.0004123201   -0.0026775856   -0.0024127902
   0.0000013820    0.0000081162    0.0001236508
   0.0000094628   -0.0000928483    0.0006557141
  -0.0000159280   -0.0000166962    0.0001111908
   0.0000096128    0.0000526883    0.0006563541
   0.0009341801    0.0021303156   -0.0020568102
  -0.0003661556   -0.0010901095   -0.0019121912
  -0.0000216280    0.0000174745    0.0006037500
  -0.0001091712   -0.0000699695    0.0007095880
  -0.0010994763   -0.0000003100    0.0217239161
   0.0022581885    0.0019279000    0.0018358971
   0.0000962979   -0.0001787800    0.0010373082
  -0.0000895164    0.0000072400    0.0002987162
   0.0008970320    0.0005187834    0.0008302367
   0.0000495470    0.0000034423    0.0007843636
  -0.0000139194    0.0000334574    0.0007284866
  -0.0019525573    0.0005456301    0.0012949461
  -0.0002345551    0.0001926441    0.0011261321
   0.0000437349   -0.0000366514    0.0007575313
   0.0000782849   -0.0000099141    0.0009468821
   0.0000405749    0.0000989014    0.0007547313
  -0.0002861273    0.0003696999    0.0000680961
  -0.0007985280   -0.0033957434    0.0020711367
   0.0000943970   -0.0000313123    0.0007780436
  -0.0000740694   -0.0000676274    0.0007318266

65   
 -0.0055247696963231   0.0000000000000000  -0.0083352816270712
  -0.0001527993   -0.0000832312    0.0004312351
  -0.0000378537    0.0000721600    0.0010768417
   0.0000421522   -0.0000383718    0.0006937450
  -0.0000212336    0.0000220223    0.0008731916
   0.0001266738   -0.0000986222    0.0012979632
  -0.0000048434    0.0000124472    0.0008587940
   0.0000167664   -0.0000293325    0.0007853613
  -0.0000098464   -0.0000465284    0.0007568271
  -0.0000190571    0.0001104119    0.0005640295
  -0.0000024691    0.0000043802    0.0007694842
   0.0000133515   -0.0000027189    0.0008138457
   0.0000422288    0.0000495288    0.0007717945
   0.0000169673   -0.0000239258    0.0008548196
  -0.0000136397    0.0000063076    0.0007553048
   0.0000601510   -0.0000003078    0.0007859594
  -0.0000292168   -0.0000076997    0.0008924380
   0.0000132877    0.0000055185   -0.0042037932
  -0.0000337918    0.0000052464   -0.0041743631
   0.0000134635   -0.0000117937   -0.0041556896
   0.0000109430    0.0000072835   -0.0041559707
  -0.0000106501   -0.0000254553   -0.0041940218
  -0.0000241980   -0.0000124957   -0.0041519428
   0.0000102718    0.0000016208   -0.0041690469
   0.0000161380   -0.0000070945   -0.0041743996
   0.0000051497   -0.0000005347   -0.0041508291
  -0.0000037273    0.0000011530   -0.0041616396
  -0.0000030781   -0.0000182231   -0.0041649830
  -0.0000067251   -0.0000142123   -0.0041522785
   0.0000115717   -0.0000012145   -0.0041553851
  -0.0000025584    0.0000256712   -0.0041642845
   0.0000078363   -0.0000056293   -0.0041610634
   0.0000077227   -0.0000008703   -0.0041936078
  -0.0018683648   -0.0012106211   -0.0009081135
   0.0010252384   -0.0004771780    0.0005555085
  -0.0000325302   -0.0000083435    0.0011608963
   0.0000410838   -0.0000295378    0.0011752810
   0.0002135401    0.0016702948   -0.0001689062
   0.0000257082    0.0000195202    0.0013059236
   0.0000119202   -0.0000407090    0.0011824274
  -0.0001277748    0.0000729607    0.0012458037
  -0.0000223320   -0.0000317804    0.0011538385
  -0.0000434648    0.0000251707    0.0011877027
   0.0000303862    0.0000001628    0.0011662359
   0.0000329675   -0.0000314247    0.0011742733
   0.0000036950    0.0000415595    0.0011652324
  -0.0000079321   -0.0000864552    0.0012770541
  -0.0000088523    0.0000343694    0.0011753824
   0.0000019857   -0.0000008944    0.0011703533
   0.0009001792    0.0052144419   -0.0196230522
  -0.0429149886    0.0200951044   -0.0484965580
  -0.0004929352   -0.0001932824   -0.0007842813
  -0.0000142938   -0.0003764366   -0.0002565448
  -0.0081215592   -0.0254876883   -0.0342151797
  -0.0012124479   -0.0018714230   -0.0024720980
   0.0000363021    0.0002132261    0.0005306860
   0.0005038333    0.0008822723   -0.0000923584
  -0.0005887140   -0.0005273639   -0.0005538193
   0.0001484702   -0.0000680678    0.0005700900
  -0.0002249560   -0.0001545955    0.0004926164
   0.0001364639    0.0003845321   -0.0004823692
  -0.0000466356    0.0005974985   -0.0002904316
   0.0020294998    0.0009890659   -0.0012844710
   0.0001991138    0.0000977687   -0.0007459281
   0.0001038119   -0.0000028991    0.0002124737
   0.0567777880    0.0004938233    0.1217224033
  -0.0024942765   -0.0001946400    0.0026383944
  -0.0000115627   -0.0000106900    0.0010724493
  -0.0040770773   -0.0004304000    0.0036903163
  -0.0001807302   -0.0010268656    0.0027241102
  -0.0000134388   -0.0000073205    0.0005684520
   0.0001466280   -0.0000934945    0.0005097800
  -0.0004102043    0.0026652794    0.0035959511
   0.0000007080   -0.0000092162    0.0010671392
  -0.0000082428    0.0000894517    0.0005382959
   0.0000161480    0.0000135562    0.0010761692
  -0.0000074428   -0.0000573117    0.0005386659
  -0.0009468543   -0.0021267594    0.0032513911
   0.0003582398    0.0010896156    0.0030712702
   0.0000182112   -0.0000190995    0.0005931120
   0.0001155280    0.0000662745    0.0004857000
   0.0010625681   -0.0000032400   -0.0192522706
  -0.0022442285   -0.0019406000    0.0003375989
  -0.0000947445    0.0001793400    0.0011185006
   0.0001166682   -0.0000258900    0.0018486942
  -0.0009315333   -0.0005238997    0.0013159039
  -0.0000450350   -0.0000051194    0.0013641924
   0.0000119294   -0.0000353259    0.0014263943
   0.0019470591   -0.0005495956    0.0008607766
   0.0002350518   -0.0001921429    0.0010309145
  -0.0000428521    0.0000304133    0.0013960096
  -0.0000777982    0.0000074529    0.0012049045
  -0.0000369021   -0.0001007333    0.0013961896
   0.0002865791   -0.0003503844    0.0020775766
   0.0007927967    0.0033424497    0.0001124939
  -0.0000952350    0.0000295094    0.0013703324
   0.0000767994    0.0000608559    0.0014222043

81   
  0.0055247696963231   0.0000000000000000   0.0083352816270712
   0.0000002288   -0.0000073830    0.0008281606
  -0.0000032247   -0.0000275307    0.0007524261
  -0.0000056164   -0.0000083890    0.0008183268
  -0.0000083486   -0.0000023539    0.0007686951
  -0.0000192287   -0.0000003540    0.0007603181
   0.0000127929   -0.0000029853    0.0007453036
  -0.0000271770   -0.0000173898    0.0007740150
   0.0000064739   -0.0000133636    0.0007639650
  -0.0000062526   -0.0000110683    0.0008234991
  -0.0000235871   -0.0000211762    0.0007576446
  -0.0000054547   -0.0000084899    0.0007709213
   0.0000013240   -0.0000182086    0.0007793459
  -0.0000033132   -0.0000088286    0.0007755875
  -0.0000046282    0.0000126985    0.0007530397
  -0.0000112581    0.0000081400    0.0007842410
  -0.0000162805   -0.0000119378    0.0007628932
  -0.0000059112   -0.0000109377   -0.0041629577
  -0.0000059955   -0.0000140615   -0.0041565683
  -0.0000058565   -0.0000143396   -0.0041651233
  -0.0000110749   -0.0000125501   -0.0041650329
  -0.0000087539   -0.0000050028   -0.0041636680
  -0.0000047035   -0.0000028330   -0.0041610992
  -0.0000066602   -0.0000142501   -0.0041735255
  -0.0000083311   -0.0000065183   -0.0041588186
  -0.0000067230   -0.0000114219   -0.0041672132
  -0.0000159775   -0.0000060227   -0.0041700255
  -0.0000011472   -0.0000100171   -0.0041709454
  -0.0000063525   -0.0000051997   -0.0041614731
  -0.0000066452   -0.0000079207   -0.0041699530
  -0.0000113702   -0.0000063287   -0.0041603889
   0.0000003137   -0.0000059681   -0.0041671433
  -0.0000099983   -0.0000059400   -0.0041695778
   0.0000989531    0.0000395523    0.0011659518
  -0.0001093502    0.0000558852    0.0011675347
   0.0000144399    0.0000024842    0.0011978306
  -0.0000442323   -0.0000088544    0.0011885501
   0.0000089654   -0.0001251686    0.0011705370
  -0.0000079977    0.0000101313    0.0011920824
  -0.0000087324   -0.0000226611    0.0012106180
  -0.0000256772   -0.0000114086    0.0011157918
   0.0000207304    0.0000106438    0.0011912812
  -0.0000228482   -0.0000031063    0.0012050050
   0.0000066074   -0.0000043113    0.0012109230
  -0.0000230768    0.0000090763    0.0011937751
  -0.0000207491   -0.0000450017    0.0011893850
  -0.0000371081   -0.0000144101    0.0011547461
  -0.0000048167   -0.0000251806    0.0012035794
  -0.0000051255   -0.0000059305    0.0011848570
   0.0437507249    0.0204905574    0.0511650679
  -0.0012338606    0.0054807534    0.0214883270
  -0.0000133707   -0.0003153979    0.0010816229
   0.0005509656   -0.0001950922    0.0016034061
   0.0082593004   -0.0261693528    0.0364864471
  -0.0002639059    0.0009858407    0.0012647297
  -0.0000071208    0.0001796263    0.0003409433
   0.0010305347   -0.0017442953    0.0034438722
  -0.0000991535    0.0003600259    0.0012599062
   0.0001805265   -0.0001169550    0.0003479330
  -0.0001436900   -0.0000880185    0.0003363492
   0.0006089127   -0.0006227327    0.0014206252
  -0.0001818847    0.0000985687    0.0015227334
  -0.0019820997    0.0007406298    0.0023555987
  -0.0000400919    0.0006251946    0.0011599792
  -0.0001643215   -0.0000083191    0.0006288259
  -0.0010660281   -0.0000079100    0.0209008106
  -0.0000936781   -0.0001508800   -0.0002184842
   0.0000898845    0.0001471600    0.0005297694
   0.0022140684   -0.0020110300    0.0013272412
  -0.0020419790   -0.0004995155    0.0007260833
  -0.0000301794   -0.0000473759    0.0001943157
   0.0000397050   -0.0000124794    0.0003093776
   0.0009706433   -0.0004468796    0.0003932261
   0.0000498782    0.0000164829    0.0004283255
   0.0000347121    0.0000336433    0.0002505504
  -0.0002160918   -0.0001837529    0.0006322355
   0.0000367421   -0.0000597233    0.0002528104
  -0.0008672767    0.0033734196    0.0014920761
  -0.0001739090   -0.0003468245   -0.0003863067
  -0.0000337694    0.0000300859    0.0002318557
   0.0000588250    0.0000017594    0.0002748676
  -0.0558956840    0.0010131688   -0.1148872219
   0.0040878670   -0.0003903200   -0.0024921562
   0.0000076828    0.0000411500    0.0005112007
   0.0021382066   -0.0001564700   -0.0012008245
   0.0005321242    0.0027007992   -0.0023138511
  -0.0001548679   -0.0001027145    0.0011097600
  -0.0000119212   -0.0000003405    0.0010412780
   0.0000438402   -0.0007999657   -0.0013699502
   0.0000432620   -0.0000275638    0.0005396208
   0.0000052227    0.0000747017    0.0010767541
  -0.0000386780   -0.0000345762    0.0004842408
   0.0000041427   -0.0000710017    0.0010766441
  -0.0004213398    0.0008071457   -0.0016707702
   0.0009929342   -0.0022190092   -0.0020172811
  -0.0001398179    0.0000729145    0.0011234000
  -0.0000271912   -0.0000289195    0.0010267280

81   
 -0.0055247696963231   0.0000000000000000  -0.0083352816270712
   0.0000217168   -0.0000025308    0.0007110072
   0.0000296182    0.0000178852    0.0007889471
   0.0000333790    0.0000008480    0.0007200614
   0.0000274070   -0.0000046167    0.0007711332
   0.0000420163   -0.0000041324    0.0007837079
   0.0000156734   -0.0000069328    0.0007966157
   0.0000487172    0.0000044900    0.0007681446
   0.0000155019    0.0000057546    0.0007772384
   0.0000286240    0.0000107725    0.0007158547
   0.0000468381    0.0000198267    0.0007824746
   0.0000294039    0.0000040001    0.0007699976
   0.0000249142    0.0000144918    0.0007619590
   0.0000277025    0.0000052579    0.0007660809
   0.0000259979   -0.0000144016    0.0007871166
   0.0000381891   -0.0000076211    0.0007571572
   0.0000399205    0.0000116586    0.0007768660
   0.0000394220    0.0000030665   -0.0042223741
   0.0000241054    0.0000040315   -0.0042237504
   0.0000356373    0.0000026594   -0.0042148855
   0.0000244140    0.0000107598   -0.0042121683
   0.0000325446   -0.0000003280   -0.0042259723
   0.0000273146    0.0000084337   -0.0042176491
   0.0000365302    0.0000041704   -0.0042122446
   0.0000269000    0.0000066591   -0.0042149532
   0.0000396132   -0.0000003973   -0.0042105965
   0.0000285576    0.0000041226   -0.0041999443
   0.0000340870   -0.0000027829   -0.0042158348
   0.0000229322    0.0000004505   -0.0042127573
   0.0000383446   -0.0000039600   -0.0042149279
   0.0000247302    0.0000077973   -0.0042174911
   0.0000316069    0.0000022674   -0.0042216659
   0.0000278683    0.0000075200   -0.0042070822
  -0.0000657588   -0.0000476879    0.0013796983
   0.0001274134   -0.0000654943    0.0013758973
   0.0000154190   -0.0000142245    0.0013434313
   0.0000581531    0.0000074876    0.0013497163
   0.0000154314    0.0001201110    0.0013805966
   0.0000306122   -0.0000045470    0.0013473147
   0.0000387739    0.0000131835    0.0013355869
   0.0000445862    0.0000112714    0.0014188863
   0.0000119548   -0.0000226483    0.0013478144
   0.0000359377    0.0000013226    0.0013265836
   0.0000258794   -0.0000087547    0.0013365624
   0.0000399853   -0.0000135477    0.0013418689
   0.0000532272    0.0000336510    0.0013566409
   0.0000504995    0.0000161683    0.0013847396
   0.0000370409    0.0000217195    0.0013458205
   0.0000230221    0.0000075295    0.0013537006
  -0.0456968600   -0.0216059049   -0.0520826083
   0.0012005351   -0.0054493244   -0.0204311362
   0.0000599672    0.0003109140   -0.0002272954
  -0.0005770057    0.0001915432   -0.0007519375
  -0.0082572081    0.0268813672   -0.0360889227
   0.0002974090   -0.0009946800   -0.0003844088
   0.0000303295   -0.0001885840    0.0005159622
  -0.0009810977    0.0017462538   -0.0026174640
   0.0001425557   -0.0003459087   -0.0004173525
  -0.0001599740    0.0001130799    0.0005073038
   0.0001752480    0.0000864071    0.0005214960
  -0.0006069241    0.0006540561   -0.0005677186
   0.0001932941   -0.0001365619   -0.0006807178
   0.0020309855   -0.0007328693   -0.0014999582
   0.0000796104   -0.0006508162   -0.0003045619
   0.0001930541    0.0000037009    0.0002199072
   0.0011295963    0.0000027300   -0.0200088260
   0.0000909764    0.0001262400    0.0014352538
  -0.0000675179   -0.0001488000    0.0006773418
  -0.0021992885    0.0019943000   -0.0001406371
   0.0020684073    0.0004924501    0.0004807239
   0.0000569294    0.0000417374    0.0010139934
  -0.0000183370    0.0000087323    0.0009045064
  -0.0009081920    0.0004397833    0.0008227333
  -0.0000250749   -0.0000195141    0.0007836979
  -0.0000095849   -0.0000401114    0.0009580587
   0.0002408951    0.0001817241    0.0005725679
  -0.0000163049    0.0000556914    0.0009590187
   0.0008963580   -0.0034255633   -0.0003144267
   0.0002008873    0.0003664199    0.0016027439
   0.0000560494   -0.0000392174    0.0009775734
  -0.0000318370   -0.0000075023    0.0009394564
   0.0555315699   -0.0001252127    0.1204200928
  -0.0040258663    0.0003872200    0.0046432843
   0.0000142972   -0.0000417400    0.0016612293
  -0.0021533374    0.0001419800    0.0034011864
  -0.0005035900   -0.0027153954    0.0044916601
   0.0001794312    0.0000952695    0.0010566320
   0.0000370279   -0.0000071245    0.0011281400
   0.0000051656    0.0008058895    0.0035645512
  -0.0000180120    0.0000229538    0.0016355092
   0.0000194673   -0.0000801383    0.0010933159
   0.0000624680    0.0000311262    0.0016876192
   0.0000179473    0.0000634983    0.0010920059
   0.0004526156   -0.0008196895    0.0038681612
  -0.0009558400    0.0022183454    0.0041845301
   0.0001586912   -0.0000781995    0.0010441420
   0.0000576879    0.0000246845    0.0011386600
