112  
14   

1    
  0.0060228094711039   0.0000000000000000   0.0079828419798203
  -0.2129663800   -0.0002505600   -0.0751903700
   0.0298398400    0.0034122700   -0.0049339900
   0.0878154300    0.0000021200    0.0006139100
   0.0361208700   -0.0036824100   -0.0071429700
  -0.0446938800    0.0383887900   -0.0056902200
   0.0462041800    0.0405771200    0.0005822900
   0.0416399200   -0.0349533900    0.0005477800
  -0.0381137800   -0.0404879000   -0.0065050500
   0.0214106600    0.0381535200    0.0005723100
  -0.0213404600   -0.0012941300    0.0005781700
   0.0216085100   -0.0380847900    0.0006618200
  -0.0212505900    0.0013101600    0.0006119300
  -0.0383963500    0.0478038100   -0.0067965200
  -0.0443935300   -0.0453016600   -0.0054209200
   0.0461904100   -0.0406095600    0.0006628400
   0.0416475300    0.0348111300    0.0005149000
  -0.0318909700   -0.0016379400   -0.0292333400
   0.0300763600    0.0161908500   -0.0275259000
   0.0262464900   -0.0132006500    0.0243883100
  -0.0049816000   -0.0099478100    0.0614389000
   0.0137985200    0.0103833900   -0.0129961600
   0.0003798100   -0.0004541700   -0.0001340700
   0.0127143900   -0.0097187800    0.0135754100
  -0.0280736500   -0.0011164600    0.0000633300
  -0.0010449300    0.0147133700    0.0124421100
  -0.0003900300   -0.0153650600   -0.0125785800
   0.0005746500   -0.0012470500   -0.0002261500
   0.0010494300    0.0015587400   -0.0002384100
  -0.0253054600    0.0135391000    0.0177867100
   0.0129181800   -0.0258689600   -0.0392767300
   0.0032521000   -0.0004225000   -0.0003418600
   0.0143799700    0.0226962900    0.0366977400
  -0.0135724000    0.0084356600    0.0604905800
   0.0293517600    0.0158801700    0.0277013900
   0.0254107600   -0.0127712100   -0.0226405500
  -0.0201726900   -0.0007849600   -0.0291537200
   0.0135726500    0.0101628200    0.0136916400
   0.0003806200   -0.0004410100   -0.0001999700
   0.0122349600   -0.0094243900   -0.0122164600
  -0.0273084600    0.0013810700    0.0017539700
  -0.0010223000    0.0141573700   -0.0109835500
  -0.0004586600   -0.0150813800    0.0131410300
   0.0006011000   -0.0012628600   -0.0001969000
   0.0010306600    0.0015783800   -0.0001330700
  -0.0245423300   -0.0057448100    0.0140327100
   0.0147004400   -0.0263937600    0.0397273400
   0.0032875600   -0.0004294300   -0.0000539600
   0.0118547100    0.0208477000   -0.0336179400
   0.0001636500    0.0001565600   -0.0001393000
  -0.0001433300    0.0002357100   -0.0000479200
   0.0001320500    0.0003087600   -0.0000739200
  -0.0002024400    0.0000647300   -0.0003737100
   0.0001393400   -0.0002773000   -0.0000622900
   0.0000335400   -0.0000041600   -0.0000510000
  -0.0001815100   -0.0002426600   -0.0000662200
   0.0000014300    0.0000757100   -0.0001175700
   0.0003344700   -0.0000040400   -0.0000762800
  -0.0002681800   -0.0000125000   -0.0000526100
  -0.0000576300   -0.0000115500   -0.0000706000
  -0.0000302000    0.0000066100   -0.0000947200
  -0.0000996800   -0.0002152500   -0.0002611500
   0.0001331300   -0.0000824800   -0.0000720800
  -0.0000284900    0.0000108000   -0.0000850600
  -0.0000046000   -0.0000109600   -0.0001554300
  -0.0000360800   -0.0000257700   -0.0001011500
   0.0000781500    0.0000132400   -0.0001562300
  -0.0000917000   -0.0000258000   -0.0001620800
   0.0000198100   -0.0000099100   -0.0000845800
   0.0000498400    0.0000864600   -0.0001535700
  -0.0000199300    0.0000006100   -0.0001258900
  -0.0000291000    0.0000706200   -0.0001628100
  -0.0000291700   -0.0000140300   -0.0000255700
  -0.0000693700   -0.0000832700   -0.0001574300
   0.0000257000   -0.0000645900   -0.0001611300
  -0.0000216300   -0.0000232400   -0.0000607500
   0.0000316200   -0.0000121300   -0.0000427100
   0.0000059800    0.0000335700   -0.0000915200
  -0.0000415800    0.0000097200   -0.0000189800
   0.0000146200    0.0000322400   -0.0000499700
  -0.0000159000    0.0000108700   -0.0000337700
   0.0002674400    0.0002373700    0.0010713400
   0.0000618800   -0.0000383100    0.0001803200
   0.0000020400   -0.0000681200   -0.0000211900
  -0.0001604000   -0.0003499500   -0.0003208200
  -0.0000247300    0.0000482700    0.0001913800
   0.0000437000   -0.0000088000    0.0001508700
   0.0000279200   -0.0000366300   -0.0000722800
  -0.0000734600    0.0001032700    0.0001887400
  -0.0001261300   -0.0001565400    0.0005115700
   0.0000846300   -0.0000243900    0.0002091900
   0.0000074000    0.0000001400    0.0000371300
  -0.0000287000    0.0000750000   -0.0000782500
  -0.0004728100    0.0001755100   -0.0000462400
   0.0001167900   -0.0001220100    0.0003510000
   0.0000968300   -0.0000092800   -0.0002025200
   0.0001464400    0.0001726100   -0.0005749300
  -0.0000440500   -0.0000203800    0.0001710600
  -0.0000116500    0.0000103900    0.0002454000
   0.0000280600   -0.0000244700    0.0001741400
  -0.0000119100    0.0000317500    0.0001767100
   0.0000035500   -0.0000067400    0.0002569800
  -0.0000182500   -0.0000020800    0.0002353000
   0.0000480700    0.0000211800    0.0001829700
  -0.0000646000    0.0000177300    0.0001650700
  -0.0000121200    0.0000407600    0.0001737900
   0.0000323900    0.0000335800    0.0001636700
   0.0000029400   -0.0000008100    0.0001342400
  -0.0000537400    0.0000411000    0.0001802400
   0.0000183400   -0.0000166600    0.0001813300
  -0.0000187700   -0.0000509000    0.0001561300
   0.0000029500   -0.0000612400    0.0001899900
  -0.0000369000   -0.0000141700    0.0001759100

1    
 -0.0060228094711039   0.0000000000000000  -0.0079828419798203
   0.2134577900   -0.0003306500    0.0738158000
  -0.0329251100   -0.0035193200    0.0054632700
  -0.0878451800    0.0000797100   -0.0000911200
  -0.0330982500    0.0037971600    0.0080707800
   0.0399350100   -0.0379071600    0.0061436700
  -0.0414620100   -0.0348895900   -0.0000791700
  -0.0462994500    0.0405748000   -0.0000458900
   0.0427394900    0.0409280800    0.0072491600
  -0.0214116700   -0.0380628600   -0.0000416500
   0.0212465800   -0.0013367100   -0.0000427900
  -0.0215369200    0.0380781900   -0.0001692500
   0.0212702900    0.0014122300   -0.0000558200
   0.0431160200   -0.0482978800    0.0074020300
   0.0396693700    0.0449769500    0.0059457600
  -0.0415918200    0.0349115600   -0.0000346600
  -0.0462770800   -0.0406036400   -0.0000086300
   0.0237370000    0.0006514800    0.0277866500
  -0.0261805900   -0.0134848000    0.0230953100
  -0.0301996600    0.0161824600   -0.0286196300
   0.0119337100    0.0098742700   -0.0637924100
  -0.0127354200   -0.0094235600    0.0120042600
  -0.0001624000   -0.0003045500   -0.0001534000
  -0.0138605200    0.0101647500   -0.0144307200
   0.0278991200    0.0014979100   -0.0022093600
   0.0003695800   -0.0154271600   -0.0136930300
   0.0007837000    0.0147140400    0.0109844200
  -0.0007469800    0.0018420100   -0.0002040700
  -0.0006245800   -0.0013725600   -0.0001548700
   0.0252252100   -0.0087702400   -0.0162568500
  -0.0120903800    0.0214688100    0.0347373600
  -0.0034826400   -0.0004325800   -0.0000830300
  -0.0149696800   -0.0270736800   -0.0413982400
   0.0070598400   -0.0085884300   -0.0584083600
  -0.0255401600   -0.0132394600   -0.0240211800
  -0.0292424300    0.0156497000    0.0261233900
   0.0281322800    0.0000274900    0.0298138300
  -0.0125253000   -0.0092137300   -0.0133224800
  -0.0001784500   -0.0002957300   -0.0001270600
  -0.0133323200    0.0098763400    0.0124247100
   0.0271696300   -0.0010219900   -0.0002856300
   0.0003678000   -0.0148475500    0.0115874900
   0.0008511200    0.0144374700   -0.0122220400
  -0.0007644500    0.0018378700    0.0000074100
  -0.0006205600   -0.0013986700   -0.0000952400
   0.0244816200    0.0102598600   -0.0159837700
  -0.0138666300    0.0221127300   -0.0359523400
  -0.0035075600   -0.0004106200   -0.0001275600
  -0.0123702800   -0.0250845000    0.0375509400
  -0.0001777000   -0.0001474800    0.0000278800
   0.0001495200   -0.0002326900   -0.0000607300
  -0.0001450000   -0.0003017300   -0.0000347400
   0.0002006600   -0.0000640000    0.0002596100
  -0.0001484800    0.0002785800   -0.0000558100
  -0.0000405700   -0.0000017700   -0.0000672100
   0.0001767900    0.0002390100   -0.0000485800
  -0.0000032400   -0.0000805300   -0.0000037900
  -0.0003476100    0.0000093400   -0.0000392900
   0.0002675200    0.0000167300   -0.0000620300
   0.0000483600    0.0000172700   -0.0000453600
   0.0000301500    0.0000020600   -0.0000217700
   0.0000864900    0.0002133800    0.0001409300
  -0.0001347800    0.0000682200   -0.0000385500
   0.0000235300   -0.0000163400   -0.0000337400
   0.0000026800   -0.0000042000    0.0000432400
   0.0000325300    0.0000213500   -0.0000421900
  -0.0000861400   -0.0000149300    0.0000125500
   0.0000883700    0.0000236600    0.0000166800
  -0.0000270400    0.0000098300   -0.0000610500
  -0.0000533000   -0.0000848600    0.0000117800
   0.0000161600    0.0000003000   -0.0000180500
   0.0000223100   -0.0000684200    0.0000189200
   0.0000205700    0.0000162900   -0.0001171600
   0.0000649300    0.0000801200    0.0000111800
  -0.0000308000    0.0000608300    0.0000158700
   0.0000165400    0.0000202300   -0.0000849800
  -0.0000393800    0.0000084200   -0.0001041300
  -0.0000091500   -0.0000334300   -0.0000514900
   0.0000355800   -0.0000059700   -0.0001245600
  -0.0000208100   -0.0000313300   -0.0000932400
   0.0000080300   -0.0000055900   -0.0001124900
  -0.0002820600   -0.0002274500   -0.0009202900
  -0.0000659000    0.0000420800   -0.0000396700
  -0.0000059800    0.0000816600    0.0001825600
   0.0001587600    0.0003347900    0.0004349600
   0.0000227600   -0.0000482900   -0.0000665200
  -0.0000523300    0.0000084600   -0.0000327800
  -0.0000321700    0.0000389000    0.0002058900
   0.0000649800   -0.0001062200   -0.0000577800
   0.0001224500    0.0001563000   -0.0003817000
  -0.0000879100    0.0000244400   -0.0000617600
  -0.0000154200   -0.0000008000    0.0000878900
   0.0000199600   -0.0000794800    0.0002327100
   0.0004430200   -0.0001714100    0.0001729500
  -0.0001143600    0.0001104800   -0.0001894300
  -0.0001177100    0.0000007300    0.0003686000
  -0.0001231900   -0.0001685600    0.0007149200
   0.0000377200    0.0000182600    0.0001381400
   0.0000042400   -0.0000115000    0.0000659200
  -0.0000337200    0.0000205100    0.0001341700
   0.0000082500   -0.0000317400    0.0001327700
  -0.0000076900    0.0000064500    0.0000572700
   0.0000094300    0.0000044200    0.0000753800
  -0.0000493900   -0.0000202500    0.0001297700
   0.0000554400   -0.0000188800    0.0001465300
   0.0000065100   -0.0000428800    0.0001369600
  -0.0000392100   -0.0000344400    0.0001454400
  -0.0000085700   -0.0000015400    0.0001785800
   0.0000483500   -0.0000416100    0.0001308300
  -0.0000237000    0.0000190100    0.0001292700
   0.0000117400    0.0000521500    0.0001531400
  -0.0000083600    0.0000614200    0.0001236500
   0.0000306700    0.0000143500    0.0001379400

17   
  0.0060228094711039   0.0000000000000000   0.0079828419798203
  -0.0830872700   -0.0317041800    0.0099855400
   0.0415911800   -0.0394258800    0.0232906000
   0.0663043500   -0.0022022200    0.0009555300
  -0.0059955100    0.0008285500    0.0008299800
  -0.0274242600    0.0727656300    0.0168131000
   0.0670506100    0.0566540500    0.0022181900
   0.0034318900   -0.0000424900    0.0001733200
  -0.0378641900    0.0048085400    0.0005178700
   0.0163989200    0.0327575300    0.0009115000
   0.0007481900    0.0015410200    0.0002125800
   0.0007936800   -0.0015282100    0.0001814600
  -0.0177498800    0.0290809900    0.0008743200
  -0.0041897800   -0.0059620400    0.0008474100
  -0.0302949700   -0.0615231500    0.0013635600
   0.0330997000   -0.0560025800    0.0009360300
   0.0001993500   -0.0000093300    0.0002001000
  -0.0637195700    0.0020069300   -0.1168946400
   0.0441275500    0.0205432000   -0.0419903500
   0.0004828900   -0.0000827000   -0.0005222100
  -0.0026323300    0.0018862300   -0.0061930100
   0.0200041800    0.0176609500   -0.0251080100
   0.0019642200    0.0010794600   -0.0019803500
   0.0002570800   -0.0001481300    0.0003066100
  -0.0218306900    0.0110397200   -0.0222466400
  -0.0000728300    0.0002883300   -0.0006329500
   0.0000475300   -0.0009894400   -0.0008480400
   0.0000508900   -0.0002585400   -0.0004919500
  -0.0000172600    0.0016436900   -0.0009795900
  -0.0029937600   -0.0041047200   -0.0076755400
   0.0009575000   -0.0476516900   -0.0405870400
   0.0026928600   -0.0015790200   -0.0016745600
  -0.0002511200   -0.0001245800   -0.0003043000
  -0.0367149100    0.0005296600    0.0711954500
   0.0421148000    0.0211595200    0.0398870000
   0.0005319800   -0.0001007800   -0.0000462900
  -0.0057596700    0.0020592000    0.0035766900
   0.0200684900    0.0166695100    0.0227182900
   0.0019733800    0.0010952200    0.0014524000
   0.0003101500   -0.0001868600   -0.0005973800
  -0.0230603600    0.0126449600    0.0199289600
  -0.0001502300    0.0003618100    0.0000673500
   0.0000316300   -0.0009649700    0.0004399500
   0.0000033800   -0.0003142400   -0.0000881500
  -0.0000025800    0.0015042300    0.0006019800
  -0.0035787300   -0.0057633600    0.0050198700
   0.0002545100   -0.0473870200    0.0385173200
   0.0026491100   -0.0015448200    0.0012970100
  -0.0000546600   -0.0000189800   -0.0000713100
  -0.0000408300   -0.0000159600    0.0000558100
  -0.0000069000    0.0000171400    0.0000594200
  -0.0000064000   -0.0000055000   -0.0000400100
   0.0000032300   -0.0000085700   -0.0000010900
   0.0000014300   -0.0000253100    0.0000371500
  -0.0000120300   -0.0000155300   -0.0000350200
   0.0000028200   -0.0000223000   -0.0000510100
  -0.0000291300   -0.0000345400    0.0000187600
  -0.0000144100   -0.0000109400   -0.0000481200
  -0.0000101900   -0.0000069500   -0.0000431000
  -0.0000332700   -0.0000311800   -0.0000339100
   0.0000011800   -0.0000241500   -0.0000345600
  -0.0000023700   -0.0000063800    0.0000082500
  -0.0000438500   -0.0000355300    0.0000506100
  -0.0000074300   -0.0000099500   -0.0000250600
   0.0000083800   -0.0000110900   -0.0000427200
  -0.0000143000   -0.0000153200   -0.0000479300
  -0.0000225700   -0.0000155400   -0.0000477600
  -0.0000011400   -0.0000142400   -0.0000396300
  -0.0000026600   -0.0000207000   -0.0000548300
  -0.0000188700   -0.0000232100   -0.0000509200
  -0.0000175600   -0.0000183800   -0.0000359000
  -0.0000032400   -0.0000215700   -0.0000330000
  -0.0000041100   -0.0000225900   -0.0000512000
  -0.0000065800   -0.0000122700   -0.0000361200
  -0.0000130800   -0.0000070000   -0.0000344100
  -0.0000080600   -0.0000192500   -0.0000429700
  -0.0000146600   -0.0000204800   -0.0000424600
  -0.0000116100   -0.0000047800   -0.0000547500
  -0.0000163500   -0.0000057700   -0.0000480400
  -0.0000126400   -0.0000166400   -0.0000416600
  -0.0000037400   -0.0000089800   -0.0000439400
   0.0000623800    0.0001095700    0.0007401900
   0.0000332800   -0.0000007600    0.0001511400
  -0.0000328200   -0.0000014900    0.0000897900
  -0.0000948400   -0.0000453300    0.0003789900
   0.0000207800    0.0000115000    0.0001319900
  -0.0000200000   -0.0000160900    0.0000812200
  -0.0000381300    0.0000017400    0.0001106600
  -0.0000140100    0.0001087600    0.0003137000
  -0.0000137300   -0.0000463400    0.0001005100
  -0.0000044100   -0.0000570400    0.0001411300
  -0.0000048700   -0.0000159300    0.0000973600
  -0.0000096700   -0.0000125700    0.0000974500
  -0.0001498100   -0.0001085000    0.0005669800
   0.0001667500   -0.0001193400    0.0004954600
  -0.0000047300   -0.0000183600    0.0000984300
  -0.0000532200   -0.0000376100    0.0001458300
  -0.0000007400   -0.0000118600    0.0000392300
  -0.0000009400   -0.0000107600    0.0000417000
  -0.0000243900   -0.0000075100    0.0000440800
  -0.0000166900   -0.0000091000    0.0000374800
   0.0000006800   -0.0000063200    0.0000415700
  -0.0000140400   -0.0000153800    0.0000356400
  -0.0000215700   -0.0000107300    0.0000445000
  -0.0000090000   -0.0000021400    0.0000496400
  -0.0000127200   -0.0000326200    0.0000428900
  -0.0000114300   -0.0000250000    0.0000431500
  -0.0000131900   -0.0000146300    0.0000523500
  -0.0000061700   -0.0000206600    0.0000443400
  -0.0000063600   -0.0000247500    0.0000379100
  -0.0000014100   -0.0000200200    0.0000482300
  -0.0000148900   -0.0000114900    0.0000481400
  -0.0000246300   -0.0000247500    0.0000508200

17   
 -0.0060228094711039   0.0000000000000000  -0.0079828419798203
   0.0735963700    0.0296008400   -0.0095463100
  -0.0427633200    0.0384310800   -0.0246328200
  -0.0579677400    0.0021528300   -0.0004402500
   0.0061527100   -0.0008616800   -0.0003284900
   0.0230519400   -0.0663884600   -0.0169746400
  -0.0606174300   -0.0495153200   -0.0016930800
  -0.0032858300    0.0000276200    0.0003085600
   0.0354855300   -0.0049277200   -0.0000415700
  -0.0152587700   -0.0306109300   -0.0004060400
  -0.0007680100   -0.0014524900    0.0002834700
  -0.0007356600    0.0014714800    0.0003352600
   0.0165304700   -0.0270354000   -0.0003545800
   0.0042321400    0.0060439500   -0.0003362900
   0.0260450100    0.0544818600   -0.0008752900
  -0.0290144200    0.0487204800   -0.0004267100
  -0.0001299200   -0.0000646200    0.0003042100
   0.0621462800    0.0013477900    0.1119625200
  -0.0389177300   -0.0177037000    0.0366438100
  -0.0003533900    0.0000892400    0.0002303800
   0.0025345100   -0.0020554800    0.0059736400
  -0.0185740300   -0.0162743600    0.0232201700
  -0.0018704900   -0.0011117200    0.0015519000
  -0.0003089400    0.0002100300   -0.0005074600
   0.0202877900   -0.0101517100    0.0204737000
  -0.0000638200   -0.0001756800    0.0005220300
   0.0000597200    0.0009270900    0.0005726100
  -0.0001215400    0.0001012800    0.0002442400
   0.0000666200   -0.0016902600    0.0006772400
   0.0025213200    0.0039334200    0.0074492300
  -0.0010273800    0.0416954100    0.0353557000
  -0.0023879100    0.0013608200    0.0010317800
   0.0004335600    0.0001270900    0.0001055400
   0.0315825200    0.0005597100   -0.0652857900
  -0.0370760300   -0.0184039400   -0.0352254200
  -0.0004098200    0.0001057800   -0.0001711600
   0.0056941500   -0.0022537900   -0.0038747600
  -0.0186874100   -0.0153105300   -0.0214164900
  -0.0018748000   -0.0011250500   -0.0015441000
  -0.0003645800    0.0002529800    0.0002923700
   0.0215618000   -0.0117681700   -0.0187379500
   0.0000103300   -0.0002507500   -0.0004601300
   0.0000782500    0.0008959600   -0.0006682300
  -0.0000768600    0.0001582600   -0.0001813800
   0.0000552100   -0.0015466200   -0.0008100200
   0.0030962500    0.0056053000   -0.0053116400
  -0.0003221800    0.0415842200   -0.0339657000
  -0.0023399500    0.0013282000   -0.0011712300
   0.0002312400    0.0000183300   -0.0002397400
   0.0000222800   -0.0000073900   -0.0001682100
  -0.0000013700   -0.0000420900   -0.0001730700
  -0.0000059100   -0.0000196200   -0.0000848400
  -0.0000160200   -0.0000192200   -0.0001213600
  -0.0000168800    0.0000049900   -0.0001560500
   0.0000018000   -0.0000058200   -0.0000889600
  -0.0000165300   -0.0000003700   -0.0000721600
   0.0000166000    0.0000121600   -0.0001378600
  -0.0000006600   -0.0000119900   -0.0000774300
  -0.0000028000   -0.0000194700   -0.0000802800
   0.0000197000    0.0000059400   -0.0000898200
  -0.0000116400   -0.0000011400   -0.0000897500
  -0.0000141600   -0.0000152000   -0.0001296400
   0.0000315900    0.0000074500   -0.0001636300
  -0.0000056000   -0.0000129100   -0.0001000600
  -0.0000182500   -0.0000129600   -0.0000813100
   0.0000014300   -0.0000092700   -0.0000829700
   0.0000094800   -0.0000075000   -0.0000834800
  -0.0000108700   -0.0000091000   -0.0000914500
  -0.0000113500   -0.0000027900   -0.0000776300
   0.0000072600   -0.0000006900   -0.0000807500
   0.0000046600   -0.0000060400   -0.0000954300
  -0.0000098100   -0.0000028000   -0.0000992200
  -0.0000101700   -0.0000015300   -0.0000813600
  -0.0000058600   -0.0000111000   -0.0000956000
   0.0000003300   -0.0000162000   -0.0000972700
  -0.0000053900   -0.0000050900   -0.0000885800
   0.0000016300   -0.0000028400   -0.0000895500
  -0.0000014400   -0.0000207100   -0.0000777600
   0.0000022500   -0.0000187400   -0.0000836600
   0.0000003800   -0.0000079100   -0.0000890900
  -0.0000091000   -0.0000148600   -0.0000890200
  -0.0000700300   -0.0001132000   -0.0004956200
  -0.0000427300   -0.0000220000    0.0000355200
   0.0000201800   -0.0000208400    0.0000861700
   0.0000728500    0.0000188300   -0.0001780300
  -0.0000312100   -0.0000332800    0.0000480700
   0.0000060700   -0.0000094800    0.0001038400
   0.0000239700   -0.0000254700    0.0000727500
   0.0000000900   -0.0001249800   -0.0001132100
   0.0000003300    0.0000201600    0.0000725700
  -0.0000073100    0.0000296600    0.0000475600
  -0.0000087000   -0.0000105500    0.0000775800
  -0.0000033200   -0.0000111500    0.0000852900
   0.0001151000    0.0000722400   -0.0003329200
  -0.0001586000    0.0000835000   -0.0002587200
  -0.0000065800   -0.0000054000    0.0000810900
   0.0000388600    0.0000135800    0.0000408600
  -0.0000121400   -0.0000118400    0.0001260700
  -0.0000121800   -0.0000130800    0.0001227200
   0.0000111000   -0.0000164100    0.0001199600
   0.0000038600   -0.0000144200    0.0001271800
  -0.0000130900   -0.0000183900    0.0001241000
  -0.0000002800   -0.0000087300    0.0001286900
   0.0000093700   -0.0000140200    0.0001197100
  -0.0000039300   -0.0000220700    0.0001145200
  -0.0000000100    0.0000073500    0.0001217300
  -0.0000013800    0.0000013500    0.0001202000
   0.0000005700   -0.0000090500    0.0001139500
  -0.0000075900   -0.0000035000    0.0001207500
  -0.0000062300    0.0000009100    0.0001263500
  -0.0000110500   -0.0000045800    0.0001171700
   0.0000014100   -0.0000133300    0.0001173500
   0.0000112900    0.0000003000    0.0001128800

33   
  0.0060228094711039   0.0000000000000000   0.0079828419798203
   0.0421562800    0.0377376300    0.0215162700
  -0.0716836900    0.0288094500    0.0099605800
  -0.0058589000   -0.0007490100    0.0009016700
   0.0564865900    0.0022362700    0.0009571500
  -0.0224584000   -0.0650489500    0.0156015200
  -0.0342710300   -0.0046065200    0.0004673800
   0.0033917700    0.0000727600    0.0001950900
   0.0586624400   -0.0481834400    0.0020458500
  -0.0160209700   -0.0263319800    0.0009756300
   0.0008366600    0.0014478300    0.0002023300
   0.0006655000   -0.0015511500    0.0001849400
   0.0146696500   -0.0298220400    0.0008951500
   0.0283161300    0.0475246900    0.0009952200
  -0.0254618700    0.0527638900    0.0012630100
  -0.0041908900    0.0057534300    0.0008554800
   0.0002073200    0.0000109600    0.0002532800
  -0.0316879900    0.0005502200    0.0653190400
  -0.0056407400   -0.0021691200    0.0033920700
   0.0005970000    0.0001729600   -0.0000198700
   0.0369006400   -0.0183087200    0.0353846300
  -0.0215054700   -0.0117578400    0.0185512500
   0.0004530600    0.0002204600   -0.0004768300
   0.0018862600   -0.0011652400    0.0014710000
   0.0184667600   -0.0153482100    0.0211721300
   0.0000768800    0.0001768200   -0.0001048100
  -0.0000216700    0.0008771200    0.0004461100
  -0.0001353700   -0.0002933700    0.0000544500
  -0.0000202600   -0.0014116900    0.0004086000
   0.0003580500    0.0415530800    0.0340023100
  -0.0031269300    0.0054395500    0.0048314200
  -0.0001533800   -0.0000727200   -0.0001863500
   0.0022404800    0.0014000600    0.0009991500
  -0.0614492400    0.0012547300   -0.1110397700
  -0.0018092700   -0.0018677800   -0.0060283100
   0.0005169900    0.0001657200   -0.0006392100
   0.0372490000   -0.0166974700   -0.0351046400
  -0.0190847100   -0.0092268100   -0.0197356700
   0.0003562300    0.0001708900    0.0000599200
   0.0017914100   -0.0011176300   -0.0020242700
   0.0174923400   -0.0158311600   -0.0223023000
   0.0001284600    0.0001078200   -0.0005681200
  -0.0000335200    0.0008773500   -0.0009370300
  -0.0000671300   -0.0002118300   -0.0006982400
  -0.0000042200   -0.0015584600   -0.0009314800
   0.0009824700    0.0396820500   -0.0337513400
  -0.0024226500    0.0033708000   -0.0074370600
  -0.0003336200    0.0000424500   -0.0003238100
   0.0023170600    0.0014249400   -0.0015331900
  -0.0001481100   -0.0000068700    0.0004878400
   0.0002948000    0.0000111700    0.0003388100
   0.0000415000   -0.0001377900   -0.0000499900
  -0.0002710100   -0.0002228700   -0.0001020900
   0.0001499500    0.0002923200    0.0003301600
   0.0000103800    0.0000395500   -0.0001081900
  -0.0000691600   -0.0000089600   -0.0000981100
   0.0000385900    0.0002792300   -0.0000959300
  -0.0001050500    0.0000775100   -0.0000488700
  -0.0000708300   -0.0000530300   -0.0001026700
   0.0001211600    0.0000387900   -0.0000519400
   0.0000221500    0.0000778900   -0.0000679700
  -0.0002811000   -0.0002215900    0.0001092300
   0.0001725000   -0.0001896300    0.0001258000
   0.0001085400   -0.0000597400   -0.0000536000
  -0.0000380600   -0.0000454800   -0.0000818100
   0.0000315400   -0.0000087300    0.0000350400
   0.0000412500   -0.0000854700   -0.0001019600
  -0.0000681200   -0.0000209400   -0.0001176200
   0.0000119200   -0.0000068100   -0.0000386400
  -0.0000250400    0.0000712800   -0.0001155800
  -0.0000488400   -0.0000359400   -0.0000875000
  -0.0000131600   -0.0000004700   -0.0001208900
   0.0000250900   -0.0000230200   -0.0000255900
  -0.0000313000   -0.0000300500   -0.0001272100
  -0.0000003700    0.0000123700   -0.0001043400
  -0.0000095500    0.0000259200   -0.0001088400
   0.0000028800    0.0000037500   -0.0001252600
  -0.0000329900   -0.0000215100   -0.0000831300
   0.0000467300    0.0000186600   -0.0000571200
  -0.0000208600    0.0000057100   -0.0001148400
  -0.0000420700   -0.0000330300   -0.0001348600
   0.0011873400    0.0008118200    0.0011501400
  -0.0000792300   -0.0000143900   -0.0001050000
   0.0001388700   -0.0000027900   -0.0000892600
  -0.0004751100    0.0001360400   -0.0003037700
  -0.0000492800   -0.0000678700   -0.0001141800
  -0.0000118800   -0.0000081100    0.0000291800
   0.0000608900   -0.0001363800   -0.0000855900
  -0.0000200400   -0.0002552600   -0.0002569700
   0.0000487700    0.0000865700   -0.0000987800
  -0.0000613000    0.0000862900   -0.0000910000
  -0.0000377900   -0.0000222300    0.0000288000
   0.0000023200   -0.0000186200    0.0000360400
  -0.0002289000   -0.0009669000    0.0004165500
  -0.0001746900    0.0000808200   -0.0001118300
  -0.0000134700    0.0000157300    0.0000277400
   0.0002519400    0.0001504300   -0.0003922600
  -0.0000817500   -0.0000589700    0.0000245200
  -0.0000031800    0.0000217000    0.0001219300
   0.0000339500   -0.0000290300    0.0000593300
   0.0000387800   -0.0000276900    0.0000182400
   0.0000303200   -0.0000167100    0.0001312600
  -0.0000182200   -0.0000079300    0.0000582400
   0.0000403200   -0.0000365800    0.0000531900
  -0.0001010600   -0.0000252800    0.0001165600
   0.0000082200   -0.0000034400    0.0000999500
  -0.0000190300    0.0000147300    0.0000828000
  -0.0000296600   -0.0000194600    0.0001035300
  -0.0000030400   -0.0000114900    0.0001098600
   0.0000052200    0.0000618000    0.0000214700
  -0.0000330100   -0.0000468400    0.0001479700
  -0.0000099500    0.0000072000    0.0001066600
  -0.0000032100    0.0000478100    0.0000820400

33   
 -0.0060228094711039   0.0000000000000000  -0.0079828419798203
  -0.0410663500   -0.0386403700   -0.0189083700
   0.0804097700   -0.0307033200   -0.0094039200
   0.0057435600    0.0007652300   -0.0004174300
  -0.0641831600   -0.0022502300   -0.0004556700
   0.0265701900    0.0708619700   -0.0143706300
   0.0364333400    0.0044821100    0.0000312100
  -0.0034542100   -0.0000780000    0.0002865700
  -0.0646900500    0.0547174700   -0.0015826200
   0.0171886500    0.0281732300   -0.0004849100
  -0.0008383400   -0.0015540900    0.0003091200
  -0.0007328900    0.0015609500    0.0003240300
  -0.0157065900    0.0317608100   -0.0003756900
  -0.0321290500   -0.0542210200   -0.0004849700
   0.0294250300   -0.0592547800   -0.0007764100
   0.0040913600   -0.0056316100   -0.0003722100
  -0.0001825200   -0.0000185800    0.0002504000
   0.0366799700    0.0004837700   -0.0713055900
   0.0055084000    0.0020113100   -0.0035723400
  -0.0005045800   -0.0000535800   -0.0001537700
  -0.0417978500    0.0209060400   -0.0402281300
   0.0229151800    0.0125734200   -0.0200748200
  -0.0003253300   -0.0002187800    0.0004272400
  -0.0020567800    0.0010865600   -0.0017242800
  -0.0197403100    0.0164269800   -0.0229644200
  -0.0000153900   -0.0003692700   -0.0001073600
  -0.0000550900   -0.0009595400   -0.0006887800
   0.0001114000    0.0004268800   -0.0003170600
   0.0001339900    0.0014533400   -0.0008117100
  -0.0002643300   -0.0470751500   -0.0388606100
   0.0035402700   -0.0054596700   -0.0049757000
   0.0000387800   -0.0000392600   -0.0001257600
  -0.0025565400   -0.0014912400   -0.0014901800
   0.0623144800    0.0022379000    0.1147773900
   0.0017226200    0.0017280400    0.0056371000
  -0.0004261600   -0.0000465100    0.0002376200
  -0.0420477500    0.0192116400    0.0392353800
   0.0204515200    0.0100061600    0.0206439800
  -0.0002283200   -0.0001660700   -0.0005896200
  -0.0019586500    0.0010368000    0.0017035900
  -0.0187268800    0.0169072400    0.0235046200
  -0.0000625000   -0.0002925700    0.0002035300
  -0.0000473000   -0.0009627900    0.0005981900
   0.0000494700    0.0003416500    0.0003875900
   0.0001078700    0.0015988000    0.0007520800
  -0.0008976700   -0.0450381900    0.0378822100
   0.0028417100   -0.0034084800    0.0070258100
   0.0002156400   -0.0001533300    0.0000495700
  -0.0026305600   -0.0015234300    0.0014486300
   0.0001631300   -0.0000183500   -0.0006098900
  -0.0002730300   -0.0000380200   -0.0004771000
  -0.0000259800    0.0001107500   -0.0001000500
   0.0002817000    0.0001946200   -0.0000366000
  -0.0001291000   -0.0003136600   -0.0004650900
   0.0000059500   -0.0000631500   -0.0000426400
   0.0000828300   -0.0000158100   -0.0000511600
  -0.0000196400   -0.0003008700   -0.0000504900
   0.0001222100   -0.0001030900   -0.0001018800
   0.0000855900    0.0000269600   -0.0000469300
  -0.0001019900   -0.0000615900   -0.0001000800
  -0.0000084700   -0.0001037700   -0.0000834100
   0.0002942700    0.0001870400   -0.0002453700
  -0.0001520700    0.0001606500   -0.0002696300
  -0.0000951900    0.0000320900   -0.0000974000
   0.0000554900    0.0000184800   -0.0000691500
  -0.0000139600   -0.0000181200   -0.0001889000
  -0.0000219500    0.0000581300   -0.0000547200
   0.0000828000   -0.0000043000   -0.0000377400
   0.0000039300   -0.0000188700   -0.0001167600
   0.0000424300   -0.0000935200   -0.0000419700
   0.0000651500    0.0000091300   -0.0000680200
   0.0000289000   -0.0000247400   -0.0000346800
  -0.0000098100   -0.0000017300   -0.0001293200
   0.0000472700    0.0000021100   -0.0000292200
   0.0000178500   -0.0000388100   -0.0000516300
   0.0000242900   -0.0000515500   -0.0000465900
   0.0000140900   -0.0000300400   -0.0000306000
   0.0000493000   -0.0000048600   -0.0000729600
  -0.0000288000   -0.0000457000   -0.0000987100
   0.0000361800   -0.0000308200   -0.0000409200
   0.0000566500    0.0000069800   -0.0000204900
  -0.0011271800   -0.0008140000   -0.0009765300
   0.0000942400   -0.0000118500    0.0002055000
  -0.0001247700   -0.0000201200    0.0002029600
   0.0004895500   -0.0001490800    0.0004534700
   0.0000660400    0.0000417200    0.0002169300
   0.0000276200   -0.0000190500    0.0000837200
  -0.0000474200    0.0001098500    0.0001920100
   0.0000387400    0.0002362100    0.0003836800
  -0.0000302500   -0.0001160600    0.0002163800
   0.0000763200   -0.0001118100    0.0001933800
   0.0000536000   -0.0000026900    0.0000833000
   0.0000125500   -0.0000098800    0.0000681500
   0.0002573200    0.0009156400   -0.0002610000
   0.0001912800   -0.0001058300    0.0002238600
   0.0000270600   -0.0000417100    0.0000750900
  -0.0002535900   -0.0001861300    0.0005543000
   0.0000969200    0.0000322900    0.0001769800
   0.0000195500   -0.0000483700    0.0000818600
  -0.0000170700    0.0000028900    0.0001404100
  -0.0000227500    0.0000011400    0.0001824800
  -0.0000136800   -0.0000097700    0.0000728000
   0.0000352500   -0.0000179400    0.0001441800
  -0.0000243700    0.0000095900    0.0001500800
   0.0001149300   -0.0000002100    0.0000879800
   0.0000084900   -0.0000218700    0.0001020300
   0.0000344000   -0.0000415100    0.0001196600
   0.0000461100   -0.0000065500    0.0000996500
   0.0000185600   -0.0000138500    0.0000937400
   0.0000099400   -0.0000871600    0.0001788100
   0.0000500400    0.0000198200    0.0000552200
   0.0000256900   -0.0000337000    0.0000966600
   0.0000187900   -0.0000739900    0.0001194800

49   
  0.0060228094711039   0.0000000000000000   0.0079828419798203
   0.0001251300    0.0001425400    0.0000764200
  -0.0002169800    0.0000393200   -0.0001775200
  -0.0000209000   -0.0000285400    0.0002470000
   0.0000464400   -0.0000337600    0.0000333500
  -0.0000950800   -0.0002300000   -0.0000575800
   0.0000301400    0.0000602400    0.0000488800
  -0.0000886400    0.0000125600    0.0001239500
   0.0001395100   -0.0001268600    0.0001412600
   0.0000209100   -0.0000026000    0.0003699100
  -0.0000753100   -0.0000531700    0.0001177100
  -0.0000476000    0.0000068700    0.0001184400
   0.0000719300    0.0000296000   -0.0000841100
  -0.0000221000   -0.0000123100    0.0002646100
  -0.0000081400    0.0000863900    0.0000924400
   0.0000034700    0.0000415100    0.0000090800
   0.0000056100   -0.0000233300    0.0001252100
  -0.0001338100   -0.0000975500   -0.0000977200
  -0.0000829900    0.0000714800   -0.0001655600
   0.0000124700    0.0000274400   -0.0003295700
   0.0001473400   -0.0000420400   -0.0001118800
   0.0000292600   -0.0000088500   -0.0001130400
  -0.0000559300    0.0000138300   -0.0001325000
   0.0000242800   -0.0000517300   -0.0002756700
  -0.0000475400   -0.0000376500   -0.0002514000
  -0.0000108700   -0.0001014900   -0.0002243800
  -0.0000767200   -0.0000136500   -0.0002363000
  -0.0000143000    0.0000372900   -0.0003049600
   0.0000425800    0.0000697200   -0.0001616300
   0.0000437000    0.0001988700   -0.0001462800
   0.0000056100    0.0000026400   -0.0001887700
   0.0000484700   -0.0001054900   -0.0002020300
  -0.0001386600   -0.0000380500   -0.0002697300
  -0.0002530600   -0.0001006600    0.0005919600
  -0.0003272300    0.0001808400    0.0000822700
   0.0000579700    0.0000391200    0.0002222500
   0.0004212200    0.0001747900    0.0004300000
   0.0000092900   -0.0003910300    0.0000848100
  -0.0000330000    0.0000199200   -0.0000430600
   0.0000681600   -0.0000639300    0.0002050200
  -0.0000983500   -0.0002660000    0.0005237500
   0.0000311100   -0.0001038000    0.0000368500
  -0.0000584800   -0.0000061800    0.0001130000
   0.0000017600    0.0000219800    0.0002733600
  -0.0000211800    0.0000982500   -0.0000094900
   0.0004214200    0.0004010900    0.0003194600
  -0.0001591700    0.0000901400    0.0002527600
   0.0000432200   -0.0001401800    0.0000010400
  -0.0001935800   -0.0000289800    0.0001215600
  -0.0434950000    0.0002815600   -0.0946271000
   0.0038858600   -0.0001057900   -0.0013799000
   0.0006811200    0.0003175800   -0.0006186000
   0.0063121100    0.0023903000   -0.0032057600
   0.0003005500    0.0025976800   -0.0010861900
   0.0002437700    0.0000418800   -0.0002918100
   0.0006137800   -0.0002614000   -0.0006143600
  -0.0004565700   -0.0058794800   -0.0034989400
   0.0000388600    0.0003652400   -0.0004072400
   0.0001671500    0.0002081000   -0.0004533200
  -0.0005199900   -0.0006995400   -0.0008298600
   0.0001689900   -0.0002500800   -0.0004532400
   0.0015349900    0.0022280000   -0.0019994900
  -0.0016951300   -0.0012523500   -0.0025850500
   0.0002177100   -0.0000322000   -0.0003149300
   0.0006436200    0.0002684400   -0.0005902200
   0.0006217500   -0.0000072100    0.0447294400
   0.0008503600   -0.0002217100    0.0008311200
   0.0002315200   -0.0002131300   -0.0003679400
  -0.0021783800   -0.0008951500   -0.0012920500
   0.0001502100    0.0009499000    0.0006609900
   0.0002276400    0.0001585600   -0.0002356500
  -0.0000395200   -0.0000148200   -0.0004182900
  -0.0004058900    0.0022169100   -0.0011262600
  -0.0001597000    0.0002218300   -0.0002594100
  -0.0000564200   -0.0001580500   -0.0003264100
   0.0002005100   -0.0000213700   -0.0004775600
  -0.0000310000    0.0001865900   -0.0003275600
  -0.0013759500   -0.0010189200   -0.0004015900
   0.0010991000   -0.0010605800   -0.0000659600
   0.0002672000   -0.0001775000   -0.0002227400
  -0.0000633400   -0.0000228100   -0.0004321700
  -0.0053610300   -0.0032743800    0.0038103000
  -0.0002478200   -0.0002177200    0.0006700500
  -0.0014417200   -0.0001058700    0.0009217100
   0.0388585100   -0.0221957900    0.0371171600
  -0.0002410600   -0.0002108700    0.0004764100
  -0.0002527300   -0.0000063800    0.0003395600
  -0.0005687700    0.0013954600    0.0011163900
   0.0007976200    0.0004938700    0.0007284200
  -0.0003173600   -0.0004519800    0.0006005200
   0.0005546700   -0.0004369800    0.0009909700
   0.0000357400    0.0001615400    0.0003131300
  -0.0000223200   -0.0001389300    0.0003824000
   0.0003641500    0.0257123600    0.0206403600
   0.0001430500    0.0003751400    0.0004006000
  -0.0002550400   -0.0000387300    0.0003479000
  -0.0007261300   -0.0008832100    0.0010540500
  -0.0013706100   -0.0007864700   -0.0003893900
  -0.0004901400   -0.0000965100    0.0001126800
   0.0000145500    0.0000887700    0.0006318600
   0.0031902300   -0.0018556100   -0.0018978600
  -0.0002911300   -0.0003216200    0.0000742300
  -0.0001431200   -0.0000050800    0.0002821600
  -0.0000395300   -0.0001273700    0.0006694500
   0.0004001200   -0.0002885500    0.0004524100
   0.0000900200    0.0001528800    0.0003350500
  -0.0001645300    0.0002734100    0.0004095500
  -0.0000205400    0.0000598000    0.0002864500
   0.0000496800   -0.0001096500    0.0003112400
  -0.0000165000    0.0026294000   -0.0011453300
  -0.0002183300    0.0003530800    0.0001671200
  -0.0001320900    0.0000359100    0.0002989400
   0.0002709400   -0.0000790400    0.0007364100

49   
 -0.0060228094711039   0.0000000000000000  -0.0079828419798203
  -0.0001467300   -0.0000907500    0.0001814500
   0.0001252600   -0.0000176400    0.0004849800
  -0.0000004300   -0.0000845800    0.0000226800
   0.0000454200    0.0000174400    0.0002572000
   0.0000723400    0.0001085200    0.0003346600
   0.0000209600    0.0000545400    0.0002520100
  -0.0000344800    0.0000855400    0.0001501800
  -0.0000758900    0.0000148200    0.0001414100
   0.0000014400    0.0000311300   -0.0000791900
   0.0000460700   -0.0000871000    0.0001323800
   0.0000063700   -0.0000086100    0.0001660500
  -0.0000506800    0.0000827600    0.0003759600
   0.0000115400   -0.0000015200    0.0000137000
  -0.0000260400   -0.0000412800    0.0001982300
   0.0000822400   -0.0000533500    0.0002428800
  -0.0000627000   -0.0000122500    0.0001074100
  -0.0001013900   -0.0000371600   -0.0002412100
  -0.0000031700    0.0000664100   -0.0004058900
  -0.0000211900    0.0001269400   -0.0003906500
   0.0001525400   -0.0000187800   -0.0003081500
   0.0000362800   -0.0000118800   -0.0003290900
   0.0000235300    0.0000562300   -0.0001686900
  -0.0000556300   -0.0000444900   -0.0002892100
   0.0000134600   -0.0000140300   -0.0003472100
   0.0001134700   -0.0000234700   -0.0002081500
  -0.0001055400   -0.0001532400   -0.0003599200
  -0.0000008600    0.0001263300   -0.0002727500
   0.0000209700    0.0001289300   -0.0002533600
  -0.0001222200    0.0001308400   -0.0003169100
   0.0001970300   -0.0000258400   -0.0003842400
   0.0000100400   -0.0001443000   -0.0002017900
  -0.0000747600   -0.0001485600   -0.0002618600
   0.0000061300   -0.0000360600   -0.0006243900
   0.0002421700   -0.0000379900    0.0001411500
  -0.0000713200    0.0001171600    0.0001427500
  -0.0001102400   -0.0002356600   -0.0003776000
   0.0000577800    0.0003639300    0.0000178300
   0.0000009600    0.0000535800   -0.0000194500
  -0.0000977800   -0.0000345100    0.0000001000
   0.0000607600    0.0002050100   -0.0002765600
   0.0000758600   -0.0000274900    0.0000392900
  -0.0001248000   -0.0001629300    0.0001196700
  -0.0000198300    0.0001496000   -0.0000553900
   0.0000875200    0.0001148400    0.0000606700
  -0.0004938900   -0.0000552700   -0.0002095500
   0.0003644400   -0.0001187200   -0.0000369300
   0.0000217300   -0.0001167500    0.0000227800
  -0.0000338300   -0.0001649900    0.0000452000
   0.0461177600   -0.0003453700    0.0918909200
  -0.0038890800    0.0000983500    0.0012864300
  -0.0006908700   -0.0003234000    0.0005435900
  -0.0063629600   -0.0024057400    0.0031573600
  -0.0003164400   -0.0026156500    0.0009997200
  -0.0002579200   -0.0000446000    0.0002181800
  -0.0006220200    0.0002575500    0.0005397900
   0.0004653100    0.0058892700    0.0034421900
  -0.0000492900   -0.0003700800    0.0003324600
  -0.0001778600   -0.0002087400    0.0003795300
   0.0005150300    0.0006961400    0.0007561200
  -0.0001751900    0.0002475000    0.0003797000
  -0.0015317500   -0.0022301700    0.0019350200
   0.0016765800    0.0012727300    0.0025073100
  -0.0002255900    0.0000286100    0.0002413000
  -0.0006509000   -0.0002756900    0.0005175200
  -0.0008099100   -0.0000023200   -0.0438668400
  -0.0008628200    0.0002198500   -0.0008568200
  -0.0002384900    0.0002106800    0.0003260300
   0.0021817200    0.0008946500    0.0012471200
  -0.0001579900   -0.0009598300   -0.0006984600
  -0.0002349800   -0.0001611600    0.0001922100
   0.0000306900    0.0000098600    0.0003768600
   0.0003986600   -0.0022317500    0.0010850900
   0.0001557000   -0.0002261900    0.0002146600
   0.0000459600    0.0001539100    0.0002847900
  -0.0002105400    0.0000174200    0.0004362000
   0.0000230600   -0.0001913200    0.0002836500
   0.0013739200    0.0010211000    0.0003528800
  -0.0011111700    0.0010608500    0.0000321000
  -0.0002767500    0.0001744300    0.0001800600
   0.0000555700    0.0000203100    0.0003888000
   0.0051624800    0.0031627200   -0.0034330700
   0.0002402500    0.0002153800   -0.0004743900
   0.0014383100    0.0001022100   -0.0007292400
  -0.0403500800    0.0231874400   -0.0379628700
   0.0002358600    0.0002097600   -0.0002758100
   0.0002459700   -0.0000008200   -0.0001484200
   0.0005590800   -0.0014021100   -0.0009306000
  -0.0008105600   -0.0005005200   -0.0005317000
   0.0003061500    0.0004468200   -0.0004017800
  -0.0005640700    0.0004319600   -0.0008021500
  -0.0000432300   -0.0001665300   -0.0001148900
   0.0000151000    0.0001335700   -0.0001882100
  -0.0002525500   -0.0260734400   -0.0205169600
  -0.0001451700   -0.0003824100   -0.0002062900
   0.0002454700    0.0000339300   -0.0001530600
   0.0007178000    0.0008845900   -0.0008646700
   0.0013878200    0.0007970300    0.0005921100
   0.0004822700    0.0000907800    0.0000543200
  -0.0000254200   -0.0000914900   -0.0004660600
  -0.0032073600    0.0018575800    0.0020808800
   0.0002827500    0.0003168000    0.0000917500
   0.0001362200    0.0000008400   -0.0001187200
   0.0000310000    0.0001233200   -0.0005030600
  -0.0004101100    0.0002833300   -0.0002860700
  -0.0000968900   -0.0001595700   -0.0001686400
   0.0001566000   -0.0002782200   -0.0002429600
   0.0000107800   -0.0000647300   -0.0001219200
  -0.0000586300    0.0001055500   -0.0001430300
   0.0000084900   -0.0026511300    0.0013355000
   0.0002093900   -0.0003560600   -0.0000049000
   0.0001232800   -0.0000385400   -0.0001323200
  -0.0002813500    0.0000754000   -0.0005706800

65   
  0.0060228094711039   0.0000000000000000   0.0079828419798203
  -0.0000125400   -0.0000040200    0.0001053500
  -0.0000398200   -0.0000083300    0.0001745500
   0.0000041100   -0.0000836800    0.0000033300
   0.0000421700    0.0000038100    0.0001344800
   0.0000046200   -0.0000654200    0.0001342700
   0.0000027600    0.0000423400    0.0002220200
  -0.0000324500    0.0000517800    0.0001789200
   0.0000138800   -0.0000751700    0.0001956600
  -0.0000065000   -0.0000235900    0.0000339100
   0.0000248900   -0.0000944400    0.0001843100
  -0.0000204900   -0.0000252800    0.0001591500
  -0.0000028600    0.0000526800    0.0001112800
   0.0000155300    0.0000000400    0.0001042900
  -0.0000276500    0.0000161400    0.0002071600
   0.0000571200   -0.0000348100    0.0000332600
  -0.0000520300   -0.0000325200    0.0000758100
  -0.0001172400   -0.0001183200   -0.0001506200
  -0.0000664700    0.0000519600   -0.0002487500
   0.0000315100    0.0000395400   -0.0003320300
   0.0001473600   -0.0000674900   -0.0001744600
   0.0000530900   -0.0000204000   -0.0002259300
  -0.0000332100    0.0000463400   -0.0001276600
   0.0000031200   -0.0000462000   -0.0002745800
  -0.0000305100   -0.0000254100   -0.0003060700
   0.0000733000   -0.0001380000   -0.0002314000
  -0.0000962400   -0.0000923900   -0.0002388400
  -0.0000080200    0.0000230900   -0.0002782500
   0.0000269500    0.0001107500   -0.0001515000
   0.0000240800    0.0001894900   -0.0002481100
   0.0000592300    0.0000020800   -0.0002646200
   0.0000852200   -0.0001467800   -0.0001743800
  -0.0001738200   -0.0000712900   -0.0002475000
  -0.0000791700   -0.0001201700    0.0000968500
   0.0000159900   -0.0000196600    0.0000913200
  -0.0000392700    0.0000187900    0.0001378100
   0.0001415500   -0.0000788200    0.0000154500
   0.0000594400    0.0000908600    0.0000446800
  -0.0000711000    0.0000190000   -0.0000847000
  -0.0000088700   -0.0000300800    0.0000734800
  -0.0000006200   -0.0000187800    0.0001790500
   0.0000434600   -0.0001638900    0.0000261800
  -0.0000829400   -0.0000799200    0.0000309200
  -0.0000076600    0.0000645100    0.0000908800
   0.0000365300    0.0000901900   -0.0000279800
  -0.0000229600    0.0001515100    0.0000652200
   0.0001276600    0.0000081500    0.0001324800
   0.0000429400   -0.0001164400    0.0000087400
  -0.0001811700   -0.0000791200    0.0000476900
   0.0008104800   -0.0000185700    0.0437951400
  -0.0020613500    0.0008679900   -0.0014055900
   0.0002393700    0.0001502500   -0.0003942200
   0.0007481900    0.0002170700    0.0008771300
  -0.0003460400   -0.0021539300   -0.0011965300
  -0.0000288200   -0.0000198900   -0.0004776800
   0.0002523200   -0.0001726800   -0.0002275400
   0.0000900800   -0.0008712900    0.0006714100
   0.0001735900    0.0000205700   -0.0005309600
  -0.0000198900    0.0001450700   -0.0003526500
  -0.0001152900   -0.0002225900   -0.0002571200
  -0.0000436000   -0.0001574600   -0.0003534700
   0.0010683100    0.0009462500   -0.0000538300
  -0.0013066100    0.0008948500   -0.0004674800
  -0.0000168100   -0.0000318600   -0.0004520600
   0.0002279700    0.0001394100   -0.0002529400
  -0.0475509200    0.0015713300   -0.0942617600
   0.0065893800   -0.0026153000   -0.0032749800
   0.0009044600   -0.0003379100   -0.0006759000
   0.0040883500    0.0000626200   -0.0013859800
  -0.0006319400    0.0061972000   -0.0036262500
   0.0007481600    0.0003065900   -0.0006741400
   0.0003180300   -0.0000916000   -0.0003179800
   0.0003150100   -0.0028295000   -0.0010364600
  -0.0005282900    0.0008114100   -0.0008880000
   0.0001880000   -0.0002641200   -0.0004954800
   0.0000268800   -0.0005219800   -0.0004644100
   0.0001876800    0.0002562500   -0.0004974000
  -0.0018610900    0.0013803400   -0.0026811700
   0.0015439500   -0.0022889200   -0.0019804500
   0.0007691100   -0.0003524800   -0.0006594000
   0.0002976800    0.0000477400   -0.0003347300
   0.0032509800    0.0018246300   -0.0018961900
  -0.0000541900   -0.0001170900    0.0005754100
  -0.0005060300    0.0000796600    0.0000822200
  -0.0013065800    0.0007723000   -0.0005016300
  -0.0000649600    0.0000632300    0.0006177800
  -0.0001673200   -0.0000176300    0.0003088200
  -0.0002879700    0.0002988400    0.0000394400
   0.0004606900    0.0002297800    0.0004538200
  -0.0001571500   -0.0002924000    0.0003721700
   0.0000752300   -0.0001317900    0.0002858400
   0.0000644500    0.0000964100    0.0003115900
   0.0000166400   -0.0001028300    0.0002992500
   0.0000610900   -0.0026464800   -0.0011990600
   0.0002348400    0.0001144800    0.0007271900
  -0.0001320000   -0.0000448900    0.0003047900
  -0.0001920400   -0.0003923000    0.0001776300
   0.0409887000    0.0234025700    0.0396233400
  -0.0015340300    0.0000857200    0.0009420500
  -0.0003334000    0.0002263700    0.0006594400
  -0.0052352800    0.0033269100    0.0040876800
  -0.0005403000   -0.0014922100    0.0012159500
  -0.0003161300   -0.0000169200    0.0003907600
  -0.0002395800    0.0002454600    0.0003860400
   0.0008966600   -0.0005761400    0.0007777000
   0.0006017200    0.0003447100    0.0010750700
  -0.0002985300    0.0004876700    0.0005264000
  -0.0000234800    0.0001323700    0.0004383600
   0.0000602700   -0.0002140500    0.0003324100
   0.0004922800   -0.0265001200    0.0216689400
  -0.0007472600    0.0009336600    0.0011051400
  -0.0002815800    0.0000320600    0.0003851900
   0.0002150200   -0.0004094800    0.0004482000

65   
 -0.0060228094711039   0.0000000000000000  -0.0079828419798203
  -0.0000000600    0.0000154000    0.0001613100
  -0.0000409700   -0.0000029600    0.0001387900
   0.0000081400   -0.0000306300    0.0002727000
   0.0000364300   -0.0000304100    0.0001493700
  -0.0000102800   -0.0000540700    0.0001493600
   0.0000570000    0.0000476800    0.0000795000
  -0.0000735000    0.0000069400    0.0001055700
   0.0000450900   -0.0000449700    0.0000826000
   0.0000117500    0.0000142200    0.0002440000
  -0.0000356500   -0.0000606400    0.0000705300
  -0.0000090500    0.0000132800    0.0001286700
   0.0000535400    0.0000268400    0.0001843900
  -0.0000225100   -0.0000196200    0.0001826800
   0.0000161400    0.0000057500    0.0000796600
   0.0000151700    0.0000106500    0.0002374300
   0.0000073300   -0.0000218400    0.0001435300
  -0.0000749900   -0.0000701600   -0.0002432600
  -0.0000075600    0.0000522200   -0.0002900900
  -0.0000111400    0.0000276100   -0.0003779900
   0.0001076700   -0.0000283100   -0.0002351500
   0.0000574500    0.0000317300   -0.0002367200
  -0.0000250600   -0.0000084900   -0.0002418900
   0.0000054100   -0.0000320000   -0.0003307200
  -0.0000237300   -0.0000127000   -0.0003339600
  -0.0000129900   -0.0000753400   -0.0002807300
  -0.0000339800   -0.0000217100   -0.0003283100
  -0.0000001300    0.0000281600   -0.0003651800
   0.0000667200    0.0000377400   -0.0002426200
   0.0000181000    0.0001050300   -0.0002552200
   0.0000307100   -0.0000167100   -0.0003166400
   0.0000451600   -0.0000605500   -0.0003019200
  -0.0000824700   -0.0000564900   -0.0003230900
  -0.0001241000   -0.0000756100   -0.0000736700
  -0.0000899100    0.0001290300    0.0000928000
   0.0000560900    0.0000463100    0.0002106900
   0.0001267800   -0.0000140100    0.0000169800
   0.0000580600   -0.0000807600    0.0000658700
   0.0000090400    0.0000275100    0.0000796800
   0.0000257700   -0.0000511500    0.0001641900
  -0.0000631700   -0.0000277900    0.0000988200
   0.0000246800   -0.0000636200    0.0001177800
  -0.0000538700   -0.0000370600    0.0001616400
  -0.0000022400   -0.0000090900    0.0001886200
   0.0000587000    0.0000824900    0.0000441100
   0.0000757500    0.0001610400    0.0000745100
  -0.0000392600   -0.0000254100    0.0000847700
   0.0001037100   -0.0001019200    0.0000769800
  -0.0001004100   -0.0000575100    0.0001435500
  -0.0006299700   -0.0000079700   -0.0447756900
   0.0020537700   -0.0008855600    0.0013257900
  -0.0002413000   -0.0001759100    0.0003143800
  -0.0007414800   -0.0002385400   -0.0009737700
   0.0003485300    0.0021228000    0.0011142800
   0.0000246500   -0.0000041200    0.0003994800
  -0.0002485700    0.0001513900    0.0001479200
  -0.0000861600    0.0008407200   -0.0007580000
  -0.0001768800   -0.0000443500    0.0004512600
   0.0000237800   -0.0001647500    0.0002736400
   0.0001173800    0.0001997200    0.0001775300
   0.0000477000    0.0001344100    0.0002722500
  -0.0010613000   -0.0009659200   -0.0000342800
   0.0012976400   -0.0009111900    0.0003937200
   0.0000199100    0.0000099800    0.0003740400
  -0.0002228000   -0.0001636200    0.0001726400
   0.0455813700    0.0004567400    0.0924270700
  -0.0065415700    0.0025803100    0.0032081700
  -0.0009038300    0.0003172000    0.0006327500
  -0.0040913500   -0.0000915900    0.0013629600
   0.0006208800   -0.0062011700    0.0035638700
  -0.0007430700   -0.0003297800    0.0006300900
  -0.0003169800    0.0000708200    0.0002762400
  -0.0003050800    0.0027911000    0.0010054000
   0.0005309200   -0.0008341400    0.0008421200
  -0.0001833400    0.0002404900    0.0004538700
  -0.0000304400    0.0004989700    0.0004228400
  -0.0001840700   -0.0002773300    0.0004521400
   0.0018675100   -0.0013802300    0.0026420500
  -0.0015517000    0.0022692000    0.0019286500
  -0.0007653400    0.0003289900    0.0006133000
  -0.0002947300   -0.0000696300    0.0002918700
  -0.0032454100   -0.0018440800    0.0020782700
   0.0000569200    0.0000972800   -0.0003856600
   0.0005133000   -0.0001034700    0.0001168800
   0.0012836700   -0.0007833700    0.0006610500
   0.0000663600   -0.0000853200   -0.0004171400
   0.0001712000   -0.0000084900   -0.0001200900
   0.0002860800   -0.0003206800    0.0001510400
  -0.0004571300   -0.0002482000   -0.0002588800
   0.0001553800    0.0002742800   -0.0001703400
  -0.0000736400    0.0001033100   -0.0000995400
  -0.0000605900   -0.0001206300   -0.0001114200
  -0.0000125900    0.0000770400   -0.0001088000
  -0.0000608500    0.0026077500    0.0013715700
  -0.0002266800   -0.0001367200   -0.0005354400
   0.0001316400    0.0000214600   -0.0001098200
   0.0001917900    0.0003695200    0.0000178800
  -0.0394858500   -0.0224158800   -0.0384378600
   0.0015350500   -0.0001085300   -0.0008019100
   0.0003348200   -0.0002499800   -0.0005290100
   0.0054248700   -0.0034541900   -0.0041410700
   0.0005405200    0.0014650700   -0.0010778500
   0.0003182300   -0.0000068800   -0.0002587800
   0.0002390900   -0.0002662400   -0.0002521000
  -0.0008918400    0.0005463100   -0.0006378500
  -0.0005981800   -0.0003654600   -0.0009409300
   0.0003011100   -0.0005150200   -0.0003895500
   0.0000233000   -0.0001553900   -0.0003040300
  -0.0000588000    0.0001905600   -0.0001953900
  -0.0006097700    0.0261118900   -0.0214686900
   0.0007462400   -0.0009509800   -0.0009636800
   0.0002819800   -0.0000536800   -0.0002495500
  -0.0002177200    0.0003835900   -0.0003137900

81   
  0.0060228094711039   0.0000000000000000   0.0079828419798203
   0.0008497600    0.0006131900    0.0006160300
  -0.0001600000    0.0004511400   -0.0002871100
  -0.0005630100    0.0002437800    0.0004124700
   0.0001292900    0.0000343100    0.0001827500
   0.0002119600   -0.0002189900   -0.0005198300
  -0.0004612700   -0.0001110100   -0.0000698000
  -0.0002926600    0.0000818600    0.0000632500
   0.0005366800   -0.0000349300    0.0000767100
  -0.0000869500   -0.0008129500    0.0005232000
  -0.0001378100   -0.0002634400    0.0000042800
   0.0000324300    0.0000448200    0.0000425800
   0.0002375700   -0.0003192900    0.0001060200
   0.0000592800    0.0000692300    0.0001636000
   0.0001734100    0.0003734900    0.0000343400
  -0.0001108900    0.0002999600    0.0000934100
  -0.0000285000   -0.0000211900    0.0002030600
   0.0001073300    0.0001452700    0.0003046000
  -0.0002478800    0.0001081400    0.0000440300
   0.0000331100    0.0000205300   -0.0003654200
   0.0001930900   -0.0001242100   -0.0001961300
  -0.0000986300   -0.0002356800    0.0001267600
  -0.0001570200    0.0000579300   -0.0001069100
  -0.0000212600    0.0000952500   -0.0003801600
   0.0003497100   -0.0000950600   -0.0000987400
   0.0000942100   -0.0000874900   -0.0002413200
  -0.0000506100   -0.0001678600   -0.0003401500
   0.0000039900    0.0000712000   -0.0002610800
   0.0000349100    0.0000436900   -0.0002555300
  -0.0000490600    0.0003054000   -0.0002929400
   0.0001816000    0.0003176300   -0.0001945400
  -0.0000041700   -0.0000326900   -0.0002731800
  -0.0000648900    0.0000332800   -0.0003313200
   0.0011904000    0.0008276400    0.0007984600
  -0.0006194400    0.0002653100   -0.0002737700
   0.0001032600   -0.0000146600   -0.0000461200
   0.0001792200   -0.0001173900   -0.0003350200
  -0.0001968500   -0.0010790500    0.0003160500
  -0.0001531400    0.0000673500   -0.0002670000
  -0.0000322700    0.0001114900    0.0000116500
   0.0003250500   -0.0000869200   -0.0004383000
   0.0001074600   -0.0000243300   -0.0001934300
  -0.0000515300   -0.0001766900   -0.0000181900
  -0.0000215700    0.0000625500   -0.0001210200
   0.0000226700    0.0000643900   -0.0002533000
  -0.0000693800    0.0002825100   -0.0001975600
   0.0001734200    0.0003007800   -0.0002607800
   0.0000400200   -0.0000663100   -0.0001835700
  -0.0000615500    0.0000339800   -0.0000617800
  -0.0052214100   -0.0031831500    0.0034492900
   0.0404166500   -0.0231809000    0.0379159300
  -0.0006507000    0.0001739800    0.0001202500
  -0.0009837900   -0.0009231100    0.0010193100
   0.0002798900    0.0261827800    0.0204971300
   0.0001744400   -0.0003479200    0.0001770400
  -0.0002248300    0.0000839900    0.0001187300
  -0.0007002500    0.0009084900    0.0008281900
  -0.0001166700   -0.0001284200    0.0002401100
   0.0000833800   -0.0001500300    0.0000971000
  -0.0000130300    0.0001493800    0.0001405900
   0.0004156900    0.0008752200    0.0009000900
  -0.0008073000   -0.0002273100    0.0006904400
   0.0008245100   -0.0004762600    0.0005026600
   0.0000593900    0.0003972800    0.0004536800
  -0.0002210400    0.0000280800    0.0001125600
   0.0000668000    0.0000198700    0.0003398000
   0.0019427100   -0.0010493200   -0.0030975900
  -0.0005920700    0.0003387800   -0.0000384000
   0.0000642100    0.0002227300    0.0003021300
   0.0000787600    0.0011087600   -0.0013770400
  -0.0003264500   -0.0004402900    0.0000950600
  -0.0001129800    0.0000166600    0.0001093800
   0.0004064900    0.0000715500    0.0004154200
   0.0000336900   -0.0004216200    0.0000446600
   0.0000504300   -0.0000665200    0.0000913800
   0.0000683400    0.0001332700    0.0001278400
  -0.0000762400   -0.0003424500    0.0002191500
   0.0002243300    0.0000251900    0.0002154400
   0.0004840700    0.0004518000    0.0002562400
  -0.0005421200    0.0003475000    0.0000485800
  -0.0001491300    0.0000280500    0.0001130600
  -0.0534540200   -0.0028281200   -0.0531798700
   0.0042110300    0.0002972700   -0.0004721000
   0.0015072900    0.0000898100   -0.0003369700
   0.0062625700    0.0005350000   -0.0020105000
   0.0006372500    0.0016044700   -0.0006025900
   0.0000681900    0.0000932200   -0.0001458600
   0.0001620700   -0.0000884900   -0.0002766700
   0.0010187900   -0.0037497900   -0.0018762700
   0.0003887700    0.0006721300   -0.0002952000
  -0.0000400000    0.0000796100   -0.0002086100
   0.0002803000   -0.0006790600   -0.0003819600
  -0.0000419700   -0.0000767200   -0.0002050400
   0.0016779700    0.0031626600   -0.0013723100
  -0.0000440600   -0.0016807300   -0.0011151600
   0.0000250100   -0.0000115900   -0.0001746700
   0.0002073800    0.0001713900   -0.0002440000
  -0.0005861800    0.0000285500    0.0004767800
   0.0007159300    0.0003487000    0.0006052700
   0.0002716600    0.0000393000   -0.0001114000
  -0.0001388000    0.0000298700   -0.0001520600
   0.0002988500    0.0003723900    0.0002852700
   0.0002125900    0.0001634300   -0.0001394300
   0.0000233400    0.0000017100   -0.0002097500
  -0.0004066500    0.0002620300    0.0001673100
   0.0000576700    0.0001520200   -0.0001036000
  -0.0000224200   -0.0000811000   -0.0001740700
   0.0000383600   -0.0001074300   -0.0001214100
  -0.0000001100    0.0001181700   -0.0001544400
  -0.0001426000   -0.0000748800   -0.0000921900
   0.0000047100   -0.0007712300    0.0005445400
   0.0001995400   -0.0000869400   -0.0001125000
   0.0000422800    0.0000523700   -0.0001979800

81   
 -0.0060228094711039   0.0000000000000000  -0.0079828419798203
  -0.0008717700   -0.0005277400   -0.0004761200
   0.0001083900   -0.0003939100    0.0004793900
   0.0005830700   -0.0003431100   -0.0002607300
  -0.0000095400   -0.0000322400   -0.0000145700
  -0.0002051900    0.0001254100    0.0006912300
   0.0005566600    0.0002816500    0.0002565700
   0.0002040300    0.0000818100    0.0000952700
  -0.0004502500   -0.0000493300    0.0001005800
   0.0001475400    0.0008741200   -0.0003519200
   0.0001629500    0.0001336800    0.0001263300
  -0.0000442400   -0.0000077700    0.0001175700
  -0.0002101900    0.0004953200    0.0000674600
  -0.0000452000   -0.0000245900    0.0000114900
  -0.0001610700   -0.0003206500    0.0001484100
   0.0002619200   -0.0003052600    0.0000456600
  -0.0000225900    0.0000275900   -0.0000664500
  -0.0003482400   -0.0002637800   -0.0006566800
   0.0001683300   -0.0000006700   -0.0007524400
   0.0000424200    0.0001343400   -0.0004042600
   0.0001522200   -0.0000424500   -0.0002934000
   0.0001357500    0.0002446300   -0.0007171900
   0.0001952300    0.0001557000   -0.0002857600
  -0.0000498300   -0.0000521100   -0.0003088800
  -0.0002569100    0.0001195500   -0.0006361500
   0.0001200000   -0.0000459000   -0.0002566200
  -0.0001123600   -0.0001396400   -0.0003482900
  -0.0000151600    0.0001295900   -0.0003193700
   0.0000227100    0.0001814300   -0.0002746100
  -0.0000792700    0.0001812200   -0.0003280100
   0.0001799400   -0.0002461300   -0.0005389200
   0.0000478200   -0.0002033800   -0.0002097500
  -0.0001139200   -0.0001137700   -0.0002762900
  -0.0014442700   -0.0009518000   -0.0011208600
   0.0005452500   -0.0001602400    0.0003488600
  -0.0000332800    0.0001680400    0.0001703200
   0.0001718800   -0.0000526200    0.0001707900
   0.0002334600    0.0010894500   -0.0003634100
   0.0001937500    0.0001481900    0.0000053800
  -0.0000415300   -0.0000669300    0.0000259100
  -0.0002298800    0.0001068900    0.0005325700
   0.0001094400   -0.0001136600    0.0000447600
  -0.0001108700   -0.0001354800    0.0000506600
   0.0000092200    0.0001423500    0.0000490900
   0.0000356900    0.0001629400    0.0001331100
  -0.0000607900    0.0002157100    0.0001738400
   0.0001933900   -0.0002322900    0.0003462700
   0.0000032000   -0.0001690600    0.0000036200
  -0.0001222700   -0.0001168300    0.0000154000
   0.0053662200    0.0032793000   -0.0038121200
  -0.0389043200    0.0222214200   -0.0370319700
   0.0006717800   -0.0001520900   -0.0003221600
   0.0010071300    0.0009521600   -0.0012274700
  -0.0003648800   -0.0257446400   -0.0206029500
  -0.0001450100    0.0003847300   -0.0003822800
   0.0002484200   -0.0000540800   -0.0003285600
   0.0007220800   -0.0008826700   -0.0010363400
   0.0001323300    0.0001611600   -0.0004467500
  -0.0000599000    0.0001815700   -0.0003058900
   0.0000376000   -0.0001200800   -0.0003507100
  -0.0003847100   -0.0008425700   -0.0011016000
   0.0008272000    0.0002564900   -0.0008996600
  -0.0008100400    0.0005017100   -0.0007091600
  -0.0000257900   -0.0003608100   -0.0006461300
   0.0002512200    0.0000010100   -0.0003226000
  -0.0000401600    0.0000106900   -0.0005063500
  -0.0018857300    0.0010554400    0.0029095100
   0.0006103600   -0.0003052300   -0.0001455600
  -0.0000421300   -0.0001930700   -0.0004881900
  -0.0000585200   -0.0010649100    0.0012037500
   0.0003491800    0.0004640500   -0.0002767100
   0.0001358500    0.0000123000   -0.0002915300
  -0.0003806800   -0.0000389200   -0.0005975100
  -0.0000083200    0.0004491500   -0.0002297000
  -0.0000261600    0.0000950200   -0.0002736000
  -0.0000448400   -0.0001018400   -0.0003095000
   0.0000999400    0.0003715600   -0.0004046000
  -0.0002007500    0.0000058000   -0.0003998100
  -0.0004506300   -0.0004174900   -0.0004358500
   0.0005600100   -0.0003128500   -0.0002329400
   0.0001700800    0.0000029200   -0.0002987300
   0.0492350000    0.0000331700    0.0645119500
  -0.0041632800   -0.0002578000    0.0004784000
  -0.0014873600   -0.0000586200    0.0003678400
  -0.0062554000   -0.0005118900    0.0020695500
  -0.0006184900   -0.0015823600    0.0006263000
  -0.0000477700   -0.0000643300    0.0001731600
  -0.0001368500    0.0001197000    0.0003084700
  -0.0009647200    0.0037496800    0.0019280200
  -0.0003664100   -0.0006451100    0.0003309800
   0.0000663800   -0.0000506000    0.0002411600
  -0.0002616300    0.0007113400    0.0004070200
   0.0000663600    0.0001050800    0.0002441500
  -0.0016478000   -0.0031207600    0.0014180600
   0.0000459400    0.0017375800    0.0011274800
  -0.0000036200    0.0000412100    0.0002083300
  -0.0001824300   -0.0001410000    0.0002784600
   0.0006041500    0.0000026600   -0.0004105600
  -0.0006808100   -0.0003115600   -0.0005215800
  -0.0002466800   -0.0000080800    0.0001817300
   0.0001629500    0.0000027800    0.0002211600
  -0.0002711000   -0.0003406000   -0.0002106200
  -0.0001875600   -0.0001326500    0.0002039700
   0.0000020100    0.0000275500    0.0002797800
   0.0004229800   -0.0002303700   -0.0000898200
  -0.0000323600   -0.0001211800    0.0001725300
   0.0000454900    0.0001113700    0.0002428100
  -0.0000155000    0.0001347600    0.0001898700
   0.0000246200   -0.0000885200    0.0002263200
   0.0001677300    0.0001037600    0.0001609800
   0.0000162400    0.0007868100   -0.0004627900
  -0.0001741500    0.0001174900    0.0001816400
  -0.0000184100   -0.0000229600    0.0002691200

97   
  0.0060228094711039   0.0000000000000000   0.0079828419798203
   0.0000248800    0.0000985900   -0.0000031900
  -0.0000739200    0.0000301800    0.0000533900
   0.0000118600   -0.0000933900    0.0000614400
   0.0000632400    0.0000349500    0.0001126700
   0.0000170300   -0.0000924400    0.0000577300
   0.0000076800    0.0001019800    0.0000323600
  -0.0000074100    0.0000873900    0.0000355200
   0.0000163700   -0.0000849900    0.0000265200
   0.0000289000    0.0000213100    0.0000373900
   0.0000129900   -0.0000563300   -0.0000159500
  -0.0000300100    0.0000055600   -0.0000023000
   0.0000312000    0.0001140000    0.0000798100
  -0.0000046900   -0.0000133800    0.0001174600
   0.0000171300    0.0000262800   -0.0000045100
   0.0000721400    0.0000118500    0.0000527400
  -0.0000372800   -0.0000004100    0.0000764800
  -0.0000946700   -0.0000114100   -0.0002095800
  -0.0001022400    0.0000992300   -0.0004837600
   0.0000782100    0.0001489800   -0.0005086400
   0.0001530400   -0.0000005900   -0.0002743900
  -0.0000059400   -0.0000139800   -0.0003067200
   0.0000384700    0.0000736000   -0.0002210100
  -0.0000178300   -0.0000859200   -0.0003627800
   0.0000156100   -0.0001198900   -0.0004038300
   0.0000918300   -0.0001019700   -0.0003396100
  -0.0001310300   -0.0000859200   -0.0004074400
  -0.0000338900    0.0002133500   -0.0004382500
   0.0001070600    0.0002239100   -0.0003296300
  -0.0000025200    0.0002084800   -0.0003786000
   0.0001774800   -0.0000110100   -0.0003375500
   0.0000504300   -0.0002409500   -0.0002679000
  -0.0001910400   -0.0000796800   -0.0003489900
  -0.0001116800   -0.0000236400   -0.0003279500
  -0.0001159600    0.0001149100    0.0000282200
   0.0000597900    0.0001687000    0.0000869200
   0.0002226400    0.0000547000   -0.0001586100
   0.0000018900   -0.0000162800   -0.0001849400
  -0.0000134700    0.0000957900   -0.0001700000
  -0.0000154600   -0.0000762500   -0.0000432900
   0.0000539600   -0.0001997700    0.0000065100
   0.0001070700   -0.0001715400   -0.0000759500
  -0.0001291500   -0.0000840800    0.0000127100
  -0.0000545200    0.0002052300    0.0000173500
   0.0001014500    0.0001885900   -0.0001073200
   0.0000940800    0.0002447200   -0.0000403400
   0.0000866800    0.0000364700   -0.0000570800
   0.0000422000   -0.0002420000   -0.0001700100
  -0.0002024000   -0.0000834100   -0.0001171400
   0.0019039300    0.0011101300   -0.0031182700
  -0.0000680400    0.0000562800    0.0003241100
   0.0001281400   -0.0001896000    0.0003265900
  -0.0005577400   -0.0002979400   -0.0000526700
   0.0000063500   -0.0011279800   -0.0014015800
   0.0004205800    0.0000142700    0.0004010900
  -0.0001111300    0.0000299400    0.0000620300
  -0.0003254400    0.0004413200    0.0000293300
  -0.0000703600    0.0004177300    0.0002322700
   0.0000516900   -0.0000783700    0.0000891400
   0.0000218600    0.0000894800    0.0000349800
   0.0000345100    0.0004625500    0.0000404100
  -0.0005379300   -0.0002900300    0.0000412200
   0.0004161200   -0.0004198100    0.0002154100
   0.0002516000   -0.0000235400    0.0002326500
  -0.0001200300    0.0000111800    0.0000468900
   0.0398437800    0.0226209700    0.0380548800
  -0.0057442700    0.0036555700    0.0043200700
  -0.0011050600    0.0010955300    0.0010288500
  -0.0007384900   -0.0000156000    0.0001185800
   0.0006254300   -0.0264962400    0.0213709600
  -0.0006818800   -0.0009066100    0.0009137500
  -0.0002708100   -0.0000697200    0.0001619000
   0.0001729900    0.0004359500    0.0001872900
   0.0005266100   -0.0009641100    0.0009113800
  -0.0000418100   -0.0001202800    0.0001928100
   0.0000995600    0.0002271300    0.0001302800
  -0.0002019400    0.0001464900    0.0002341300
   0.0001670400   -0.0004723100    0.0004568600
   0.0009090400    0.0005098400    0.0005510000
  -0.0009277000    0.0002935200    0.0006887000
  -0.0003067500    0.0000143800    0.0001671200
  -0.0005907400    0.0000132400    0.0004356700
  -0.0002212000   -0.0000403800   -0.0001425100
   0.0002632400    0.0000267700   -0.0001593000
   0.0007691900   -0.0003202200    0.0004947300
  -0.0004932500   -0.0002744600    0.0001197500
   0.0000540600    0.0000480600   -0.0002622500
   0.0001689800   -0.0000891100   -0.0001442000
   0.0003391300   -0.0003637300    0.0002342200
   0.0000501000    0.0001355300   -0.0001491300
  -0.0000091200    0.0000789000   -0.0002026400
   0.0000273700   -0.0001225900   -0.0001647900
  -0.0000306200   -0.0000438500   -0.0002177800
   0.0000192500    0.0008902200    0.0004356800
  -0.0001393700    0.0001874500   -0.0000868300
   0.0000581300   -0.0000397200   -0.0002906700
   0.0001553000    0.0001217800   -0.0001461600
  -0.0508244000   -0.0011824300   -0.0481542000
   0.0062292100   -0.0006034600   -0.0023858500
   0.0015764500   -0.0000623800   -0.0003938200
   0.0041525400   -0.0002317200   -0.0008100100
   0.0009249900    0.0038233800   -0.0022770300
   0.0002181400    0.0001797100   -0.0003599200
   0.0000603500   -0.0000612200   -0.0001783000
   0.0006623800   -0.0016050000   -0.0009253500
   0.0002631100    0.0007723700   -0.0004424200
  -0.0000700500   -0.0000790800   -0.0002678600
   0.0003922500   -0.0006716200   -0.0003446300
  -0.0000687800    0.0001506800   -0.0002673700
  -0.0000780200    0.0017047500   -0.0014871500
   0.0016824800   -0.0030098200   -0.0017131200
   0.0002589800   -0.0001754600   -0.0003289000
   0.0000198600    0.0000638000   -0.0002079800

97   
 -0.0060228094711039   0.0000000000000000  -0.0079828419798203
   0.0000438400   -0.0000052400    0.0002187300
  -0.0000557000   -0.0000893000    0.0001967800
   0.0000055900   -0.0000069500    0.0001751100
   0.0000283700    0.0000632800    0.0001365400
   0.0000211800    0.0000265200    0.0001760800
  -0.0000322800    0.0001140400    0.0002303500
   0.0000216400   -0.0000014500    0.0001938600
  -0.0000049600   -0.0000519300    0.0002399000
   0.0000500400   -0.0000150600    0.0002559200
  -0.0001099700   -0.0000168500    0.0002471100
  -0.0000393800   -0.0000383100    0.0002380300
   0.0001080400   -0.0000481500    0.0001597300
   0.0000226000   -0.0001206800    0.0001491700
   0.0000175500    0.0000624900    0.0002878100
  -0.0000725700    0.0000606800    0.0001567100
   0.0000460300   -0.0001054300    0.0001493900
   0.0002124100   -0.0002354800   -0.0003407900
  -0.0002629200    0.0000392800   -0.0001291700
   0.0002018700   -0.0000719700   -0.0003848100
  -0.0001384800    0.0002116900   -0.0000669700
   0.0002230100    0.0001781900   -0.0001654600
  -0.0001298300    0.0001869800   -0.0000546100
   0.0002736600   -0.0002747300   -0.0002988900
  -0.0003469300    0.0000110000   -0.0001940600
   0.0000507300   -0.0004011900   -0.0001162100
  -0.0003280400    0.0002293800   -0.0000110400
   0.0002129800   -0.0000582600   -0.0004948000
   0.0000773300    0.0000069500    0.0000357500
   0.0004131600   -0.0000987100   -0.0002824700
  -0.0002977100    0.0000986800    0.0000104200
   0.0001939900   -0.0001447000   -0.0003790200
  -0.0002909800    0.0001342200   -0.0002916300
   0.0002153000   -0.0002133200    0.0000663300
  -0.0002327000    0.0000244600   -0.0002158600
   0.0002093300   -0.0000902000   -0.0000093400
  -0.0001978400    0.0001485800   -0.0003036400
   0.0002050800    0.0001757400   -0.0001417200
  -0.0000738300    0.0001551900   -0.0003500500
   0.0002624200   -0.0002754100   -0.0001066600
  -0.0003719500    0.0000861000   -0.0002093000
   0.0000308800   -0.0003186800   -0.0002709000
  -0.0003152500    0.0002218000   -0.0003924900
   0.0002255500   -0.0000450200    0.0000970900
   0.0000838500    0.0000434200   -0.0004000000
   0.0003040300   -0.0001299500   -0.0001062600
  -0.0001959300    0.0000381200   -0.0004162300
   0.0001974400   -0.0001397800   -0.0000087300
  -0.0002735100    0.0001287200   -0.0000545400
  -0.0019230000   -0.0011316400    0.0028698900
   0.0000760900   -0.0000492600   -0.0005949000
  -0.0001112300    0.0001841400   -0.0005773400
   0.0005714800    0.0003036700   -0.0001964900
   0.0000138000    0.0011414000    0.0011354600
  -0.0004204500   -0.0000095100   -0.0006542500
   0.0001296700   -0.0000313800   -0.0003142200
   0.0003363600   -0.0004454300   -0.0002852400
   0.0000787700   -0.0004160500   -0.0004810300
  -0.0000420900    0.0000856100   -0.0003424500
  -0.0000063100   -0.0000918600   -0.0002890000
  -0.0000229100   -0.0004571900   -0.0002923800
   0.0005556600    0.0002939200   -0.0002918000
  -0.0004194200    0.0004266800   -0.0004687100
  -0.0002296400    0.0000239400   -0.0004833700
   0.0001297700   -0.0000112200   -0.0003012900
  -0.0413344400   -0.0236267400   -0.0393799700
   0.0056215000   -0.0035770400   -0.0043906300
   0.0011185300   -0.0010875000   -0.0012765700
   0.0007516400    0.0000119400   -0.0003741100
  -0.0004935500    0.0269014000   -0.0216966900
   0.0007043100    0.0009059100   -0.0011608700
   0.0002798800    0.0000695100   -0.0004069200
  -0.0001707900   -0.0004295100   -0.0004358800
  -0.0005153300    0.0009688300   -0.0011672600
   0.0000538300    0.0001198000   -0.0004370200
  -0.0000895500   -0.0002240200   -0.0003760200
   0.0002168700   -0.0001444800   -0.0004845400
  -0.0001627500    0.0004800900   -0.0007159200
  -0.0008894500   -0.0005144100   -0.0007986200
   0.0009363000   -0.0002916200   -0.0009363100
   0.0003187000   -0.0000105200   -0.0004142600
   0.0006041000   -0.0000119400   -0.0004305500
   0.0002329500    0.0000458100    0.0001467200
  -0.0002529100   -0.0000253000    0.0001575200
  -0.0007653200    0.0003298400   -0.0004992600
   0.0005103600    0.0002739600   -0.0001113900
  -0.0000443000   -0.0000474900    0.0002560500
  -0.0001557800    0.0000902100    0.0001503400
  -0.0003329700    0.0003637500   -0.0002345000
  -0.0000390300   -0.0001368300    0.0001553600
   0.0000190900   -0.0000771300    0.0002055900
  -0.0000177900    0.0001248900    0.0001686400
   0.0000447500    0.0000443400    0.0002315000
  -0.0000010300   -0.0008969400   -0.0004392900
   0.0001490000   -0.0001868500    0.0000836900
  -0.0000492100    0.0000433600    0.0002996400
  -0.0001458500   -0.0001185700    0.0001490000
   0.0510600900    0.0015381700    0.0644537300
  -0.0062044000    0.0005988600    0.0024760700
  -0.0015609100    0.0000660200    0.0005053700
  -0.0041650000    0.0002402700    0.0009457800
  -0.0009444500   -0.0038529100    0.0023710400
  -0.0002076700   -0.0001779700    0.0004688900
  -0.0000472000    0.0000642200    0.0002871200
  -0.0006430000    0.0015964400    0.0010443500
  -0.0002474700   -0.0007681800    0.0005587100
   0.0000813500    0.0000802400    0.0003800100
  -0.0003829600    0.0006689100    0.0004569000
   0.0000809500   -0.0001489300    0.0003802500
   0.0001089500   -0.0016766900    0.0016079100
  -0.0016789400    0.0030255000    0.0018091400
  -0.0002475500    0.0001777300    0.0004383000
  -0.0000073000   -0.0000630500    0.0003209300
