96   
12   

1    
  0.0054689236212816   0.0000000000000000   0.0083720292895204
  -0.1263311800   -0.0002812100   -0.2093429400
   0.0037409900    0.0037403200   -0.0004009900
   0.0004505600   -0.0001234700    0.0038987400
   0.0027629900   -0.0042206700   -0.0000295200
   0.0019313100   -0.0027123600   -0.0003784900
   0.0005867400   -0.0002484100    0.0063245300
   0.0003258100    0.0003941400    0.0060719700
   0.0019443400    0.0037319200   -0.0000533200
  -0.0002890500    0.0004278700    0.0038309000
   0.0010128000   -0.0001486700    0.0061969700
  -0.0000842600   -0.0003078100    0.0039669500
   0.0010133100   -0.0004480100    0.0061976200
   0.0014985700    0.0045044600   -0.0001916900
   0.0023788000   -0.0049764700   -0.0002383300
   0.0000752400    0.0005454200    0.0062402700
   0.0008388600   -0.0000971300    0.0061555900
  -0.0006014200   -0.0052408800    0.0244553200
  -0.0017267600    0.0003918100    0.0036257700
   0.0023718700    0.0013751400    0.0036007600
   0.0452001500   -0.0212024000    0.0551957400
  -0.0003293000   -0.0018908300    0.0038187200
  -0.0000903700    0.0000007700    0.0007985200
   0.0001930300   -0.0025452100    0.0034155900
  -0.0020065600   -0.0019025200    0.0026041200
   0.0020612600    0.0012612200    0.0038072200
  -0.0015220600    0.0014043900    0.0034298300
   0.0016264400    0.0009636000    0.0027894600
  -0.0016264900    0.0009111800    0.0025239500
   0.0084774700    0.0265622800    0.0399496400
  -0.0011670400   -0.0004883700    0.0019994400
  -0.0000454600   -0.0018769900    0.0026540000
   0.0021231800    0.0023814100    0.0032001300
   0.0488070000    0.0233058500    0.0558071000
   0.0000268100    0.0001335900    0.0028711000
   0.0005887000    0.0009211200    0.0028815500
  -0.0026421200    0.0063987400    0.0230669400
   0.0002936600   -0.0002634100    0.0026499600
  -0.0001311700    0.0000003200    0.0026271300
  -0.0003366100   -0.0007528400    0.0030939800
  -0.0020239900    0.0021426700    0.0040968300
   0.0008707500   -0.0000550900    0.0026546100
  -0.0003262800    0.0000139400    0.0030878600
   0.0006463600    0.0003949000    0.0018561400
  -0.0006457300    0.0003484700    0.0021534400
   0.0084414800   -0.0295753700    0.0393011000
   0.0023853500   -0.0025496200    0.0047637300
  -0.0000399300   -0.0007451400    0.0020077400
  -0.0013309200    0.0003969300    0.0034397500
   0.0002204000   -0.0000021200    0.0086342500
   0.0000467400   -0.0002760100    0.0019806900
   0.0000073900   -0.0000541200    0.0089564700
  -0.0000290400   -0.0002233000    0.0020702000
  -0.0001983800    0.0000925300    0.0019466800
   0.0000584400    0.0000298000    0.0019586800
  -0.0000783600    0.0000445900    0.0018944800
   0.0001926400    0.0002165800    0.0020985100
  -0.0000304100    0.0000204000    0.0089401400
   0.0000041000   -0.0000789500    0.0019259800
   0.0000629900    0.0000327900    0.0089679000
   0.0000196700   -0.0000504200    0.0019069800
  -0.0001527500    0.0001214700    0.0019932800
   0.0003125800    0.0000639200    0.0020567600
  -0.0000230700    0.0000244600    0.0019168000
   0.0000661700    0.0000273000    0.0019009800
  -0.0000063800   -0.0000029300    0.0042218600
  -0.0000609200    0.0002419200    0.0012123800
  -0.0000084100    0.0000510200    0.0047082800
   0.0000623500    0.0002159600    0.0012792500
   0.0001988600   -0.0001561200    0.0011674000
  -0.0000882600   -0.0000366800    0.0013257200
   0.0000759000   -0.0000621900    0.0013646300
  -0.0001384600   -0.0001845100    0.0013289800
   0.0000527400   -0.0000364700    0.0046696200
  -0.0000271400    0.0000948100    0.0013462600
  -0.0000363700   -0.0000153000    0.0047520600
   0.0000102300    0.0000848800    0.0013299500
   0.0002239100   -0.0000857100    0.0012007000
  -0.0002392000   -0.0000351500    0.0012932000
   0.0000747700   -0.0000378200    0.0013328200
  -0.0000712400   -0.0000469400    0.0013244400
   0.0013311100    0.0007265500   -0.0141030300
  -0.0011056500    0.0006383700   -0.0148450700
   0.0012046900    0.0006121400   -0.0148295300
  -0.0014159100    0.0008625000   -0.0143630000
   0.0000650100   -0.0013066300   -0.0147398900
   0.0000397100    0.0000053900   -0.0171247100
   0.0001394300   -0.0013130500   -0.0149403100
  -0.0001995500    0.0000477600   -0.0173188800
   0.0011792800    0.0006506700   -0.0147401600
  -0.0010559700    0.0007302600   -0.0149477600
   0.0011161600    0.0006541300   -0.0149165900
  -0.0011787700    0.0006687400   -0.0148461300
   0.0000782700   -0.0015873200   -0.0142357700
   0.0000094100   -0.0001190500   -0.0173684800
  -0.0000212300   -0.0013227000   -0.0148866400
  -0.0000646000    0.0000749800   -0.0172758000

1    
 -0.0054689236212816   0.0000000000000000  -0.0083720292895204
   0.1266537800   -0.0002351300    0.2173970300
  -0.0034372300   -0.0041583200    0.0122110500
  -0.0004549900    0.0001258800    0.0015571600
  -0.0030721800    0.0038234900    0.0117039100
  -0.0022243200    0.0031204900    0.0120561900
  -0.0002209000    0.0004560200    0.0054118200
  -0.0006985000   -0.0001862900    0.0056508400
  -0.0016675000   -0.0033395200    0.0118587500
   0.0002970600   -0.0004335700    0.0016308000
  -0.0010159500   -0.0002739900    0.0055300400
   0.0000687300    0.0003032100    0.0014843300
  -0.0010153300   -0.0000138400    0.0055306900
  -0.0019819500   -0.0044361100    0.0118037500
  -0.0019016700    0.0050535100    0.0121132800
  -0.0004651300   -0.0003141200    0.0055024300
  -0.0004536400    0.0003281800    0.0055593300
   0.0037600700    0.0070583800   -0.0188336000
  -0.0014831700    0.0014415000    0.0019991300
   0.0008012400    0.0004801600    0.0020267700
  -0.0503355300    0.0241768400   -0.0513090400
   0.0003101200   -0.0017973900    0.0018296600
   0.0000885500    0.0000006500    0.0006116400
  -0.0002099900   -0.0011478800    0.0022016800
   0.0019817100    0.0019078000   -0.0011865400
   0.0011261300    0.0005713500    0.0018447500
  -0.0016870200    0.0004455700    0.0021909000
   0.0015633500    0.0008802800    0.0028384200
  -0.0015713300    0.0009278600    0.0031074500
  -0.0084612800   -0.0311045700   -0.0349363200
   0.0011399700    0.0004810300   -0.0005888500
   0.0000372900   -0.0018093300    0.0029719900
  -0.0021722500   -0.0024010000   -0.0017896700
  -0.0455029500   -0.0213851400   -0.0499932000
  -0.0013978100    0.0006731500    0.0011995000
   0.0008081600   -0.0001345400    0.0011920300
   0.0012853000   -0.0056329000   -0.0190048900
  -0.0002874800   -0.0013405600    0.0014233700
   0.0001290400    0.0000003000    0.0019309900
   0.0003495700   -0.0008447800    0.0009607000
   0.0020529200   -0.0021400400    0.0004505900
   0.0005208900    0.0008627500    0.0014185900
  -0.0010545700    0.0007775500    0.0009622500
   0.0007371400    0.0004017600    0.0022173600
  -0.0007400900    0.0004503600    0.0019198000
  -0.0084654800    0.0271317800   -0.0346255200
  -0.0023448300    0.0025339300   -0.0002073500
   0.0000407100   -0.0008526100    0.0020703100
   0.0013550300   -0.0004058100    0.0011165900
  -0.0002236900   -0.0000015700    0.0092792200
  -0.0000514700    0.0001743300    0.0018665600
  -0.0000148100    0.0000551400    0.0089318400
   0.0000233300    0.0001191300    0.0017873500
   0.0001107900   -0.0000463200    0.0019003500
   0.0000199200    0.0000145200    0.0019007000
  -0.0000128500    0.0000008200    0.0019602600
  -0.0001120400   -0.0001725600    0.0017498000
   0.0000263100   -0.0000277800    0.0089489600
  -0.0000034300   -0.0000200400    0.0019320200
  -0.0000700400   -0.0000296000    0.0089177200
  -0.0000277500   -0.0000497800    0.0019498400
   0.0000619400   -0.0000681400    0.0018615500
  -0.0002330200   -0.0000151900    0.0017931100
  -0.0000715400    0.0000238200    0.0019431900
   0.0000180100    0.0000256000    0.0019561100
  -0.0000001400   -0.0000025700    0.0053568400
   0.0000583500   -0.0000812500    0.0013278200
  -0.0000001600   -0.0000480600    0.0048660100
  -0.0000668800   -0.0000560500    0.0012655400
  -0.0000576600    0.0000729700    0.0013733900
  -0.0000595300   -0.0000474200    0.0012196100
   0.0000565000   -0.0000221900    0.0011867900
  -0.0000074700    0.0000975200    0.0012235000
  -0.0000541300    0.0000273200    0.0049040600
   0.0000250800    0.0000659400    0.0012025900
   0.0000276700    0.0000182200    0.0048253400
  -0.0000184600    0.0000758400    0.0012227300
  -0.0000853500    0.0000067700    0.0013433100
   0.0000923200   -0.0000479100    0.0012508100
   0.0000556500   -0.0000446100    0.0012173400
  -0.0000725100   -0.0000322800    0.0012281700
   0.0010138100    0.0006311200   -0.0155338700
  -0.0012431100    0.0007209300   -0.0147973700
   0.0011481500    0.0007452800   -0.0148071000
  -0.0009350600    0.0004914200   -0.0152828800
  -0.0000637500   -0.0014056000   -0.0149042800
  -0.0000343000    0.0000012200   -0.0169755400
  -0.0001385800   -0.0013984000   -0.0147129300
   0.0001931000   -0.0000392500   -0.0167766900
   0.0011744000    0.0007146100   -0.0149139000
  -0.0012928400    0.0006285400   -0.0147022400
   0.0012355200    0.0007032300   -0.0147412400
  -0.0011745000    0.0006919900   -0.0148089000
  -0.0000821500   -0.0011241800   -0.0154129300
  -0.0000043700    0.0001137300   -0.0167355900
   0.0000194500   -0.0013918800   -0.0147783000
   0.0000676200   -0.0000737100   -0.0168195600

17   
  0.0054689236212816   0.0000000000000000   0.0083720292895204
  -0.0013675400   -0.0056687000    0.0237635200
   0.0480118700   -0.0230238300    0.0605876800
   0.0003251600    0.0002433300    0.0038380000
   0.0003328600    0.0002288300    0.0063826700
   0.0082922600    0.0284283100    0.0435682400
   0.0015792300    0.0020890100    0.0088634600
  -0.0002356800   -0.0001227500    0.0057170100
  -0.0002497400   -0.0007936300    0.0066792200
   0.0005532900    0.0003591100    0.0036672100
  -0.0002154400   -0.0001088600    0.0056971700
   0.0001988200    0.0001539800    0.0025987100
  -0.0000191800   -0.0009014700    0.0065560700
   0.0000383900   -0.0003004200    0.0065081900
  -0.0018313100   -0.0009377300    0.0077700800
  -0.0005471200    0.0002152200    0.0068523200
   0.0000840600    0.0001165300    0.0059730700
  -0.0601975200    0.0002071900   -0.1209059900
   0.0010446300    0.0010740900    0.0005060300
   0.0015608600    0.0009090200    0.0023647400
   0.0027964100    0.0013934800   -0.0006376500
   0.0002466500   -0.0008263200    0.0003914100
  -0.0000244100   -0.0000173700    0.0005785900
  -0.0002061300   -0.0017001200    0.0027964300
   0.0006285700   -0.0028549600   -0.0026364800
   0.0016066300    0.0009026000    0.0023518900
  -0.0015724800    0.0008249100    0.0027417600
   0.0016455000    0.0009789400    0.0023773700
  -0.0015708800    0.0010271600    0.0027420600
   0.0011529900    0.0004106200   -0.0001818600
  -0.0002741200   -0.0009843800   -0.0020651100
  -0.0000316800   -0.0018005600    0.0026823200
  -0.0001984300   -0.0001181500    0.0006934200
  -0.0003779600    0.0004093800    0.0220253700
   0.0015650300    0.0025560300    0.0029750200
   0.0007604000    0.0002825800    0.0019967100
  -0.0009294000    0.0006093000    0.0013710400
   0.0010370200   -0.0003234600    0.0019728000
   0.0000033600    0.0000003900    0.0021978500
   0.0000080600   -0.0007797600    0.0017622600
  -0.0022417600    0.0005287800    0.0025996900
   0.0004916700    0.0005621300    0.0020504900
  -0.0006697200    0.0004112100    0.0018599600
   0.0007101100    0.0003793700    0.0019395400
  -0.0006515400    0.0005228000    0.0018884700
  -0.0002152500   -0.0005720100    0.0011802800
  -0.0010162100   -0.0035661900    0.0034105200
   0.0001009500   -0.0008240300    0.0018941900
  -0.0000971800   -0.0000682700    0.0021261600
  -0.0000547400   -0.0000239600    0.0090413300
   0.0000433300   -0.0000635500    0.0020364200
   0.0000149600    0.0000216000    0.0089094300
  -0.0000098700   -0.0000305500    0.0018993100
  -0.0000394900    0.0000891700    0.0020310000
   0.0000557800    0.0000510300    0.0018873100
  -0.0000319800    0.0000259400    0.0018810700
   0.0000262600    0.0000316800    0.0019249000
   0.0000163700    0.0000236400    0.0089192100
   0.0000015200   -0.0000322700    0.0018854400
   0.0000087900    0.0000111600    0.0088937400
  -0.0000170000   -0.0000459400    0.0018879400
  -0.0000481200    0.0000170900    0.0019065700
   0.0000254400    0.0000150300    0.0019071600
  -0.0000562000    0.0000210400    0.0018869500
   0.0000469300    0.0000363300    0.0018957300
  -0.0000096900    0.0000024800    0.0048586600
   0.0000110600    0.0000840500    0.0013633000
   0.0000065700   -0.0000108900    0.0047493900
  -0.0000094500    0.0000720800    0.0012326300
   0.0000722300   -0.0000200800    0.0013534300
  -0.0000653700   -0.0000273300    0.0012472100
   0.0000663200   -0.0000296600    0.0012089000
  -0.0000808900   -0.0000272300    0.0012517500
  -0.0000118100    0.0000213100    0.0047536700
   0.0000075000    0.0000858000    0.0012110800
  -0.0000005400    0.0000138300    0.0047200800
   0.0000104900    0.0001083400    0.0012328100
   0.0000522900   -0.0000271700    0.0012382000
  -0.0000714900   -0.0000418300    0.0012483700
   0.0000914700   -0.0000279000    0.0012321000
  -0.0000671900   -0.0000287300    0.0012030100
   0.0011920200    0.0006897500   -0.0149731100
  -0.0012761800    0.0006336600   -0.0147988800
   0.0011710000    0.0006658100   -0.0147189900
  -0.0010881500    0.0006372500   -0.0147817100
  -0.0000873400   -0.0014029900   -0.0147902400
  -0.0000365700   -0.0000039000   -0.0169079000
   0.0000149800   -0.0013635000   -0.0146830500
   0.0000971800   -0.0000440100   -0.0170140000
   0.0011518000    0.0007038000   -0.0147426800
  -0.0011880300    0.0007206000   -0.0146824500
   0.0011895700    0.0007002900   -0.0147192900
  -0.0011627600    0.0006792500   -0.0147080100
   0.0000002600   -0.0012493700   -0.0147833100
   0.0000010000    0.0001304000   -0.0170286200
  -0.0000090300   -0.0013333100   -0.0146974500
   0.0000127000    0.0000104100   -0.0169403100

17   
 -0.0054689236212816   0.0000000000000000  -0.0083720292895204
   0.0014431000    0.0057130900   -0.0184977600
  -0.0459486000    0.0214414800   -0.0469414900
  -0.0002765700   -0.0002297700    0.0016473400
  -0.0003512000   -0.0006459800    0.0053766100
  -0.0086318000   -0.0274474300   -0.0313197600
  -0.0012283900   -0.0018586400    0.0029200200
  -0.0001322500    0.0003372800    0.0060362000
   0.0006119700    0.0010101000    0.0050478400
  -0.0005287500   -0.0003246200    0.0018164900
   0.0002099600   -0.0003072500    0.0060547000
  -0.0001943200   -0.0001452800    0.0028792900
   0.0000030500    0.0004898000    0.0052099200
  -0.0004165600    0.0005034600    0.0052499600
   0.0021765000    0.0011680900    0.0039825400
   0.0001844600   -0.0000236500    0.0049136500
   0.0002840100    0.0001041500    0.0057890600
   0.0611520000    0.0013955300    0.1244790700
  -0.0041903500    0.0007647300    0.0051063200
   0.0016368100    0.0009421500    0.0032800700
  -0.0060289400    0.0004549300    0.0063087000
  -0.0002712200   -0.0028402400    0.0052321800
   0.0000271800    0.0000267100    0.0008517600
   0.0002071500   -0.0019771500    0.0028495300
  -0.0006247900    0.0028543900    0.0040692700
   0.0015905400    0.0009430900    0.0032942000
  -0.0016181100    0.0010210100    0.0029054800
   0.0015482400    0.0008666400    0.0032657900
  -0.0016161500    0.0008184800    0.0029046000
  -0.0011599400   -0.0040841100    0.0058318300
   0.0002667400    0.0009870800    0.0034674400
   0.0000313400   -0.0018750500    0.0029621400
   0.0002037900    0.0001280000    0.0007386300
   0.0017260200    0.0003967800   -0.0176199000
  -0.0029346900   -0.0017625600    0.0011485000
   0.0006252900    0.0005225300    0.0021015600
  -0.0004248400    0.0001716300    0.0027154200
  -0.0010763700   -0.0012678300    0.0021168000
   0.0000027500    0.0000113000    0.0023773600
  -0.0000093400   -0.0008055500    0.0023405600
   0.0022441300   -0.0005210900    0.0019737900
   0.0008933700    0.0002396800    0.0020467900
  -0.0007105000    0.0003888900    0.0022379900
   0.0006729500    0.0004231800    0.0021527000
  -0.0007238600    0.0002810100    0.0022039100
   0.0002167400   -0.0009884800    0.0029092800
   0.0010100600    0.0035255200    0.0011987300
  -0.0000994500   -0.0007618400    0.0022011800
   0.0000991400    0.0000748100    0.0024500600
   0.0000506400    0.0000248600    0.0088720500
  -0.0000340600   -0.0000312800    0.0018507700
  -0.0000153800   -0.0000120600    0.0090027800
   0.0000077700   -0.0000648300    0.0019883200
  -0.0000385200   -0.0000300400    0.0018518700
   0.0000274700    0.0000013900    0.0019964200
  -0.0000553400    0.0000251900    0.0019989100
   0.0000567700    0.0000206300    0.0019541100
  -0.0000134400   -0.0000236600    0.0089947900
   0.0000026300   -0.0000597800    0.0019991100
  -0.0000100200   -0.0000002300    0.0090164600
   0.0000129500   -0.0000443000    0.0019924800
  -0.0000375600    0.0000430100    0.0019811800
   0.0000607700    0.0000379900    0.0019775800
  -0.0000320100    0.0000343200    0.0019960800
   0.0000420500    0.0000251400    0.0019873000
   0.0000061200   -0.0000016600    0.0047411100
  -0.0000040300    0.0000810400    0.0012071300
  -0.0000076200    0.0000193600    0.0048473900
   0.0000080800    0.0000916300    0.0013300400
   0.0000745500   -0.0000515700    0.0012180000
  -0.0000765200   -0.0000489200    0.0013194800
   0.0000711100   -0.0000479500    0.0013618400
  -0.0000600800   -0.0000507100    0.0013215900
   0.0000148600   -0.0000213000    0.0048434100
  -0.0000038400    0.0000818300    0.0013570200
  -0.0000013100   -0.0000030200    0.0048779800
  -0.0000138200    0.0000605400    0.0013388900
   0.0000869900   -0.0000426700    0.0013266000
  -0.0000678000   -0.0000343700    0.0013177600
   0.0000453200   -0.0000463600    0.0013364900
  -0.0000681900   -0.0000398500    0.0013659300
   0.0011638500    0.0006784300   -0.0146606700
  -0.0010730400    0.0007329900   -0.0148211900
   0.0011850500    0.0007011200   -0.0148939100
  -0.0012587800    0.0007236000   -0.0148468100
   0.0000920600   -0.0013067300   -0.0148348700
   0.0000429400    0.0000140600   -0.0171558900
  -0.0000111500   -0.0013442300   -0.0149410300
  -0.0000933300    0.0000542800   -0.0170561300
   0.0012079000    0.0006641700   -0.0148936700
  -0.0011584900    0.0006454200   -0.0149364800
   0.0011669700    0.0006658000   -0.0149076000
  -0.0011809800    0.0006884800   -0.0149212000
  -0.0000003100   -0.0014539500   -0.0148472500
   0.0000046300   -0.0001216200   -0.0170514100
   0.0000148100   -0.0013722400   -0.0149423300
  -0.0000009900   -0.0000009600   -0.0171267400

33   
  0.0054689236212816   0.0000000000000000   0.0083720292895204
   0.0459348400    0.0216750800    0.0547836800
  -0.0018425600    0.0057322900    0.0268987000
   0.0003021300   -0.0004407600    0.0032900400
   0.0002549000   -0.0005365300    0.0069645600
   0.0082394400   -0.0276546200    0.0425750100
  -0.0003266000    0.0010038400    0.0064824100
  -0.0002409100    0.0003786200    0.0058255800
   0.0017022600   -0.0019316200    0.0088747400
  -0.0000764400    0.0006382000    0.0034941700
   0.0002119400   -0.0003563900    0.0058554800
  -0.0002385100   -0.0000933800    0.0026581900
   0.0005820900   -0.0004012100    0.0067576300
  -0.0005768600    0.0000851300    0.0069011200
  -0.0018542100    0.0012917500    0.0076805700
   0.0001247400    0.0005126400    0.0064898900
   0.0000418700    0.0001187100    0.0062009400
   0.0005555800    0.0009337700    0.0224714100
  -0.0018279000    0.0008289600    0.0021135800
   0.0016573500    0.0010295800    0.0027532300
   0.0006069700   -0.0010578000    0.0037329300
  -0.0021255100   -0.0024001800    0.0031859000
  -0.0000099600   -0.0000105000    0.0004755900
   0.0000012900   -0.0018130300    0.0027124300
   0.0009085600   -0.0004817300    0.0005646900
   0.0015831600    0.0009745900    0.0026836100
  -0.0015653200    0.0009391700    0.0026480700
   0.0014169500    0.0007936800    0.0028245400
  -0.0015818400    0.0007560500    0.0026178200
  -0.0008869100    0.0016060100    0.0039868000
  -0.0003039200   -0.0002937200   -0.0002533800
  -0.0001541300   -0.0017340000    0.0026178800
   0.0001520900    0.0000922000    0.0005084000
  -0.0591226500   -0.0005262100   -0.1204830000
   0.0037448000   -0.0000932800   -0.0012024600
   0.0006702200    0.0004350900    0.0015302100
   0.0022982500    0.0002407900   -0.0002545400
   0.0005249800    0.0020284900   -0.0011505900
  -0.0001970500   -0.0000922700    0.0021041400
  -0.0000194600   -0.0007832700    0.0017538900
   0.0004156900   -0.0012533000   -0.0000647200
   0.0007632100    0.0003556700    0.0015427700
  -0.0007065600    0.0005122600    0.0018087800
   0.0007203000    0.0004388200    0.0015150000
  -0.0007071300    0.0003067800    0.0018082300
  -0.0001692200    0.0004787800   -0.0006745300
   0.0011087700   -0.0021322900   -0.0005367200
  -0.0001991100   -0.0006802000    0.0018682000
  -0.0000186400    0.0000112900    0.0019907000
  -0.0003465800   -0.0001262500    0.0097577900
   0.0011214500   -0.0007480900    0.0035925000
  -0.0000545300    0.0000618900    0.0089519700
  -0.0000713900   -0.0000602700    0.0019658000
  -0.0001504200    0.0008790300    0.0031655000
   0.0000526900   -0.0000277100    0.0019497600
  -0.0000982600   -0.0000167500    0.0019936200
   0.0001414400    0.0000450700    0.0019503500
   0.0000046300    0.0000233900    0.0089544900
  -0.0000456000   -0.0000400400    0.0019905700
   0.0000382900    0.0000695700    0.0090154400
  -0.0000321000   -0.0000500100    0.0019611600
  -0.0001154700   -0.0000085200    0.0019544900
   0.0001612500    0.0000845400    0.0019517100
  -0.0001317300    0.0000528000    0.0019493600
   0.0000547900    0.0000390500    0.0019757100
  -0.0000085500   -0.0000233700    0.0047611500
  -0.0000673400    0.0001601000    0.0011195300
  -0.0000525600    0.0000199500    0.0047885800
   0.0000633600    0.0001068000    0.0013908500
   0.0001218100   -0.0000634800    0.0011819800
  -0.0000935100    0.0000067700    0.0012954100
   0.0000919100   -0.0000028700    0.0013394700
  -0.0001222400   -0.0000491900    0.0012399700
  -0.0000115800   -0.0000740400    0.0047886600
   0.0000283500    0.0000917200    0.0014095600
  -0.0000230800   -0.0000108600    0.0047818300
   0.0000216200    0.0000635800    0.0013955400
   0.0001416700    0.0000289000    0.0013320100
  -0.0001549200   -0.0000481400    0.0012663000
   0.0000618400    0.0000028000    0.0013341200
  -0.0001010300   -0.0000258800    0.0013056000
   0.0008896600    0.0006942600   -0.0146260700
  -0.0009107600    0.0007680500   -0.0148661300
   0.0012014300    0.0007399500   -0.0150301000
  -0.0012584500    0.0007882300   -0.0146976000
   0.0001225000   -0.0012378000   -0.0146757200
   0.0000073000    0.0000099700   -0.0171613000
  -0.0000160100   -0.0013290400   -0.0147799700
  -0.0002053200    0.0001184800   -0.0171080200
   0.0011869600    0.0007027500   -0.0150575400
  -0.0011644700    0.0006809000   -0.0148601900
   0.0011040500    0.0006343300   -0.0150238500
  -0.0011810000    0.0006995500   -0.0149438000
   0.0000195100   -0.0014311000   -0.0145944700
   0.0000440100   -0.0002909300   -0.0172035600
  -0.0000136200   -0.0013417100   -0.0148709200
  -0.0000209800    0.0000016500   -0.0172430900

33   
 -0.0054689236212816   0.0000000000000000  -0.0083720292895204
  -0.0480057800   -0.0228355600   -0.0512395900
   0.0017748900   -0.0061186000   -0.0149495400
  -0.0002821700    0.0004500300    0.0021484800
  -0.0003001800    0.0001252400    0.0047483000
  -0.0086384700    0.0286461000   -0.0313504100
   0.0007079400   -0.0007872800    0.0052591800
  -0.0001273200   -0.0001638100    0.0058906200
  -0.0013085300    0.0021623400    0.0028071100
   0.0000962500   -0.0006219800    0.0019381700
  -0.0002126000   -0.0000619900    0.0058599800
   0.0002474000    0.0001056000    0.0027839300
  -0.0006031400    0.0000071400    0.0049566900
   0.0002026100    0.0001047500    0.0048078200
   0.0022547700   -0.0010602400    0.0040353600
  -0.0004842600   -0.0003071100    0.0052255700
   0.0003354000    0.0001029600    0.0055075500
   0.0026724000    0.0009179100   -0.0171767900
  -0.0013846900    0.0010025500    0.0035042800
   0.0015349900    0.0008221500    0.0028576100
  -0.0038066600    0.0028980500    0.0018550700
   0.0021324100   -0.0012768200    0.0024213100
   0.0000154400    0.0000226800    0.0009176800
  -0.0000031700   -0.0018614600    0.0028971000
  -0.0008657900    0.0004859300    0.0008421900
   0.0016131800    0.0008696000    0.0029308800
  -0.0016253800    0.0009057000    0.0029621100
   0.0017764400    0.0010558500    0.0027844800
  -0.0016096500    0.0010935800    0.0029958400
   0.0009010900   -0.0053333700    0.0015870800
   0.0003061200    0.0003248900    0.0016585300
   0.0001560200   -0.0019452200    0.0029901400
  -0.0001516000   -0.0000823800    0.0008926700
   0.0623313900    0.0010446400    0.1308928400
  -0.0050788300    0.0008943000    0.0052400600
   0.0007106600    0.0003697300    0.0025317900
  -0.0037190100    0.0005492300    0.0043515300
  -0.0005268600   -0.0036252700    0.0052086000
   0.0001998600    0.0001015300    0.0024319100
   0.0000200700   -0.0008035300    0.0023111600
  -0.0003822500    0.0012713400    0.0046240600
   0.0006216800    0.0004437300    0.0025176500
  -0.0006735400    0.0002898800    0.0022504900
   0.0006618200    0.0003661500    0.0025448000
  -0.0006733900    0.0004950700    0.0022499100
   0.0001834500   -0.0020650400    0.0047670800
  -0.0010938300    0.0021448100    0.0050699700
   0.0001965300   -0.0009052100    0.0021938800
   0.0000218600   -0.0000001000    0.0025478300
   0.0003408500    0.0001305700    0.0081109900
  -0.0010811400    0.0006303100    0.0003006400
   0.0000543200   -0.0000529200    0.0089222600
   0.0000704500   -0.0000343500    0.0018807500
   0.0000637000   -0.0008055700    0.0006958800
   0.0000314000    0.0000800100    0.0018941300
   0.0000127200    0.0000685100    0.0018485500
  -0.0000578400    0.0000079300    0.0018886000
  -0.0000036500   -0.0000211500    0.0089215400
   0.0000512800   -0.0000498800    0.0018559300
  -0.0000393300   -0.0000574700    0.0088585500
   0.0000279800   -0.0000385600    0.0018822600
   0.0000292500    0.0000690800    0.0018926200
  -0.0000741500   -0.0000330400    0.0018925900
   0.0000448900    0.0000008400    0.0018970100
   0.0000339800    0.0000212800    0.0018693100
   0.0000081200    0.0000255600    0.0048013800
   0.0000704100    0.0000083700    0.0014080500
   0.0000496300   -0.0000088900    0.0047750500
  -0.0000648400    0.0000583200    0.0011386800
   0.0000256800   -0.0000101200    0.0013469800
  -0.0000489700   -0.0000821300    0.0012386000
   0.0000463400   -0.0000742500    0.0011973100
  -0.0000181000   -0.0000274000    0.0012995100
   0.0000147700    0.0000734400    0.0047734300
  -0.0000236600    0.0000775200    0.0011256300
   0.0000217300    0.0000232700    0.0047815700
  -0.0000260100    0.0001059000    0.0011414200
  -0.0000014300   -0.0000993000    0.0011989300
   0.0000156000   -0.0000287300    0.0012677000
   0.0000729400   -0.0000781400    0.0012008800
  -0.0000352700   -0.0000437300    0.0012317000
   0.0014561000    0.0006755700   -0.0150168200
  -0.0014309400    0.0006006200   -0.0147892400
   0.0011545900    0.0006272600   -0.0146190800
  -0.0010876500    0.0005725800   -0.0149666200
  -0.0001140500   -0.0014700200   -0.0149807000
  -0.0000019100    0.0000018500   -0.0169413500
   0.0000175100   -0.0013780100   -0.0148790200
   0.0002063700   -0.0001048600   -0.0169957900
   0.0011710700    0.0006672700   -0.0146151500
  -0.0011846300    0.0006867000   -0.0147982100
   0.0012536900    0.0007333700   -0.0146385900
  -0.0011628000    0.0006684000   -0.0147241000
  -0.0000213600   -0.0012727300   -0.0150710300
  -0.0000376600    0.0002929900   -0.0169134600
   0.0000175100   -0.0013629200   -0.0148106100
   0.0000349400    0.0000081600   -0.0168616300

49   
  0.0054689236212816   0.0000000000000000   0.0083720292895204
   0.0001958200    0.0000004000    0.0024435600
   0.0000545500   -0.0002400300    0.0059831500
  -0.0000114500   -0.0000247500    0.0027830000
  -0.0000778400   -0.0003768300    0.0060319000
  -0.0001754800    0.0001991500    0.0058830700
   0.0001755000    0.0001016300    0.0058898500
  -0.0001729300    0.0001013300    0.0058886000
   0.0002930100    0.0002279100    0.0061307600
  -0.0000262900    0.0000091200    0.0027520400
   0.0000004800   -0.0002011000    0.0058882900
   0.0000190000    0.0000167000    0.0028138900
  -0.0000188100   -0.0002673000    0.0059065100
  -0.0003246500    0.0000779000    0.0059082500
   0.0002775000    0.0001182000    0.0061073600
  -0.0002615400    0.0001407000    0.0058905200
   0.0002021100    0.0001270900    0.0059246700
   0.0015693400    0.0009145800    0.0029048000
  -0.0016044300    0.0009239100    0.0027904100
   0.0015854300    0.0009454300    0.0028056000
  -0.0016085900    0.0009197700    0.0029612600
  -0.0000112500   -0.0018400200    0.0028014100
  -0.0000089000    0.0000029300    0.0006916200
  -0.0000352000   -0.0018532400    0.0027948400
  -0.0000276200    0.0000365500    0.0007041800
   0.0015948200    0.0009140700    0.0028092300
  -0.0016206600    0.0009096700    0.0027884600
   0.0015844200    0.0009149900    0.0027892300
  -0.0016006600    0.0009214400    0.0027818200
  -0.0000133600   -0.0018318400    0.0029308500
   0.0000178300   -0.0000245200    0.0006929800
  -0.0000028700   -0.0018366600    0.0027828100
  -0.0000421900   -0.0000049600    0.0007107300
   0.0004352100    0.0003177600    0.0028362700
  -0.0007387000    0.0003470600    0.0020986100
   0.0006000800    0.0004346400    0.0021112000
   0.0002957400   -0.0002350700    0.0037489800
  -0.0000850300   -0.0007987500    0.0021083200
   0.0000052700    0.0000026200    0.0023683200
  -0.0000922800   -0.0007483800    0.0021006300
   0.0001150900    0.0000058200    0.0023416500
   0.0006546900    0.0003894400    0.0021140500
  -0.0006934400    0.0003763500    0.0020935100
   0.0006879300    0.0004331300    0.0021763800
  -0.0007109200    0.0003730400    0.0021182600
  -0.0001116300   -0.0000776800    0.0032973400
   0.0000530700    0.0000370100    0.0023730900
  -0.0000638300   -0.0008056500    0.0021501200
   0.0000463700   -0.0000369600    0.0023156600
  -0.0350024800   -0.0002201800   -0.0901463500
   0.0054100300   -0.0002836900    0.0006926100
   0.0007887600    0.0001440200    0.0090743400
   0.0067363400    0.0000161700   -0.0001823400
   0.0009407000    0.0023340800    0.0004381800
   0.0002014700    0.0000617100    0.0020940400
  -0.0001049900    0.0001126300    0.0020884600
   0.0018602800   -0.0033921200    0.0000650000
   0.0003287200    0.0002666100    0.0091537800
   0.0000948100   -0.0001745900    0.0020901900
   0.0000783300   -0.0004063000    0.0089882500
   0.0000901600   -0.0000487500    0.0020856500
   0.0016282800    0.0032096000    0.0000015800
   0.0011461200   -0.0018731900    0.0005041400
   0.0000016100    0.0000522600    0.0020203800
   0.0000926900    0.0000029900    0.0021565400
  -0.0070053400   -0.0000049700    0.0308482900
   0.0017564200   -0.0020445300    0.0032786700
   0.0002584100    0.0001718200    0.0047743700
  -0.0000490700    0.0006150500    0.0020151800
  -0.0009343800    0.0034179400    0.0035906700
   0.0002455800    0.0000716400    0.0012234700
   0.0007424000   -0.0003579100    0.0014613900
  -0.0006015700   -0.0011287400    0.0017172700
   0.0002991300   -0.0000225400    0.0047285700
   0.0001244300    0.0002905300    0.0013441700
   0.0000027500   -0.0001435600    0.0048265800
   0.0001405700   -0.0000091200    0.0013262100
  -0.0018357200   -0.0008154700    0.0029538600
   0.0002876400   -0.0000240200    0.0023419400
   0.0005092200   -0.0002119100    0.0012432400
   0.0005283300    0.0002250300    0.0014012600
   0.0306589700    0.0150050300    0.0100075500
  -0.0021747900   -0.0000662300   -0.0146299900
   0.0000836500    0.0008701900   -0.0140902400
  -0.0082473300    0.0074814700    0.0016443300
  -0.0011993700   -0.0014925200   -0.0142185800
  -0.0004890400   -0.0000020300   -0.0174443400
  -0.0007652900   -0.0008785200   -0.0144947700
   0.0013371700   -0.0003178700   -0.0158321700
   0.0005720200    0.0006378900   -0.0139579200
  -0.0012577200    0.0009113900   -0.0147659800
   0.0010282400    0.0009577400   -0.0146676900
  -0.0015642000    0.0005436900   -0.0145252100
   0.0046922500   -0.0223488600    0.0057106600
  -0.0008368900    0.0012620800   -0.0163622200
  -0.0006272700   -0.0014967100   -0.0145978300
  -0.0002927400   -0.0009338200   -0.0152932100

49   
 -0.0054689236212816   0.0000000000000000  -0.0083720292895204
  -0.0002049700    0.0000005100    0.0031228100
  -0.0000583900   -0.0001868900    0.0058679100
   0.0000062100    0.0000253300    0.0027949800
   0.0000742300   -0.0000478300    0.0058190000
  -0.0001990000    0.0000153800    0.0059675700
   0.0001895500    0.0001121500    0.0059647500
  -0.0002010400    0.0001130400    0.0059638800
   0.0000708100   -0.0000121100    0.0057179400
   0.0000213700   -0.0000093600    0.0028255900
  -0.0000047100   -0.0002258900    0.0059639000
  -0.0000221300   -0.0000166100    0.0027638200
   0.0000162600   -0.0001599100    0.0059455400
  -0.0000486700    0.0001365700    0.0059435800
   0.0000891300    0.0000946700    0.0057431100
  -0.0001120100    0.0000735800    0.0059637900
   0.0001639200    0.0000848800    0.0059290200
   0.0016189300    0.0009305200    0.0028339900
  -0.0015922900    0.0009172400    0.0029435200
   0.0016034000    0.0008968800    0.0029274000
  -0.0015855600    0.0009206400    0.0027698500
   0.0000034600   -0.0018439400    0.0029354600
   0.0000064700    0.0000010900    0.0008306600
   0.0000311600   -0.0018293600    0.0029378900
   0.0000286200   -0.0000344600    0.0008205700
   0.0015935500    0.0009261800    0.0029267100
  -0.0015757000    0.0009304600    0.0029460400
   0.0016047600    0.0009263600    0.0029467400
  -0.0015946900    0.0009176300    0.0029535600
   0.0000092700   -0.0018493400    0.0028002300
  -0.0000199900    0.0000281200    0.0008281200
  -0.0000025600   -0.0018467400    0.0029479100
   0.0000400300    0.0000079500    0.0008073300
   0.0009454800    0.0004836600    0.0013575100
  -0.0006475900    0.0004489000    0.0020983200
   0.0007772200    0.0003642300    0.0020886900
  -0.0017101700    0.0010528300    0.0003816000
   0.0000774700   -0.0007951100    0.0020855600
  -0.0000073400    0.0000011800    0.0023058200
   0.0000863900   -0.0008445100    0.0020986300
  -0.0001111100   -0.0000029100    0.0023278800
   0.0007242000    0.0004051000    0.0020813400
  -0.0006934900    0.0004187400    0.0021035300
   0.0006897300    0.0003635400    0.0020192000
  -0.0006739400    0.0004210100    0.0020761200
   0.0001118900   -0.0015322400    0.0008743600
  -0.0000548600   -0.0000328500    0.0023021600
   0.0000576900   -0.0007868500    0.0020501700
  -0.0000488800    0.0000370300    0.0023607500
   0.0342811800   -0.0001438700    0.0980337800
  -0.0053647600    0.0001649900    0.0032790200
  -0.0007983100   -0.0001411500    0.0089378100
  -0.0067953200   -0.0001485900    0.0042060600
  -0.0010334800   -0.0022577100    0.0035555600
  -0.0001145100   -0.0000124700    0.0018938200
   0.0000099800   -0.0000632300    0.0018932400
  -0.0017412100    0.0034416600    0.0039205400
  -0.0003269000   -0.0002734800    0.0088556400
  -0.0000926400    0.0000729200    0.0018928300
  -0.0000854300    0.0004148300    0.0090129900
  -0.0000992100   -0.0000459900    0.0018885800
  -0.0017228000   -0.0031543600    0.0040221500
  -0.0010799400    0.0019630700    0.0034620800
  -0.0000951200   -0.0000011600    0.0019644500
  -0.0000103600    0.0000527000    0.0018196700
   0.0067935300   -0.0000095200   -0.0207837300
  -0.0017642400    0.0021864600   -0.0005930600
  -0.0002667100   -0.0001684100    0.0049149100
   0.0000648000   -0.0004394300    0.0006214700
   0.0010481400   -0.0034684500   -0.0008757400
  -0.0003880100   -0.0001558200    0.0014267400
  -0.0006095400    0.0002835100    0.0011972700
   0.0004427800    0.0010180500    0.0009189300
  -0.0002970300    0.0000164600    0.0049682300
  -0.0001153600   -0.0001256600    0.0013132600
  -0.0000069900    0.0001526100    0.0048671500
  -0.0001443200    0.0001727000    0.0013435100
   0.0019799800    0.0007590700   -0.0002760800
  -0.0004726500   -0.0000375000    0.0003013000
  -0.0003691600    0.0001311600    0.0014177900
  -0.0006668300   -0.0003000400    0.0012605700
  -0.0268252000   -0.0127170700   -0.0385725500
  -0.0001944000    0.0014170100   -0.0149046100
   0.0022667300    0.0004884000   -0.0154474300
   0.0058952900   -0.0061527800   -0.0312346500
   0.0011714200   -0.0012429000   -0.0153166900
   0.0004864200   -0.0000015000   -0.0165340500
   0.0007504100   -0.0018510900   -0.0150431300
  -0.0013447600    0.0003074100   -0.0181555600
   0.0017761100    0.0007285100   -0.0155965900
  -0.0011071000    0.0004373800   -0.0147710800
   0.0013171900    0.0003974900   -0.0148633000
  -0.0007962600    0.0008200000   -0.0150104500
  -0.0047815400    0.0190000600   -0.0350095700
   0.0008332000   -0.0012469900   -0.0176285800
   0.0006279100   -0.0012184400   -0.0149408500
   0.0002929300    0.0009526600   -0.0186964400

65   
  0.0054689236212816   0.0000000000000000   0.0083720292895204
  -0.0000181100    0.0000008600    0.0021902400
   0.0000328500   -0.0003532000    0.0059135700
  -0.0000177700   -0.0000706600    0.0026817700
  -0.0000597800   -0.0002927200    0.0058340600
  -0.0002776400    0.0001943800    0.0059768700
   0.0001672100    0.0000977600    0.0059473200
  -0.0001874200    0.0001078300    0.0059525300
   0.0002364600    0.0002103600    0.0057706500
  -0.0000659900    0.0000277200    0.0027093600
  -0.0000011100   -0.0002047400    0.0059498200
   0.0000571300    0.0000436100    0.0026537500
  -0.0000411000   -0.0001835700    0.0059690800
  -0.0002874600    0.0001164300    0.0059367000
   0.0003196500    0.0001261000    0.0058101500
  -0.0001766900    0.0000780600    0.0059766900
   0.0001411500    0.0001050800    0.0059615900
   0.0015764000    0.0009147400    0.0029053800
  -0.0016011200    0.0009297100    0.0027876600
   0.0015889500    0.0009273900    0.0027969000
  -0.0015862700    0.0009123500    0.0029137100
   0.0000028400   -0.0018445400    0.0027812200
  -0.0000042600    0.0000015500    0.0006546000
  -0.0000095200   -0.0018448800    0.0028046600
  -0.0000048400    0.0000031700    0.0007005900
   0.0015960700    0.0009130400    0.0027854300
  -0.0016077500    0.0009188800    0.0028010800
   0.0015900500    0.0009223000    0.0027645700
  -0.0015935900    0.0009146800    0.0027674100
  -0.0000052900   -0.0018249500    0.0029079400
  -0.0000048300   -0.0000000500    0.0006942400
  -0.0000083500   -0.0018374900    0.0027642100
  -0.0000098400   -0.0000008400    0.0007029400
   0.0007433000    0.0004020300    0.0020059000
  -0.0005922300    0.0003724700    0.0021724800
   0.0006070700    0.0003197800    0.0020993000
  -0.0008166900    0.0004999900    0.0019694800
   0.0000321900   -0.0007021400    0.0021586500
  -0.0000308600    0.0000013400    0.0023433500
   0.0000333000   -0.0006810600    0.0021112400
  -0.0000816700   -0.0000522000    0.0023032000
   0.0006062900    0.0003411600    0.0021222700
  -0.0005933000    0.0003501000    0.0021471100
   0.0005847100    0.0003241900    0.0021229700
  -0.0005788200    0.0003472000    0.0021529400
   0.0000497400   -0.0009002200    0.0019898900
  -0.0000808100   -0.0000009000    0.0022950700
   0.0000230000   -0.0006713400    0.0021398800
   0.0000097800    0.0000543100    0.0023160300
  -0.0068044100   -0.0000082400    0.0346259300
  -0.0001012200   -0.0002953900    0.0027120400
   0.0002662900   -0.0000850700    0.0089210300
   0.0018139300    0.0023450800    0.0038784600
  -0.0003374600    0.0009063600    0.0025604300
   0.0006849700    0.0003145400    0.0020223500
   0.0003561900   -0.0001241400    0.0019174400
  -0.0011596300   -0.0035795800    0.0040184300
   0.0000811300    0.0001073700    0.0090158200
   0.0001428000   -0.0001860400    0.0019707800
   0.0002279600   -0.0000185200    0.0088244200
   0.0001197200    0.0001589600    0.0019903500
   0.0006320900   -0.0000697600    0.0031499800
  -0.0021217200    0.0007109700    0.0034413900
   0.0006359300   -0.0002978700    0.0021104800
   0.0003629900    0.0001412600    0.0018760200
  -0.0336965600   -0.0001802100   -0.0858379700
   0.0071412800   -0.0006395200   -0.0009153300
   0.0008196100   -0.0002454600    0.0051291000
   0.0054830000    0.0001029500    0.0001568800
   0.0015423400    0.0040427900   -0.0008233200
  -0.0000053400   -0.0000898400    0.0012550700
   0.0002350200   -0.0000504100    0.0012714700
   0.0011993200   -0.0023802000    0.0000700300
   0.0000304700    0.0004570100    0.0049933100
   0.0001508300    0.0001417200    0.0012623900
   0.0004535300   -0.0002075900    0.0052678300
   0.0001474500    0.0000935200    0.0012664000
   0.0007629600    0.0019297300   -0.0002877500
   0.0020008100   -0.0030483200   -0.0004677200
   0.0001973500   -0.0000293600    0.0013037600
   0.0000415400   -0.0000611900    0.0012277400
  -0.0066907400   -0.0065550500    0.0005017800
  -0.0024811700    0.0004020800   -0.0141818900
   0.0002798900    0.0014824600   -0.0149004500
   0.0272693800   -0.0130186100    0.0082923400
  -0.0009079500   -0.0018993000   -0.0146053500
  -0.0005132000    0.0000021400   -0.0171429200
  -0.0011583800   -0.0014318500   -0.0144938200
   0.0016016500    0.0001223100   -0.0151412100
   0.0011050500    0.0005069800   -0.0149681600
  -0.0019002100    0.0009307500   -0.0141283700
   0.0008188400    0.0008765000   -0.0144575500
  -0.0014524100    0.0004285500   -0.0145894000
   0.0046908100    0.0197080700    0.0045088800
  -0.0003469200    0.0011304000   -0.0145773400
  -0.0007062600   -0.0013095000   -0.0145330300
  -0.0005665900   -0.0012445800   -0.0157071900

65   
 -0.0054689236212816   0.0000000000000000  -0.0083720292895204
   0.0000219600   -0.0000005700    0.0033313600
  -0.0000319100   -0.0000727200    0.0058856900
   0.0000204900    0.0000719300    0.0028402800
   0.0000646400   -0.0001354700    0.0059694900
  -0.0000892300    0.0000176600    0.0058216000
   0.0002054200    0.0001158200    0.0058506600
  -0.0001803700    0.0001056200    0.0058443300
   0.0001381700    0.0000017100    0.0060339000
   0.0000696100   -0.0000292500    0.0028117000
   0.0000036900   -0.0002239000    0.0058472700
  -0.0000556400   -0.0000451800    0.0028682100
   0.0000450400   -0.0002458700    0.0058285400
  -0.0000796900    0.0000969200    0.0058628100
   0.0000519700    0.0000877000    0.0059915200
  -0.0001912000    0.0001353200    0.0058205400
   0.0002327400    0.0001069500    0.0058365300
   0.0016184600    0.0009288400    0.0027835900
  -0.0015879200    0.0009114900    0.0028992000
   0.0016055500    0.0009146700    0.0028883600
  -0.0016007300    0.0009283600    0.0027705700
  -0.0000023000   -0.0018405700    0.0029085800
   0.0000076900    0.0000000900    0.0008207200
   0.0000120900   -0.0018392600    0.0028803400
   0.0000112100   -0.0000027600    0.0007754000
   0.0015985300    0.0009264000    0.0029029700
  -0.0015811700    0.0009211800    0.0028858300
   0.0016056500    0.0009187700    0.0029237100
  -0.0015945600    0.0009248500    0.0029202900
   0.0000090600   -0.0018584200    0.0027757000
   0.0000088400    0.0000010900    0.0007794500
   0.0000105400   -0.0018477900    0.0029200100
   0.0000133500    0.0000014300    0.0007674300
   0.0006325000    0.0003917600    0.0021344700
  -0.0007872500    0.0004232100    0.0019683400
   0.0007766900    0.0004785100    0.0020446600
  -0.0005490900    0.0002893200    0.0021764600
  -0.0000322400   -0.0008931900    0.0019793100
   0.0000350800   -0.0000002000    0.0022746200
  -0.0000319700   -0.0009135100    0.0020318400
   0.0000893200    0.0000510500    0.0023086000
   0.0007785200    0.0004538500    0.0020174700
  -0.0007857200    0.0004458400    0.0019938400
   0.0007995700    0.0004726600    0.0020166600
  -0.0007989100    0.0004471800    0.0019850500
  -0.0000464300   -0.0006826900    0.0021574500
   0.0000846100    0.0000019500    0.0023205500
  -0.0000219000   -0.0009233400    0.0020031100
  -0.0000046000   -0.0000545400    0.0023015000
   0.0069883700   -0.0000090000   -0.0170387200
   0.0000826500    0.0002153400    0.0012357900
  -0.0002673100    0.0000876400    0.0090309500
  -0.0017966300   -0.0024624200    0.0000239000
   0.0002706200   -0.0008870200    0.0013887000
  -0.0006008400   -0.0002610400    0.0019068900
  -0.0004484600    0.0001706200    0.0020074000
   0.0012713000    0.0036453600   -0.0001428100
  -0.0000800200   -0.0001087000    0.0089325800
  -0.0001495500    0.0000904100    0.0019560900
  -0.0002325300    0.0000214800    0.0091230400
  -0.0001310200   -0.0002551400    0.0019257400
  -0.0006711000    0.0001443700    0.0007885000
   0.0021916800   -0.0006424100    0.0004690600
  -0.0007234200    0.0003416100    0.0018124500
  -0.0002811400   -0.0000867200    0.0020465600
   0.0345199000   -0.0000808500    0.0936279500
  -0.0070870300    0.0007656000    0.0034805100
  -0.0008209800    0.0002493800    0.0045041100
  -0.0055238600    0.0000314300    0.0024490700
  -0.0014439900   -0.0041184400    0.0034252000
  -0.0001331800    0.0000087300    0.0013406200
  -0.0001098700   -0.0000273000    0.0013326600
  -0.0013302200    0.0023211600    0.0025117200
  -0.0000269600   -0.0004581600    0.0046507200
  -0.0001517100    0.0000148600    0.0013378900
  -0.0004607800    0.0002100800    0.0043651600
  -0.0001555100    0.0000690400    0.0013441300
  -0.0006107600   -0.0019631800    0.0029098200
  -0.0021398000    0.0029671500    0.0030264800
  -0.0000599900   -0.0000566500    0.0013099900
  -0.0001753300   -0.0000124700    0.0013761800
   0.0090681500    0.0078953300   -0.0300396700
   0.0001269100    0.0009613100   -0.0153984700
   0.0021085500   -0.0001371900   -0.0146747200
  -0.0311112300    0.0153277100   -0.0388391300
   0.0009272900   -0.0008374900   -0.0149938400
   0.0005188200   -0.0000019000   -0.0168891900
   0.0012033300   -0.0013002100   -0.0150893300
  -0.0015942400   -0.0001292000   -0.0188859300
   0.0012684900    0.0008480700   -0.0146368800
  -0.0004374300    0.0004399100   -0.0154493400
   0.0015501400    0.0004818400   -0.0151299700
  -0.0008846600    0.0009204600   -0.0150074300
  -0.0045871500   -0.0230901000   -0.0343289300
   0.0003549400   -0.0011173300   -0.0194663100
   0.0007111700   -0.0014038900   -0.0150702500
   0.0005662400    0.0012550200   -0.0183194800

81   
  0.0054689236212816   0.0000000000000000   0.0083720292895204
   0.0001613900    0.0000864800    0.0034675500
  -0.0002286400    0.0000134600    0.0063440000
   0.0000664200    0.0001917100    0.0027203300
   0.0000451200    0.0000446300    0.0058842400
  -0.0000969800   -0.0000729500    0.0064757600
   0.0002300200    0.0002859600    0.0055896900
  -0.0001981500    0.0002121300    0.0058340500
   0.0000954500    0.0000958800    0.0056367900
   0.0002292200   -0.0000564200    0.0026978700
   0.0000288600   -0.0001934700    0.0058514300
  -0.0000765200    0.0000080500    0.0026781900
  -0.0000940900   -0.0002313000    0.0059058900
   0.0000734000    0.0000347400    0.0058493700
  -0.0000019300    0.0000732800    0.0056136700
  -0.0002289600    0.0000690600    0.0058934400
   0.0002292100    0.0001511700    0.0058089100
   0.0016284200    0.0009660700    0.0026700600
  -0.0015693500    0.0009687600    0.0029088600
   0.0016053600    0.0009508200    0.0029118500
  -0.0016025800    0.0009827600    0.0027884900
   0.0000336500   -0.0017904100    0.0028486000
  -0.0000070500    0.0000262900    0.0008337100
   0.0000363000   -0.0018032600    0.0029268400
   0.0000004300    0.0000553100    0.0007432200
   0.0015927100    0.0009725300    0.0028993500
  -0.0015697400    0.0009904100    0.0029341300
   0.0016176700    0.0009721000    0.0029249600
  -0.0015930700    0.0009711100    0.0029546600
   0.0000217700   -0.0018258900    0.0027876800
   0.0000197300    0.0000349000    0.0008024900
   0.0000083800   -0.0018004800    0.0029720500
  -0.0000019700    0.0000425600    0.0008295200
   0.0004381500    0.0004433000    0.0022365700
  -0.0004518600    0.0007788900    0.0019902500
   0.0007373700    0.0004172100    0.0018469600
  -0.0007102700    0.0006314700    0.0022154500
   0.0003450700   -0.0007295400    0.0020932200
  -0.0001200300   -0.0000308100    0.0021792500
   0.0001259800   -0.0008180200    0.0019481900
  -0.0002379900   -0.0000170200    0.0023476700
   0.0006617000    0.0004861900    0.0018725700
  -0.0006786600    0.0005850000    0.0019440600
   0.0007053200    0.0004240500    0.0018190100
  -0.0006591200    0.0005825300    0.0020227900
   0.0001444800   -0.0009314600    0.0022071100
  -0.0001826000   -0.0002621800    0.0022368900
   0.0001382300   -0.0008136100    0.0020171300
  -0.0001040900   -0.0000328400    0.0022697000
   0.0162773400    0.0066354700    0.0404652400
   0.0048804400   -0.0000612500    0.0107079000
  -0.0005987500    0.0007822300    0.0093613400
  -0.0014281300    0.0002180500    0.0024065200
   0.0047763000   -0.0065767900    0.0222020900
   0.0003369400   -0.0005626400    0.0033074000
  -0.0006456700    0.0001984000    0.0021362100
  -0.0013222200    0.0016490000    0.0029616000
   0.0003166200    0.0002368800    0.0092204700
  -0.0001190700   -0.0002802100    0.0020549700
  -0.0003582300    0.0001896200    0.0092244600
  -0.0009385500    0.0000574200    0.0025439000
  -0.0007706100   -0.0010431500    0.0022431600
   0.0014228200   -0.0008916400    0.0031350300
  -0.0011984400   -0.0000177400    0.0025225600
  -0.0004138800    0.0000723300    0.0015071200
   0.0043156300   -0.0001447300    0.0120227100
   0.0176122000   -0.0074210900    0.0333837800
  -0.0016386200   -0.0001605000    0.0051841500
  -0.0005412800   -0.0004950800    0.0014146300
   0.0046665600    0.0076090700    0.0208132700
  -0.0013655500   -0.0016775400    0.0030847300
  -0.0006105100   -0.0001127400    0.0015634300
   0.0003510200    0.0006851400    0.0032401100
  -0.0010117100   -0.0000844600    0.0052676500
  -0.0003930600   -0.0000369100    0.0016000400
  -0.0002043900    0.0003232600    0.0050489800
   0.0002414100   -0.0002659100    0.0013335400
  -0.0010385900    0.0001126500    0.0016186400
   0.0015391500    0.0009940300    0.0031631000
  -0.0008831100    0.0012561500    0.0014520800
  -0.0005623300    0.0000073500    0.0011760400
  -0.0846076800   -0.0032938000   -0.0602227000
   0.0135156000    0.0027576900   -0.0286869000
   0.0019560500    0.0008521900   -0.0155465300
   0.0127559300   -0.0016444800   -0.0279955900
   0.0017488800    0.0040404900   -0.0286062000
   0.0013645900    0.0003175300   -0.0180026000
   0.0013702100   -0.0015969900   -0.0158113800
   0.0018391700   -0.0046496600   -0.0302971800
   0.0015997800    0.0009200600   -0.0154914300
  -0.0002870400    0.0007243300   -0.0157951800
   0.0014086300    0.0003969000   -0.0156127200
  -0.0002921600    0.0006674100   -0.0158035500
   0.0014631500    0.0079518800   -0.0282566400
   0.0021265200   -0.0095487900   -0.0306409900
   0.0013296400   -0.0015703400   -0.0158287200
   0.0014088100    0.0003416500   -0.0180030300

81   
 -0.0054689236212816   0.0000000000000000  -0.0083720292895204
  -0.0001730300   -0.0000603500    0.0021085600
   0.0002188700   -0.0004109700    0.0055086300
  -0.0000771700   -0.0001613600    0.0028635000
  -0.0000566300   -0.0004452600    0.0059717300
  -0.0002804300    0.0003183800    0.0053788100
   0.0001286000   -0.0000451900    0.0062628200
  -0.0001823000    0.0000302400    0.0060187600
   0.0002652400    0.0001502900    0.0062126000
  -0.0002415400    0.0000832500    0.0028887200
  -0.0000389800   -0.0002059500    0.0059966500
   0.0000663400    0.0000207100    0.0029019300
   0.0000819800   -0.0001677000    0.0059464600
  -0.0004565300    0.0002094300    0.0060126600
   0.0003666500    0.0001688500    0.0062378900
  -0.0001539400    0.0001706200    0.0059614300
   0.0001294100    0.0000904000    0.0060415600
   0.0015520400    0.0009073500    0.0030681300
  -0.0016310600    0.0009024800    0.0028279100
   0.0015764400    0.0009203300    0.0028255600
  -0.0015986200    0.0008870000    0.0029533400
  -0.0000462900   -0.0018657700    0.0028906600
  -0.0000024300    0.0000062100    0.0006928900
  -0.0000479500   -0.0018519400    0.0028100200
  -0.0000081800   -0.0000263900    0.0007877500
   0.0015907700    0.0008947800    0.0028393600
  -0.0016342400    0.0008782400    0.0028052600
   0.0015642300    0.0008983400    0.0028131900
  -0.0016089600    0.0008990700    0.0027841300
  -0.0000309700   -0.0018281100    0.0029503400
  -0.0000296300   -0.0000069700    0.0007236400
  -0.0000189800   -0.0018556500    0.0027659000
  -0.0000100600   -0.0000123200    0.0006937400
   0.0009467500    0.0003848400    0.0019318500
  -0.0009497500    0.0000493400    0.0022084100
   0.0006331000    0.0004099000    0.0023488200
  -0.0006795700    0.0001953500    0.0019818100
  -0.0003600700   -0.0008486000    0.0020978400
   0.0001110200    0.0000656200    0.0024953200
  -0.0001349300   -0.0007504200    0.0022489600
   0.0002290200    0.0000458000    0.0023255900
   0.0007171800    0.0003315800    0.0023204800
  -0.0007184600    0.0002397200    0.0022523000
   0.0006694500    0.0004034200    0.0023741900
  -0.0007384200    0.0002433600    0.0021706100
  -0.0001458100   -0.0006281800    0.0019875700
   0.0001685200    0.0002940000    0.0024405700
  -0.0001481000   -0.0007555600    0.0021780200
   0.0000909600    0.0000661400    0.0024048200
  -0.0174559200   -0.0073952800   -0.0235777200
  -0.0048408200   -0.0000208900   -0.0065681000
   0.0005889500   -0.0007746600    0.0086620100
   0.0014183400   -0.0002760400    0.0015796400
  -0.0047640700    0.0072210200   -0.0184491500
  -0.0002380000    0.0006353000    0.0006871800
   0.0005425800   -0.0001251800    0.0018591600
   0.0013697300   -0.0015554200    0.0010485900
  -0.0003250200   -0.0001788600    0.0087993600
   0.0001148400    0.0002108100    0.0019365600
   0.0003289000   -0.0001593700    0.0087920300
   0.0009202100   -0.0001217300    0.0014373200
   0.0006832100    0.0011119400    0.0017600500
  -0.0013308000    0.0009337900    0.0008703700
   0.0010986500    0.0001100700    0.0014807500
   0.0004977600    0.0000136500    0.0024782800
  -0.0043791400    0.0001658600   -0.0025317000
  -0.0164351100    0.0067953100   -0.0296116400
   0.0016223700    0.0002070700    0.0045084600
   0.0005151600    0.0006619300    0.0012478100
  -0.0046648500   -0.0070792500   -0.0179588500
   0.0012432000    0.0016467700   -0.0004528400
   0.0007418000    0.0000543300    0.0010916400
  -0.0005378500   -0.0007403900   -0.0005779300
   0.0010087300    0.0001174900    0.0044221800
   0.0003943600    0.0002296400    0.0010716800
   0.0001866800   -0.0002912100    0.0046305400
  -0.0002680300    0.0004942500    0.0013383600
   0.0011639700   -0.0001553000    0.0010250900
  -0.0017136700   -0.0010865500   -0.0005179200
   0.0009948900   -0.0013264000    0.0012011500
   0.0004030800   -0.0000508800    0.0015007800
   0.0879472900    0.0024224800    0.0220940000
  -0.0158710500   -0.0012862400   -0.0010473100
   0.0003934400    0.0005455200   -0.0139832400
  -0.0151047300    0.0031261100   -0.0013548900
  -0.0018533900   -0.0069392600   -0.0009737200
  -0.0013782600   -0.0003009300   -0.0159976600
  -0.0013830700   -0.0010957400   -0.0137298300
  -0.0017405700    0.0044581700   -0.0036483700
   0.0007255700    0.0004609900   -0.0140753400
  -0.0020661100    0.0006611600   -0.0137519500
   0.0009625600    0.0009832300   -0.0139175100
  -0.0020701300    0.0006858500   -0.0137510100
  -0.0013741000   -0.0105176900   -0.0011258200
  -0.0022193300    0.0097069100   -0.0035059200
  -0.0013529500   -0.0011097600   -0.0137740500
  -0.0014028600   -0.0003110200   -0.0159522000
