96   
6    

1    
  0.0161172880959847   0.0000000000000000   0.0253028264119056
  -0.3937808300   -0.0021313900   -0.6617107700
   0.0185623000    0.0168541700   -0.0169610200
   0.0032231600    0.0000296000    0.0031060100
   0.0157087800   -0.0168092100   -0.0176064800
   0.0081183900   -0.0106794300   -0.0176089200
   0.0005908100   -0.0014126000    0.0010372600
   0.0005918200    0.0013646300    0.0010617600
   0.0076717200    0.0122346300   -0.0169734200
  -0.0002907400    0.0020346300    0.0031225400
   0.0029958100   -0.0000087900    0.0010490900
  -0.0004187200   -0.0020979200    0.0030893300
   0.0029985400   -0.0000318800    0.0010506300
   0.0072834800    0.0216464800   -0.0179307400
   0.0084273000   -0.0226284500   -0.0166500800
   0.0006100300    0.0014047800    0.0011198200
   0.0005778400   -0.0013706700    0.0009824400
   0.0000734300    0.0000286100    0.0000243200
  -0.0000097100    0.0000128600   -0.0000110000
   0.0000330100   -0.0000138400    0.0000174600
  -0.0001051400    0.0000742200   -0.0000914200
   0.0000174100   -0.0000149400   -0.0000047800
  -0.0000129000    0.0000004200    0.0000498800
   0.0000389800   -0.0000211100    0.0000109000
  -0.0000557500   -0.0000147000    0.0000597900
   0.0000162100    0.0000096100    0.0000093400
  -0.0000042200    0.0000283300   -0.0000033600
  -0.0000139900    0.0000000600    0.0000277100
   0.0000019500   -0.0000092000    0.0000378400
   0.0000235600   -0.0001038800   -0.0000348000
  -0.0000179200   -0.0000229300    0.0000511000
  -0.0000135400    0.0000091100    0.0000329700
   0.0000091500    0.0000367400    0.0000688200
  -0.0076562900   -0.0196553400    0.0696136100
  -0.0002883600   -0.0013497600    0.0019940800
   0.0024943200    0.0015175600    0.0022322600
   0.1333813500   -0.0618563300    0.1525459200
  -0.0006039300   -0.0000989000    0.0021259900
  -0.0002787900   -0.0000021400    0.0003873500
   0.0006569700   -0.0024256900    0.0021288600
  -0.0070214400   -0.0053199000    0.0056947500
   0.0015786100    0.0008093000    0.0022760400
   0.0000192600    0.0015420600    0.0020405800
   0.0000106100    0.0001051900   -0.0001186000
  -0.0001518600   -0.0000117700   -0.0006476700
   0.0263239000    0.0822616000    0.1120178100
  -0.0040020900   -0.0017962900    0.0048956500
  -0.0001717300   -0.0000884100   -0.0003886500
   0.0052120000    0.0070095800    0.0064579400
   0.1501088000    0.0715263000    0.1686716600
   0.0026131800   -0.0013866600    0.0022290000
  -0.0000616900    0.0012684500    0.0019614500
  -0.0078178900    0.0196715400    0.0705977000
   0.0007554100    0.0023292400    0.0022459700
  -0.0002842700   -0.0000023800    0.0002953000
  -0.0004663800    0.0000151800    0.0019217100
  -0.0067279000    0.0053492200    0.0055960500
   0.0001476700   -0.0013787400    0.0020798000
   0.0015677600   -0.0008530400    0.0020237500
  -0.0001108200    0.0000034200   -0.0007778400
   0.0000041700   -0.0000704700   -0.0002032100
   0.0262485500   -0.0901250200    0.1184526600
   0.0055661500   -0.0071501300    0.0063670300
  -0.0001171400    0.0000716800   -0.0004849000
  -0.0037015100    0.0016948400    0.0048578700
  -0.0000008500   -0.0000002200   -0.0000299900
   0.0000066300   -0.0000240900    0.0001158100
   0.0000121700    0.0000013100    0.0000733800
  -0.0000175500   -0.0000087500    0.0001061300
  -0.0000181300    0.0000151200    0.0001236400
   0.0000244100    0.0000151600    0.0000754700
  -0.0000143300    0.0000067600    0.0000493100
  -0.0000024500    0.0000212800    0.0000978300
   0.0000023800    0.0000049300    0.0000770800
  -0.0000015000   -0.0000227400    0.0000611900
  -0.0000005200   -0.0000070700    0.0000667500
  -0.0000138600   -0.0000004900    0.0000578500
  -0.0000186000    0.0000005300    0.0001177600
   0.0000217000   -0.0000041700    0.0001026500
  -0.0000059300   -0.0000041000    0.0000610000
  -0.0000052400    0.0000055900    0.0000562500
  -0.0000016800    0.0000000300   -0.0000514300
  -0.0000075600    0.0000079800   -0.0000479000
  -0.0000029000    0.0000025500   -0.0000502700
  -0.0000002600    0.0000062500   -0.0000345000
   0.0000029700   -0.0000078600   -0.0000509400
  -0.0000055400   -0.0000014900   -0.0000443900
  -0.0000003600   -0.0000019000   -0.0000438800
  -0.0000060200   -0.0000062700   -0.0000304700
   0.0000000000   -0.0000026800   -0.0000523500
  -0.0000025900    0.0000022900   -0.0000433100
  -0.0000047600   -0.0000011200   -0.0000454600
  -0.0000036500    0.0000008400   -0.0000489000
   0.0000052200   -0.0000006700   -0.0000435500
  -0.0000105400    0.0000009200   -0.0000373500
  -0.0000026300   -0.0000000500   -0.0000493200
  -0.0000049000    0.0000000200   -0.0000502700

1    
 -0.0161172880959847  -0.0000000000000000  -0.0253028264119056
   0.3936887500   -0.0021402900    0.6623147300
  -0.0157296100   -0.0167444400    0.0176470800
  -0.0032214200    0.0000205000   -0.0030831300
  -0.0185397000    0.0169195000    0.0169726300
  -0.0076253900    0.0121861600    0.0170429100
  -0.0005716300    0.0013758300   -0.0010278100
  -0.0006081100   -0.0014023000   -0.0010219500
  -0.0081638200   -0.0107321000    0.0175912700
   0.0004123500   -0.0020931300   -0.0030717800
  -0.0029956800   -0.0000306200   -0.0010249800
   0.0002995800    0.0020392700   -0.0030950400
  -0.0029959300   -0.0000485600   -0.0010276800
  -0.0083608300   -0.0226421900    0.0167060500
  -0.0073513600    0.0216340400    0.0179285400
  -0.0005908400   -0.0013616500   -0.0009715000
  -0.0005946500    0.0014129600   -0.0010849100
  -0.0000689900   -0.0000269700   -0.0000298100
   0.0000129800   -0.0000092800   -0.0000049500
  -0.0000289600    0.0000137000   -0.0000308000
   0.0000984500   -0.0000699700    0.0000750500
  -0.0000123800    0.0000153500   -0.0000109700
   0.0000130600    0.0000003800   -0.0000610700
  -0.0000371200    0.0000196600   -0.0000254200
   0.0000534600    0.0000159000   -0.0000713900
  -0.0000134500   -0.0000093400   -0.0000238400
   0.0000048100   -0.0000285200   -0.0000126000
   0.0000138600   -0.0000003800   -0.0000393500
  -0.0000004400    0.0000083600   -0.0000481800
  -0.0000224300    0.0000964300    0.0000212200
   0.0000183900    0.0000191700   -0.0000634600
   0.0000146900   -0.0000084000   -0.0000436900
  -0.0000069600   -0.0000354200   -0.0000790600
   0.0078330400    0.0196883100   -0.0707123300
   0.0000601000    0.0012618500   -0.0020274100
  -0.0026166800   -0.0014058700   -0.0022939300
  -0.1502055600    0.0715742800   -0.1688410600
   0.0004583100    0.0000269300   -0.0019903100
   0.0002903900   -0.0000021600   -0.0003813200
  -0.0007418700    0.0023316900   -0.0023096700
   0.0067376200    0.0053380400   -0.0056769100
  -0.0015882300   -0.0008505900   -0.0020907800
  -0.0001460500   -0.0013696300   -0.0021453700
   0.0000070800   -0.0000615600    0.0001329000
   0.0001105400    0.0000037500    0.0007086700
  -0.0262635000   -0.0901890100   -0.1185942600
   0.0036950900    0.0017048900   -0.0049453800
   0.0001154000    0.0000640600    0.0004167000
  -0.0055551700   -0.0071498000   -0.0064385600
  -0.1332979300   -0.0618175700   -0.1525102900
  -0.0024878700    0.0014978400   -0.0023051000
   0.0002941200   -0.0013568300   -0.0020673600
   0.0076471100   -0.0196415300   -0.0696350300
  -0.0006680300   -0.0024203600   -0.0022039800
   0.0002757100   -0.0000019600   -0.0004392800
   0.0006153600   -0.0000903400   -0.0021958200
   0.0070123100   -0.0053309200   -0.0057511400
  -0.0000206700    0.0015515500   -0.0021167900
  -0.0015567500    0.0008122200   -0.0023444300
   0.0001555800   -0.0000102500    0.0005823200
  -0.0000183200    0.0001127100    0.0000504100
  -0.0263094800    0.0822080800   -0.1120097300
  -0.0052185100    0.0070090200   -0.0065218200
   0.0001750900   -0.0000958600    0.0003203800
   0.0040126600   -0.0017850200   -0.0049470400
   0.0000052600   -0.0000005400    0.0001892100
  -0.0000083300    0.0000253200    0.0000466600
  -0.0000082000   -0.0000013900    0.0000913300
   0.0000160100    0.0000093500    0.0000560500
   0.0000194600   -0.0000170300    0.0000398800
  -0.0000215400   -0.0000133300    0.0000900100
   0.0000149700   -0.0000075500    0.0001146300
   0.0000016400   -0.0000210800    0.0000639800
   0.0000010600   -0.0000047800    0.0000861600
   0.0000010800    0.0000211800    0.0001019600
   0.0000024100    0.0000060400    0.0000962900
   0.0000133600    0.0000014700    0.0001033500
   0.0000199900   -0.0000012100    0.0000443000
  -0.0000228000    0.0000051000    0.0000587700
   0.0000089600    0.0000027700    0.0001022500
   0.0000058600   -0.0000039900    0.0001042000
   0.0000033900   -0.0000003300   -0.0000034100
   0.0000075000   -0.0000067100   -0.0000281300
   0.0000047300   -0.0000024500   -0.0000254600
  -0.0000011000   -0.0000053700   -0.0000394000
  -0.0000008100    0.0000066100   -0.0000256300
   0.0000064800    0.0000020600   -0.0000308900
   0.0000013900    0.0000010500   -0.0000319800
   0.0000058600    0.0000073400   -0.0000425700
   0.0000028800    0.0000013500   -0.0000222300
   0.0000024500   -0.0000031400   -0.0000313300
   0.0000064200    0.0000005600   -0.0000287000
   0.0000032800   -0.0000009500   -0.0000245800
  -0.0000034900   -0.0000004000   -0.0000311600
   0.0000111000   -0.0000005800   -0.0000365800
   0.0000043800   -0.0000003100   -0.0000257200
   0.0000047300    0.0000013100   -0.0000236500

33   
  0.0161172880959847   0.0000000000000000   0.0253028264119056
  -0.0037438400   -0.0174619900    0.0671848900
   0.1470307700   -0.0695175200    0.1717961900
   0.0016216200   -0.0005555600    0.0030551500
   0.0008611200    0.0004791700    0.0013397700
   0.0265740000    0.0853416700    0.1179375000
   0.0017838700    0.0051058600    0.0088107800
  -0.0001512400   -0.0005242200   -0.0003809700
  -0.0004875100   -0.0037446400    0.0026633400
   0.0010090400    0.0019382400    0.0026653300
  -0.0005363900    0.0002197900   -0.0004313200
   0.0003736800    0.0003010700   -0.0003376700
   0.0006918400   -0.0013194600    0.0017497700
  -0.0001137900   -0.0010054400    0.0017977400
  -0.0070163200   -0.0013176400    0.0057083700
   0.0002787000    0.0004654800    0.0025972000
  -0.0002955400    0.0000018000    0.0004384000
   0.0000012500    0.0000001600   -0.0000363400
  -0.0000095700   -0.0000107400   -0.0000135000
   0.0000001700   -0.0000057600   -0.0000194000
   0.0000093800   -0.0000120600   -0.0000087100
  -0.0000136600   -0.0000018100   -0.0000089300
   0.0000001300    0.0000000200   -0.0000145800
   0.0000005200    0.0000002600   -0.0000116700
   0.0000152300   -0.0000026700   -0.0000133500
  -0.0000046100    0.0000031900   -0.0000184000
  -0.0000000600    0.0000003300   -0.0000134300
   0.0000055300    0.0000027100   -0.0000208100
  -0.0000002100    0.0000014300   -0.0000206000
  -0.0000058000    0.0000126000   -0.0000067800
   0.0000046000    0.0000146500   -0.0000160200
   0.0000008400   -0.0000007900   -0.0000203600
  -0.0000013600   -0.0000009000   -0.0000209800
  -0.1864261200    0.0018743400   -0.3681485600
   0.0084441000    0.0002031200   -0.0086553900
  -0.0002049300   -0.0002916200   -0.0015059500
   0.0131441000    0.0013399800   -0.0116081100
   0.0006928500    0.0034108600   -0.0089837900
  -0.0002101300   -0.0001122000   -0.0002336800
  -0.0004673300    0.0002587200    0.0001512500
   0.0019727200   -0.0086048800   -0.0113638800
  -0.0001735900   -0.0000230900   -0.0016738600
  -0.0000174700   -0.0001544300   -0.0000354800
   0.0003358400    0.0003060600   -0.0013591500
  -0.0000086300    0.0003157700   -0.0000347200
   0.0033133100    0.0067054400   -0.0104427600
  -0.0006107900   -0.0031008100   -0.0098713900
  -0.0000632300    0.0000282600   -0.0001173400
  -0.0005991700   -0.0003442900    0.0000556200
  -0.0047447400    0.0000056700    0.0457821800
   0.0068578200    0.0058452800    0.0037079000
   0.0002081700   -0.0002594100    0.0000900400
  -0.0016680100    0.0012890100   -0.0019395600
   0.0032516900    0.0021811700    0.0001877200
   0.0001447200    0.0000718300   -0.0006241500
   0.0001297600   -0.0000606200   -0.0009352000
  -0.0071884400    0.0016188800    0.0015086200
  -0.0004848600    0.0003992600    0.0002495400
   0.0000226100   -0.0000026200   -0.0007804500
  -0.0000277500   -0.0001373700   -0.0000690100
   0.0000340300    0.0003003200   -0.0008054200
  -0.0008871600   -0.0006328500   -0.0025777200
  -0.0029206200   -0.0105364800    0.0043926800
   0.0003853900   -0.0002039800   -0.0008175600
  -0.0001304600   -0.0000963600   -0.0007844000
   0.0000052500    0.0000018300    0.0000918900
  -0.0000009400    0.0000015300    0.0000878300
  -0.0000066400    0.0000015000    0.0000929600
   0.0000041300    0.0000005800    0.0000940100
   0.0000018200   -0.0000036200    0.0000898400
  -0.0000053000   -0.0000036700    0.0000848200
   0.0000002900    0.0000005800    0.0000976700
   0.0000051800   -0.0000022800    0.0000926500
  -0.0000013300   -0.0000055700    0.0000938800
   0.0000012900   -0.0000003100    0.0000989900
   0.0000002900    0.0000000300    0.0000967000
   0.0000019800   -0.0000047300    0.0000933000
   0.0000033600    0.0000030900    0.0000945500
   0.0000008900    0.0000059700    0.0000888000
  -0.0000041000    0.0000050500    0.0000926900
   0.0000007800   -0.0000000400    0.0000970200
  -0.0000003700   -0.0000001400   -0.0000317200
   0.0000002600   -0.0000002200   -0.0000306800
   0.0000015600   -0.0000006400   -0.0000356700
   0.0000010000   -0.0000008100   -0.0000366600
  -0.0000001700    0.0000002800   -0.0000311900
   0.0000009100    0.0000007900   -0.0000373000
   0.0000002900   -0.0000000400   -0.0000384900
   0.0000000200   -0.0000002700   -0.0000377900
   0.0000002700    0.0000010400   -0.0000368000
   0.0000001400    0.0000003100   -0.0000390600
   0.0000001900   -0.0000000900   -0.0000381400
   0.0000010100    0.0000001800   -0.0000357000
  -0.0000000700    0.0000004000   -0.0000374500
  -0.0000007400   -0.0000006400   -0.0000376300
   0.0000013500   -0.0000002800   -0.0000351200
   0.0000012800    0.0000000100   -0.0000368600

33   
 -0.0161172880959847  -0.0000000000000000  -0.0253028264119056
   0.0041750400    0.0175402000   -0.0683135500
  -0.1291622000    0.0595900700   -0.1544037800
  -0.0011807700    0.0005513900   -0.0029564700
  -0.0011409700   -0.0004929700   -0.0011970200
  -0.0260870600   -0.0784717400   -0.1126993600
  -0.0021382300   -0.0051022900   -0.0084443000
   0.0001296100    0.0004768300    0.0004225200
   0.0003759700    0.0036984000   -0.0028320800
  -0.0008069000   -0.0016244100   -0.0025634500
   0.0004533700   -0.0001884000    0.0004566200
  -0.0003712700   -0.0002907600    0.0003810800
  -0.0008410700    0.0014792400   -0.0015728600
  -0.0000368400    0.0007904600   -0.0016948000
   0.0067407100    0.0014485600   -0.0056668100
  -0.0001633000   -0.0007019800   -0.0024631300
   0.0002684300    0.0000021600   -0.0003299300
  -0.0000016500    0.0000002300    0.0000132200
   0.0000084600    0.0000109200   -0.0000009500
  -0.0000001400    0.0000057900    0.0000039300
  -0.0000094300    0.0000112100   -0.0000068800
   0.0000118900    0.0000023200   -0.0000059900
   0.0000005100    0.0000008100   -0.0000003800
  -0.0000015300    0.0000006500   -0.0000041900
  -0.0000162600    0.0000026800   -0.0000019000
   0.0000041900   -0.0000022000    0.0000025000
  -0.0000015700   -0.0000010900   -0.0000027100
  -0.0000058200   -0.0000038800    0.0000047600
  -0.0000005800   -0.0000010500    0.0000048100
   0.0000041000   -0.0000123900   -0.0000093500
  -0.0000060200   -0.0000144600    0.0000006600
  -0.0000004300   -0.0000000100    0.0000045600
   0.0000009300    0.0000010400    0.0000049800
   0.1691090100    0.0015550100    0.3455119800
  -0.0080346000   -0.0002792300    0.0082253200
   0.0002408600    0.0003045200    0.0015006500
  -0.0134587800   -0.0013172500    0.0117365300
  -0.0009144400   -0.0033219300    0.0086445300
   0.0001972900    0.0001059300    0.0002235300
   0.0004657900   -0.0002638200   -0.0001220500
  -0.0019839700    0.0084791200    0.0112305200
   0.0001868000    0.0000258600    0.0016613900
   0.0000113200    0.0001493100    0.0000557300
  -0.0003369300   -0.0003375800    0.0013191900
   0.0000200000   -0.0003454500    0.0000551300
  -0.0033683900   -0.0066396100    0.0104154900
   0.0004965000    0.0030398900    0.0094918800
   0.0000359700   -0.0000127500    0.0001397000
   0.0006439900    0.0003569800   -0.0000211300
   0.0044317200    0.0000035400   -0.0438425000
  -0.0067733600   -0.0059181900   -0.0036474400
  -0.0001847500    0.0002688100   -0.0002450800
   0.0019027100   -0.0014757100    0.0016632700
  -0.0036075500   -0.0021881300   -0.0004233000
  -0.0000866000   -0.0000403200    0.0004465600
  -0.0001464300    0.0000761400    0.0008079900
   0.0071326500   -0.0016429500   -0.0016287800
   0.0004750300   -0.0003819100   -0.0003813400
  -0.0000157200   -0.0000283000    0.0006267800
   0.0000176600    0.0001162100   -0.0001071000
  -0.0000068400   -0.0003046200    0.0006068700
   0.0008471900    0.0008926700    0.0022880700
   0.0028011100    0.0101146700   -0.0042300200
  -0.0003937200    0.0002216300    0.0006119200
   0.0001386100    0.0000825300    0.0006102900
  -0.0000055500   -0.0000022900    0.0000832000
  -0.0000010700   -0.0000004300    0.0000862900
   0.0000060900   -0.0000021000    0.0000819600
  -0.0000048800   -0.0000018700    0.0000816200
  -0.0000034300    0.0000028200    0.0000852600
   0.0000051100    0.0000041000    0.0000904600
  -0.0000016600    0.0000002500    0.0000782600
  -0.0000055900    0.0000027900    0.0000827800
   0.0000001400    0.0000060000    0.0000814100
  -0.0000013500    0.0000002100    0.0000778000
  -0.0000021000   -0.0000003200    0.0000789500
  -0.0000026200    0.0000042500    0.0000819100
  -0.0000042400   -0.0000021800    0.0000822200
  -0.0000034200   -0.0000065900    0.0000866300
   0.0000042900   -0.0000051300    0.0000812800
  -0.0000011400    0.0000004400    0.0000790300
   0.0000000100   -0.0000004000   -0.0000466100
  -0.0000018000    0.0000015000   -0.0000461500
  -0.0000022100    0.0000002300   -0.0000418900
  -0.0000021600   -0.0000002800   -0.0000416000
  -0.0000009600   -0.0000008600   -0.0000468400
  -0.0000011800   -0.0000005300   -0.0000410000
  -0.0000019600    0.0000006800   -0.0000400400
  -0.0000007200    0.0000007800   -0.0000402300
  -0.0000012400   -0.0000009200   -0.0000411800
  -0.0000004100   -0.0000005900   -0.0000401300
  -0.0000020000   -0.0000001700   -0.0000400200
  -0.0000016900   -0.0000004400   -0.0000420500
  -0.0000007100    0.0000001500   -0.0000419300
  -0.0000019000   -0.0000001700   -0.0000405600
  -0.0000009100    0.0000001900   -0.0000414400
  -0.0000020200    0.0000004600   -0.0000417300

49   
  0.0161172880959847   0.0000000000000000   0.0253028264119056
   0.1290795700    0.0595518100    0.1543322700
  -0.0041693500    0.0175269300    0.0683054300
   0.0011351000   -0.0004953700    0.0012379100
   0.0011751400    0.0005618700    0.0029966400
   0.0260701000   -0.0784201500    0.1126585000
  -0.0003881900    0.0036861300    0.0028504000
  -0.0001332700    0.0004777400   -0.0003871000
   0.0021490600   -0.0051026500    0.0084747600
   0.0008338200    0.0014734400    0.0016201000
   0.0003745900   -0.0002946000   -0.0003416700
  -0.0004514600   -0.0001851700   -0.0004256900
   0.0007921200   -0.0016231800    0.0025969100
   0.0001673500   -0.0007009600    0.0025101800
  -0.0067310700    0.0014616600    0.0056915600
   0.0000333200    0.0007852800    0.0017283700
  -0.0002656900    0.0000023300    0.0003511500
   0.0000000500   -0.0000001100   -0.0001179500
   0.0000056200    0.0000129000    0.0000304200
   0.0000131400    0.0000085300   -0.0000169700
  -0.0000074800    0.0000242600    0.0000153000
   0.0000120400   -0.0000074600    0.0000162300
   0.0000273500    0.0000148300   -0.0000154500
  -0.0000120000    0.0000082200   -0.0000395500
  -0.0000268600    0.0000008300    0.0000288500
   0.0000105200    0.0000017600   -0.0000170900
   0.0000011000   -0.0000228100   -0.0000277800
  -0.0000039200   -0.0000104800   -0.0000174500
  -0.0000099900    0.0000031900   -0.0000291300
   0.0000171400   -0.0000105300    0.0000086100
  -0.0000082900   -0.0000194300    0.0000362400
   0.0000002400   -0.0000060200   -0.0000295800
  -0.0000054600    0.0000025600   -0.0000289800
  -0.0044329200    0.0000035900    0.0437779500
  -0.0019032300   -0.0014683100   -0.0017276700
   0.0001840100    0.0002730400    0.0001811800
   0.0067711600   -0.0059141200    0.0035840600
  -0.0071267800   -0.0016444800    0.0015681500
   0.0001485500    0.0000772200   -0.0008725900
   0.0000840000   -0.0000384500   -0.0005134200
   0.0036026000   -0.0021911300    0.0003567100
  -0.0000148200    0.0001139200    0.0000456400
   0.0000161200   -0.0000309600   -0.0006922500
  -0.0004796700   -0.0003841000    0.0003151200
   0.0000048100   -0.0003069000   -0.0006684000
  -0.0027985300    0.0101098800    0.0041696100
  -0.0008544000    0.0008900400   -0.0023550900
  -0.0001421200    0.0000833500   -0.0006736300
   0.0003939400    0.0002232700   -0.0006721400
  -0.1689758100    0.0015562500   -0.3453708100
   0.0134853600   -0.0013075800   -0.0118039000
  -0.0002431600    0.0002952100   -0.0015650300
   0.0080396400   -0.0002932800   -0.0082785000
   0.0019877100    0.0084861400   -0.0112959300
  -0.0004740500   -0.0002682900    0.0000536800
  -0.0001939100    0.0001038300   -0.0002884900
   0.0009124800   -0.0033082800   -0.0087000400
   0.0003271600   -0.0003341700   -0.0013890000
  -0.0000117400    0.0001562400   -0.0001225700
  -0.0001793300    0.0000309000   -0.0017201600
  -0.0000205700   -0.0003423400   -0.0001217800
  -0.0005031200    0.0030517400   -0.0095500100
   0.0033775000   -0.0066688300   -0.0104782100
  -0.0006437400    0.0003564300   -0.0000416700
  -0.0000413600   -0.0000151600   -0.0002099600
  -0.0000840200   -0.0000373100    0.0001100300
   0.0000782500   -0.0000568000    0.0002180300
   0.0000114700   -0.0000009000    0.0000810500
   0.0000101600    0.0000071000    0.0000801100
  -0.0000211500    0.0000938200    0.0001640500
   0.0000347400    0.0000311400    0.0001031200
   0.0000054700    0.0000045600    0.0000892900
  -0.0000220400    0.0000022100    0.0000667900
   0.0000026800    0.0000008200    0.0000825400
   0.0000068000   -0.0000005000    0.0000914700
  -0.0000012600   -0.0000040200    0.0000871600
  -0.0000033900   -0.0000032600    0.0000786100
   0.0000101400    0.0000049300    0.0000828300
  -0.0000204100   -0.0000329000    0.0000848400
   0.0000053600   -0.0000089400    0.0000782800
   0.0000024800    0.0000001000    0.0001019400
   0.0000060200    0.0000016200   -0.0000343200
  -0.0000010300    0.0000023900   -0.0000371800
  -0.0000020300    0.0000003700   -0.0000362400
  -0.0000018200   -0.0000009200   -0.0000296100
   0.0000017800   -0.0000039000   -0.0000359800
  -0.0000058100   -0.0000044100   -0.0000410700
  -0.0000004300    0.0000018300   -0.0000295500
   0.0000060300   -0.0000021000   -0.0000342500
  -0.0000005000   -0.0000010600   -0.0000335800
   0.0000028100   -0.0000016700   -0.0000292800
  -0.0000006800   -0.0000003500   -0.0000296400
   0.0000000900    0.0000004300   -0.0000321500
  -0.0000002400   -0.0000001100   -0.0000309900
   0.0000003600    0.0000067000   -0.0000376500
   0.0000000100    0.0000009100   -0.0000347400
   0.0000001000    0.0000001800   -0.0000301700

49   
 -0.0161172880959847  -0.0000000000000000  -0.0253028264119056
  -0.1469466000   -0.0694767100   -0.1716473800
   0.0037384000   -0.0174513100   -0.0671051400
  -0.0008568100    0.0004808300   -0.0013035000
  -0.0016179900   -0.0005668600   -0.0030183700
  -0.0265605600    0.0852905600   -0.1178244900
   0.0004979800   -0.0037329500   -0.0026061900
   0.0001536400   -0.0005250800    0.0004230500
  -0.0017949700    0.0051071500   -0.0087647500
  -0.0006859100   -0.0013134600   -0.0017200100
  -0.0003788300    0.0003051200    0.0003755800
   0.0005328300    0.0002166600    0.0004769200
  -0.0009960200    0.0019381300   -0.0026222800
  -0.0002849400    0.0004648200   -0.0025675700
   0.0070076800   -0.0013301500   -0.0056564500
   0.0001162600   -0.0010007000   -0.0017549900
   0.0002901700    0.0000018800   -0.0003819900
  -0.0000012800   -0.0000002100    0.0000997000
  -0.0000060300   -0.0000111400   -0.0000420300
  -0.0000135300   -0.0000093700    0.0000042600
   0.0000094100   -0.0000242300   -0.0000271600
  -0.0000118800    0.0000069500   -0.0000296900
  -0.0000280900   -0.0000145400    0.0000035000
   0.0000117600   -0.0000079100    0.0000278100
   0.0000259800   -0.0000020500   -0.0000400200
  -0.0000116800   -0.0000007800    0.0000033200
  -0.0000029200    0.0000229900    0.0000155300
   0.0000049800    0.0000103200    0.0000047700
   0.0000109000   -0.0000028900    0.0000165600
  -0.0000168100    0.0000114200   -0.0000221900
   0.0000064700    0.0000192700   -0.0000475200
   0.0000004200    0.0000057600    0.0000171600
   0.0000058500   -0.0000032100    0.0000155400
   0.0047441500    0.0000055500   -0.0458493100
   0.0016669900    0.0012822600    0.0018748500
  -0.0002083600   -0.0002635300   -0.0001546200
  -0.0068575900    0.0058414700   -0.0037726900
   0.0071819600    0.0016203700   -0.0015762400
  -0.0001327600   -0.0000614800    0.0008714400
  -0.0001435000    0.0000703800    0.0005631200
  -0.0032484300    0.0021840200   -0.0002492700
   0.0000238600   -0.0001351900    0.0000021600
  -0.0000239400   -0.0000001500    0.0007180000
   0.0004883700    0.0004013000   -0.0003116100
  -0.0000330400    0.0003025600    0.0007392900
   0.0029171900   -0.0105328200   -0.0044603800
   0.0008921400   -0.0006304300    0.0025162800
   0.0001331200   -0.0000972000    0.0007193200
  -0.0003866900   -0.0002054200    0.0007500300
   0.1864035400    0.0018718300    0.3680929400
  -0.0131713800    0.0013306200    0.0115485700
   0.0002066800   -0.0002825500    0.0014425000
  -0.0084490400    0.0002160400    0.0085810000
  -0.0019782500   -0.0086121500    0.0113019800
   0.0004741500    0.0002630400   -0.0002110700
   0.0002056000   -0.0001100200    0.0001705300
  -0.0006920200    0.0033977000    0.0089115100
  -0.0003273900    0.0003027100    0.0013009500
   0.0000168300   -0.0001607700   -0.0000260400
   0.0001648200   -0.0000287500    0.0016050600
   0.0000081500    0.0003128100   -0.0000265100
   0.0006164400   -0.0031110500    0.0098020100
  -0.0033232600    0.0067332700    0.0103777900
   0.0005979600   -0.0003437300   -0.0001202200
   0.0000670500    0.0000307000    0.0000597000
   0.0000819800    0.0000358100    0.0000628600
  -0.0000734800    0.0000536100   -0.0000326000
  -0.0000122200    0.0000009200    0.0000940100
  -0.0000096300   -0.0000080300    0.0000961800
   0.0000197200   -0.0000898300    0.0000150800
  -0.0000339700   -0.0000297600    0.0000724400
  -0.0000071800   -0.0000035700    0.0000872900
   0.0000223800   -0.0000026200    0.0001087000
  -0.0000034600   -0.0000011400    0.0000933200
  -0.0000066100   -0.0000000200    0.0000856000
  -0.0000003600    0.0000040700    0.0000894500
   0.0000038300    0.0000029400    0.0000971700
  -0.0000098300   -0.0000037000    0.0000944600
   0.0000176000    0.0000324800    0.0000905500
  -0.0000050000    0.0000091700    0.0000961200
  -0.0000023600   -0.0000001400    0.0000746600
  -0.0000059500   -0.0000020900   -0.0000442500
  -0.0000000600   -0.0000013000   -0.0000394800
   0.0000017800   -0.0000003000   -0.0000413700
   0.0000011400   -0.0000000100   -0.0000493700
  -0.0000023100    0.0000032800   -0.0000418600
   0.0000056700    0.0000044800   -0.0000370200
  -0.0000008600   -0.0000013700   -0.0000495400
  -0.0000060000    0.0000022200   -0.0000442600
  -0.0000001300    0.0000014400   -0.0000445700
  -0.0000027500    0.0000013500   -0.0000501700
  -0.0000003800    0.0000003200   -0.0000492300
  -0.0000003900   -0.0000003800   -0.0000463800
  -0.0000002600    0.0000005800   -0.0000486600
  -0.0000022700   -0.0000068300   -0.0000408300
   0.0000002700   -0.0000012000   -0.0000423900
  -0.0000001400   -0.0000000700   -0.0000489400
