   4  100
1 1
    50.186991346349963     0.000000000000000     0.000000000000000
     0.000000000000000    50.186991346349949     0.000000000000000
     0.000000000000000     0.000000000000000    14.082943927977739
1 2
    -4.496336829792762     0.920833231678076    -0.068639768405309
    -0.920833231678075     2.900736493597682    -0.023324376182134
     0.068639768405309    -0.023324376182134    -0.025951986852552
1 3
    -0.679205501456178     0.205927248331530    -0.013495809836285
    -0.205927248331530     0.445916754461049    -0.009505781008983
     0.013495809836285    -0.009505781008983     0.066317434255668
1 4
    -0.679205501456178    -0.205927248331530     0.013495809836285
     0.205927248331530     0.445916754461049    -0.009505781008983
    -0.013495809836285    -0.009505781008983     0.066317434255668
1 5
    -4.496336829792762    -0.920833231678075     0.068639768405309
     0.920833231678076     2.900736493597682    -0.023324376182134
    -0.068639768405309    -0.023324376182134    -0.025951986852552
1 6
     1.051468162750072    -4.123859937534231    -0.054519386503807
    -2.282193474178080    -2.647068498945151    -0.047781595057812
     0.014120381901502     0.071105971239945    -0.025951986852552
1 7
    -0.597608710361789    -0.338403288278095    -0.022445329966848
    -0.338403288278094    -0.206854251197765    -0.012958817298410
     0.014202336828125     0.008199722990840    -0.003659547063943
1 8
    -0.447654088251792    -0.000000000000000     0.000000000000000
    -0.000000000000000    -0.036723858694916    -0.006378809173835
     0.000000000000000    -0.000414004618124     0.010493611535623
1 9
    -0.597608710361789     0.338403288278094     0.022445329966848
     0.338403288278094    -0.206854251197765    -0.012958817298410
    -0.014202336828125     0.008199722990840    -0.003659547063943
1 10
     1.051468162750072     4.123859937534231     0.054519386503807
     2.282193474178079    -2.647068498945150    -0.047781595057812
    -0.014120381901502     0.071105971239945    -0.025951986852552
1 11
     0.164636190481742    -0.693119476325317    -0.014980152754734
    -0.281264979662257    -0.397924937476871    -0.006934823658375
    -0.001484342918449     0.016440604667359     0.066317434255668
1 12
    -0.139456416084135    -0.177938008989613    -0.005524210790435
    -0.177938008989613    -0.344921530862573     0.003189404586918
    -0.000358538516580     0.000207002309062     0.010493611535623
1 13
    -0.139456416084135     0.177938008989613     0.005524210790435
     0.177938008989613    -0.344921530862573     0.003189404586918
     0.000358538516580     0.000207002309062     0.010493611535623
1 14
     0.164636190481742     0.693119476325317     0.014980152754734
     0.281264979662257    -0.397924937476871    -0.006934823658375
     0.001484342918449     0.016440604667359     0.066317434255668
1 15
    -0.011477021615753     0.000000000000000     0.000000000000000
     0.000000000000000    -0.792985939943802    -0.016399445981679
     0.000000000000000     0.025917634596819    -0.003659547063943
1 16
     0.164636190481742    -0.281264979662257    -0.001484342918449
    -0.693119476325317    -0.397924937476871     0.016440604667359
    -0.014980152754734    -0.006934823658375     0.066317434255668
1 17
    -0.011477021615753     0.000000000000000     0.000000000000000
     0.000000000000000    -0.792985939943802     0.025917634596819
     0.000000000000000    -0.016399445981679    -0.003659547063943
1 18
     0.164636190481742     0.281264979662257     0.001484342918449
     0.693119476325317    -0.397924937476871     0.016440604667359
     0.014980152754734    -0.006934823658375     0.066317434255668
1 19
    -0.139456416084135     0.177938008989613     0.000358538516580
     0.177938008989613    -0.344921530862573     0.000207002309062
     0.005524210790435     0.003189404586918     0.010493611535623
1 20
    -0.139456416084135    -0.177938008989613    -0.000358538516580
    -0.177938008989613    -0.344921530862573     0.000207002309062
    -0.005524210790435     0.003189404586918     0.010493611535623
1 21
     1.051468162750072    -2.282193474178080     0.014120381901502
    -4.123859937534231    -2.647068498945151     0.071105971239945
    -0.054519386503807    -0.047781595057812    -0.025951986852552
1 22
     1.051468162750072     2.282193474178079    -0.014120381901502
     4.123859937534231    -2.647068498945150     0.071105971239945
     0.054519386503807    -0.047781595057812    -0.025951986852552
1 23
    -0.597608710361789     0.338403288278094    -0.014202336828125
     0.338403288278094    -0.206854251197765     0.008199722990840
     0.022445329966848    -0.012958817298410    -0.003659547063943
1 24
    -0.447654088251792    -0.000000000000000     0.000000000000000
    -0.000000000000000    -0.036723858694916    -0.000414004618124
     0.000000000000000    -0.006378809173835     0.010493611535623
1 25
    -0.597608710361789    -0.338403288278094     0.014202336828125
    -0.338403288278095    -0.206854251197765     0.008199722990840
    -0.022445329966848    -0.012958817298410    -0.003659547063943
1 26
     0.204335545487787    -0.073992575746001    -0.306351166125671
    -0.073992575746001     0.289774812537763    -0.176871928229212
    -0.176157148717833    -0.101704377231918    -0.126003592981551
1 27
    -0.138325051957848     0.013386523625169    -0.071779146240807
    -0.070091105827267     0.103358425889205    -0.039817075223400
    -0.039831570334528    -0.003453291957272     0.012916099618629
1 28
    -0.145636171459227     0.000000000000000     0.000000000000000
     0.000000000000000     0.044028205457235    -0.015072171028205
     0.000000000000000     0.004126823321383     0.008734551655194
1 29
    -0.138325051957848    -0.013386523625169     0.071779146240807
     0.070091105827267     0.103358425889205    -0.039817075223400
     0.039831570334528    -0.003453291957272     0.012916099618629
1 30
     0.204335545487788     0.073992575746001     0.306351166125671
     0.073992575746001     0.289774812537763    -0.176871928229212
     0.176157148717833    -0.101704377231918    -0.126003592981551
1 31
     0.018383752078442    -0.160566976022003    -0.070372171768264
    -0.077089346569568    -0.053350378147085    -0.042254026494797
    -0.022906423728946    -0.032768505803692     0.012916099618629
1 32
    -0.082005294599916    -0.041941113530708    -0.020871993666588
    -0.041941113530708    -0.033575868225783    -0.012050451161929
    -0.007629805599527    -0.004405070316751     0.009415440358729
1 33
    -0.082005294599916     0.041941113530708     0.020871993666588
     0.041941113530708    -0.033575868225783    -0.012050451161929
     0.007629805599527    -0.004405070316751     0.009415440358729
1 34
     0.018383752078442     0.160566976022003     0.070372171768264
     0.077089346569568    -0.053350378147085    -0.042254026494797
     0.022906423728946    -0.032768505803692     0.012916099618629
1 35
     0.121294636297714    -0.000000000000000     0.000000000000000
    -0.000000000000000    -0.097486881475962    -0.085788347956045
     0.000000000000000    -0.175012679998327     0.023503963229606
1 36
    -0.003387888771881    -0.082127084301302    -0.013052883000609
    -0.082127084301302    -0.098220077230112     0.007536085514102
     0.003573933833248    -0.002063411660692     0.008734551655194
1 37
    -0.009361155038716     0.000000000000000     0.000000000000000
     0.000000000000000    -0.106220007786983     0.024100902323857
     0.000000000000000     0.008810140633503     0.009415440358729
1 38
    -0.003387888771881     0.082127084301302     0.013052883000609
     0.082127084301302    -0.098220077230112     0.007536085514102
    -0.003573933833248    -0.002063411660692     0.008734551655194
1 39
     0.005711615913161     0.061598317814732     0.007145188284847
     0.040469505880985    -0.111089218718990    -0.015288997680521
    -0.004603568440530    -0.031505355772876     0.009434083388536
1 40
     0.005711615913161    -0.061598317814732    -0.007145188284847
    -0.040469505880986    -0.111089218718990    -0.015288997680521
     0.004603568440530    -0.031505355772876     0.009434083388536
1 41
     0.067491360776442    -0.048737055468519     0.001406974472543
    -0.132214684920954    -0.102457986845085     0.082071101718197
     0.016925146605582     0.036221797760964     0.012916099618629
1 42
     0.067491360776442     0.048737055468519    -0.001406974472543
     0.132214684920954    -0.102457986845085     0.082071101718197
    -0.016925146605582     0.036221797760964     0.012916099618629
1 43
    -0.037692345946211     0.065528794944390    -0.009668066247309
     0.086657606878137    -0.067685256859618     0.013832413409762
    -0.029586222674843     0.011765870668878     0.009434083388536
1 44
    -0.065066295586735     0.000000000000000     0.000000000000000
    -0.000000000000000    -0.065066295586735     0.000000000000000
     0.000000000000000     0.000000000000000     0.008548219737192
1 45
    -0.037692345946211    -0.065528794944390     0.009668066247309
    -0.086657606878137    -0.067685256859618     0.013832413409762
     0.029586222674843     0.011765870668878     0.009434083388536
1 46
     0.332494446062751     0.000000000000000     0.000000000000000
     0.000000000000000     0.161615911962800     0.353743856458423
     0.000000000000000     0.203408754463836    -0.126003592981551
1 47
    -0.042791502032543     0.094735176135260    -0.074294888678634
     0.094735176135260     0.066599256854295     0.042894173978022
    -0.151565426862948     0.087506339999164     0.023503963229606
1 48
    -0.126085674175693     0.035623695030278    -0.016813254532157
     0.014494883096531     0.020708071369865     0.001456584270760
    -0.024982654234312     0.019739485103998     0.009434083388536
1 49
    -0.126085674175693    -0.035623695030278     0.016813254532157
    -0.014494883096531     0.020708071369865     0.001456584270760
     0.024982654234312     0.019739485103998     0.009434083388536
1 50
    -0.042791502032543    -0.094735176135260     0.074294888678634
    -0.094735176135260     0.066599256854295     0.042894173978022
     0.151565426862948     0.087506339999164     0.023503963229606
1 51
   -18.339183568630940    -5.998231324781241     0.056996783670678
    -5.998231324781234   -11.413022628582778     0.032907108395209
    -0.047223039091228    -0.027264234331273    -4.963718775045048
1 52
     1.051111711257654     0.278402107386743     0.041204262660341
     0.954073169021954    -0.237183940029361     0.019386667837718
    -0.027066759690079    -0.005636538587134     0.270532953575722
1 53
     0.576993482442091    -0.000000000000000     0.000000000000000
    -0.000000000000000    -0.076298180547399     0.007502415345947
     0.000000000000000    -0.000726270831036    -0.044808484765424
1 54
     1.051111711257654    -0.278402107386743    -0.041204262660341
    -0.954073169021954    -0.237183940029361     0.019386667837718
     0.027066759690079    -0.005636538587134     0.270532953575722
1 55
   -18.339183568630958     5.998231324781231    -0.056996783670678
     5.998231324781231   -11.413022628582775     0.032907108395209
     0.047223039091228    -0.027264234331273    -4.963718775045048
1 56
     0.618567422245483     1.203802730719567     0.037391478172365
     0.528131669084356     0.195360348982810     0.025990604289203
    -0.018414765450909    -0.020622232196170     0.270532953575722
1 57
     0.501781199418598     0.184119620408205     0.011451957231252
     0.184119620408205     0.289178174607061     0.006611790590211
    -0.007264811822257    -0.004194341061192    -0.029482143419196
1 58
     0.501781199418599    -0.184119620408205    -0.011451957231252
    -0.184119620408205     0.289178174607061     0.006611790590211
     0.007264811822257    -0.004194341061192    -0.029482143419196
1 59
     0.618567422245483    -1.203802730719567    -0.037391478172365
    -0.528131669084355     0.195360348982810     0.025990604289203
     0.018414765450909    -0.020622232196170     0.270532953575722
1 60
    -2.034258968742173     0.000000000000000     0.000000000000000
     0.000000000000000     1.114253526916978     0.043520219680295
     0.000000000000000    -0.031106058549454    -0.220350368041421
1 61
     0.087024735199973     0.282883588114740     0.006497282279332
     0.282883588114740     0.413670566694718    -0.003751207672973
    -0.000628968989705     0.000363135415518    -0.044808484765424
1 62
     0.182876662201292     0.000000000000000     0.000000000000000
     0.000000000000000     0.608082711824367    -0.013223581180423
     0.000000000000000     0.008388682122385    -0.029482143419196
1 63
     0.087024735199973    -0.282883588114740    -0.006497282279332
    -0.282883588114740     0.413670566694718    -0.003751207672973
     0.000628968989705     0.000363135415518    -0.044808484765424
1 64
    -0.194399722357119    -0.225871576217440    -0.005753652841005
    -0.198175101509647     0.427239775486861     0.008806547207777
     0.000879976490105    -0.010047218089694    -0.014616762052802
1 65
    -0.194399722357119     0.225871576217440     0.005753652841005
     0.198175101509647     0.427239775486861     0.008806547207777
    -0.000879976490105    -0.010047218089694    -0.014616762052802
1 66
    -0.448787476660698    -0.088105969119993    -0.003812784487976
     0.587565092515218     1.262715247888990    -0.045377272126921
     0.008651994239170     0.026258770783305     0.270532953575722
1 67
    -0.448787476660697     0.088105969119993     0.003812784487976
    -0.587565092515218     1.262715247888990    -0.045377272126921
    -0.008651994239170     0.026258770783305     0.270532953575722
1 68
     0.088212303374841    -0.361341230642220     0.004749867181060
    -0.389037705350013     0.144627749754901    -0.009386083128756
    -0.008261157857985     0.005785691040011    -0.014616762052802
1 69
     0.090949852975720     0.000000000000000     0.000000000000000
     0.000000000000000     0.090949852975720     0.000000000000000
     0.000000000000000     0.000000000000000    -0.012427853916803
1 70
     0.088212303374841     0.361341230642220    -0.004749867181060
     0.389037705350013     0.144627749754901    -0.009386083128756
     0.008261157857985     0.005785691040011    -0.014616762052802
1 71
    -7.949942158558692     0.000000000000000     0.000000000000000
     0.000000000000000   -21.802264038655039    -0.065814216790418
     0.000000000000000     0.054528468662546    -4.963718775045047
1 72
     0.327125403002190    -1.363345902686784     0.037689615821415
    -1.363345902686784    -1.247130844827385    -0.021760109840148
    -0.026938636915433     0.015553029274727    -0.220350368041421
1 73
     0.455447498676892    -0.177014366486469     0.010503520022065
    -0.149317891778676    -0.222607445547149     0.000579535920978
    -0.009141134348090     0.004261527049683    -0.014616762052802
1 74
     0.455447498676891     0.177014366486469    -0.010503520022065
     0.149317891778676    -0.222607445547149     0.000579535920978
     0.009141134348090     0.004261527049683    -0.014616762052802
1 75
     0.327125403002191     1.363345902686784    -0.037689615821415
     1.363345902686784    -1.247130844827385    -0.021760109840148
     0.026938636915433     0.015553029274727    -0.220350368041421
1 76
     0.018842303273895     0.053200731491147     0.165823997130752
     0.053200731491147    -0.042588610021102     0.095738529381539
     0.077280964971016     0.044618185929250    -0.021728722773385
1 77
     0.121785640204999     0.016514624238103     0.026976094425403
     0.024210057986242    -0.000758640205317     0.020188915120910
     0.020497559224623     0.009825690707799    -0.008170714616244
1 78
     0.121785640204999    -0.016514624238103    -0.026976094425403
    -0.024210057986242    -0.000758640205317     0.020188915120910
    -0.020497559224623     0.009825690707799    -0.008170714616244
1 79
     0.018842303273895    -0.053200731491147    -0.165823997130752
    -0.053200731491147    -0.042588610021102     0.095738529381539
    -0.077280964971016     0.044618185929250    -0.021728722773385
1 80
    -0.263799464952091    -0.000000000000000     0.000000000000000
    -0.000000000000000    -0.076916492963632     0.188680929145979
     0.000000000000000     0.114788401381020     0.084568127160796
1 81
     0.047511734580927     0.067092117392065     0.030972160582257
     0.059396683643925     0.073515265418754     0.013267525506832
     0.018758077374994     0.012838561650200    -0.008170714616244
1 82
     0.084454291972555     0.000000000000000     0.000000000000000
     0.000000000000000     0.084454291972555     0.000000000000000
     0.000000000000000     0.000000000000000    -0.008635413040047
1 83
     0.047511734580927    -0.067092117392065    -0.030972160582257
    -0.059396683643925     0.073515265418754     0.013267525506832
    -0.018758077374994     0.012838561650200    -0.008170714616244
1 84
    -0.085766084656005    -0.049892908431833    -0.025396908291646
    -0.042580662819485     0.073387953915798     0.042267477480261
    -0.029722714971517     0.054797244094037    -0.013633958581648
1 85
    -0.085766084656005     0.049892908431833     0.025396908291646
     0.042580662819485     0.073387953915798     0.042267477480261
     0.029722714971517     0.054797244094037    -0.013633958581648
1 86
     0.012243125213596     0.039034342531753     0.003996066156854
     0.046729776279893     0.108783874786086    -0.033456440627742
    -0.001739481849629    -0.022664252358000    -0.008170714616244
1 87
     0.012243125213596    -0.039034342531753    -0.003996066156854
    -0.046729776279893     0.108783874786086    -0.033456440627742
     0.001739481849629    -0.022664252358000    -0.008170714616244
1 88
    -0.000674634371460    -0.063650445823710    -0.003591020990581
    -0.063650445823710     0.072822569689257    -0.002073276935577
     0.000895828040648     0.000517206560416    -0.008793805008355
1 89
    -0.020958535204520     0.000000000000000     0.000000000000000
     0.000000000000000     0.066863100414522     0.009731987542761
     0.000000000000000     0.014521144794460    -0.008801577036615
1 90
    -0.000674634371461     0.063650445823710     0.003591020990581
     0.063650445823710     0.072822569689257    -0.002073276935577
    -0.000895828040648     0.000517206560416    -0.008793805008355
1 91
    -0.073304066668601     0.000000000000000     0.000000000000000
     0.000000000000000     0.049557759921394    -0.191477058763078
     0.000000000000000    -0.089236371858500    -0.021728722773385
1 92
    -0.006442786668309    -0.088377990265690     0.023906255105969
    -0.095690235878039    -0.005935344071898    -0.043128106498279
     0.032594447957054    -0.053139248281797    -0.013633958581648
1 93
     0.044907691509761    -0.038027883723995     0.008428148441345
    -0.038027883723995     0.000996873700240    -0.004865993771381
     0.012575680284035    -0.007260572397230    -0.008801577036615
1 94
     0.044907691509761     0.038027883723995    -0.008428148441345
     0.038027883723995     0.000996873700240    -0.004865993771381
    -0.012575680284035    -0.007260572397230    -0.008801577036615
1 95
    -0.006442786668309     0.088377990265690    -0.023906255105969
     0.095690235878039    -0.005935344071898    -0.043128106498279
    -0.032594447957054    -0.053139248281797    -0.013633958581648
1 96
    -0.123637235960747    -0.080922700638370     0.163402477850070
    -0.080922700638370    -0.217078721954976    -0.094340464572990
     0.099409671655768    -0.057394200690510     0.084568127160796
1 97
     0.073641675214004    -0.049453450252379     0.049303163397615
    -0.042141204640031    -0.086019805954210     0.000860629018019
     0.062317162928572    -0.001657995812241    -0.013633958581648
1 98
     0.109571171719616     0.000000000000000     0.000000000000000
     0.000000000000000    -0.037423236401819     0.004146553871155
     0.000000000000000    -0.001034413120832    -0.008793805008355
1 99
     0.073641675214004     0.049453450252379    -0.049303163397615
     0.042141204640031    -0.086019805954210     0.000860629018019
    -0.062317162928572    -0.001657995812241    -0.013633958581648
1 100
    -0.123637235960747     0.080922700638370    -0.163402477850070
     0.080922700638370    -0.217078721954976    -0.094340464572990
    -0.099409671655768    -0.057394200690510     0.084568127160796
26 1
     0.204335545487787    -0.073992575746001    -0.176157148717833
    -0.073992575746001     0.289774812537763    -0.101704377231918
    -0.306351166125671    -0.176871928229212    -0.126003592981551
26 2
     0.204335545487788     0.073992575746001     0.176157148717833
     0.073992575746001     0.289774812537763    -0.101704377231918
     0.306351166125671    -0.176871928229212    -0.126003592981551
26 3
    -0.138325051957848     0.070091105827267     0.039831570334528
    -0.013386523625169     0.103358425889205    -0.003453291957272
     0.071779146240807    -0.039817075223400     0.012916099618629
26 4
    -0.145636171459227     0.000000000000000     0.000000000000000
     0.000000000000000     0.044028205457235     0.004126823321383
     0.000000000000000    -0.015072171028205     0.008734551655194
26 5
    -0.138325051957848    -0.070091105827267    -0.039831570334528
     0.013386523625169     0.103358425889205    -0.003453291957272
    -0.071779146240807    -0.039817075223400     0.012916099618629
26 6
     0.332494446062751     0.000000000000000     0.000000000000000
     0.000000000000000     0.161615911962800     0.203408754463836
     0.000000000000000     0.353743856458423    -0.126003592981551
26 7
    -0.042791502032543    -0.094735176135260     0.151565426862948
    -0.094735176135260     0.066599256854295     0.087506339999164
     0.074294888678634     0.042894173978022     0.023503963229606
26 8
    -0.126085674175693    -0.014494883096531     0.024982654234312
    -0.035623695030278     0.020708071369865     0.019739485103998
     0.016813254532157     0.001456584270760     0.009434083388536
26 9
    -0.126085674175693     0.014494883096531    -0.024982654234312
     0.035623695030278     0.020708071369865     0.019739485103998
    -0.016813254532157     0.001456584270760     0.009434083388536
26 10
    -0.042791502032543     0.094735176135260    -0.151565426862948
     0.094735176135260     0.066599256854295     0.087506339999164
    -0.074294888678634     0.042894173978022     0.023503963229606
26 11
     0.067491360776442    -0.132214684920954     0.016925146605582
    -0.048737055468519    -0.102457986845085     0.036221797760964
     0.001406974472543     0.082071101718197     0.012916099618629
26 12
    -0.037692345946211    -0.086657606878137     0.029586222674843
    -0.065528794944390    -0.067685256859618     0.011765870668878
     0.009668066247309     0.013832413409762     0.009434083388536
26 13
    -0.065066295586735    -0.000000000000000     0.000000000000000
     0.000000000000000    -0.065066295586735     0.000000000000000
     0.000000000000000     0.000000000000000     0.008548219737192
26 14
    -0.037692345946211     0.086657606878137    -0.029586222674843
     0.065528794944390    -0.067685256859618     0.011765870668878
    -0.009668066247309     0.013832413409762     0.009434083388536
26 15
     0.067491360776442     0.132214684920954    -0.016925146605582
     0.048737055468519    -0.102457986845085     0.036221797760964
    -0.001406974472543     0.082071101718197     0.012916099618629
26 16
    -0.003387888771881    -0.082127084301302     0.003573933833248
    -0.082127084301302    -0.098220077230112    -0.002063411660692
    -0.013052883000609     0.007536085514102     0.008734551655194
26 17
     0.005711615913161    -0.040469505880986     0.004603568440530
    -0.061598317814732    -0.111089218718990    -0.031505355772876
    -0.007145188284847    -0.015288997680521     0.009434083388536
26 18
     0.005711615913161     0.040469505880985    -0.004603568440530
     0.061598317814732    -0.111089218718990    -0.031505355772876
     0.007145188284847    -0.015288997680521     0.009434083388536
26 19
    -0.003387888771881     0.082127084301302    -0.003573933833248
     0.082127084301302    -0.098220077230112    -0.002063411660692
     0.013052883000609     0.007536085514102     0.008734551655194
26 20
    -0.009361155038716     0.000000000000000     0.000000000000000
     0.000000000000000    -0.106220007786983     0.008810140633503
     0.000000000000000     0.024100902323857     0.009415440358729
26 21
     0.018383752078442    -0.077089346569568    -0.022906423728946
    -0.160566976022003    -0.053350378147085    -0.032768505803692
    -0.070372171768264    -0.042254026494797     0.012916099618629
26 22
     0.121294636297714    -0.000000000000000     0.000000000000000
    -0.000000000000000    -0.097486881475962    -0.175012679998327
     0.000000000000000    -0.085788347956045     0.023503963229606
26 23
     0.018383752078442     0.077089346569568     0.022906423728946
     0.160566976022003    -0.053350378147085    -0.032768505803692
     0.070372171768264    -0.042254026494797     0.012916099618629
26 24
    -0.082005294599916     0.041941113530708     0.007629805599527
     0.041941113530708    -0.033575868225783    -0.004405070316751
     0.020871993666588    -0.012050451161929     0.009415440358729
26 25
    -0.082005294599916    -0.041941113530708    -0.007629805599527
    -0.041941113530708    -0.033575868225783    -0.004405070316751
    -0.020871993666588    -0.012050451161929     0.009415440358729
26 26
    50.328283188195485     0.000000000000000     0.000000000000000
     0.000000000000000    50.328283188195478     0.000000000000000
     0.000000000000000     0.000000000000000    13.995543979681555
26 27
    -4.518984985370518     0.929218059138571     0.080382384371582
    -0.929218059138570     2.908740396480744     0.028816785616042
    -0.080382384371582     0.028816785616042    -0.026120559194078
26 28
    -0.690350379003475     0.208737346923036     0.016014468204543
    -0.208737346923036     0.446681680016198     0.008177641477700
    -0.016014468204543     0.008177641477700     0.069618728201322
26 29
    -0.690350379003475    -0.208737346923036    -0.016014468204543
     0.208737346923036     0.446681680016198     0.008177641477700
     0.016014468204543     0.008177641477700     0.069618728201322
26 30
    -4.518984985370518    -0.929218059138570    -0.080382384371582
     0.929218059138571     2.908740396480744     0.028816785616042
     0.080382384371582     0.028816785616042    -0.026120559194078
26 31
     1.051809051017929    -4.145517495647403     0.065147260584694
    -2.287081377370262    -2.662053639907703     0.055204794074534
    -0.015235123786888    -0.084021579690576    -0.026120559194078
26 32
    -0.603622356072141    -0.341584498178554     0.031764934557298
    -0.341584498178553    -0.209194552123359     0.018339493517447
    -0.018148115835866    -0.010477819563122    -0.001002347662723
26 33
    -0.454015453122929    -0.000000000000000     0.000000000000000
    -0.000000000000000    -0.039847190392291     0.007643550585697
     0.000000000000000    -0.000399923505904     0.012657533092671
26 34
    -0.603622356072141     0.341584498178553    -0.031764934557298
     0.341584498178553    -0.209194552123359     0.018339493517447
     0.018148115835866    -0.010477819563122    -0.001002347662723
26 35
     1.051809051017929     4.145517495647403    -0.065147260584694
     2.287081377370262    -2.662053639907702     0.055204794074534
     0.015235123786888    -0.084021579690576    -0.026120559194078
26 36
     0.162423665261280    -0.701086670937218     0.015089279365001
    -0.283611977091146    -0.406092364248557     0.009780115554382
    -0.000925188839542    -0.017957757032082     0.069618728201322
26 37
    -0.143389256074951    -0.179340118483000     0.006619508982325
    -0.179340118483000    -0.350473387440270    -0.003821775292848
    -0.000346343915683     0.000199961752952     0.012657533092671
26 38
    -0.143389256074951     0.179340118483000    -0.006619508982325
     0.179340118483000    -0.350473387440270    -0.003821775292848
     0.000346343915683     0.000199961752952     0.012657533092671
26 39
     0.162423665261280     0.701086670937218    -0.015089279365001
     0.283611977091146    -0.406092364248557     0.009780115554382
     0.000925188839542    -0.017957757032082     0.069618728201322
26 40
    -0.011980650148968     0.000000000000000     0.000000000000000
     0.000000000000000    -0.800836258046532     0.020955639126244
     0.000000000000000    -0.036678987034894    -0.001002347662723
26 41
     0.162423665261280    -0.283611977091146    -0.000925188839542
    -0.701086670937218    -0.406092364248557    -0.017957757032082
     0.015089279365001     0.009780115554382     0.069618728201322
26 42
    -0.011980650148968     0.000000000000000     0.000000000000000
     0.000000000000000    -0.800836258046532    -0.036678987034894
     0.000000000000000     0.020955639126244    -0.001002347662723
26 43
     0.162423665261280     0.283611977091146     0.000925188839542
     0.701086670937218    -0.406092364248557    -0.017957757032082
    -0.015089279365001     0.009780115554382     0.069618728201322
26 44
    -0.143389256074951     0.179340118483000     0.000346343915683
     0.179340118483000    -0.350473387440270     0.000199961752952
    -0.006619508982325    -0.003821775292848     0.012657533092671
26 45
    -0.143389256074951    -0.179340118483000    -0.000346343915683
    -0.179340118483000    -0.350473387440270     0.000199961752952
     0.006619508982325    -0.003821775292848     0.012657533092671
26 46
     1.051809051017929    -2.287081377370262    -0.015235123786888
    -4.145517495647403    -2.662053639907703    -0.084021579690576
     0.065147260584694     0.055204794074534    -0.026120559194078
26 47
     1.051809051017929     2.287081377370262     0.015235123786888
     4.145517495647403    -2.662053639907702    -0.084021579690576
    -0.065147260584694     0.055204794074534    -0.026120559194078
26 48
    -0.603622356072141     0.341584498178553     0.018148115835866
     0.341584498178553    -0.209194552123359    -0.010477819563122
    -0.031764934557298     0.018339493517447    -0.001002347662723
26 49
    -0.454015453122929    -0.000000000000000     0.000000000000000
    -0.000000000000000    -0.039847190392291    -0.000399923505904
     0.000000000000000     0.007643550585697     0.012657533092671
26 50
    -0.603622356072141    -0.341584498178553    -0.018148115835866
    -0.341584498178554    -0.209194552123359    -0.010477819563122
     0.031764934557298     0.018339493517447    -0.001002347662723
26 51
    -0.254826406872456     0.000000000000000     0.000000000000000
    -0.000000000000000    -0.254826406872455     0.000000000000000
     0.000000000000000     0.000000000000000     0.266756855601923
26 52
     0.009043450782085    -0.052010745884316    -0.167202298116851
    -0.001996384438442    -0.138020958635597    -0.058778666459352
    -0.130130423088829    -0.013935604287765    -0.006809291377555
26 53
     0.117339809994916    -0.011975191305803    -0.024447299065596
     0.004492804870025    -0.041857598547538    -0.015870158052854
    -0.030561241280419    -0.002181711114837    -0.011052867996904
26 54
     0.117339809994916     0.011975191305803     0.024447299065596
    -0.004492804870025    -0.041857598547538    -0.015870158052854
     0.030561241280419    -0.002181711114837    -0.011052867996904
26 55
     0.009043450782085     0.052010745884316     0.167202298116852
     0.001996384438441    -0.138020958635597    -0.058778666459352
     0.130130423088829    -0.013935604287765    -0.006809291377555
26 56
    -0.124640629703679     0.075186155416382    -0.134504967412797
     0.025171793970507    -0.004336878149833    -0.115412104510656
    -0.077133798874706    -0.105728450056261    -0.006809291377555
26 57
     0.068463949251166     0.044457638131166    -0.053253778150714
     0.044457638131166     0.017128690566039    -0.030746083150679
    -0.042076307149957    -0.024292767259533    -0.013339270816504
26 58
     0.109838751473599     0.000000000000000     0.000000000000000
     0.000000000000000     0.030530036561920    -0.012058435997855
     0.000000000000000    -0.006929732954951    -0.009856319975417
26 59
     0.068463949251166    -0.044457638131166     0.053253778150714
    -0.044457638131166     0.017128690566039    -0.030746083150679
     0.042076307149957    -0.024292767259533    -0.013339270816504
26 60
    -0.124640629703679    -0.075186155416382     0.134504967412797
    -0.025171793970507    -0.004336878149833    -0.115412104510657
     0.077133798874706    -0.105728450056261    -0.006809291377555
26 61
    -0.005298214779083     0.075297901486177    -0.025967609568643
     0.058829905310349     0.080780426226460    -0.013236903018295
    -0.017170037889377    -0.025375955762610    -0.011052867996904
26 62
     0.050357215289839     0.034341680927506    -0.010442911904052
     0.034341680927506     0.090011572745679     0.006029217998928
    -0.006001324780429     0.003464866477475    -0.009856319975417
26 63
     0.050357215289839    -0.034341680927506     0.010442911904052
    -0.034341680927506     0.090011572745679     0.006029217998928
     0.006001324780429     0.003464866477475    -0.009856319975417
26 64
    -0.005298214779083    -0.075297901486177     0.025967609568643
    -0.058829905310349     0.080780426226460    -0.013236903018295
     0.017170037889377    -0.025375955762610    -0.011052867996904
26 65
    -0.093059336046919     0.000000000000000     0.000000000000000
     0.000000000000000     0.084799104309717    -0.033008966674500
     0.000000000000000    -0.047644708150235    -0.011231968977222
26 66
     0.001181721955233     0.062571098528238    -0.001520310503048
     0.079039094704066     0.074300489492144     0.029107061071148
     0.013391203391041     0.027557666877447    -0.011052867996904
26 67
    -0.008538938776525     0.000000000000000     0.000000000000000
     0.000000000000000     0.094131578593730     0.061492166301359
     0.000000000000000     0.048585534519067    -0.013339270816504
26 68
     0.001181721955233    -0.062571098528238     0.001520310503048
    -0.079039094704066     0.074300489492144     0.029107061071148
    -0.013391203391041     0.027557666877447    -0.011052867996904
26 69
     0.000900872301136    -0.041090556671706     0.001166852188162
    -0.041090556671706     0.048348160212257     0.000673682424940
    -0.004329901818958    -0.002499869980740    -0.010225048607238
26 70
     0.000900872301136     0.041090556671706    -0.001166852188162
     0.041090556671706     0.048348160212257     0.000673682424940
     0.004329901818958    -0.002499869980740    -0.010225048607238
26 71
    -0.077869082858674     0.052175359131886     0.032697330704055
     0.102189720577760    -0.051108424994838     0.174190770970008
     0.052996624214123     0.119664054344026    -0.006809291377555
26 72
    -0.077869082858674    -0.052175359131886    -0.032697330704055
    -0.102189720577760    -0.051108424994838     0.174190770970008
    -0.052996624214123     0.119664054344026    -0.006809291377555
26 73
     0.040334494220558    -0.077014963813163    -0.028586603692791
    -0.077014963813163    -0.048594725957760     0.016504483337250
    -0.041261527613999     0.023822354075118    -0.011231968977222
26 74
     0.072071804167818     0.000000000000000     0.000000000000000
     0.000000000000000    -0.022822771654425    -0.001347364849880
     0.000000000000000     0.004999739961480    -0.010225048607238
26 75
     0.040334494220558     0.077014963813163     0.028586603692791
     0.077014963813163    -0.048594725957760     0.016504483337250
     0.041261527613999     0.023822354075118    -0.011231968977222
26 76
   -18.335794167701522    -5.992346686622448    -0.051779668867243
    -5.992346686622442   -11.416428222503484    -0.029895005759053
     0.066756099248043     0.038541651870907    -4.949129928346908
26 77
     1.062649217805504     0.275400828880492    -0.040949429273108
     0.958205085043342    -0.244653330674420    -0.020390492335286
     0.033953745731098     0.007004912008609     0.267491593639483
26 78
     0.582357593158585    -0.000000000000000     0.000000000000000
    -0.000000000000000    -0.078494761552589    -0.008670982757887
     0.000000000000000     0.002029875896910    -0.047072051595155
26 79
     1.062649217805504    -0.275400828880492     0.040949429273108
    -0.958205085043342    -0.244653330674420    -0.020390492335286
    -0.033953745731098     0.007004912008609     0.267491593639483
26 80
   -18.335794167701540     5.992346686622439     0.051779668867243
     5.992346686622439   -11.416428222503479    -0.029895005759053
    -0.066756099248043     0.038541651870907    -4.949129928346908
26 81
     0.616339336303942     1.215882215270260    -0.038133398994584
     0.533077959107410     0.201656550827143    -0.025267999853343
     0.023043304616279     0.025902350352464     0.267491593639483
26 82
     0.505766473456616     0.185694414443047    -0.010817677201497
     0.185694414443047     0.291345033125210    -0.006245588844291
     0.008821027484008     0.005092822592421    -0.031350320608778
26 83
     0.505766473456616    -0.185694414443047     0.010817677201497
    -0.185694414443047     0.291345033125210    -0.006245588844291
    -0.008821027484008     0.005092822592421    -0.031350320608778
26 84
     0.616339336303942    -1.215882215270260     0.038133398994584
    -0.533077959107410     0.201656550827143    -0.025267999853343
    -0.023043304616279     0.025902350352464     0.267491593639483
26 85
    -2.030645731551164     0.000000000000000     0.000000000000000
     0.000000000000000     1.121787351754238    -0.043682841047824
     0.000000000000000     0.046048391112055    -0.218120620356425
26 86
     0.086718327125205     0.286157463665321    -0.007509291344107
     0.286157463665321     0.417144504480792     0.004335491378943
     0.001757924093254    -0.001014937948455    -0.047072051595155
26 87
     0.184134312959507     0.000000000000000     0.000000000000000
     0.000000000000000     0.612977193622319     0.012491177688582
     0.000000000000000    -0.010185645184842    -0.031350320608778
26 88
     0.086718327125205    -0.286157463665321     0.007509291344107
    -0.286157463665321     0.417144504480792     0.004335491378943
    -0.001757924093254    -0.001014937948455    -0.047072051595155
26 89
    -0.197350978051689    -0.228288985797400     0.006347883377399
    -0.198968508343915     0.430048154060147    -0.009089677156220
    -0.002928024458033     0.013767405767636    -0.015977002762636
26 90
    -0.197350978051689     0.228288985797400    -0.006347883377399
     0.198968508343916     0.430048154060147    -0.009089677156220
     0.002928024458033     0.013767405767636    -0.015977002762636
26 91
    -0.451994723412820    -0.083724997854508     0.002816030278524
     0.599079258308342     1.269990610543903     0.045658492188629
    -0.010910441114819    -0.032907262361073     0.267491593639483
26 92
    -0.451994723412819     0.083724997854508    -0.002816030278524
    -0.599079258308342     1.269990610543903     0.045658492188629
     0.010910441114819    -0.032907262361073     0.267491593639483
26 93
     0.088190449090357    -0.363825928169166    -0.004697949640786
    -0.393146405622651     0.144506726918100     0.010042266843199
     0.010458910909965    -0.009419446447376    -0.015977002762636
26 94
     0.091468248198588     0.000000000000000     0.000000000000000
     0.000000000000000     0.091468248198588     0.000000000000000
     0.000000000000000     0.000000000000000    -0.013759367636108
26 95
     0.088190449090357     0.363825928169166     0.004697949640786
     0.393146405622651     0.144506726918100     0.010042266843199
    -0.010458910909965    -0.009419446447376    -0.015977002762636
26 96
    -7.956745249904458     0.000000000000000     0.000000000000000
     0.000000000000000   -21.795477140300559     0.059790011518105
     0.000000000000000    -0.077083303741814    -4.949129928346907
26 97
     0.333679080927888    -1.365043566936492    -0.037830450056893
    -1.365043566936492    -1.242537460724813     0.021841420523912
     0.039879076506441    -0.023024195556028    -0.218120620356425
26 98
     0.458206292974018    -0.179517658551993    -0.011045833018185
    -0.150197181098508    -0.225509116965561    -0.000952589686979
     0.013386935367997    -0.004347959320260    -0.015977002762636
26 99
     0.458206292974018     0.179517658551993     0.011045833018185
     0.150197181098508    -0.225509116965561    -0.000952589686979
    -0.013386935367997    -0.004347959320260    -0.015977002762636
26 100
     0.333679080927888     1.365043566936492     0.037830450056893
     1.365043566936492    -1.242537460724813     0.021841420523912
    -0.039879076506441    -0.023024195556028    -0.218120620356425
51 1
   -18.339183568630940    -5.998231324781234    -0.047223039091228
    -5.998231324781241   -11.413022628582778    -0.027264234331273
     0.056996783670678     0.032907108395209    -4.963718775045048
51 2
   -18.339183568630958     5.998231324781231     0.047223039091228
     5.998231324781231   -11.413022628582775    -0.027264234331273
    -0.056996783670678     0.032907108395209    -4.963718775045048
51 3
     1.051111711257654    -0.954073169021954     0.027066759690079
    -0.278402107386743    -0.237183940029361    -0.005636538587134
    -0.041204262660341     0.019386667837718     0.270532953575722
51 4
     0.576993482442091    -0.000000000000000     0.000000000000000
    -0.000000000000000    -0.076298180547399    -0.000726270831036
     0.000000000000000     0.007502415345947    -0.044808484765424
51 5
     1.051111711257654     0.954073169021954    -0.027066759690079
     0.278402107386743    -0.237183940029361    -0.005636538587134
     0.041204262660341     0.019386667837718     0.270532953575722
51 6
    -7.949942158558692     0.000000000000000     0.000000000000000
     0.000000000000000   -21.802264038655039     0.054528468662546
     0.000000000000000    -0.065814216790418    -4.963718775045047
51 7
     0.327125403002191     1.363345902686784     0.026938636915433
     1.363345902686784    -1.247130844827385     0.015553029274727
    -0.037689615821415    -0.021760109840148    -0.220350368041421
51 8
     0.455447498676891     0.149317891778676     0.009141134348090
     0.177014366486469    -0.222607445547149     0.004261527049683
    -0.010503520022065     0.000579535920978    -0.014616762052802
51 9
     0.455447498676892    -0.149317891778676    -0.009141134348090
    -0.177014366486469    -0.222607445547149     0.004261527049683
     0.010503520022065     0.000579535920978    -0.014616762052802
51 10
     0.327125403002190    -1.363345902686784    -0.026938636915433
    -1.363345902686784    -1.247130844827385     0.015553029274727
     0.037689615821415    -0.021760109840148    -0.220350368041421
51 11
    -0.448787476660698     0.587565092515218     0.008651994239170
    -0.088105969119993     1.262715247888990     0.026258770783305
    -0.003812784487976    -0.045377272126921     0.270532953575722
51 12
     0.088212303374841     0.389037705350013     0.008261157857985
     0.361341230642220     0.144627749754901     0.005785691040011
    -0.004749867181060    -0.009386083128756    -0.014616762052802
51 13
     0.090949852975720     0.000000000000000     0.000000000000000
     0.000000000000000     0.090949852975720     0.000000000000000
     0.000000000000000     0.000000000000000    -0.012427853916803
51 14
     0.088212303374841    -0.389037705350013    -0.008261157857985
    -0.361341230642220     0.144627749754901     0.005785691040011
     0.004749867181060    -0.009386083128756    -0.014616762052802
51 15
    -0.448787476660697    -0.587565092515218    -0.008651994239170
     0.088105969119993     1.262715247888990     0.026258770783305
     0.003812784487976    -0.045377272126921     0.270532953575722
51 16
     0.087024735199973     0.282883588114740    -0.000628968989705
     0.282883588114740     0.413670566694718     0.000363135415518
     0.006497282279332    -0.003751207672973    -0.044808484765424
51 17
    -0.194399722357119     0.198175101509647    -0.000879976490105
     0.225871576217440     0.427239775486861    -0.010047218089694
     0.005753652841005     0.008806547207777    -0.014616762052802
51 18
    -0.194399722357119    -0.198175101509647     0.000879976490105
    -0.225871576217440     0.427239775486861    -0.010047218089694
    -0.005753652841005     0.008806547207777    -0.014616762052802
51 19
     0.087024735199973    -0.282883588114740     0.000628968989705
    -0.282883588114740     0.413670566694718     0.000363135415518
    -0.006497282279332    -0.003751207672973    -0.044808484765424
51 20
     0.182876662201292     0.000000000000000     0.000000000000000
     0.000000000000000     0.608082711824367     0.008388682122385
     0.000000000000000    -0.013223581180423    -0.029482143419196
51 21
     0.618567422245483     0.528131669084356    -0.018414765450909
     1.203802730719567     0.195360348982810    -0.020622232196170
     0.037391478172365     0.025990604289203     0.270532953575722
51 22
    -2.034258968742173     0.000000000000000     0.000000000000000
     0.000000000000000     1.114253526916978    -0.031106058549454
     0.000000000000000     0.043520219680295    -0.220350368041421
51 23
     0.618567422245483    -0.528131669084355     0.018414765450909
    -1.203802730719567     0.195360348982810    -0.020622232196170
    -0.037391478172365     0.025990604289203     0.270532953575722
51 24
     0.501781199418599    -0.184119620408205     0.007264811822257
    -0.184119620408205     0.289178174607061    -0.004194341061192
    -0.011451957231252     0.006611790590211    -0.029482143419196
51 25
     0.501781199418598     0.184119620408205    -0.007264811822257
     0.184119620408205     0.289178174607061    -0.004194341061192
     0.011451957231252     0.006611790590211    -0.029482143419196
51 26
    -0.254826406872456    -0.000000000000000     0.000000000000000
     0.000000000000000    -0.254826406872455     0.000000000000000
     0.000000000000000     0.000000000000000     0.266756855601923
51 27
     0.009043450782085     0.001996384438441     0.130130423088829
     0.052010745884316    -0.138020958635597    -0.013935604287765
     0.167202298116852    -0.058778666459352    -0.006809291377555
51 28
     0.117339809994916    -0.004492804870025     0.030561241280419
     0.011975191305803    -0.041857598547538    -0.002181711114837
     0.024447299065596    -0.015870158052854    -0.011052867996904
51 29
     0.117339809994916     0.004492804870025    -0.030561241280419
    -0.011975191305803    -0.041857598547538    -0.002181711114837
    -0.024447299065596    -0.015870158052854    -0.011052867996904
51 30
     0.009043450782085    -0.001996384438442    -0.130130423088829
    -0.052010745884316    -0.138020958635597    -0.013935604287765
    -0.167202298116851    -0.058778666459352    -0.006809291377555
51 31
    -0.077869082858674     0.102189720577760     0.052996624214123
     0.052175359131886    -0.051108424994838     0.119664054344026
     0.032697330704055     0.174190770970008    -0.006809291377555
51 32
     0.040334494220558     0.077014963813163     0.041261527613999
     0.077014963813163    -0.048594725957760     0.023822354075118
     0.028586603692791     0.016504483337250    -0.011231968977222
51 33
     0.072071804167818     0.000000000000000     0.000000000000000
     0.000000000000000    -0.022822771654425     0.004999739961480
     0.000000000000000    -0.001347364849880    -0.010225048607238
51 34
     0.040334494220558    -0.077014963813163    -0.041261527613999
    -0.077014963813163    -0.048594725957760     0.023822354075118
    -0.028586603692791     0.016504483337250    -0.011231968977222
51 35
    -0.077869082858674    -0.102189720577760    -0.052996624214123
    -0.052175359131886    -0.051108424994838     0.119664054344026
    -0.032697330704055     0.174190770970008    -0.006809291377555
51 36
     0.001181721955233     0.079039094704066     0.013391203391041
     0.062571098528238     0.074300489492144     0.027557666877447
    -0.001520310503048     0.029107061071148    -0.011052867996904
51 37
     0.000900872301136     0.041090556671706     0.004329901818958
     0.041090556671706     0.048348160212257    -0.002499869980740
    -0.001166852188162     0.000673682424940    -0.010225048607238
51 38
     0.000900872301136    -0.041090556671706    -0.004329901818958
    -0.041090556671706     0.048348160212257    -0.002499869980740
     0.001166852188162     0.000673682424940    -0.010225048607238
51 39
     0.001181721955233    -0.079039094704066    -0.013391203391041
    -0.062571098528238     0.074300489492144     0.027557666877447
     0.001520310503048     0.029107061071148    -0.011052867996904
51 40
    -0.008538938776525     0.000000000000000     0.000000000000000
     0.000000000000000     0.094131578593730     0.048585534519067
     0.000000000000000     0.061492166301359    -0.013339270816504
51 41
    -0.005298214779083     0.058829905310349    -0.017170037889377
     0.075297901486177     0.080780426226460    -0.025375955762610
    -0.025967609568643    -0.013236903018295    -0.011052867996904
51 42
    -0.093059336046919     0.000000000000000     0.000000000000000
     0.000000000000000     0.084799104309717    -0.047644708150235
     0.000000000000000    -0.033008966674500    -0.011231968977222
51 43
    -0.005298214779083    -0.058829905310349     0.017170037889377
    -0.075297901486177     0.080780426226460    -0.025375955762610
     0.025967609568643    -0.013236903018295    -0.011052867996904
51 44
     0.050357215289839    -0.034341680927506     0.006001324780429
    -0.034341680927506     0.090011572745679     0.003464866477475
     0.010442911904052     0.006029217998928    -0.009856319975417
51 45
     0.050357215289839     0.034341680927506    -0.006001324780429
     0.034341680927506     0.090011572745679     0.003464866477475
    -0.010442911904052     0.006029217998928    -0.009856319975417
51 46
    -0.124640629703679     0.025171793970507    -0.077133798874706
     0.075186155416382    -0.004336878149833    -0.105728450056261
    -0.134504967412797    -0.115412104510656    -0.006809291377555
51 47
    -0.124640629703679    -0.025171793970507     0.077133798874706
    -0.075186155416382    -0.004336878149833    -0.105728450056261
     0.134504967412797    -0.115412104510657    -0.006809291377555
51 48
     0.068463949251166    -0.044457638131166     0.042076307149957
    -0.044457638131166     0.017128690566039    -0.024292767259533
     0.053253778150714    -0.030746083150679    -0.013339270816504
51 49
     0.109838751473599     0.000000000000000     0.000000000000000
     0.000000000000000     0.030530036561920    -0.006929732954951
     0.000000000000000    -0.012058435997855    -0.009856319975417
51 50
     0.068463949251166     0.044457638131166    -0.042076307149957
     0.044457638131166     0.017128690566039    -0.024292767259533
    -0.053253778150714    -0.030746083150679    -0.013339270816504
51 51
    54.476403446118582     0.000000000000000     0.000000000000000
     0.000000000000000    54.476403446118567     0.000000000000000
     0.000000000000000     0.000000000000000     8.444043499924463
51 52
    -4.833315736954946     0.296044976285823    -0.056864167798424
    -0.296044976285823     1.850845967530170     0.005742738835188
     0.056864167798424     0.005742738835188     1.043586861220279
51 53
    -0.840278317371854     0.012976186449143    -0.014306092777165
    -0.012976186449143     0.211026782527828     0.001648279965369
     0.014306092777165     0.001648279965369    -0.026055449273292
51 54
    -0.840278317371854    -0.012976186449143     0.014306092777165
     0.012976186449143     0.211026782527828     0.001648279965369
    -0.014306092777165     0.001648279965369    -0.026055449273292
51 55
    -4.833315736954946    -0.296044976285823     0.056864167798424
     0.296044976285823     1.850845967530170     0.005742738835188
    -0.056864167798424     0.005742738835188     1.043586861220279
51 56
     0.179805541408891    -3.190371895829426    -0.023458726180640
    -2.598281943257780    -3.162275310833666    -0.052117183296091
     0.033405441617785     0.046374444460903     1.043586861220279
51 57
    -0.502895236568747    -0.475935894123807    -0.021026006908878
    -0.475935894123806     0.046668196610022    -0.012139370748824
     0.021641750119890     0.012494870257453    -0.047698875512236
51 58
    -0.425809679377906    -0.000000000000000     0.000000000000000
    -0.000000000000000    -0.025861121945056    -0.002487373787679
     0.000000000000000     0.003683403475180     0.023388620427439
51 59
    -0.502895236568748     0.475935894123806     0.021026006908878
     0.475935894123806     0.046668196610022    -0.012139370748824
    -0.021641750119890     0.012494870257453    -0.047698875512236
51 60
     0.179805541408891     3.190371895829425     0.023458726180640
     2.598281943257779    -3.162275310833666    -0.052117183296091
    -0.033405441617785     0.046374444460903     1.043586861220279
51 61
    -0.051799492447092    -0.468204648269774    -0.005725594066024
    -0.442252275371488    -0.577452042396933    -0.013213579756606
     0.008580498711141     0.011565299791237    -0.026055449273292
51 62
    -0.125848261303268    -0.173182805471894    -0.002154128888838
    -0.173182805471894    -0.325822540019693     0.001243686893840
     0.003189920981894    -0.001841701737590     0.023388620427439
51 63
    -0.125848261303268     0.173182805471894     0.002154128888838
     0.173182805471894    -0.325822540019693     0.001243686893840
    -0.003189920981894    -0.001841701737590     0.023388620427439
51 64
    -0.051799492447092     0.468204648269774     0.005725594066024
     0.442252275371488    -0.577452042396933    -0.013213579756606
    -0.008580498711141     0.011565299791237    -0.026055449273292
51 65
     0.321449913199407     0.000000000000000     0.000000000000000
     0.000000000000000    -0.777676953158132    -0.024989740514906
     0.000000000000000     0.024278741497648    -0.047698875512236
51 66
    -0.051799492447092    -0.442252275371488     0.008580498711141
    -0.468204648269774    -0.577452042396933     0.011565299791237
    -0.005725594066024    -0.013213579756606    -0.026055449273292
51 67
     0.321449913199407     0.000000000000000     0.000000000000000
     0.000000000000000    -0.777676953158132     0.024278741497648
     0.000000000000000    -0.024989740514906    -0.047698875512236
51 68
    -0.051799492447092     0.442252275371488    -0.008580498711141
     0.468204648269774    -0.577452042396933     0.011565299791237
     0.005725594066024    -0.013213579756606    -0.026055449273292
51 69
    -0.125848261303268     0.173182805471894    -0.003189920981894
     0.173182805471894    -0.325822540019693    -0.001841701737590
     0.002154128888838     0.001243686893840     0.023388620427439
51 70
    -0.125848261303268    -0.173182805471894     0.003189920981894
    -0.173182805471894    -0.325822540019693    -0.001841701737590
    -0.002154128888838     0.001243686893840     0.023388620427439
51 71
     0.179805541408891    -2.598281943257780     0.033405441617785
    -3.190371895829426    -3.162275310833666     0.046374444460903
    -0.023458726180640    -0.052117183296091     1.043586861220279
51 72
     0.179805541408891     2.598281943257779    -0.033405441617785
     3.190371895829425    -3.162275310833666     0.046374444460903
     0.023458726180640    -0.052117183296091     1.043586861220279
51 73
    -0.502895236568748     0.475935894123806    -0.021641750119890
     0.475935894123806     0.046668196610022     0.012494870257453
     0.021026006908878    -0.012139370748824    -0.047698875512236
51 74
    -0.425809679377906    -0.000000000000000     0.000000000000000
    -0.000000000000000    -0.025861121945056     0.003683403475180
     0.000000000000000    -0.002487373787679     0.023388620427439
51 75
    -0.502895236568747    -0.475935894123806     0.021641750119890
    -0.475935894123807     0.046668196610022     0.012494870257453
    -0.021026006908878    -0.012139370748824    -0.047698875512236
51 76
     0.088978537554661    -0.029177101330289    -0.116157719980597
    -0.029177101330289     0.122669352169092    -0.067063690899251
    -0.121823254685914    -0.070334688886469    -0.154711749620484
51 77
    -0.065896299322399    -0.026937995414907    -0.069443021515030
    -0.017456911225527     0.054497179775912    -0.000751215285623
    -0.066493318975820    -0.013530594496242     0.017978094424855
51 78
    -0.103224231295365     0.000000000000000     0.000000000000000
     0.000000000000000     0.023863309262534    -0.000281076535270
     0.000000000000000    -0.002354280425671     0.008973953736789
51 79
    -0.065896299322399     0.026937995414907     0.069443021515030
     0.017456911225527     0.054497179775912    -0.000751215285623
     0.066493318975820    -0.013530594496242     0.017978094424855
51 80
     0.088978537554661     0.029177101330289     0.116157719980597
     0.029177101330289     0.122669352169092    -0.067063690899251
     0.121823254685914    -0.070334688886469    -0.154711749620484
51 81
     0.005175251526707    -0.058490090239983    -0.035372082278576
    -0.067971174429363    -0.016574371073194    -0.059763813104754
    -0.044964498049961    -0.050819606166881     0.017978094424855
51 82
    -0.062319599464250    -0.032017333295999    -0.013818644270721
    -0.032017333295999    -0.025349167469893    -0.007978197989536
    -0.015188781960187    -0.008769247353376     0.008467984859131
51 83
    -0.062319599464250     0.032017333295999     0.013818644270721
     0.032017333295999    -0.025349167469893    -0.007978197989536
     0.015188781960187    -0.008769247353376     0.008467984859131
51 84
     0.005175251526707     0.058490090239983     0.035372082278576
     0.067971174429363    -0.016574371073194    -0.059763813104754
     0.044964498049961    -0.050819606166881     0.017978094424855
51 85
     0.098796675060554    -0.000000000000000     0.000000000000000
    -0.000000000000000    -0.012187589516359    -0.087927750485192
     0.000000000000000    -0.087781018091857     0.019317637928295
51 86
    -0.007908575876940    -0.055030519313813    -0.000243419419951
    -0.055030519313813    -0.071452346155890     0.000140538267635
    -0.002038866656264     0.001177140212836     0.008973953736789
51 87
    -0.006863951472714     0.000000000000000     0.000000000000000
     0.000000000000000    -0.080804815461429     0.015956395979073
     0.000000000000000     0.017538494706753     0.008467984859131
51 88
    -0.007908575876940     0.055030519313813     0.000243419419951
     0.055030519313813    -0.071452346155890     0.000140538267635
     0.002038866656264     0.001177140212836     0.008973953736789
51 89
     0.010973293669602     0.032837518256674     0.002535711271262
     0.033471409268526    -0.071948554187513    -0.024363886830454
     0.004768951136116    -0.023170474057837     0.009985743921947
51 90
     0.010973293669602    -0.032837518256674    -0.002535711271262
    -0.033471409268526    -0.071948554187513    -0.024363886830454
    -0.004768951136116    -0.023170474057837     0.009985743921947
51 91
     0.043622368475961    -0.045773721109146     0.034070939236454
    -0.036292636919765    -0.055021488022449     0.060515028390377
     0.021528820925858     0.064350200663123     0.017978094424855
51 92
     0.043622368475961     0.045773721109146    -0.034070939236454
     0.036292636919765    -0.055021488022449     0.060515028390377
    -0.021528820925858     0.064350200663123     0.017978094424855
51 93
    -0.022505484355972     0.052800390773731    -0.019831889294472
     0.052166499761879    -0.038469776161939     0.014377933792802
    -0.017681743583757     0.015715269862202     0.009985743921947
51 94
    -0.042794726949748     0.000000000000000     0.000000000000000
    -0.000000000000000    -0.042794726949748     0.000000000000000
     0.000000000000000     0.000000000000000     0.009086992476904
51 95
    -0.022505484355972    -0.052800390773731     0.019831889294472
    -0.052166499761879    -0.038469776161939     0.014377933792802
     0.017681743583757     0.015715269862202     0.009985743921947
51 96
     0.139514759476307     0.000000000000000     0.000000000000000
     0.000000000000000     0.072133130247446     0.134127381798502
     0.000000000000000     0.140669377772937    -0.154711749620484
51 97
     0.015558476627869     0.048057596271970    -0.076147665617795
     0.048057596271970     0.071050608916326     0.043963875242596
    -0.076020591637610     0.043890509045929     0.019317637928295
51 98
    -0.079930700090496     0.019012035999279    -0.022367600565733
     0.019645927011131     0.018955439572585     0.009985953037652
    -0.022450694719873     0.007455204195636     0.009985743921947
51 99
    -0.079930700090496    -0.019012035999279     0.022367600565733
    -0.019645927011131     0.018955439572585     0.009985953037652
     0.022450694719873     0.007455204195636     0.009985743921947
51 100
     0.015558476627869    -0.048057596271970     0.076147665617795
    -0.048057596271970     0.071050608916326     0.043963875242596
     0.076020591637610     0.043890509045929     0.019317637928295
76 1
     0.018842303273895     0.053200731491147     0.077280964971016
     0.053200731491147    -0.042588610021102     0.044618185929250
     0.165823997130752     0.095738529381539    -0.021728722773385
76 2
    -0.263799464952091    -0.000000000000000     0.000000000000000
    -0.000000000000000    -0.076916492963632     0.114788401381020
     0.000000000000000     0.188680929145979     0.084568127160796
76 3
     0.018842303273895    -0.053200731491147    -0.077280964971016
    -0.053200731491147    -0.042588610021102     0.044618185929250
    -0.165823997130752     0.095738529381539    -0.021728722773385
76 4
     0.121785640204999    -0.024210057986242    -0.020497559224623
    -0.016514624238103    -0.000758640205317     0.009825690707799
    -0.026976094425403     0.020188915120910    -0.008170714616244
76 5
     0.121785640204999     0.024210057986242     0.020497559224623
     0.016514624238103    -0.000758640205317     0.009825690707799
     0.026976094425403     0.020188915120910    -0.008170714616244
76 6
    -0.123637235960747    -0.080922700638370     0.099409671655768
    -0.080922700638370    -0.217078721954976    -0.057394200690510
     0.163402477850070    -0.094340464572990     0.084568127160796
76 7
    -0.123637235960747     0.080922700638370    -0.099409671655768
     0.080922700638370    -0.217078721954976    -0.057394200690510
    -0.163402477850070    -0.094340464572990     0.084568127160796
76 8
     0.073641675214004     0.042141204640031    -0.062317162928572
     0.049453450252379    -0.086019805954210    -0.001657995812241
    -0.049303163397615     0.000860629018019    -0.013633958581648
76 9
     0.109571171719616     0.000000000000000     0.000000000000000
     0.000000000000000    -0.037423236401819    -0.001034413120832
     0.000000000000000     0.004146553871155    -0.008793805008355
76 10
     0.073641675214004    -0.042141204640031     0.062317162928572
    -0.049453450252379    -0.086019805954210    -0.001657995812241
     0.049303163397615     0.000860629018019    -0.013633958581648
76 11
    -0.073304066668601     0.000000000000000     0.000000000000000
     0.000000000000000     0.049557759921394    -0.089236371858500
     0.000000000000000    -0.191477058763078    -0.021728722773385
76 12
    -0.006442786668309     0.095690235878039    -0.032594447957054
     0.088377990265690    -0.005935344071898    -0.053139248281797
    -0.023906255105969    -0.043128106498279    -0.013633958581648
76 13
     0.044907691509761     0.038027883723995    -0.012575680284035
     0.038027883723995     0.000996873700240    -0.007260572397230
    -0.008428148441345    -0.004865993771381    -0.008801577036615
76 14
     0.044907691509761    -0.038027883723995     0.012575680284035
    -0.038027883723995     0.000996873700240    -0.007260572397230
     0.008428148441345    -0.004865993771381    -0.008801577036615
76 15
    -0.006442786668309    -0.095690235878039     0.032594447957054
    -0.088377990265690    -0.005935344071898    -0.053139248281797
     0.023906255105969    -0.043128106498279    -0.013633958581648
76 16
     0.012243125213596     0.046729776279893    -0.001739481849629
     0.039034342531753     0.108783874786086    -0.022664252358000
     0.003996066156854    -0.033456440627742    -0.008170714616244
76 17
    -0.000674634371461     0.063650445823710    -0.000895828040648
     0.063650445823710     0.072822569689257     0.000517206560416
     0.003591020990581    -0.002073276935577    -0.008793805008355
76 18
    -0.020958535204520     0.000000000000000     0.000000000000000
     0.000000000000000     0.066863100414522     0.014521144794460
     0.000000000000000     0.009731987542761    -0.008801577036615
76 19
    -0.000674634371460    -0.063650445823710     0.000895828040648
    -0.063650445823710     0.072822569689257     0.000517206560416
    -0.003591020990581    -0.002073276935577    -0.008793805008355
76 20
     0.012243125213596    -0.046729776279893     0.001739481849629
    -0.039034342531753     0.108783874786086    -0.022664252358000
    -0.003996066156854    -0.033456440627742    -0.008170714616244
76 21
     0.047511734580927     0.059396683643925     0.018758077374994
     0.067092117392065     0.073515265418754     0.012838561650200
     0.030972160582257     0.013267525506832    -0.008170714616244
76 22
    -0.085766084656005     0.042580662819485     0.029722714971517
     0.049892908431833     0.073387953915798     0.054797244094037
     0.025396908291646     0.042267477480261    -0.013633958581648
76 23
    -0.085766084656005    -0.042580662819485    -0.029722714971517
    -0.049892908431833     0.073387953915798     0.054797244094037
    -0.025396908291646     0.042267477480261    -0.013633958581648
76 24
     0.047511734580927    -0.059396683643925    -0.018758077374994
    -0.067092117392065     0.073515265418754     0.012838561650200
    -0.030972160582257     0.013267525506832    -0.008170714616244
76 25
     0.084454291972555     0.000000000000000     0.000000000000000
     0.000000000000000     0.084454291972555     0.000000000000000
     0.000000000000000     0.000000000000000    -0.008635413040047
76 26
   -18.335794167701522    -5.992346686622442     0.066756099248043
    -5.992346686622448   -11.416428222503484     0.038541651870907
    -0.051779668867243    -0.029895005759053    -4.949129928346908
76 27
   -18.335794167701540     5.992346686622439    -0.066756099248043
     5.992346686622439   -11.416428222503479     0.038541651870907
     0.051779668867243    -0.029895005759053    -4.949129928346908
76 28
     1.062649217805504    -0.958205085043342    -0.033953745731098
    -0.275400828880492    -0.244653330674420     0.007004912008609
     0.040949429273108    -0.020390492335286     0.267491593639483
76 29
     0.582357593158585    -0.000000000000000     0.000000000000000
    -0.000000000000000    -0.078494761552589     0.002029875896910
     0.000000000000000    -0.008670982757887    -0.047072051595155
76 30
     1.062649217805504     0.958205085043342     0.033953745731098
     0.275400828880492    -0.244653330674420     0.007004912008609
    -0.040949429273108    -0.020390492335286     0.267491593639483
76 31
    -7.956745249904458     0.000000000000000     0.000000000000000
     0.000000000000000   -21.795477140300559    -0.077083303741814
     0.000000000000000     0.059790011518105    -4.949129928346907
76 32
     0.333679080927888     1.365043566936492    -0.039879076506441
     1.365043566936492    -1.242537460724813    -0.023024195556028
     0.037830450056893     0.021841420523912    -0.218120620356425
76 33
     0.458206292974018     0.150197181098508    -0.013386935367997
     0.179517658551993    -0.225509116965561    -0.004347959320260
     0.011045833018185    -0.000952589686979    -0.015977002762636
76 34
     0.458206292974018    -0.150197181098508     0.013386935367997
    -0.179517658551993    -0.225509116965561    -0.004347959320260
    -0.011045833018185    -0.000952589686979    -0.015977002762636
76 35
     0.333679080927888    -1.365043566936492     0.039879076506441
    -1.365043566936492    -1.242537460724813    -0.023024195556028
    -0.037830450056893     0.021841420523912    -0.218120620356425
76 36
    -0.451994723412820     0.599079258308342    -0.010910441114819
    -0.083724997854508     1.269990610543903    -0.032907262361073
     0.002816030278524     0.045658492188629     0.267491593639483
76 37
     0.088190449090357     0.393146405622651    -0.010458910909965
     0.363825928169166     0.144506726918100    -0.009419446447376
     0.004697949640786     0.010042266843199    -0.015977002762636
76 38
     0.091468248198588     0.000000000000000     0.000000000000000
     0.000000000000000     0.091468248198588     0.000000000000000
     0.000000000000000     0.000000000000000    -0.013759367636108
76 39
     0.088190449090357    -0.393146405622651     0.010458910909965
    -0.363825928169166     0.144506726918100    -0.009419446447376
    -0.004697949640786     0.010042266843199    -0.015977002762636
76 40
    -0.451994723412819    -0.599079258308342     0.010910441114819
     0.083724997854508     1.269990610543903    -0.032907262361073
    -0.002816030278524     0.045658492188629     0.267491593639483
76 41
     0.086718327125205     0.286157463665321     0.001757924093254
     0.286157463665321     0.417144504480792    -0.001014937948455
    -0.007509291344107     0.004335491378943    -0.047072051595155
76 42
    -0.197350978051689     0.198968508343916     0.002928024458033
     0.228288985797400     0.430048154060147     0.013767405767636
    -0.006347883377399    -0.009089677156220    -0.015977002762636
76 43
    -0.197350978051689    -0.198968508343915    -0.002928024458033
    -0.228288985797400     0.430048154060147     0.013767405767636
     0.006347883377399    -0.009089677156220    -0.015977002762636
76 44
     0.086718327125205    -0.286157463665321    -0.001757924093254
    -0.286157463665321     0.417144504480792    -0.001014937948455
     0.007509291344107     0.004335491378943    -0.047072051595155
76 45
     0.184134312959507     0.000000000000000     0.000000000000000
     0.000000000000000     0.612977193622319    -0.010185645184842
     0.000000000000000     0.012491177688582    -0.031350320608778
76 46
     0.616339336303942     0.533077959107410     0.023043304616279
     1.215882215270260     0.201656550827143     0.025902350352464
    -0.038133398994584    -0.025267999853343     0.267491593639483
76 47
    -2.030645731551164     0.000000000000000     0.000000000000000
     0.000000000000000     1.121787351754238     0.046048391112055
     0.000000000000000    -0.043682841047824    -0.218120620356425
76 48
     0.616339336303942    -0.533077959107410    -0.023043304616279
    -1.215882215270260     0.201656550827143     0.025902350352464
     0.038133398994584    -0.025267999853343     0.267491593639483
76 49
     0.505766473456616    -0.185694414443047    -0.008821027484008
    -0.185694414443047     0.291345033125210     0.005092822592421
     0.010817677201497    -0.006245588844291    -0.031350320608778
76 50
     0.505766473456616     0.185694414443047     0.008821027484008
     0.185694414443047     0.291345033125210     0.005092822592421
    -0.010817677201497    -0.006245588844291    -0.031350320608778
76 51
     0.088978537554661    -0.029177101330289    -0.121823254685914
    -0.029177101330289     0.122669352169092    -0.070334688886469
    -0.116157719980597    -0.067063690899251    -0.154711749620484
76 52
     0.088978537554661     0.029177101330289     0.121823254685914
     0.029177101330289     0.122669352169092    -0.070334688886469
     0.116157719980597    -0.067063690899251    -0.154711749620484
76 53
    -0.065896299322399     0.017456911225527     0.066493318975820
     0.026937995414907     0.054497179775912    -0.013530594496242
     0.069443021515030    -0.000751215285623     0.017978094424855
76 54
    -0.103224231295365     0.000000000000000     0.000000000000000
     0.000000000000000     0.023863309262534    -0.002354280425671
     0.000000000000000    -0.000281076535270     0.008973953736789
76 55
    -0.065896299322399    -0.017456911225527    -0.066493318975820
    -0.026937995414907     0.054497179775912    -0.013530594496242
    -0.069443021515030    -0.000751215285623     0.017978094424855
76 56
     0.139514759476307     0.000000000000000     0.000000000000000
     0.000000000000000     0.072133130247446     0.140669377772937
     0.000000000000000     0.134127381798502    -0.154711749620484
76 57
     0.015558476627869    -0.048057596271970     0.076020591637610
    -0.048057596271970     0.071050608916326     0.043890509045929
     0.076147665617795     0.043963875242596     0.019317637928295
76 58
    -0.079930700090496    -0.019645927011131     0.022450694719873
    -0.019012035999279     0.018955439572585     0.007455204195636
     0.022367600565733     0.009985953037652     0.009985743921947
76 59
    -0.079930700090496     0.019645927011131    -0.022450694719873
     0.019012035999279     0.018955439572585     0.007455204195636
    -0.022367600565733     0.009985953037652     0.009985743921947
76 60
     0.015558476627869     0.048057596271970    -0.076020591637610
     0.048057596271970     0.071050608916326     0.043890509045929
    -0.076147665617795     0.043963875242596     0.019317637928295
76 61
     0.043622368475961    -0.036292636919765     0.021528820925858
    -0.045773721109146    -0.055021488022449     0.064350200663123
     0.034070939236454     0.060515028390377     0.017978094424855
76 62
    -0.022505484355972    -0.052166499761879     0.017681743583757
    -0.052800390773731    -0.038469776161939     0.015715269862202
     0.019831889294472     0.014377933792802     0.009985743921947
76 63
    -0.042794726949748    -0.000000000000000     0.000000000000000
     0.000000000000000    -0.042794726949748     0.000000000000000
     0.000000000000000     0.000000000000000     0.009086992476904
76 64
    -0.022505484355972     0.052166499761879    -0.017681743583757
     0.052800390773731    -0.038469776161939     0.015715269862202
    -0.019831889294472     0.014377933792802     0.009985743921947
76 65
     0.043622368475961     0.036292636919765    -0.021528820925858
     0.045773721109146    -0.055021488022449     0.064350200663123
    -0.034070939236454     0.060515028390377     0.017978094424855
76 66
    -0.007908575876940    -0.055030519313813    -0.002038866656264
    -0.055030519313813    -0.071452346155890     0.001177140212836
    -0.000243419419951     0.000140538267635     0.008973953736789
76 67
     0.010973293669602    -0.033471409268526    -0.004768951136116
    -0.032837518256674    -0.071948554187513    -0.023170474057837
    -0.002535711271262    -0.024363886830454     0.009985743921947
76 68
     0.010973293669602     0.033471409268526     0.004768951136116
     0.032837518256674    -0.071948554187513    -0.023170474057837
     0.002535711271262    -0.024363886830454     0.009985743921947
76 69
    -0.007908575876940     0.055030519313813     0.002038866656264
     0.055030519313813    -0.071452346155890     0.001177140212836
     0.000243419419951     0.000140538267635     0.008973953736789
76 70
    -0.006863951472714     0.000000000000000     0.000000000000000
     0.000000000000000    -0.080804815461429     0.017538494706753
     0.000000000000000     0.015956395979073     0.008467984859131
76 71
     0.005175251526707    -0.067971174429363    -0.044964498049961
    -0.058490090239983    -0.016574371073194    -0.050819606166881
    -0.035372082278576    -0.059763813104754     0.017978094424855
76 72
     0.098796675060554    -0.000000000000000     0.000000000000000
    -0.000000000000000    -0.012187589516359    -0.087781018091857
     0.000000000000000    -0.087927750485192     0.019317637928295
76 73
     0.005175251526707     0.067971174429363     0.044964498049961
     0.058490090239983    -0.016574371073194    -0.050819606166881
     0.035372082278576    -0.059763813104754     0.017978094424855
76 74
    -0.062319599464250     0.032017333295999     0.015188781960187
     0.032017333295999    -0.025349167469893    -0.008769247353376
     0.013818644270721    -0.007978197989536     0.008467984859131
76 75
    -0.062319599464250    -0.032017333295999    -0.015188781960187
    -0.032017333295999    -0.025349167469893    -0.008769247353376
    -0.013818644270721    -0.007978197989536     0.008467984859131
76 76
    54.488723436996047     0.000000000000000     0.000000000000000
     0.000000000000000    54.488723436996032     0.000000000000000
     0.000000000000000     0.000000000000000     8.465613310298794
76 77
    -4.841251176738626     0.312574746653746     0.057709729211206
    -0.312574746653746     1.841255328978420    -0.009924179893414
    -0.057709729211206    -0.009924179893414     1.041694000462466
76 78
    -0.847797420555373     0.013991697723881     0.015388487570161
    -0.013991697723881     0.210859464096645    -0.000896359792922
    -0.015388487570161    -0.000896359792922    -0.026150610380812
76 79
    -0.847797420555373    -0.013991697723881    -0.015388487570161
     0.013991697723881     0.210859464096645    -0.000896359792922
     0.015388487570161    -0.000896359792922    -0.026150610380812
76 80
    -4.841251176738626    -0.312574746653746    -0.057709729211206
     0.312574746653746     1.841255328978420    -0.009924179893414
     0.057709729211206    -0.009924179893414     1.041694000462466
76 81
     0.170628702549159    -3.206184944106619     0.020260272706180
    -2.581035450799126    -3.170624550309364     0.054940181489132
    -0.037449456505026    -0.045016001595719     1.041694000462466
76 82
    -0.508574883132532    -0.481621596358411     0.020112972480344
    -0.481621596358411     0.047553833477599     0.011612230075730
    -0.021759461969862    -0.012562831225721    -0.046298462270516
76 83
    -0.431017157264282    -0.000000000000000     0.000000000000000
    -0.000000000000000    -0.027634836444789     0.003300931259926
     0.000000000000000    -0.003441121081209     0.023554264977059
76 84
    -0.508574883132532     0.481621596358411    -0.020112972480344
     0.481621596358411     0.047553833477599     0.011612230075730
     0.021759461969862    -0.012562831225721    -0.046298462270516
76 85
     0.170628702549158     3.206184944106619    -0.020260272706180
     2.581035450799126    -3.170624550309364     0.054940181489132
     0.037449456505026    -0.045016001595719     1.041694000462466
76 86
    -0.053804757066360    -0.472403575723851     0.006917973433479
    -0.444420180276089    -0.583133199392369     0.013775001058042
    -0.008470514136682    -0.012878641265120    -0.026150610380812
76 87
    -0.128480416649663    -0.174669668633603     0.002858690327242
    -0.174669668633603    -0.330171577059409    -0.001650465629963
    -0.002980098273825     0.001720560540604     0.023554264977059
76 88
    -0.128480416649663     0.174669668633603    -0.002858690327242
     0.174669668633603    -0.330171577059409    -0.001650465629963
     0.002980098273825     0.001720560540604     0.023554264977059
76 89
    -0.053804757066360     0.472403575723851    -0.006917973433479
     0.444420180276089    -0.583133199392369     0.013775001058042
     0.008470514136682    -0.012878641265120    -0.026150610380812
76 90
     0.325618191782664     0.000000000000000     0.000000000000000
     0.000000000000000    -0.786639241437598     0.025125662451443
     0.000000000000000    -0.023224460151460    -0.046298462270516
76 91
    -0.053804757066360    -0.444420180276089    -0.008470514136682
    -0.472403575723851    -0.583133199392369    -0.012878641265120
     0.006917973433479     0.013775001058042    -0.026150610380812
76 92
     0.325618191782664     0.000000000000000     0.000000000000000
     0.000000000000000    -0.786639241437598    -0.023224460151460
     0.000000000000000     0.025125662451443    -0.046298462270516
76 93
    -0.053804757066360     0.444420180276089     0.008470514136682
     0.472403575723851    -0.583133199392369    -0.012878641265120
    -0.006917973433479     0.013775001058042    -0.026150610380812
76 94
    -0.128480416649663     0.174669668633603     0.002980098273825
     0.174669668633603    -0.330171577059409     0.001720560540604
    -0.002858690327242    -0.001650465629963     0.023554264977059
76 95
    -0.128480416649663    -0.174669668633603    -0.002980098273825
    -0.174669668633603    -0.330171577059409     0.001720560540604
     0.002858690327242    -0.001650465629963     0.023554264977059
76 96
     0.170628702549159    -2.581035450799126    -0.037449456505026
    -3.206184944106619    -3.170624550309364    -0.045016001595719
     0.020260272706180     0.054940181489132     1.041694000462466
76 97
     0.170628702549158     2.581035450799126     0.037449456505026
     3.206184944106619    -3.170624550309364    -0.045016001595719
    -0.020260272706180     0.054940181489132     1.041694000462466
76 98
    -0.508574883132532     0.481621596358411     0.021759461969862
     0.481621596358411     0.047553833477599    -0.012562831225721
    -0.020112972480344     0.011612230075730    -0.046298462270516
76 99
    -0.431017157264282    -0.000000000000000     0.000000000000000
    -0.000000000000000    -0.027634836444789    -0.003441121081209
     0.000000000000000     0.003300931259926     0.023554264977059
76 100
    -0.508574883132532    -0.481621596358411    -0.021759461969862
    -0.481621596358411     0.047553833477599    -0.012562831225721
     0.020112972480344     0.011612230075730    -0.046298462270516