100  
8    

1    
  0.0053150566953522   0.0000000000000000   0.0084705473450770
  -0.2664561700   -0.0022090900   -0.1171092000
   0.0232184600   -0.0040835800    0.0025415100
   0.0043520300    0.0004584400    0.0014085300
   0.0028653600    0.0026449100    0.0012592900
   0.0245823700    0.0057057900    0.0019824300
  -0.0052616400    0.0208725300    0.0025339400
   0.0038013400    0.0021608500    0.0018282200
   0.0023738100   -0.0021305900    0.0018103700
   0.0025485000   -0.0014317000    0.0015924700
  -0.0059218400   -0.0229678800    0.0019909500
   0.0008423600    0.0035544200    0.0014150000
  -0.0011072300    0.0020133200    0.0018396500
   0.0025894900    0.0001282100    0.0017809300
  -0.0025962000   -0.0038167900    0.0012527900
   0.0000625500   -0.0010041300    0.0017235000
   0.0001021800    0.0000822400    0.0013402500
   0.0000631500   -0.0007123800    0.0017099900
  -0.0018602700   -0.0029087800    0.0013272000
  -0.0004533200   -0.0016293500    0.0018030200
   0.0019354500    0.0002601000    0.0018070900
  -0.0044661100    0.0123877600    0.0022533700
  -0.0067148100   -0.0118786500    0.0022693900
   0.0022991000   -0.0012869600    0.0017996800
   0.0023771100    0.0013815200    0.0018050000
   0.0040485200    0.0023053700    0.0016470300
  -0.0000102400    0.0010275700    0.0011533400
  -0.0008474700    0.0007463800   -0.0008670200
   0.0007699300    0.0012285900   -0.0019436600
   0.0023052800    0.0008915600   -0.0016306300
  -0.0021786900    0.0002235700   -0.0021159800
  -0.0001871900   -0.0009158000   -0.0008748000
  -0.0001067800   -0.0000833100   -0.0011876000
   0.0009659800   -0.0005324400   -0.0014094500
  -0.0000294600   -0.0026261100   -0.0016230200
  -0.0006493900   -0.0015021400   -0.0021217700
   0.0010754900   -0.0001720800   -0.0018744700
   0.0000407000    0.0006240900   -0.0012988100
  -0.0010579400   -0.0010510900   -0.0020132000
   0.0007450600    0.0002682700   -0.0008679500
  -0.0008224700    0.0009169700   -0.0007921500
   0.0011313100    0.0012169800   -0.0012573400
  -0.0018657800    0.0006946600   -0.0012420400
   0.0010993400    0.0000346400   -0.0007788500
   0.0003375700    0.0000015200   -0.0001691400
  -0.0007046700    0.0007305300   -0.0008816500
  -0.0017909900   -0.0012492500   -0.0004844400
  -0.0010765500    0.0002492900   -0.0017268500
   0.0007800600   -0.0011616600   -0.0007408600
   0.0005435800   -0.0007763000   -0.0009194900
   0.0015251000    0.0012584900   -0.0025175500
   0.0987200800    0.0327540300    0.0409146200
  -0.0054018800   -0.0011959100   -0.0019122300
  -0.0030652500    0.0003331400    0.0005701500
  -0.0057688300    0.0017630300   -0.0014955100
   0.0962198700   -0.0310090100    0.0424514900
  -0.0029540900   -0.0063797000   -0.0018939200
  -0.0024586600   -0.0008578900   -0.0001468000
  -0.0028812800    0.0010984300   -0.0000242500
  -0.0036168200    0.0064164400   -0.0015140000
   0.0108051100   -0.0001369200    0.0020740400
  -0.0001772200   -0.0016685500    0.0005349600
  -0.0009759800   -0.0002510200   -0.0000853800
  -0.0007435400    0.0013390100    0.0006053200
   0.0010074700    0.0014168800    0.0008025600
   0.0010554700   -0.0009827600    0.0007413500
   0.0025337200    0.0001594800   -0.0016850200
   0.0022396700   -0.0007758200   -0.0017217000
  -0.0002912900    0.0017903100    0.0007465600
  -0.0004805900    0.0000033200   -0.0012298000
  -0.0006501500   -0.0020502000    0.0007979700
   0.0422583600    0.0003026500    0.0416954600
  -0.0018314900    0.0073083800    0.0018817400
  -0.0022187700    0.0008546700    0.0007157100
  -0.0026248000   -0.0010269800    0.0008282900
  -0.0016597600   -0.0071843200    0.0022669500
  -0.0009967500   -0.0007989100   -0.0015048200
  -0.0006648300    0.0002440800   -0.0011323900
  -0.0006372400    0.0004228700   -0.0008463500
   0.0007968100   -0.0002309700    0.0002600900
   0.0014013900   -0.0012921500   -0.0011818500
   0.0000245200   -0.0005343900   -0.0011538100
  -0.0004466400    0.0000035900   -0.0005468000
  -0.0005362500    0.0001810600   -0.0008247900
   0.0004242500   -0.0002477300   -0.0008810400
   0.0004898900   -0.0007783100   -0.0011514300
   0.0002284100   -0.0003630600   -0.0010105700
  -0.0003608100    0.0000534700   -0.0009676100
   0.0002905800    0.0005070700   -0.0007214100
   0.0001138100    0.0002314400   -0.0003789300
  -0.0002994700   -0.0001709400   -0.0007597800
   0.0003922500    0.0010389400   -0.0006201100
  -0.0004275800    0.0007038300   -0.0011422800
  -0.0000397000    0.0000924500   -0.0004235800
  -0.0004388500   -0.0003147200   -0.0003344800
   0.0004964700   -0.0002376200   -0.0008880300
  -0.0004645600    0.0010787200   -0.0020556100
  -0.0008220400    0.0005521400   -0.0012779600
  -0.0005911000   -0.0003423100   -0.0007406600
   0.0000382500    0.0000257200   -0.0007533700
   0.0017738400    0.0002165200   -0.0003080100

1    
 -0.0053150566953522   0.0000000000000000  -0.0084705473450770
   0.2670344300   -0.0020254800    0.1214689700
  -0.0234181700    0.0053077200    0.0013706600
  -0.0026421200    0.0024846300    0.0023862000
  -0.0045861500    0.0002928900    0.0025239000
  -0.0243798900   -0.0044794600    0.0022706000
   0.0061514600   -0.0217618800    0.0015124300
  -0.0023131700   -0.0012992300    0.0015252800
  -0.0023873600   -0.0021394800    0.0019858300
  -0.0040472900    0.0023025400    0.0017668400
   0.0050127900    0.0220720800    0.0021285500
   0.0025645400   -0.0035368500    0.0023769000
  -0.0025985300    0.0001235600    0.0019563800
   0.0011103200    0.0020212000    0.0020151300
  -0.0008237700    0.0038277600    0.0025332200
  -0.0000623800   -0.0005670100    0.0016592100
   0.0015957100   -0.0030270100    0.0024456400
  -0.0000614600   -0.0009920300    0.0016456500
   0.0001407400   -0.0000381800    0.0024642400
  -0.0018450200    0.0003145100    0.0019823100
   0.0003565800   -0.0015793900    0.0019787000
   0.0057853000   -0.0126834900    0.0019606800
   0.0053838500    0.0115696500    0.0016768400
  -0.0036764300    0.0020889600    0.0015844200
  -0.0023845100    0.0012716200    0.0019804500
  -0.0026875600   -0.0015133100    0.0017336100
  -0.0008123200   -0.0014841600   -0.0042349700
  -0.0029822300    0.0008283900   -0.0014084900
  -0.0007680600    0.0012969100   -0.0017930100
   0.0015197800    0.0006891700   -0.0006461500
   0.0029875800   -0.0007149300   -0.0009916400
  -0.0003696600   -0.0031794400   -0.0014013000
  -0.0010976500   -0.0006059000   -0.0012473000
   0.0002335500   -0.0001632100   -0.0010253500
   0.0005642900   -0.0014763900   -0.0006534900
   0.0006501000   -0.0044687600   -0.0017208900
   0.0011099800   -0.0010819400   -0.0018625800
  -0.0000485400    0.0007713500   -0.0011365900
  -0.0011442700   -0.0002148800   -0.0017237400
   0.0007379900    0.0003876800   -0.0006294800
  -0.0006737100   -0.0002734700   -0.0007055800
   0.0021458300    0.0013108700   -0.0010208800
  -0.0014249800    0.0018248000   -0.0010355200
   0.0002074100    0.0009286500   -0.0007191000
  -0.0003440400   -0.0000005900   -0.0000216100
  -0.0005938700    0.0002313700   -0.0006163900
   0.0017535300    0.0021948100   -0.0026164400
  -0.0040890400    0.0027367900   -0.0021157300
  -0.0009734300   -0.0004504000   -0.0007570400
  -0.0003634700   -0.0008225400   -0.0005782600
   0.0036483900    0.0017321100   -0.0013269600
  -0.0970303800   -0.0314771800   -0.0425594300
   0.0053089400    0.0016662400    0.0031086600
   0.0030641300    0.0003190100   -0.0001888000
   0.0058587600   -0.0012938500    0.0026493700
  -0.0979285900    0.0322930600   -0.0422338200
   0.0033048100    0.0060656900    0.0030864500
   0.0027480600    0.0010262500   -0.0005245100
   0.0025713600   -0.0009317800   -0.0006453200
   0.0032659100   -0.0067313600    0.0026715800
  -0.0108235600   -0.0006656700   -0.0016589100
   0.0007326300    0.0013431300   -0.0001550100
   0.0009639600   -0.0001107900   -0.0005847500
   0.0001875700   -0.0016639500   -0.0002225800
  -0.0010484600   -0.0011562300    0.0004938400
  -0.0010304100    0.0012463100    0.0005550900
  -0.0020950200   -0.0003339700    0.0028575300
  -0.0026822500    0.0006035500    0.0029021100
   0.0005019800   -0.0019548400    0.0005495900
   0.0004822500    0.0000014700   -0.0014402200
   0.0004230100    0.0018873000    0.0004999100
  -0.0422625400    0.0012268500   -0.0424071700
   0.0011852400   -0.0069224900   -0.0014504900
   0.0024637700   -0.0009565100    0.0005799500
   0.0023673000    0.0009249700    0.0004690100
   0.0022696100    0.0075698000   -0.0018667600
   0.0005101000    0.0005207300   -0.0001109700
   0.0009742400    0.0005843800   -0.0009850000
   0.0003071000    0.0004118500   -0.0012723000
  -0.0003148600   -0.0000424500   -0.0018715600
  -0.0014059000    0.0006506100    0.0002499900
   0.0008444800    0.0003944700   -0.0009639500
   0.0004481500    0.0000016600   -0.0006939300
  -0.0003516900   -0.0003166000   -0.0012931300
  -0.0009938000    0.0001483100   -0.0013827100
   0.0000788100    0.0006787600   -0.0011133100
   0.0003260700   -0.0003338600   -0.0011074100
  -0.0002042600   -0.0007473200   -0.0011492900
   0.0002959800   -0.0001626900   -0.0009093500
  -0.0001118400    0.0004755500   -0.0005288800
  -0.0003245800    0.0005125000   -0.0008714200
  -0.0003899900   -0.0004746100   -0.0009891600
   0.0000532100   -0.0011376300   -0.0011200800
   0.0006479300   -0.0004366700   -0.0004838500
  -0.0001773700   -0.0000353800   -0.0005740500
  -0.0001269100   -0.0002002900   -0.0013739100
  -0.0000976700   -0.0007557300    0.0011133700
   0.0010138500   -0.0000035600   -0.0009856800
   0.0005707800   -0.0003616500   -0.0008904300
  -0.0002374600    0.0005214800   -0.0015091000
  -0.0012275000    0.0001025100   -0.0006133400

26   
  0.0053150566953522   0.0000000000000000   0.0084705473450770
   0.0014783100    0.0018714400    0.0038642100
  -0.0038351900    0.0016839900    0.0021737300
   0.0009835500    0.0014299500    0.0015720600
  -0.0000864700    0.0015921200    0.0018187600
   0.0015193500    0.0013033700    0.0021420400
  -0.0013408100   -0.0034193600    0.0031033900
   0.0003473500    0.0005728400    0.0006741100
   0.0005210000   -0.0020711300    0.0016838200
   0.0000590400    0.0003460400    0.0017293800
   0.0004134900   -0.0013218300    0.0026446700
   0.0013264900    0.0000203000    0.0016936000
  -0.0017357500    0.0014087000    0.0016594100
   0.0021952800    0.0010705300    0.0018239800
  -0.0014246800   -0.0005723600    0.0019702800
  -0.0003483200   -0.0021807400    0.0016703500
   0.0009664200   -0.0011008900    0.0017999200
   0.0000291700   -0.0005212200    0.0015724600
  -0.0009419700   -0.0015616400    0.0018377400
  -0.0012407100   -0.0011596800    0.0018361600
   0.0011921900   -0.0008646300    0.0018112900
   0.0011019100    0.0006260700    0.0020522100
  -0.0012604900    0.0005761000    0.0018425000
  -0.0013770500    0.0003431400    0.0014589100
   0.0002548700    0.0012026700    0.0017707600
   0.0012870400    0.0007163000    0.0016503000
  -0.2673886200   -0.0022473900   -0.1194733700
   0.0228527200   -0.0043808400   -0.0014324200
   0.0037990500    0.0000850100   -0.0025433200
   0.0054394800    0.0018321200   -0.0016486800
   0.0236671000    0.0044626300   -0.0008227100
  -0.0057299900    0.0206997200   -0.0012842200
   0.0027500000    0.0015564800   -0.0013827200
   0.0030054200   -0.0003464500   -0.0013278400
   0.0033177500   -0.0037822100   -0.0009623200
  -0.0057463200   -0.0243142200   -0.0013381000
   0.0002346700    0.0032500300   -0.0025399000
   0.0007547400    0.0016511800   -0.0013630100
  -0.0003501400   -0.0015857000   -0.0019434200
  -0.0001432200   -0.0032493300   -0.0012630500
  -0.0006926300    0.0006308000   -0.0007437800
   0.0006511600    0.0026902900   -0.0017271600
  -0.0015888200    0.0010964700   -0.0011322200
  -0.0001019200   -0.0011074900   -0.0013450400
   0.0008040500   -0.0009199800   -0.0002078700
   0.0000517800    0.0014676700   -0.0008573900
  -0.0061066000    0.0121652600   -0.0011849700
  -0.0076968100   -0.0111325400   -0.0018486000
   0.0033668400   -0.0027735600   -0.0008390800
   0.0024962400   -0.0008626300   -0.0008593600
   0.0055283800    0.0031621700   -0.0018190200
   0.0011714700   -0.0000991300   -0.0025870500
   0.0009754000    0.0006365100    0.0015259900
  -0.0003676100    0.0004078300    0.0004078700
  -0.0008143000    0.0001970600    0.0005447400
  -0.0009658300   -0.0002569900   -0.0011841500
   0.0014834700    0.0003100900    0.0013528900
   0.0001344700    0.0000528600    0.0000544800
  -0.0007398100    0.0001422600   -0.0002581400
  -0.0008921700    0.0002613300    0.0004111900
   0.0000048700    0.0008892600   -0.0004557500
   0.0004519800   -0.0003488300    0.0004158200
  -0.0002238600   -0.0003879000   -0.0002026200
  -0.0005991600   -0.0000087700    0.0002120100
  -0.0001385500    0.0007421300    0.0005974200
   0.0005082700    0.0005309100    0.0007371300
   0.0001212200   -0.0006263500    0.0006825800
  -0.0001983300   -0.0004693600    0.0006936200
   0.0002068100    0.0000179400    0.0007272300
   0.0000323800    0.0002410500   -0.0012609300
  -0.0001507600   -0.0002790200    0.0007349700
  -0.0000327000   -0.0010786400   -0.0004723900
   0.0005096500   -0.0005344900    0.0004290300
   0.0002526500    0.0001577400    0.0008887800
  -0.0005095700   -0.0000936000    0.0007285800
  -0.0002306900   -0.0004163400    0.0001432300
   0.0976907200    0.0321354700    0.0409234200
  -0.0057581800   -0.0011173700   -0.0031001300
  -0.0032629700    0.0003987400   -0.0006651000
  -0.0051475500    0.0012594600   -0.0033053300
   0.0969941900   -0.0317554900    0.0416523400
  -0.0030350700   -0.0067308200   -0.0031174300
  -0.0027641300   -0.0010300900   -0.0003022700
  -0.0030596800    0.0008735700   -0.0008548200
  -0.0033701800    0.0062168000   -0.0036135100
   0.0110782700   -0.0004406100    0.0007103900
  -0.0002026800   -0.0018652500   -0.0006261500
  -0.0012633000   -0.0002697000   -0.0007979700
  -0.0001513700    0.0016983800   -0.0004606300
   0.0010755900    0.0014500700   -0.0003566200
   0.0007095100   -0.0011599500   -0.0006509500
   0.0024709200    0.0009714400   -0.0030946500
   0.0021452700   -0.0004165200   -0.0033858900
  -0.0002481500    0.0018382600   -0.0002984600
  -0.0007956900   -0.0001773000   -0.0003421300
  -0.0002031500   -0.0020781700   -0.0010253700
   0.0420160400    0.0013680100    0.0414724600
  -0.0019837400    0.0077216500    0.0009187200
  -0.0025565300    0.0006371600   -0.0006264300
  -0.0024286300   -0.0006460300   -0.0010591100
  -0.0011971400   -0.0069068200    0.0011726400

26   
 -0.0053150566953522   0.0000000000000000  -0.0084705473450770
  -0.0015421000   -0.0019197400   -0.0001454700
   0.0035242300   -0.0005344100    0.0019091600
   0.0007263300    0.0014921400    0.0022116700
  -0.0016371600    0.0013284500    0.0019642700
  -0.0011699700   -0.0001246600    0.0019350600
   0.0021911200    0.0025653200    0.0009663400
   0.0011481900    0.0002844300    0.0026807800
  -0.0005370400   -0.0022085900    0.0021067000
  -0.0015687100    0.0005167100    0.0016211100
  -0.0013029300    0.0004038300    0.0014293500
   0.0020651900   -0.0000032600    0.0020896900
  -0.0019754400    0.0007137400    0.0021312400
   0.0015010000    0.0010621300    0.0019662700
  -0.0019918300    0.0005747200    0.0018130800
   0.0003424300    0.0006069900    0.0017069000
   0.0007066000   -0.0018546200    0.0019833200
  -0.0000339400   -0.0012187000    0.0017787200
  -0.0007627000   -0.0013986400    0.0019461500
  -0.0010583800   -0.0001671500    0.0019436500
   0.0010898700   -0.0004644900    0.0019682800
   0.0001022800   -0.0009173400    0.0020249600
   0.0000263400   -0.0008853400    0.0022382200
   0.0000077400    0.0004384900    0.0019187500
  -0.0002659400    0.0014361000    0.0020088700
   0.0000590900    0.0000582400    0.0017261900
   0.2676169800   -0.0014246700    0.1176289700
  -0.0265365300    0.0059767600   -0.0010180000
  -0.0038004200    0.0024347600   -0.0011911300
  -0.0016175100   -0.0002571400   -0.0006370400
  -0.0229980700   -0.0049343300   -0.0021160000
   0.0052022800   -0.0247994000   -0.0010323700
  -0.0039630400   -0.0022598600   -0.0010592400
  -0.0018107600   -0.0003612400   -0.0011109400
  -0.0027806600   -0.0003371100   -0.0013147200
   0.0057026700    0.0183214900   -0.0024699500
   0.0019561700   -0.0045148400   -0.0011976000
  -0.0007658400   -0.0002602700   -0.0010757500
  -0.0018584600    0.0003154700   -0.0017968000
   0.0016096900    0.0038905100   -0.0002416300
  -0.0008095800    0.0000008900   -0.0007582200
   0.0026432300   -0.0001674900   -0.0005550500
  -0.0017058600    0.0014435900   -0.0011466900
   0.0013788400    0.0020650400   -0.0001531700
  -0.0008217500    0.0009137300    0.0000128100
  -0.0013496900   -0.0005119100   -0.0006441800
   0.0061890200   -0.0112193700   -0.0017875800
   0.0023909400    0.0141060600   -0.0021271600
  -0.0035780500    0.0011600600   -0.0006606700
  -0.0023194000   -0.0007413200   -0.0006424100
  -0.0003408400   -0.0001666900   -0.0020264600
  -0.0015418000   -0.0001074300    0.0019326600
  -0.0011374700   -0.0001607700   -0.0003667700
   0.0003577400    0.0002353800   -0.0000391700
   0.0009464800    0.0002790300    0.0006175800
   0.0013305200    0.0000516100    0.0004782800
  -0.0011525400   -0.0006901200   -0.0001923400
   0.0001450300    0.0001058900   -0.0007374300
   0.0004235400    0.0000167500   -0.0004249800
   0.0005440900   -0.0006310300    0.0007514400
  -0.0000176900   -0.0017093400    0.0008590200
   0.0001006200    0.0000133600   -0.0000473300
   0.0002052900    0.0000276500   -0.0004804400
   0.0000335100   -0.0003235400    0.0001562300
   0.0000917300   -0.0004964500    0.0006863600
  -0.0004853000   -0.0002845200    0.0005470100
   0.0003562700    0.0004973400    0.0004793100
  -0.0002935000    0.0003455600    0.0004678300
  -0.0000118000   -0.0001885600    0.0005562800
  -0.0000356900   -0.0002463000   -0.0014216400
  -0.0000720200    0.0001072900    0.0005494900
   0.0000331200    0.0014950300   -0.0002399600
  -0.0012203100    0.0009299500   -0.0000338000
  -0.0000220700   -0.0002655900    0.0003947200
   0.0002524100   -0.0000171500    0.0005555200
   0.0008926600    0.0007976200    0.0002570000
  -0.0960965100   -0.0309280700   -0.0434605900
   0.0061107900    0.0019207900    0.0009952600
   0.0029256200    0.0004247900   -0.0014630600
   0.0055707300   -0.0015578000    0.0016608600
  -0.0990543100    0.0325931800   -0.0416285300
   0.0039042000    0.0066250300    0.0010081700
   0.0027591800    0.0010218100   -0.0009489800
   0.0021648000   -0.0010220700   -0.0012713700
   0.0027883800   -0.0062777300    0.0013225500
  -0.0105109400    0.0003313200   -0.0029853500
   0.0007458800    0.0011517500   -0.0015039800
   0.0006920500   -0.0004504800   -0.0013295800
   0.0007375900   -0.0013694500   -0.0011786200
  -0.0010748000   -0.0007519100   -0.0005604300
  -0.0013415100    0.0014918700   -0.0009895100
  -0.0025214800   -0.0004840300    0.0014665500
  -0.0024777200   -0.0000924100    0.0011153600
   0.0008636700   -0.0021974200   -0.0006194500
   0.0001744600   -0.0001853800   -0.0005757000
   0.0005541600    0.0016219500   -0.0012467500
  -0.0425734300    0.0000501300   -0.0423857100
   0.0022356900   -0.0071874400   -0.0031797300
   0.0025389000   -0.0013530000   -0.0010148500
   0.0022129300    0.0011802300   -0.0012130200
   0.0016712400    0.0072055800   -0.0021207000

51   
  0.0053150566953522   0.0000000000000000   0.0084705473450770
   0.0960153200    0.0308639400    0.0446880300
   0.0987500900   -0.0323083100    0.0432973200
  -0.0043807000    0.0063770100   -0.0005521100
  -0.0039233600    0.0014020200    0.0022698800
  -0.0057499900   -0.0046342600   -0.0001048000
   0.0426817600   -0.0005088200    0.0440908100
  -0.0006323200   -0.0066523100    0.0033942800
  -0.0023322700   -0.0029433500    0.0019693100
  -0.0032626400    0.0012144800    0.0018466700
  -0.0025310900    0.0069485400    0.0040502600
   0.0041147500   -0.0027025700   -0.0004562800
  -0.0022770400   -0.0009221100    0.0019742300
   0.0013691800    0.0010680200    0.0019993600
  -0.0022159100    0.0021526100    0.0020583500
   0.0023561800    0.0027442100   -0.0005492500
   0.0003231100   -0.0029408400    0.0022746700
   0.0009851200   -0.0019919700    0.0018027200
   0.0002346200   -0.0004961200    0.0020095000
  -0.0015534600    0.0008792400    0.0022639300
   0.0001736000   -0.0005422600    0.0021386200
  -0.0029963500   -0.0031602900   -0.0001599600
   0.0101969200   -0.0005137700    0.0039030700
  -0.0036525100    0.0029879900   -0.0007002500
  -0.0025744900    0.0022508500    0.0020995400
  -0.0020824500   -0.0006383300    0.0019755100
   0.0009334900   -0.0002449800   -0.0038339700
  -0.0033968000    0.0012738400   -0.0017787900
  -0.0008370700    0.0014197400   -0.0019433500
   0.0014934200    0.0008995800   -0.0008882100
   0.0017823900    0.0002599600   -0.0008104000
  -0.0001482300   -0.0040832500   -0.0013651800
  -0.0010653800   -0.0008991200   -0.0013470000
   0.0002118600   -0.0003398300   -0.0011366300
   0.0002919600   -0.0017870400   -0.0008289900
   0.0006871500   -0.0039360800   -0.0015849000
   0.0010946500   -0.0012978600   -0.0018513100
  -0.0000034200    0.0004713800   -0.0011595300
  -0.0011207500   -0.0004224000   -0.0017643800
   0.0007167300    0.0004972700   -0.0005895900
  -0.0007082600   -0.0002051400   -0.0006410400
   0.0018846000    0.0010639500   -0.0009590000
  -0.0011551300    0.0015424100   -0.0010486300
   0.0004531500    0.0009069200   -0.0007524700
  -0.0003659300    0.0001304600   -0.0000497700
  -0.0008324000    0.0002461900   -0.0006394400
   0.0017950800    0.0013333000   -0.0010910800
  -0.0030836200    0.0026170100   -0.0022792000
  -0.0009224400   -0.0003077400   -0.0008656200
  -0.0004986900   -0.0006973800   -0.0006716100
   0.0026766600    0.0015229400   -0.0015897000
  -0.2894415100    0.0021390200   -0.0710194000
   0.0252697400   -0.0013707800   -0.0080512600
   0.0043504000    0.0002464300    0.0004843000
   0.0046504600    0.0003010400    0.0007231700
   0.0262185300    0.0014360300   -0.0093987000
  -0.0010925400    0.0163851400   -0.0082004700
   0.0026229400    0.0025068300    0.0001772300
   0.0021091800    0.0000539300   -0.0005397600
   0.0026969600   -0.0028155300    0.0008703900
  -0.0006501500   -0.0177453100   -0.0086953600
   0.0004805600    0.0022201100    0.0004384000
   0.0006355100    0.0007573700   -0.0005286900
   0.0004195300   -0.0010689200   -0.0000250300
   0.0003320700   -0.0024648200    0.0008289100
  -0.0016913200   -0.0000894400    0.0010457100
   0.0005669100    0.0023941700    0.0007567500
  -0.0019492500    0.0001515400    0.0009856400
   0.0003297100   -0.0023268600    0.0009084300
   0.0006551000   -0.0009361200   -0.0015224700
   0.0005792000    0.0008210100    0.0004270800
  -0.0007421900    0.0144364500   -0.0093416300
  -0.0015124400   -0.0131933500   -0.0084892300
   0.0026200200   -0.0024836200    0.0011614300
   0.0021389300   -0.0000335100    0.0004440300
   0.0031811900    0.0028189600    0.0004898100
   0.0003321000    0.0006225700    0.0011283900
   0.0010752400    0.0006727200   -0.0008496800
   0.0003848400    0.0004363200   -0.0011427200
   0.0000235500   -0.0001647800   -0.0013354200
  -0.0015142100    0.0001276800    0.0002287000
   0.0007923200    0.0006738000   -0.0010324200
   0.0004628700    0.0002460700   -0.0006264100
  -0.0002409500   -0.0001647600   -0.0012120000
  -0.0006946200    0.0000723700   -0.0014812000
  -0.0002385200    0.0006989400   -0.0013054300
   0.0003375300   -0.0000692900   -0.0011418200
  -0.0002448400   -0.0005004100   -0.0011383200
   0.0003196800   -0.0001339000   -0.0009005300
  -0.0000961700    0.0003739000   -0.0005598000
  -0.0003282800    0.0005401900   -0.0008947700
  -0.0004149300   -0.0000310300   -0.0011477700
  -0.0002327400   -0.0010161600   -0.0011109600
   0.0005772600   -0.0005905200   -0.0004404100
  -0.0000790300   -0.0001784300   -0.0005387100
   0.0001538200   -0.0000770600   -0.0013291100
  -0.0010195700   -0.0010455000    0.0008534800
   0.0006671400   -0.0003572000   -0.0008986300
   0.0006084800   -0.0005188800   -0.0007886100
   0.0001334900    0.0003086000   -0.0013424800
  -0.0004610900    0.0000372700   -0.0010363000

51   
 -0.0053150566953522   0.0000000000000000  -0.0084705473450770
  -0.0979665900   -0.0323419300   -0.0398970800
  -0.0971626800    0.0320196500   -0.0402927000
   0.0060918600   -0.0034352600    0.0043168700
   0.0022070400    0.0015303000    0.0015085200
   0.0061185100    0.0058373900    0.0041882900
  -0.0418334800   -0.0016207700   -0.0400234300
   0.0022036100    0.0074729700   -0.0000542600
   0.0023282700   -0.0013450200    0.0018167100
   0.0017535600   -0.0003616000    0.0014995600
   0.0015818200   -0.0079114000    0.0000286900
  -0.0007230400    0.0027756700    0.0042170200
  -0.0014226400    0.0030556300    0.0018122800
   0.0023327000    0.0010691100    0.0017865700
  -0.0012004800   -0.0021405900    0.0017205900
  -0.0023526600   -0.0042690600    0.0039399500
   0.0013556700    0.0000036300    0.0015065600
  -0.0009867400    0.0002648300    0.0015434800
  -0.0019321800   -0.0024520100    0.0017689600
  -0.0007411800   -0.0021899500    0.0015092100
   0.0021144800   -0.0007651100    0.0016369500
   0.0042099000    0.0028952000    0.0042251600
  -0.0114304000    0.0002247400    0.0001678300
   0.0022867700   -0.0021841700    0.0040767100
   0.0025625700    0.0004068800    0.0016752000
   0.0034425100    0.0014323300    0.0013965300
  -0.0017651100   -0.0002439600    0.0006873200
  -0.0004578700    0.0003006400   -0.0005084500
   0.0008345300    0.0011043200   -0.0018031300
   0.0023365700    0.0006795700   -0.0013978000
  -0.0009437500   -0.0007557500   -0.0023063300
  -0.0004122400   -0.0000447300   -0.0009147400
  -0.0001419600    0.0002003700   -0.0010961600
   0.0009879800   -0.0003614100   -0.0013073000
   0.0002466500   -0.0023247900   -0.0014552900
  -0.0006843300   -0.0020700700   -0.0022610000
   0.0010916200    0.0000368700   -0.0018936500
  -0.0000036500    0.0009206900   -0.0012841800
  -0.0010813300   -0.0008465500   -0.0019810700
   0.0007651500    0.0001513400   -0.0009166400
  -0.0007887800    0.0008376400   -0.0008644900
   0.0013985800    0.0014664000   -0.0013262800
  -0.0021343300    0.0009846400   -0.0012363700
   0.0008466300    0.0000586400   -0.0007546100
   0.0003565300   -0.0001311100   -0.0001503900
  -0.0004638300    0.0007146000   -0.0008677200
  -0.0017981500   -0.0003531300   -0.0020238200
  -0.0021199500    0.0003954900   -0.0015721400
   0.0007178200   -0.0012998400   -0.0006418000
   0.0006789100   -0.0009003200   -0.0008360500
   0.0025122400    0.0014759000   -0.0022604300
   0.2896443900    0.0020084600    0.0720321300
  -0.0251502600    0.0018748800    0.0090248900
  -0.0043440000    0.0004137900   -0.0001088300
  -0.0045287300    0.0001921800    0.0004339100
  -0.0261285200   -0.0016125600    0.0088858000
   0.0013806600   -0.0167414400    0.0092295000
  -0.0023603800   -0.0023393500   -0.0008538600
  -0.0024218100    0.0001176500   -0.0001433300
  -0.0030198000    0.0024567200    0.0002858600
   0.0006911400    0.0169553400    0.0092330800
   0.0000710700   -0.0025596100   -0.0000636700
  -0.0006527300   -0.0011136300   -0.0001550100
  -0.0009767800    0.0007420600    0.0003941700
  -0.0003682000    0.0027092600    0.0004485600
   0.0017210900    0.0003231900    0.0002377900
  -0.0000853300   -0.0025297000    0.0004065500
   0.0014634600   -0.0002705300    0.0001777500
  -0.0001284200    0.0021516600    0.0003761300
  -0.0006505600    0.0009271600   -0.0011598800
  -0.0007994800   -0.0009975100    0.0008572700
   0.0007674800   -0.0140650600    0.0086927100
   0.0007918000    0.0135446700    0.0088355300
  -0.0023741900    0.0023712700    0.0001236500
  -0.0023918000   -0.0000744600    0.0008404500
  -0.0025255500   -0.0024448800   -0.0000882700
  -0.0007889300   -0.0008778900   -0.0027272300
  -0.0007544100    0.0001584200   -0.0012833300
  -0.0007154700    0.0003976400   -0.0009908200
   0.0004466200   -0.0001064200   -0.0002928600
   0.0014925900   -0.0007523800   -0.0011577300
   0.0000827500   -0.0008075900   -0.0011039000
  -0.0004598100   -0.0002415800   -0.0006299600
  -0.0006491300    0.0000282600   -0.0009217900
   0.0001194100   -0.0001656000   -0.0008008400
   0.0008086800   -0.0007870000   -0.0009783000
   0.0002160900   -0.0006331200   -0.0009925800
  -0.0003207400   -0.0002019600   -0.0009949800
   0.0002672500    0.0004724400   -0.0007459900
   0.0000983400    0.0003316100   -0.0003638100
  -0.0002953200   -0.0002001900   -0.0007527100
   0.0004108200    0.0005737900   -0.0004812000
  -0.0001366800    0.0005619300   -0.0011686700
   0.0000355000    0.0002382700   -0.0004821100
  -0.0005369200   -0.0001769900   -0.0003849200
   0.0002112100   -0.0003708000   -0.0009493300
   0.0004606300    0.0013386000   -0.0017676600
  -0.0004583600    0.0008982700   -0.0013808300
  -0.0006242700   -0.0001892800   -0.0008573500
  -0.0003388500    0.0002339800   -0.0009356600
   0.0009892800    0.0002711900    0.0001000300

76   
  0.0053150566953522   0.0000000000000000   0.0084705473450770
  -0.0014981700   -0.0010904200    0.0016468600
   0.0012184400   -0.0009958800    0.0013302700
   0.0021578800    0.0009421400    0.0024910100
  -0.0012750300    0.0014243500    0.0020742600
  -0.0006858400    0.0002999700    0.0020027700
  -0.0002961900    0.0007661000    0.0008023100
   0.0027858900    0.0007965600    0.0014918300
   0.0000220500   -0.0023685500    0.0023469000
  -0.0013293100    0.0003991600    0.0017539900
  -0.0012400200   -0.0002459800    0.0018266900
   0.0020906500    0.0016235800    0.0020777300
  -0.0016141400    0.0009193400    0.0021873700
   0.0016867100    0.0009083000    0.0020405200
  -0.0020116300    0.0002455900    0.0019032400
  -0.0001655900    0.0000810500    0.0016336900
   0.0007440300   -0.0014390500    0.0019739500
  -0.0000230600   -0.0011851900    0.0017584300
  -0.0007358900   -0.0015573700    0.0019702000
  -0.0011106200   -0.0003042700    0.0019637200
   0.0011152300   -0.0001309900    0.0019537000
   0.0000996500   -0.0005635800    0.0020118600
  -0.0003728500   -0.0007258700    0.0019998400
  -0.0000132400    0.0002678100    0.0019663800
   0.0000080700    0.0015289100    0.0020631200
   0.0002319900    0.0003938400    0.0017656300
   0.0964859300    0.0311196900    0.0405489800
   0.0960596100   -0.0315464300    0.0406055400
  -0.0059978000    0.0065315600   -0.0039597600
  -0.0011837600    0.0008639100   -0.0007389000
  -0.0048888300   -0.0051635800   -0.0039915300
   0.0420077900   -0.0031706100    0.0407964600
  -0.0026604900   -0.0078082200    0.0008381900
  -0.0019276000   -0.0011474900   -0.0010111200
  -0.0020800200   -0.0012556900   -0.0010735300
  -0.0014961500    0.0040506400   -0.0002813500
   0.0034654500   -0.0041705600   -0.0040857100
  -0.0005118300   -0.0014751500   -0.0010267200
  -0.0015901800   -0.0006354200   -0.0017516900
   0.0003047400    0.0023318600   -0.0006692100
   0.0016761600    0.0031444700   -0.0030638500
   0.0012395300   -0.0002874700   -0.0007473700
  -0.0005467100    0.0002834000   -0.0010179400
   0.0016439900    0.0016180200   -0.0005980100
  -0.0005325800    0.0014890600    0.0003116000
  -0.0016306600    0.0003833500   -0.0004834100
  -0.0029662300   -0.0021272100   -0.0039427500
   0.0081912100    0.0018716500   -0.0000719500
  -0.0036991000    0.0022467200   -0.0028891500
  -0.0026948700    0.0002457800   -0.0004364300
  -0.0000053400    0.0005696200   -0.0017008900
   0.0003320600    0.0006190500    0.0015933000
  -0.0015167200    0.0006550500    0.0012467000
  -0.0002333300    0.0002395900   -0.0003152700
   0.0006172600    0.0002448900    0.0005120500
   0.0011128000    0.0000012300   -0.0001476500
  -0.0005609900   -0.0013068800    0.0018918700
  -0.0005776000   -0.0000296100   -0.0009017200
   0.0000832400    0.0001052800   -0.0005386300
   0.0004420500   -0.0003659200    0.0006231500
   0.0005563400   -0.0010210700    0.0004496300
  -0.0002356200   -0.0004804200   -0.0000744600
  -0.0000508400   -0.0000203300   -0.0005128300
  -0.0000499000   -0.0001616700    0.0001142400
   0.0002689000   -0.0002689300    0.0006587400
   0.0000747200   -0.0005728600    0.0006122900
   0.0002882900    0.0002272300    0.0005232200
  -0.0002762300    0.0003216100    0.0005292900
   0.0000248100   -0.0000554000    0.0005391400
   0.0000450200   -0.0002926100   -0.0014212700
  -0.0000686100   -0.0002176800    0.0005775600
   0.0002745800    0.0010660900   -0.0002619900
  -0.0008689500    0.0009340700    0.0000435600
  -0.0002020000    0.0000917500    0.0002571300
   0.0000920000   -0.0001552400    0.0004961700
   0.0007815900    0.0004284700    0.0002160400
  -0.2896953100    0.0020039200   -0.0722834600
   0.0265096600   -0.0011519400   -0.0102876700
   0.0044782200    0.0003543700   -0.0009157500
   0.0046109400   -0.0000500700   -0.0005064200
   0.0251115300    0.0014384400   -0.0088826600
  -0.0001802700    0.0173537500   -0.0100579100
   0.0028769700    0.0026674700   -0.0003308200
   0.0018487200   -0.0000372900   -0.0012577800
   0.0022478400   -0.0025013700   -0.0006356000
  -0.0009045500   -0.0167050400   -0.0097804500
   0.0006328700    0.0022621700   -0.0008704700
   0.0004256600    0.0005624300   -0.0012731100
   0.0009561100   -0.0007742000   -0.0009987200
   0.0002228600   -0.0020557300   -0.0001978500
  -0.0020389500    0.0003530100   -0.0004224500
   0.0002292000    0.0025154300   -0.0005399100
  -0.0019134700   -0.0004347200   -0.0007393200
   0.0006532700   -0.0026578500   -0.0002766100
   0.0004036700   -0.0010970600   -0.0006687600
   0.0008435000    0.0007136300   -0.0013148300
  -0.0013415300    0.0133923900   -0.0090575500
  -0.0006432400   -0.0139269700   -0.0101852500
   0.0028706500   -0.0030161100   -0.0005384200
   0.0021919700    0.0002418800   -0.0013307000
   0.0027995800    0.0026123400    0.0000464400

76   
 -0.0053150566953522   0.0000000000000000  -0.0084705473450770
   0.0015081600    0.0010932900    0.0020983700
  -0.0015885500    0.0021970600    0.0027611200
  -0.0004539900    0.0019949400    0.0012996000
  -0.0004403700    0.0015055100    0.0017160900
   0.0010628500    0.0008957000    0.0020803700
   0.0011546300   -0.0016961500    0.0032898300
  -0.0012991400    0.0000546600    0.0018659500
  -0.0000338000   -0.0019100000    0.0014516700
  -0.0001675800    0.0004650700    0.0016031300
   0.0003754200   -0.0006836000    0.0022562400
   0.0013085800   -0.0016241300    0.0017077500
  -0.0020904800    0.0012016800    0.0016081100
   0.0020182300    0.0012264800    0.0017559100
  -0.0013943000   -0.0002446300    0.0018859100
   0.0001677800   -0.0016707200    0.0017472500
   0.0009388500   -0.0015129000    0.0018152000
   0.0000277000   -0.0005476900    0.0015980700
  -0.0009616800   -0.0013963600    0.0018192000
  -0.0011818500   -0.0010201900    0.0018223500
   0.0011751500   -0.0011984000    0.0018319200
   0.0011264600    0.0002885300    0.0020709800
  -0.0008574600    0.0004386000    0.0020829000
  -0.0013579800    0.0005270200    0.0014175300
  -0.0000145700    0.0011185000    0.0017234500
   0.0011269200    0.0003896200    0.0016174800
  -0.0992833800   -0.0330905200   -0.0425790200
  -0.0979589500    0.0316426100   -0.0439396200
   0.0060023600   -0.0040038600    0.0002137700
   0.0050156500    0.0007136400   -0.0015337400
   0.0057234200    0.0046726900    0.0009036800
  -0.0425658700   -0.0021599100   -0.0430630200
   0.0015374400    0.0070688500   -0.0032781400
   0.0031399400    0.0004287600   -0.0014213300
   0.0026131700   -0.0028720500   -0.0011993700
   0.0014202800   -0.0100939800   -0.0035498200
  -0.0012813100    0.0029665800    0.0003327700
   0.0005155100    0.0028699700   -0.0014058500
  -0.0006084400   -0.0006394300   -0.0019821900
   0.0011729600   -0.0016807900   -0.0008261800
  -0.0031664800   -0.0024539400    0.0015865700
   0.0020443400    0.0028236500   -0.0015234600
  -0.0027422100    0.0022401100   -0.0012548900
  -0.0003364000   -0.0006547700   -0.0008970900
   0.0005272100   -0.0014830700   -0.0005020200
   0.0003360100    0.0005915400   -0.0010119000
   0.0029492600    0.0031070900    0.0008364300
  -0.0133837900    0.0011280300   -0.0037644500
   0.0035085700   -0.0038510400    0.0014003100
   0.0028739500   -0.0018383800   -0.0010586200
   0.0051979500    0.0024337800   -0.0021356100
  -0.0006945900   -0.0008309200   -0.0023229400
   0.0013927200   -0.0001746600   -0.0000793400
   0.0002379500    0.0004087000    0.0006961000
  -0.0004845000    0.0002362800    0.0006640000
  -0.0007686600   -0.0002009600   -0.0005499200
   0.0009174700    0.0009615100   -0.0007291400
   0.0008733600    0.0002001900    0.0002336000
  -0.0003922500    0.0000615500   -0.0001308100
  -0.0007909300    0.0000080400    0.0005535400
  -0.0005728000    0.0002306200   -0.0000311100
   0.0008005900    0.0001551300    0.0004588600
   0.0000415600   -0.0003351300   -0.0001556900
  -0.0005092700   -0.0001651700    0.0002681500
  -0.0003109100    0.0005253800    0.0006399000
  -0.0000433600    0.0008343100    0.0006879700
   0.0001955700   -0.0003591100    0.0006535800
  -0.0002070000   -0.0004509800    0.0006476900
   0.0001798000   -0.0001163600    0.0007589300
  -0.0000394700    0.0002906900   -0.0012476500
  -0.0001460900    0.0000486900    0.0007209300
  -0.0002744000   -0.0006729300   -0.0004355300
   0.0001768500   -0.0005597400    0.0003707300
   0.0004476900   -0.0002021500    0.0010396200
  -0.0003408000    0.0000460500    0.0008010600
  -0.0001194600   -0.0000509900    0.0001979600
   0.2895230100    0.0023885500    0.0711329200
  -0.0259344200    0.0019985700    0.0079733000
  -0.0047978600    0.0004844400   -0.0011958200
  -0.0041435600   -0.0002180100   -0.0011133000
  -0.0253771800   -0.0020561600    0.0081516400
   0.0009963000   -0.0174946600    0.0078039800
  -0.0029004700   -0.0026689600   -0.0009020500
  -0.0027362900   -0.0000995100   -0.0008590200
  -0.0027921800    0.0024016600   -0.0016337400
   0.0015406700    0.0166103000    0.0076510800
  -0.0000851800   -0.0029814200   -0.0012405100
  -0.0009936100   -0.0012691800   -0.0008442200
  -0.0003621100    0.0011079500   -0.0006303300
  -0.0002081800    0.0027436100   -0.0007146200
   0.0014187600   -0.0000444000   -0.0012072900
  -0.0002288800   -0.0019792900   -0.0010732200
   0.0015454200   -0.0000127600   -0.0015241000
  -0.0000390800    0.0022959700   -0.0006299200
  -0.0010136100    0.0007276700   -0.0002385400
  -0.0004766300   -0.0011747400   -0.0009477600
   0.0008129300   -0.0131170200    0.0081910600
   0.0008244800    0.0144362500    0.0078598100
  -0.0028798800    0.0022964600   -0.0010920800
  -0.0023926200    0.0002938400   -0.0009320800
  -0.0022690800   -0.0023146400   -0.0009692500
