96   
12   

1    
  0.0055268313285219   0.0000000000000000   0.0083339147743464
  -0.1090893400   -0.0002083500   -0.1986018200
   0.0020460800    0.0053282400   -0.0065741000
   0.0015823200   -0.0000125200   -0.0013508100
   0.0018102300   -0.0053255000   -0.0066215800
   0.0015303400   -0.0050190000   -0.0066307900
   0.0003130400   -0.0005463100   -0.0015674900
   0.0003266300    0.0005438200   -0.0015747200
   0.0015059700    0.0051550500   -0.0065656900
  -0.0004072400    0.0011453300   -0.0013561600
   0.0012634000    0.0000054700   -0.0015724100
  -0.0004031900   -0.0011493000   -0.0013488700
   0.0012684900   -0.0000059400   -0.0015706800
   0.0014739500    0.0055222100   -0.0066573700
   0.0015581000   -0.0056036200   -0.0065406300
   0.0003180900    0.0005538000   -0.0015634400
   0.0003241800   -0.0005399600   -0.0015761600
  -0.0024370500   -0.0052718300    0.0225378400
   0.0000185200   -0.0005258600    0.0045852300
   0.0005424400    0.0006127900    0.0042003100
   0.0422992500   -0.0205520400    0.0525541700
  -0.0000422800    0.0001114500    0.0045528300
  -0.0001404400   -0.0000036500    0.0039765500
   0.0001431800   -0.0006125900    0.0042414000
  -0.0018506400   -0.0013860800    0.0054442800
   0.0005114700   -0.0000597800    0.0043596800
   0.0001772700    0.0004753500    0.0044359000
  -0.0001573100    0.0000010600    0.0038710400
  -0.0000678700   -0.0000550700    0.0037501900
   0.0067009300    0.0259184800    0.0376642600
  -0.0008280200   -0.0005958800    0.0052749200
  -0.0001623900    0.0000517500    0.0038109600
   0.0015714300    0.0019717600    0.0056098400
   0.0439708700    0.0215420200    0.0610305400
   0.0005548200   -0.0005973500    0.0109998700
   0.0000406500    0.0005173600    0.0113747100
  -0.0024568300    0.0052711900    0.0294368000
   0.0001571200    0.0005997200    0.0110429400
  -0.0001440600   -0.0000038100    0.0107720000
  -0.0000320100   -0.0001184700    0.0113229300
  -0.0018292700    0.0013925200    0.0122276500
   0.0001866400   -0.0004556100    0.0112312000
   0.0005163700    0.0000560000    0.0111333100
  -0.0000656100    0.0000516500    0.0105289600
  -0.0001591000    0.0000001100    0.0106530300
   0.0066691100   -0.0267080300    0.0451072500
   0.0016102000   -0.0019917900    0.0123949600
  -0.0001576400   -0.0000539300    0.0105905200
  -0.0008028600    0.0005888500    0.0120635500
   0.0000035700   -0.0000002800   -0.0057279600
   0.0000015400    0.0000033300   -0.0057217200
   0.0000162700    0.0000059200   -0.0057201200
  -0.0000032500    0.0000016300   -0.0057200200
   0.0000024500   -0.0000068400   -0.0057174000
   0.0000107300   -0.0000011800   -0.0057160100
  -0.0000008900   -0.0000115100   -0.0057215600
   0.0000038200   -0.0000057500   -0.0057181600
   0.0000064000    0.0000117800   -0.0057166800
   0.0000027400    0.0000036400   -0.0057177900
  -0.0000039800    0.0000050100   -0.0057045200
   0.0000011000    0.0000056800   -0.0057103500
  -0.0000013900   -0.0000070000   -0.0057180700
   0.0000080400   -0.0000130400   -0.0057087700
   0.0000006400   -0.0000053800   -0.0057015100
   0.0000080900   -0.0000044600   -0.0057045400
   0.0000123100    0.0000046100   -0.0009263100
  -0.0000019900   -0.0000146700   -0.0009364500
   0.0000155400   -0.0000088500   -0.0009292200
  -0.0000031700    0.0000029300   -0.0009296900
  -0.0000106000    0.0000068700   -0.0009343900
   0.0000109700    0.0000116200   -0.0009423600
   0.0000176300    0.0000077400   -0.0009304800
   0.0000048700    0.0000006200   -0.0009252100
   0.0000038100    0.0000045600   -0.0009225600
   0.0000114300   -0.0000035600   -0.0009291600
   0.0000042500   -0.0000049900   -0.0009313300
   0.0000036200   -0.0000127400   -0.0009360000
  -0.0000008200   -0.0000051500   -0.0009343100
   0.0000079600    0.0000045100   -0.0009302600
  -0.0000033900   -0.0000001300   -0.0009416300
   0.0000193000    0.0000086800   -0.0009325400
   0.0000132700    0.0000070200   -0.0059202000
  -0.0000005400   -0.0000121600   -0.0059117900
   0.0000151600   -0.0000087400   -0.0059125300
  -0.0000045300    0.0000054000   -0.0059274000
  -0.0000100100    0.0000073700   -0.0059147100
   0.0000099800    0.0000103200   -0.0059063100
   0.0000171000    0.0000051300   -0.0059250400
   0.0000066000   -0.0000006100   -0.0059322100
   0.0000027600    0.0000033400   -0.0059213600
   0.0000091200   -0.0000052400   -0.0059274600
   0.0000060100   -0.0000058800   -0.0059347500
   0.0000059100   -0.0000132700   -0.0059232400
  -0.0000007400   -0.0000065500   -0.0059243300
   0.0000083100    0.0000063500   -0.0059272000
  -0.0000005500    0.0000023700   -0.0059174200
   0.0000166400    0.0000078200   -0.0059238200

1    
 -0.0055268313285219   0.0000000000000000  -0.0083339147743464
   0.1086844600   -0.0002345000    0.1937926400
  -0.0018037500   -0.0053109100    0.0028453500
  -0.0015826700   -0.0000055800   -0.0024302100
  -0.0020294000    0.0053439100    0.0027868100
  -0.0014901600    0.0051509400    0.0027923100
  -0.0003169600    0.0005420000   -0.0022090000
  -0.0003170100   -0.0005453100   -0.0022156900
  -0.0015341500   -0.0050378600    0.0028371900
   0.0004064100   -0.0011534100   -0.0024340600
  -0.0012628500   -0.0000008100   -0.0022126000
   0.0004082800    0.0011452800   -0.0024289100
  -0.0012551000   -0.0000059100   -0.0022138300
  -0.0015401500   -0.0056059200    0.0027637400
  -0.0014807200    0.0055216300    0.0028706600
  -0.0003194900   -0.0005363500   -0.0022076000
  -0.0003159000    0.0005524900   -0.0022170100
   0.0024546700    0.0052631700   -0.0149932800
  -0.0000418600    0.0005191100    0.0030548600
  -0.0005507500   -0.0005971100    0.0034264500
  -0.0439695900    0.0215478400   -0.0465919800
   0.0000337100   -0.0001154100    0.0031044100
   0.0001500600   -0.0000029500    0.0036595600
  -0.0001512100    0.0005989200    0.0033871500
   0.0018299800    0.0013913400    0.0022010300
  -0.0005123200    0.0000544400    0.0032953000
  -0.0001870900   -0.0004565200    0.0031994200
   0.0001634600    0.0000044800    0.0037740600
   0.0000705200    0.0000516300    0.0039036200
  -0.0066626500   -0.0267040700   -0.0306709500
   0.0008088600    0.0005905700    0.0023722400
   0.0001614500   -0.0000591000    0.0038383900
  -0.0016096800   -0.0019893700    0.0020295800
  -0.0422873100   -0.0205500200   -0.0379993500
  -0.0005447700    0.0006121600    0.0103582500
  -0.0000158500   -0.0005242500    0.0099810500
   0.0024503000   -0.0052747600   -0.0079948700
  -0.0001427800   -0.0006094200    0.0103199600
   0.0001468000   -0.0000030600    0.0105825100
   0.0000476600    0.0001112400    0.0100093700
   0.0018509200   -0.0013873200    0.0091189100
  -0.0001737800    0.0004732200    0.0101265700
  -0.0005105300   -0.0000593400    0.0102002400
   0.0000722000   -0.0000509600    0.0108142100
   0.0001630900    0.0000010900    0.0106864300
  -0.0066980200    0.0259208900   -0.0231101300
  -0.0015673100    0.0019744800    0.0089499700
   0.0001662900    0.0000468800    0.0107505100
   0.0008269800   -0.0005948500    0.0092879200
   0.0000012500   -0.0000020300   -0.0056533700
  -0.0000083000   -0.0000030900   -0.0056568900
   0.0000007200   -0.0000084300   -0.0056523400
   0.0000138600   -0.0000080600   -0.0056550700
  -0.0000092200   -0.0000039900   -0.0056437800
  -0.0000091700    0.0000021700   -0.0056442300
   0.0000107600    0.0000014400   -0.0056545800
   0.0000046000   -0.0000060500   -0.0056526500
  -0.0000082700   -0.0000017300   -0.0056485100
  -0.0000054000    0.0000009100   -0.0056565000
   0.0000004400    0.0000084500   -0.0056653300
   0.0000003400    0.0000003700   -0.0056668900
   0.0000003400    0.0000085500   -0.0056434600
  -0.0000054500    0.0000019500   -0.0056525300
  -0.0000032100   -0.0000052500   -0.0056547400
  -0.0000016400   -0.0000056500   -0.0056521300
   0.0000120000    0.0000065700   -0.0009252200
  -0.0000020300   -0.0000122400   -0.0009289500
  -0.0000020600   -0.0000007700   -0.0009266400
  -0.0000088300    0.0000005600   -0.0009226300
  -0.0000105200    0.0000067300   -0.0009281000
   0.0000081200    0.0000090400   -0.0009314500
  -0.0000051600   -0.0000003700   -0.0009221900
   0.0000071000   -0.0000048800   -0.0009202600
  -0.0000005600   -0.0000015800   -0.0009204200
  -0.0000055800   -0.0000085600   -0.0009226400
  -0.0000025100    0.0000020200   -0.0009184600
   0.0000085900   -0.0000074800   -0.0009230400
  -0.0000089300   -0.0000057000   -0.0009239100
   0.0000043800    0.0000112700   -0.0009215000
  -0.0000054200    0.0000093200   -0.0009245800
   0.0000091100    0.0000041100   -0.0009199400
   0.0000091900    0.0000062200   -0.0060028900
  -0.0000010400   -0.0000126000   -0.0059972700
  -0.0000002000   -0.0000022000   -0.0060057100
  -0.0000086000   -0.0000022200   -0.0059956100
  -0.0000122500    0.0000082400   -0.0059981100
   0.0000088600    0.0000090700   -0.0059956600
  -0.0000030200   -0.0000002400   -0.0059966100
   0.0000061800   -0.0000049700   -0.0059970100
  -0.0000016000    0.0000014900   -0.0060096700
  -0.0000051300   -0.0000073500   -0.0059971600
  -0.0000013800    0.0000014000   -0.0059897200
   0.0000079400   -0.0000060200   -0.0059941600
  -0.0000124500   -0.0000040900   -0.0059918400
   0.0000034400    0.0000097400   -0.0059953700
  -0.0000031900    0.0000080500   -0.0059930900
   0.0000115900    0.0000052500   -0.0059983700

17   
  0.0055268313285219   0.0000000000000000   0.0083339147743464
  -0.0028520100   -0.0055141900    0.0171044200
   0.0444636800   -0.0218158000    0.0482771400
   0.0000216300   -0.0001403100   -0.0011560400
   0.0005560200    0.0003113600   -0.0014968000
   0.0066902700    0.0271649800    0.0325351200
   0.0006274300    0.0014331300    0.0005272300
  -0.0001658500   -0.0001102000   -0.0019197500
   0.0001356000   -0.0011424000   -0.0010920800
   0.0002914400    0.0002486100   -0.0012174900
  -0.0002116200    0.0000246300   -0.0018902500
  -0.0000228000    0.0000802300   -0.0019506300
   0.0004129600   -0.0008231400   -0.0014318000
   0.0002669900   -0.0002428100   -0.0013883800
  -0.0018478600   -0.0002839500   -0.0002853100
  -0.0001643700    0.0006295900   -0.0012635700
  -0.0001409300    0.0000009900   -0.0017431900
  -0.0565114800    0.0003373000   -0.1047201100
   0.0033682400   -0.0000498700    0.0018202800
  -0.0000417300   -0.0001486200    0.0035943100
   0.0048352800    0.0002170400    0.0008457500
   0.0003019000    0.0014415400    0.0016252600
  -0.0000665600   -0.0000517200    0.0038483100
  -0.0000820300    0.0000595600    0.0039867700
   0.0009239500   -0.0028454700    0.0010405600
  -0.0001058700    0.0000353500    0.0035128100
   0.0000204100   -0.0000123200    0.0039188300
   0.0001482000    0.0001071700    0.0036798800
   0.0000226600    0.0001186700    0.0039170700
   0.0010723300    0.0024922400    0.0011388900
   0.0001622600   -0.0012726400    0.0015293800
   0.0000286200   -0.0000074900    0.0039103900
  -0.0001778900   -0.0001183000    0.0039269600
  -0.0014821900   -0.0000004800    0.0226114100
   0.0017610500    0.0015215300    0.0117272900
   0.0000361200   -0.0000719200    0.0105791100
  -0.0005849900    0.0004457500    0.0101506700
   0.0009287400    0.0006090200    0.0107542900
   0.0000471800    0.0000332000    0.0104213000
   0.0000826900   -0.0000547900    0.0103653700
  -0.0019481800    0.0004315500    0.0111118800
  -0.0001061400    0.0000810000    0.0106176400
  -0.0000125800    0.0000189200    0.0103926700
   0.0000159400   -0.0000128800    0.0105354100
  -0.0000100700    0.0000514500    0.0103913300
  -0.0002318200   -0.0003449400    0.0099720500
  -0.0007741000   -0.0026945200    0.0119051000
   0.0001072800   -0.0000717800    0.0103799100
   0.0000168100    0.0000131600    0.0104018100
  -0.0000043900   -0.0000021000   -0.0056577500
  -0.0000195600   -0.0000018200   -0.0056600400
   0.0000139000    0.0000063200   -0.0056631700
   0.0000145700   -0.0000049700   -0.0056635800
  -0.0000067900   -0.0000222300   -0.0056576400
   0.0000040800    0.0000031400   -0.0056697800
  -0.0000020600   -0.0000165100   -0.0056643100
   0.0000091000   -0.0000190400   -0.0056550500
   0.0000068400    0.0000079300   -0.0056539900
   0.0000054400    0.0000104800   -0.0056679600
  -0.0000007800    0.0000045300   -0.0056678100
   0.0000018100   -0.0000016300   -0.0056677100
   0.0000031800    0.0000090700   -0.0056546700
  -0.0000076800   -0.0000019200   -0.0056557700
   0.0000004200   -0.0000090400   -0.0056649300
   0.0000171000   -0.0000019400   -0.0056543900
   0.0000189000    0.0000116700   -0.0010078000
   0.0000032000   -0.0000098200   -0.0010050100
   0.0000089300   -0.0000041400   -0.0010012200
  -0.0000117800   -0.0000051200   -0.0010148900
  -0.0000073600    0.0000011400   -0.0010010300
   0.0000112500    0.0000046800   -0.0010062300
  -0.0000015400   -0.0000017900   -0.0010071600
   0.0000171200   -0.0000062100   -0.0010049400
   0.0000041200   -0.0000019600   -0.0009992100
   0.0000007500   -0.0000131300   -0.0010074800
   0.0000041100    0.0000030900   -0.0010020900
   0.0000112800   -0.0000128900   -0.0010091700
  -0.0000090700   -0.0000084000   -0.0010188000
   0.0000156400    0.0000075500   -0.0010059300
  -0.0000053300    0.0000057900   -0.0010073900
   0.0000187600    0.0000104500   -0.0010066700
   0.0000215400    0.0000131900   -0.0059321800
   0.0000046800   -0.0000097700   -0.0059199000
   0.0000072500   -0.0000045400   -0.0059319700
  -0.0000133200   -0.0000030500   -0.0059356400
  -0.0000069800    0.0000026100   -0.0059262700
   0.0000109800    0.0000043600   -0.0059197800
  -0.0000013800    0.0000000700   -0.0059253800
   0.0000175500   -0.0000040500   -0.0059293600
   0.0000030900   -0.0000030800   -0.0059323600
   0.0000018700   -0.0000139600   -0.0059217700
   0.0000045100    0.0000032100   -0.0059229300
   0.0000111100   -0.0000123300   -0.0059188700
  -0.0000081500   -0.0000113600   -0.0059269800
   0.0000171300    0.0000065400   -0.0059221700
  -0.0000045200    0.0000055600   -0.0059188400
   0.0000159000    0.0000080600   -0.0059332600

17   
 -0.0055268313285219   0.0000000000000000  -0.0083339147743464
   0.0029588800    0.0055007400   -0.0208540600
  -0.0426146300    0.0207624100   -0.0501726400
   0.0000829300    0.0001078800   -0.0025134900
  -0.0005212200   -0.0003447800   -0.0021647600
  -0.0066107700   -0.0264925000   -0.0356622900
  -0.0005832300   -0.0014624400   -0.0041724700
   0.0002212200    0.0000793300   -0.0017529200
  -0.0000575200    0.0011054500   -0.0026018300
  -0.0002046300   -0.0002495400   -0.0024500400
   0.0002728400   -0.0000572900   -0.0017847500
   0.0000844300   -0.0001063900   -0.0017226300
  -0.0003445200    0.0007971800   -0.0022236400
  -0.0002177100    0.0001854000   -0.0022774600
   0.0019045300    0.0002742800   -0.0033906900
   0.0002365000   -0.0006611100   -0.0024007800
   0.0002096800   -0.0000266900   -0.0019245500
   0.0482707800    0.0028095600    0.1019910700
  -0.0032470200    0.0000082600    0.0060773500
   0.0001143800    0.0001198700    0.0043363600
  -0.0047951000   -0.0002383700    0.0070999400
  -0.0002613500   -0.0014649000    0.0062767900
   0.0001336100    0.0000217700    0.0040916200
   0.0001526700   -0.0000898100    0.0039480400
  -0.0008501800    0.0027917300    0.0068899800
   0.0001757200   -0.0000629200    0.0044219500
   0.0000458600   -0.0000180900    0.0040213200
  -0.0000778500   -0.0001382700    0.0042522200
   0.0000471300   -0.0001508100    0.0040206200
  -0.0010015900   -0.0025106600    0.0067895600
  -0.0001017600    0.0012400300    0.0063810600
   0.0000345600   -0.0000223300    0.0040251900
   0.0002517000    0.0000889700    0.0040174500
   0.0015217500   -0.0000265900   -0.0011990500
  -0.0016858300   -0.0015626900    0.0095149600
   0.0000349600    0.0000443100    0.0106528300
   0.0006753800   -0.0004911000    0.0110577600
  -0.0008981500   -0.0006395100    0.0104644100
   0.0000291800   -0.0000579900    0.0107995100
  -0.0000138400    0.0000261000    0.0108676300
   0.0020132500   -0.0004655900    0.0101064200
   0.0001745500   -0.0001077400    0.0106114300
   0.0000800700   -0.0000523400    0.0108324300
   0.0000528700   -0.0000165400    0.0106910600
   0.0000807100   -0.0000804600    0.0108303200
   0.0002938800    0.0003406100    0.0112408000
   0.0008378900    0.0026299500    0.0093389300
  -0.0000424200    0.0000415800    0.0108443600
   0.0000523700   -0.0000454800    0.0108172300
   0.0000624700   -0.0000261100   -0.0056326200
   0.0000784500   -0.0000310600   -0.0056192100
   0.0000617000   -0.0000189200   -0.0056108800
   0.0000455500   -0.0000285400   -0.0056335200
   0.0000656500   -0.0000165800   -0.0056159300
   0.0000607200   -0.0000286200   -0.0056175500
   0.0000519600   -0.0000332800   -0.0056147900
   0.0000618900   -0.0000207900   -0.0056314000
   0.0000529300   -0.0000282600   -0.0056185100
   0.0000685600   -0.0000334500   -0.0056226600
   0.0000591200   -0.0000205900   -0.0056219600
   0.0000660600   -0.0000220700   -0.0056224400
   0.0000518100   -0.0000447400   -0.0056254100
   0.0000751200   -0.0000462000   -0.0056230700
   0.0000673400   -0.0000289200   -0.0056157400
   0.0000525900   -0.0000362300   -0.0056158700
   0.0000737000   -0.0000180500   -0.0009318600
   0.0000606100   -0.0000503900   -0.0009460400
   0.0000748600   -0.0000388800   -0.0009332000
   0.0000531900   -0.0000280200   -0.0009306600
   0.0000402500   -0.0000182400   -0.0009416600
   0.0000772300   -0.0000182700   -0.0009547000
   0.0000736100   -0.0000234100   -0.0009373300
   0.0000714400   -0.0000342700   -0.0009321200
   0.0000582000   -0.0000211100   -0.0009340600
   0.0000714600   -0.0000308800   -0.0009420600
   0.0000630100   -0.0000287400   -0.0009386500
   0.0000702300   -0.0000404500   -0.0009443400
   0.0000554800   -0.0000311600   -0.0009379700
   0.0000695200   -0.0000185300   -0.0009384500
   0.0000566900   -0.0000205800   -0.0009448500
   0.0000814000   -0.0000133300   -0.0009324700
   0.0000697800   -0.0000182800   -0.0058158800
   0.0000614300   -0.0000492600   -0.0058167300
   0.0000769500   -0.0000393700   -0.0058217700
   0.0000547700   -0.0000297900   -0.0058092100
   0.0000392500   -0.0000178500   -0.0058196900
   0.0000775400   -0.0000188400   -0.0058074300
   0.0000746600   -0.0000263700   -0.0058188900
   0.0000713900   -0.0000377200   -0.0058232200
   0.0000578600   -0.0000192100   -0.0058222400
   0.0000694500   -0.0000301800   -0.0058198200
   0.0000637500   -0.0000299100   -0.0058245400
   0.0000720500   -0.0000396900   -0.0058192800
   0.0000530700   -0.0000285000   -0.0058049000
   0.0000663700   -0.0000173300   -0.0058215300
   0.0000603300   -0.0000190600   -0.0058181700
   0.0000836100   -0.0000124400   -0.0058172700

33   
  0.0055268313285219   0.0000000000000000   0.0083339147743464
   0.0426454300    0.0207824300    0.0465997200
  -0.0029115100    0.0055178400    0.0172984400
   0.0005709300   -0.0003164500   -0.0014039100
  -0.0000394000    0.0001392800   -0.0010563200
   0.0066480500   -0.0264491400    0.0320984700
   0.0001231600    0.0011422200   -0.0009671600
  -0.0001774300    0.0001047000   -0.0018127800
   0.0006386500   -0.0014347100    0.0006033500
   0.0003971800    0.0008287500   -0.0013421500
  -0.0000400200   -0.0000809000   -0.0018447900
  -0.0002197900   -0.0000258200   -0.0017815900
   0.0002530100   -0.0002236400   -0.0011179600
  -0.0001897400   -0.0006392300   -0.0011661700
  -0.0018499900    0.0003038900   -0.0001795900
   0.0002622800    0.0002166900   -0.0012907800
  -0.0001561900    0.0000025300   -0.0016427500
  -0.0014750100   -0.0000008400    0.0157923600
  -0.0006257500   -0.0004646600    0.0035267300
   0.0000147300    0.0000738500    0.0039425000
   0.0017343100   -0.0015308300    0.0050743700
  -0.0019632700   -0.0004341000    0.0044784500
   0.0000648000    0.0000555100    0.0037271200
   0.0000169700   -0.0000311900    0.0037866300
   0.0009441100   -0.0006089400    0.0041296200
  -0.0000028500    0.0000107300    0.0039034800
  -0.0000340100   -0.0000233400    0.0037546000
  -0.0001234800   -0.0000786700    0.0039825400
  -0.0000332600   -0.0000552400    0.0037600600
  -0.0007849600    0.0026567700    0.0052487800
  -0.0002443900    0.0003680300    0.0033533500
  -0.0000062600   -0.0000162400    0.0037700300
   0.0000903400    0.0000713200    0.0037463200
  -0.0528517300    0.0001036100   -0.1054521400
   0.0048380700   -0.0002108600    0.0076887800
  -0.0000656600    0.0001497000    0.0104403100
   0.0032988100    0.0000364600    0.0087041600
   0.0008959300    0.0028187200    0.0078995200
  -0.0001010700   -0.0000598400    0.0108295000
  -0.0000888900    0.0000490700    0.0106949200
   0.0003109600   -0.0014365000    0.0084990600
   0.0001274300   -0.0001113200    0.0105250500
  -0.0000006700    0.0000094400    0.0107637500
  -0.0001247300   -0.0000337800    0.0103562600
   0.0000002800   -0.0001254800    0.0107611400
   0.0001539700    0.0012721700    0.0084041500
   0.0010478000   -0.0024786600    0.0079871000
  -0.0002057600    0.0001177500    0.0107680400
   0.0000128400    0.0000067600    0.0107566300
  -0.0000243300   -0.0000001300   -0.0055507400
   0.0000034400   -0.0000023600   -0.0055427600
  -0.0000106800    0.0000048800   -0.0055467200
  -0.0000379000   -0.0000049900   -0.0055613700
  -0.0000130100    0.0000202900   -0.0055462000
  -0.0000127500    0.0000062800   -0.0055573800
  -0.0000308900   -0.0000079800   -0.0055575600
  -0.0000221900    0.0000109100   -0.0055596700
  -0.0000250400    0.0000037600   -0.0055557900
  -0.0000218900   -0.0000109600   -0.0055676900
  -0.0000105400    0.0000076400   -0.0055711100
  -0.0000134400    0.0000105000   -0.0055655500
  -0.0000372000   -0.0000128500   -0.0055483800
  -0.0000094300   -0.0000186100   -0.0055485900
  -0.0000029700   -0.0000069500   -0.0055561200
  -0.0000236800   -0.0000058600   -0.0055562800
  -0.0000117900    0.0000052100   -0.0008926800
  -0.0000259000   -0.0000264300   -0.0008790900
  -0.0000024600   -0.0000099700   -0.0008596400
  -0.0000211800   -0.0000037000   -0.0008814700
  -0.0000459100    0.0000100400   -0.0008739600
  -0.0000000500    0.0000148500   -0.0008784600
  -0.0000053800    0.0000029300   -0.0008630500
  -0.0000093100   -0.0000099000   -0.0008645500
  -0.0000192800    0.0000088300   -0.0008595300
  -0.0000124800    0.0000023700   -0.0008659600
  -0.0000181100   -0.0000028900   -0.0008602100
  -0.0000104500   -0.0000127900   -0.0008633900
  -0.0000229500    0.0000025400   -0.0008926300
  -0.0000205200    0.0000130600   -0.0008753900
  -0.0000223800    0.0000072000   -0.0008680800
   0.0000057800    0.0000166800   -0.0008624000
  -0.0000071500    0.0000107300   -0.0058743900
  -0.0000206300   -0.0000255200   -0.0058507200
  -0.0000035500   -0.0000109900   -0.0058583600
  -0.0000285800   -0.0000009000   -0.0058710000
  -0.0000446400    0.0000147100   -0.0058538600
   0.0000002200    0.0000145000   -0.0058388200
  -0.0000054600    0.0000032800   -0.0058580200
  -0.0000100800   -0.0000049400   -0.0058696700
  -0.0000220900    0.0000077700   -0.0058621000
  -0.0000126900    0.0000001200   -0.0058632200
  -0.0000152600   -0.0000031500   -0.0058597900
  -0.0000100500   -0.0000100000   -0.0058564000
  -0.0000263900   -0.0000048900   -0.0058666800
  -0.0000159200    0.0000095800   -0.0058669900
  -0.0000177800    0.0000065400   -0.0058514900
   0.0000006500    0.0000136900   -0.0058633200

33   
 -0.0055268313285219   0.0000000000000000  -0.0083339147743464
  -0.0443855600   -0.0218015100   -0.0519175300
   0.0029425200   -0.0055272800   -0.0207539400
  -0.0004827100    0.0003124700   -0.0021383900
   0.0000512000   -0.0001424000   -0.0024766300
  -0.0066272200    0.0271747000   -0.0361785600
  -0.0000559500   -0.0011406200   -0.0025397500
   0.0002353000   -0.0001046900   -0.0017123800
  -0.0005414000    0.0014309100   -0.0041600500
  -0.0003400400   -0.0008147200   -0.0022002200
   0.0001004600    0.0000794000   -0.0016820500
   0.0002845300    0.0000281900   -0.0017421900
  -0.0002135900    0.0002505600   -0.0024135900
   0.0002307700    0.0006289000   -0.0023688200
   0.0019280600   -0.0002772200   -0.0033472400
  -0.0001944700   -0.0002357900   -0.0022434200
   0.0002220300    0.0000032900   -0.0018901200
   0.0015538200    0.0000011300   -0.0080125800
   0.0006605000    0.0004444800    0.0044467000
   0.0000358200   -0.0000712700    0.0040183900
  -0.0016833500    0.0015208700    0.0028717300
   0.0020189100    0.0004359100    0.0034788200
  -0.0000058700   -0.0000497000    0.0042347600
   0.0000268600    0.0000363900    0.0041728400
  -0.0008519900    0.0006096200    0.0038477400
   0.0000600800   -0.0000110500    0.0040617300
   0.0000835500    0.0000175100    0.0042049500
   0.0001814400    0.0000839200    0.0039776900
   0.0000849300    0.0000531600    0.0042062600
   0.0008456400   -0.0026886500    0.0026867200
   0.0003081400   -0.0003384000    0.0046290800
   0.0000561600    0.0000175800    0.0041946100
  -0.0000334100   -0.0000683700    0.0042203900
   0.0494110400    0.0000944500    0.1058169100
  -0.0047539500    0.0002144400    0.0138109500
   0.0001141600   -0.0001473800    0.0110629000
  -0.0032938500   -0.0000464600    0.0128371600
  -0.0008506300   -0.0028356900    0.0136217500
   0.0001584100    0.0000640300    0.0106683500
   0.0001414400   -0.0000489600    0.0108123500
  -0.0002281500    0.0014445200    0.0130311200
  -0.0000721600    0.0001098900    0.0109782000
   0.0000509700   -0.0000119700    0.0107384600
   0.0001808100    0.0000387500    0.0111472500
   0.0000521100    0.0001204600    0.0107396100
  -0.0000905800   -0.0012721900    0.0131332700
  -0.0009929100    0.0024947000    0.0135172700
   0.0002509500   -0.0001140300    0.0107313400
   0.0000449500   -0.0000041900    0.0107447600
   0.0000699900    0.0000053400   -0.0055952100
   0.0000530100    0.0000067500   -0.0055882100
   0.0000677300    0.0000073800   -0.0055749900
   0.0000857100    0.0000055400   -0.0055795300
   0.0000632000   -0.0000212400   -0.0055816300
   0.0000678100   -0.0000046300   -0.0055686000
   0.0000634300   -0.0000057900   -0.0055688800
   0.0000794800   -0.0000168500   -0.0055817700
   0.0000692700   -0.0000002700   -0.0055689100
   0.0000747800    0.0000071800   -0.0055755000
   0.0000563100    0.0000064400   -0.0055739500
   0.0000733700   -0.0000119500   -0.0055800400
   0.0000802200    0.0000122800   -0.0055753100
   0.0000594300    0.0000065200   -0.0055862700
   0.0000571000    0.0000047200   -0.0055645400
   0.0000746600   -0.0000038300   -0.0055688100
   0.0000832900    0.0000164400   -0.0007912200
   0.0000755400   -0.0000135600   -0.0008221900
   0.0000783000   -0.0000006600   -0.0008150000
   0.0000482500    0.0000105100   -0.0007962500
   0.0000547800    0.0000169200   -0.0008165500
   0.0000871100    0.0000174400   -0.0008252500
   0.0000738600    0.0000087600   -0.0008096300
   0.0000699900    0.0000040500   -0.0008031500
   0.0000708800   -0.0000011700   -0.0008078900
   0.0000734400   -0.0000162800   -0.0008104200
   0.0000676200   -0.0000053600   -0.0008149600
   0.0000741000   -0.0000118500   -0.0008230300
   0.0000582300   -0.0000160000   -0.0008006200
   0.0000808900    0.0000001000   -0.0008112000
   0.0000647700    0.0000036000   -0.0008279600
   0.0000820500    0.0000093900   -0.0008139600
   0.0000771400    0.0000127900   -0.0057755700
   0.0000736000   -0.0000126400   -0.0057800600
   0.0000798300   -0.0000007800   -0.0057985100
   0.0000551100    0.0000078100   -0.0057866500
   0.0000529200    0.0000151800   -0.0057880600
   0.0000862800    0.0000167100   -0.0057892100
   0.0000754000    0.0000065700   -0.0058013900
   0.0000710800   -0.0000022000   -0.0057969100
   0.0000713000    0.0000008700   -0.0058023300
   0.0000718900   -0.0000142700   -0.0057969600
   0.0000668900   -0.0000061100   -0.0057980900
   0.0000759100   -0.0000128600   -0.0057942800
   0.0000591300   -0.0000087100   -0.0057737700
   0.0000753200    0.0000035900   -0.0057805400
   0.0000657700    0.0000057900   -0.0057875700
   0.0000860300    0.0000106600   -0.0057953400

49   
  0.0055268313285219   0.0000000000000000   0.0083339147743464
   0.0000261700    0.0000353200   -0.0018665400
   0.0000250400    0.0000285500   -0.0018689200
   0.0000305000    0.0000336900   -0.0018688300
   0.0000378400    0.0000304800   -0.0018689600
   0.0000196200    0.0000342400   -0.0018677600
   0.0000367400    0.0000388300   -0.0018625900
   0.0000266700    0.0000371700   -0.0018563900
   0.0000364700    0.0000280400   -0.0018618000
   0.0000309700    0.0000358400   -0.0018686300
   0.0000291400    0.0000306100   -0.0018561400
   0.0000245900    0.0000316200   -0.0018574000
   0.0000341400    0.0000207600   -0.0018707300
   0.0000277600    0.0000323700   -0.0018674000
   0.0000276000    0.0000319700   -0.0018615000
   0.0000235200    0.0000345500   -0.0018694400
   0.0000400300    0.0000318000   -0.0018699800
   0.0000263600    0.0000317400    0.0039438000
   0.0000346000    0.0000317100    0.0039592300
   0.0000335100    0.0000327500    0.0039436800
   0.0000235000    0.0000348400    0.0039431900
   0.0000302100    0.0000375900    0.0039544600
   0.0000335600    0.0000350100    0.0039542600
   0.0000282500    0.0000313900    0.0039378600
   0.0000237700    0.0000354900    0.0039475600
   0.0000304200    0.0000343800    0.0039480300
   0.0000295800    0.0000283700    0.0039454900
   0.0000282800    0.0000301100    0.0039404800
   0.0000281900    0.0000350200    0.0039467400
   0.0000247800    0.0000274200    0.0039457300
   0.0000310400    0.0000251700    0.0039551400
   0.0000329100    0.0000296900    0.0039468100
   0.0000271900    0.0000300100    0.0039476800
   0.0000254000    0.0000320400    0.0107084400
   0.0000201300    0.0000304400    0.0106892000
   0.0000360400    0.0000319500    0.0106932000
   0.0000372900    0.0000345200    0.0107100900
   0.0000213800    0.0000252100    0.0106949300
   0.0000276900    0.0000315700    0.0106802500
   0.0000371600    0.0000262400    0.0106998600
   0.0000305900    0.0000236900    0.0107055300
   0.0000303400    0.0000360400    0.0106878900
   0.0000301400    0.0000369000    0.0106904200
   0.0000300900    0.0000298500    0.0106972100
   0.0000263800    0.0000278300    0.0106908000
   0.0000309600    0.0000407500    0.0107057600
   0.0000244500    0.0000371700    0.0106951200
   0.0000270700    0.0000319300    0.0106908200
   0.0000345100    0.0000349100    0.0106898900
  -0.0851879400   -0.0032639900   -0.0499827200
   0.0136124500   -0.0021114900   -0.0187141600
   0.0012435900    0.0000161900   -0.0067506400
   0.0135670600    0.0020657100   -0.0185210100
   0.0009974900    0.0093286000   -0.0186860300
   0.0014548200    0.0004695900   -0.0063534200
   0.0014798400   -0.0004207200   -0.0063244700
   0.0011020400   -0.0093373100   -0.0185391300
   0.0000673600    0.0007189200   -0.0067533400
   0.0007025200    0.0000548300   -0.0063471200
   0.0000690300   -0.0006412900   -0.0067535200
   0.0007047000    0.0000503600   -0.0063457200
   0.0010675600    0.0052717600   -0.0185886900
   0.0010222200   -0.0050447100   -0.0186419100
   0.0014960300   -0.0004205300   -0.0063426400
   0.0014688100    0.0004790000   -0.0063279700
   0.0055866900    0.0000937000    0.0065285400
  -0.0005897000   -0.0008850100   -0.0004544700
  -0.0017102000   -0.0002872500   -0.0005738900
   0.0151152400   -0.0054938500    0.0281611800
  -0.0011945600    0.0002094600   -0.0004036300
  -0.0005402400    0.0000355500   -0.0013236100
  -0.0006799600    0.0014701900   -0.0006095900
   0.0019342100    0.0011443800    0.0004369100
  -0.0010630200   -0.0001860800   -0.0004669800
   0.0005853100   -0.0001554400   -0.0005583700
  -0.0000689600    0.0003546300   -0.0007629000
  -0.0001126300   -0.0002898100   -0.0006047500
   0.0055063700    0.0056149300    0.0174568400
   0.0005809600    0.0008317000    0.0005437200
  -0.0006487900    0.0000093300   -0.0006899200
  -0.0013421800   -0.0018477400    0.0003229000
   0.0163880100    0.0063988200    0.0243003000
  -0.0017427900    0.0002904700   -0.0055306200
  -0.0005838700    0.0009213000   -0.0054170000
   0.0055074300   -0.0000091000    0.0012815700
  -0.0007476300   -0.0013699500   -0.0055828400
  -0.0005495000    0.0000351400   -0.0062287500
  -0.0011563700   -0.0001154400   -0.0053796400
   0.0019288900   -0.0010781500   -0.0045709600
   0.0005362800    0.0001969800   -0.0055216300
  -0.0010184300    0.0002438200   -0.0054291300
  -0.0001234100    0.0003246500   -0.0055664800
  -0.0000551600   -0.0003245400   -0.0057263800
   0.0053928800   -0.0061644300    0.0126699400
  -0.0013453300    0.0019406100   -0.0046802100
  -0.0006506400    0.0000740900   -0.0056404800
   0.0005809200   -0.0007354600   -0.0044537300

49   
 -0.0055268313285219   0.0000000000000000  -0.0083339147743464
  -0.0000254100   -0.0000082400   -0.0018401600
  -0.0000241800   -0.0000113300   -0.0018374900
  -0.0000321900   -0.0000135600   -0.0018394200
  -0.0000413000   -0.0000107000   -0.0018381000
  -0.0000272300   -0.0000058300   -0.0018385600
  -0.0000333700   -0.0000123300   -0.0018449800
  -0.0000306600   -0.0000102300   -0.0018498300
  -0.0000319200   -0.0000060300   -0.0018448800
  -0.0000353800   -0.0000138000   -0.0018396200
  -0.0000282100   -0.0000094900   -0.0018503800
  -0.0000294800   -0.0000070600   -0.0018493800
  -0.0000300300   -0.0000046700   -0.0018369300
  -0.0000311000   -0.0000101200   -0.0018391500
  -0.0000269600   -0.0000090700   -0.0018445800
  -0.0000283300   -0.0000066900   -0.0018373900
  -0.0000368700   -0.0000048000   -0.0018374800
  -0.0000254700   -0.0000102600    0.0038510800
  -0.0000371200   -0.0000099800    0.0038352000
  -0.0000340100   -0.0000107400    0.0038476400
  -0.0000261700   -0.0000111600    0.0038521700
  -0.0000317300   -0.0000143900    0.0038382300
  -0.0000370400   -0.0000111100    0.0038436100
  -0.0000311000   -0.0000104700    0.0038534100
  -0.0000243700   -0.0000123300    0.0038511000
  -0.0000303400   -0.0000118800    0.0038455300
  -0.0000332100   -0.0000060900    0.0038495100
  -0.0000307100   -0.0000075400    0.0038507600
  -0.0000309200   -0.0000130300    0.0038482300
  -0.0000267200   -0.0000061600    0.0038467800
  -0.0000323600   -0.0000019000    0.0038429300
  -0.0000344700   -0.0000061800    0.0038453100
  -0.0000308500   -0.0000081700    0.0038497500
  -0.0000239200   -0.0000101900    0.0105993500
  -0.0000228400   -0.0000080100    0.0106183300
  -0.0000360900   -0.0000095400    0.0106166500
  -0.0000402700   -0.0000105800    0.0105960400
  -0.0000222100   -0.0000029000    0.0106149000
  -0.0000312200   -0.0000074000    0.0106238900
  -0.0000399700   -0.0000054900    0.0106111800
  -0.0000312500   -0.0000003800    0.0105977700
  -0.0000297800   -0.0000132900    0.0106198400
  -0.0000335700   -0.0000143900    0.0106165100
  -0.0000318600   -0.0000068400    0.0106127400
  -0.0000295100   -0.0000050100    0.0106164800
  -0.0000325000   -0.0000196500    0.0106036900
  -0.0000261500   -0.0000141300    0.0106087900
  -0.0000281700   -0.0000090700    0.0106194100
  -0.0000381100   -0.0000132600    0.0106144800
   0.0853696400    0.0006573800    0.0335528100
  -0.0136222000    0.0020457400    0.0071992000
  -0.0012505500   -0.0000220200   -0.0045795000
  -0.0135867000   -0.0021339000    0.0073727000
  -0.0011046900   -0.0094079000    0.0072278000
  -0.0015072100   -0.0004554100   -0.0050001700
  -0.0014553200    0.0004310300   -0.0049736000
  -0.0010039400    0.0092531600    0.0073479900
  -0.0000717200   -0.0006785100   -0.0045753300
  -0.0007069700    0.0000185200   -0.0049840000
  -0.0000819200    0.0006675200   -0.0045779200
  -0.0007049600   -0.0000101700   -0.0049879900
  -0.0010011000   -0.0050715500    0.0073138900
  -0.0011079600    0.0052426800    0.0072615800
  -0.0014853900    0.0004390600   -0.0049886800
  -0.0014742400   -0.0004545300   -0.0049896200
  -0.0055342600   -0.0000582900   -0.0081652800
   0.0005846200    0.0008805700   -0.0014164400
   0.0017290700    0.0002806900   -0.0012863300
  -0.0162418500    0.0062664300   -0.0310171100
   0.0011509800   -0.0001676200   -0.0014546000
   0.0005689500   -0.0000022100   -0.0005718600
   0.0007093000   -0.0014240100   -0.0012341200
  -0.0019189800   -0.0011019900   -0.0022656200
   0.0010389800    0.0002103200   -0.0013932300
  -0.0005587200    0.0001470700   -0.0013059900
   0.0000646100   -0.0003395300   -0.0010793000
   0.0001079700    0.0002802200   -0.0012627500
  -0.0054116500   -0.0061170000   -0.0194634200
  -0.0005561100   -0.0007927600   -0.0023835000
   0.0006234800    0.0000228800   -0.0011716100
   0.0013478800    0.0018811900   -0.0021547900
  -0.0152539900   -0.0056097100   -0.0351846600
   0.0017245100   -0.0003202500   -0.0063433400
   0.0005896900   -0.0009004300   -0.0064766900
  -0.0055635300    0.0000386700   -0.0133789600
   0.0006877700    0.0014217000   -0.0063087700
   0.0005646500   -0.0000019600   -0.0056244000
   0.0011694700    0.0001527900   -0.0065245900
  -0.0019291200    0.0011215500   -0.0073500300
  -0.0005601100   -0.0001881500   -0.0063726500
   0.0010449100   -0.0002386500   -0.0064525200
   0.0001254800   -0.0003082600   -0.0063373000
   0.0000572300    0.0003122100   -0.0061621000
  -0.0055167300    0.0056542200   -0.0244074400
   0.0013765600   -0.0019145500   -0.0072452000
   0.0006293400   -0.0000414100   -0.0062490900
  -0.0005685300    0.0007806700   -0.0074484400

65   
  0.0055268313285219   0.0000000000000000   0.0083339147743464
  -0.0000369600    0.0000009900   -0.0018868200
  -0.0000286400   -0.0000062700   -0.0018939200
  -0.0000326200   -0.0000035600   -0.0018853700
  -0.0000348500   -0.0000044800   -0.0018870600
  -0.0000394200    0.0000082000   -0.0018945600
  -0.0000292300    0.0000006800   -0.0018926400
  -0.0000343800    0.0000044200   -0.0018914800
  -0.0000310600    0.0000003200   -0.0018931300
  -0.0000399800   -0.0000004800   -0.0018850400
  -0.0000312200   -0.0000048300   -0.0018920200
  -0.0000359800   -0.0000024600   -0.0018963500
  -0.0000262700   -0.0000016400   -0.0018908500
  -0.0000364200    0.0000038900   -0.0018870300
  -0.0000295400    0.0000022600   -0.0018929600
  -0.0000331600    0.0000040500   -0.0018920100
  -0.0000343100    0.0000021500   -0.0018882100
  -0.0000286400    0.0000032700    0.0038515700
  -0.0000375700    0.0000007600    0.0038519500
  -0.0000389000   -0.0000005000    0.0038548100
  -0.0000308300    0.0000033800    0.0038612800
  -0.0000349900   -0.0000025600    0.0038527000
  -0.0000373800   -0.0000028000    0.0038574400
  -0.0000330500   -0.0000025800    0.0038625000
  -0.0000308400   -0.0000041800    0.0038624400
  -0.0000354000   -0.0000020600    0.0038596500
  -0.0000344200    0.0000009600    0.0038625800
  -0.0000322100    0.0000031100    0.0038580500
  -0.0000336200   -0.0000036600    0.0038599700
  -0.0000344000   -0.0000003200    0.0038619900
  -0.0000327900    0.0000043400    0.0038616700
  -0.0000357000    0.0000018700    0.0038583100
  -0.0000332000   -0.0000000600    0.0038632100
  -0.0000378600   -0.0000039900    0.0105502500
  -0.0000253000   -0.0000045800    0.0105577600
  -0.0000328700   -0.0000004700    0.0105807500
  -0.0000402700    0.0000025800    0.0105706700
  -0.0000319200    0.0000098600    0.0105531000
  -0.0000262300    0.0000027300    0.0105728400
  -0.0000349600   -0.0000008000    0.0105766000
  -0.0000423300    0.0000030400    0.0105618000
  -0.0000317300    0.0000040700    0.0105751500
  -0.0000332400   -0.0000006500    0.0105770600
  -0.0000347800    0.0000027500    0.0105806600
  -0.0000362100    0.0000041600    0.0105724800
  -0.0000386500   -0.0000081900    0.0105709900
  -0.0000318000   -0.0000087500    0.0105655300
  -0.0000314200   -0.0000033000    0.0105765500
  -0.0000339100   -0.0000002800    0.0105748000
  -0.0062247600   -0.0067007900    0.0093374600
   0.0280388500   -0.0131073600    0.0165333600
  -0.0013152400    0.0006399600   -0.0056915000
  -0.0011202500   -0.0003684400   -0.0049387500
   0.0053555200    0.0196741000    0.0128374500
  -0.0006176100   -0.0014374600   -0.0050088000
  -0.0006855500    0.0001512400   -0.0054815500
  -0.0002943300    0.0012278100   -0.0037434000
  -0.0002416400   -0.0003660000   -0.0058395000
  -0.0000174700   -0.0003771800   -0.0055006000
  -0.0002951700    0.0002357700   -0.0054620400
  -0.0003676700    0.0000768500   -0.0047788300
  -0.0008387200   -0.0004009600   -0.0054604400
   0.0018575300    0.0001944000   -0.0043831400
  -0.0011658300    0.0004425600   -0.0051463300
  -0.0006185900   -0.0000045700   -0.0060896400
  -0.0294856800    0.0001505900   -0.0874397800
   0.0052307100    0.0003378800   -0.0021546300
   0.0007477900   -0.0001086000   -0.0009640100
   0.0064632900   -0.0003329400   -0.0029875500
   0.0007876700    0.0018140900   -0.0023731200
   0.0001063400    0.0000332600   -0.0009822600
   0.0001590000   -0.0000497100   -0.0008572200
   0.0014614100   -0.0029414200   -0.0027656500
   0.0000017100    0.0004290800   -0.0010208700
   0.0000613600    0.0000218100   -0.0009180000
   0.0001785800   -0.0003301700   -0.0009052600
   0.0000631600    0.0000911500   -0.0009219000
   0.0014591300    0.0036222100   -0.0027939300
   0.0008129000   -0.0025158800   -0.0023546000
   0.0002151400   -0.0000856600   -0.0009064000
   0.0000558100   -0.0000021500   -0.0009335900
  -0.0078487800    0.0000142900    0.0218065100
   0.0014190500    0.0021661200   -0.0042199000
   0.0003434400   -0.0001313400   -0.0059544400
  -0.0001318800   -0.0004383200   -0.0052642700
   0.0001502900   -0.0001346200   -0.0049881900
   0.0003605900    0.0002126200   -0.0061117400
   0.0004882700   -0.0002734200   -0.0058923900
  -0.0020892500    0.0005987600   -0.0045020300
   0.0000182600    0.0001858500   -0.0058871500
   0.0000033500    0.0000657400   -0.0060036100
   0.0002328400   -0.0000662100   -0.0060240400
   0.0000070300   -0.0002137300   -0.0059987700
  -0.0006133300    0.0011245000   -0.0055013900
  -0.0013331200   -0.0033380600   -0.0039700400
   0.0002410600   -0.0001331600   -0.0060411700
   0.0006063100    0.0003470900   -0.0059600100

65   
 -0.0055268313285219   0.0000000000000000  -0.0083339147743464
   0.0000152700    0.0000008400   -0.0018967800
   0.0000066800   -0.0000111100   -0.0018911500
   0.0000091800   -0.0000064600   -0.0018987100
   0.0000089300   -0.0000102900   -0.0018967000
   0.0000018900   -0.0000083700   -0.0018887200
   0.0000136000   -0.0000060300   -0.0018895900
   0.0000065200   -0.0000062300   -0.0018901900
   0.0000184500   -0.0000084800   -0.0018901800
   0.0000094800   -0.0000071700   -0.0018969400
   0.0000088900   -0.0000065700   -0.0018897900
   0.0000099600   -0.0000045200   -0.0018862600
   0.0000130400   -0.0000131800   -0.0018915600
   0.0000072600   -0.0000108300   -0.0018946500
   0.0000136500   -0.0000080100   -0.0018892100
   0.0000033000   -0.0000063600   -0.0018914600
   0.0000166100   -0.0000066700   -0.0018961700
   0.0000081700   -0.0000097700    0.0039056100
   0.0000098400   -0.0000105500    0.0039079400
   0.0000138700   -0.0000080100    0.0038988100
   0.0000060700   -0.0000066400    0.0038987600
   0.0000085800   -0.0000041800    0.0039014600
   0.0000135600   -0.0000038600    0.0039057300
   0.0000110400   -0.0000079900    0.0038941800
   0.0000051700   -0.0000060000    0.0039064200
   0.0000140500   -0.0000045400    0.0039001400
   0.0000078600   -0.0000080400    0.0038980300
   0.0000092800   -0.0000079100    0.0038979600
   0.0000067300   -0.0000053000    0.0038999300
   0.0000067900   -0.0000119500    0.0038933200
   0.0000103300   -0.0000104900    0.0039064000
   0.0000116400   -0.0000114600    0.0038973400
   0.0000094800   -0.0000070400    0.0039015900
   0.0000177300   -0.0000025900    0.0106505200
  -0.0000025000   -0.0000048700    0.0106399100
   0.0000085700   -0.0000075200    0.0106236700
   0.0000152700   -0.0000053300    0.0106272200
   0.0000057700   -0.0000166900    0.0106507100
   0.0000030600   -0.0000094000    0.0106213100
   0.0000129600   -0.0000102000    0.0106249100
   0.0000169000   -0.0000130200    0.0106273500
   0.0000106600   -0.0000104500    0.0106232800
   0.0000066300   -0.0000060700    0.0106200300
   0.0000121200   -0.0000074700    0.0106215500
   0.0000094200   -0.0000128700    0.0106247900
   0.0000115300   -0.0000045400    0.0106320100
   0.0000093600    0.0000024400    0.0106237500
   0.0000076400   -0.0000068200    0.0106260000
   0.0000103400   -0.0000068500    0.0106179600
   0.0061986900    0.0067123100   -0.0207994200
  -0.0266486900    0.0122151600   -0.0270701500
   0.0012696100   -0.0006387000   -0.0057074800
   0.0010869500    0.0003595800   -0.0064842700
  -0.0054596900   -0.0190710800   -0.0240367100
   0.0006043800    0.0014157300   -0.0063851500
   0.0006571200   -0.0001719400   -0.0059095600
   0.0002754100   -0.0012596100   -0.0076595500
   0.0001989800    0.0003748100   -0.0055506300
   0.0000034800    0.0003848800   -0.0058946600
   0.0002512600   -0.0002291900   -0.0059279600
   0.0003502400   -0.0000895400   -0.0066299500
   0.0007942500    0.0003971000   -0.0059246400
  -0.0018695300   -0.0002055000   -0.0070226300
   0.0011210100   -0.0004345400   -0.0062411100
   0.0005905800   -0.0000100500   -0.0053000200
   0.0307316600    0.0008761500    0.0855528800
  -0.0052142100   -0.0003613700    0.0001441900
  -0.0007528400    0.0000874600   -0.0010201700
  -0.0065596300    0.0003589700    0.0010321300
  -0.0008633200   -0.0018332900    0.0003630500
  -0.0001075100   -0.0000122700   -0.0010272500
  -0.0001692400    0.0000583600   -0.0011299100
  -0.0014850200    0.0029325200    0.0008210000
  -0.0000292000   -0.0004314500   -0.0009553600
  -0.0000777800   -0.0000468600   -0.0010702400
  -0.0002040800    0.0003093000   -0.0010735400
  -0.0000803800   -0.0001218000   -0.0010713200
  -0.0014652700   -0.0036486500    0.0008045400
  -0.0008400200    0.0024894400    0.0003789900
  -0.0002425600    0.0000801400   -0.0010940500
  -0.0000482200    0.0000123800   -0.0010478800
   0.0076262200    0.0000064100   -0.0333220700
  -0.0014656900   -0.0021938100   -0.0076237000
  -0.0003473900    0.0001093300   -0.0059353700
   0.0001002100    0.0004172000   -0.0066432900
  -0.0002605300    0.0001344900   -0.0069020700
  -0.0003528300   -0.0001896100   -0.0057522000
  -0.0004962900    0.0002814100   -0.0060000000
   0.0020793600   -0.0006276600   -0.0073750800
  -0.0000437200   -0.0001891300   -0.0060132600
  -0.0000176100   -0.0000924800   -0.0058851300
  -0.0002567000    0.0000441900   -0.0058687800
  -0.0000166700    0.0001788600   -0.0058879300
   0.0005509800   -0.0011210500   -0.0064045500
   0.0012829400    0.0033210100   -0.0078641100
  -0.0002698700    0.0001323600   -0.0058386200
  -0.0005994700   -0.0003445600   -0.0059375800

81   
  0.0055268313285219   0.0000000000000000   0.0083339147743464
  -0.0000068700   -0.0000074500   -0.0018683000
  -0.0000002400   -0.0000150400   -0.0018755300
  -0.0000026600   -0.0000134100   -0.0018701100
  -0.0000046900   -0.0000148100   -0.0018709100
  -0.0000091400   -0.0000028400   -0.0018752400
   0.0000001600   -0.0000103400   -0.0018762500
  -0.0000069800   -0.0000076200   -0.0018748000
   0.0000004100   -0.0000113200   -0.0018758200
  -0.0000111300   -0.0000091500   -0.0018683900
  -0.0000018700   -0.0000130600   -0.0018745900
  -0.0000057100   -0.0000108000   -0.0018800800
   0.0000037000   -0.0000134600   -0.0018754400
  -0.0000085600   -0.0000079900   -0.0018709100
  -0.0000004600   -0.0000081700   -0.0018752300
  -0.0000044000   -0.0000048900   -0.0018759200
  -0.0000018300   -0.0000077700   -0.0018722200
   0.0000010700   -0.0000068000    0.0038599400
  -0.0000066700   -0.0000075100    0.0038567800
  -0.0000095900   -0.0000104900    0.0038622900
  -0.0000017000   -0.0000082300    0.0038718400
  -0.0000041000   -0.0000146400    0.0038579100
  -0.0000080800   -0.0000127600    0.0038667900
  -0.0000039100   -0.0000119300    0.0038697300
  -0.0000002000   -0.0000136300    0.0038729400
  -0.0000036900   -0.0000122500    0.0038668000
  -0.0000068300   -0.0000107800    0.0038715800
  -0.0000040200   -0.0000064700    0.0038678700
  -0.0000020600   -0.0000120600    0.0038680700
  -0.0000045700   -0.0000093700    0.0038682800
  -0.0000005200   -0.0000055700    0.0038700600
  -0.0000064400   -0.0000070500    0.0038666300
  -0.0000051900   -0.0000101100    0.0038709400
  -0.0000074900   -0.0000114200    0.0105851400
   0.0000006200   -0.0000128700    0.0105848500
  -0.0000008900   -0.0000118400    0.0106026700
  -0.0000087900   -0.0000088900    0.0105943200
  -0.0000055000   -0.0000053400    0.0105854800
   0.0000025400   -0.0000067200    0.0105911700
  -0.0000029400   -0.0000104700    0.0106010800
  -0.0000108900   -0.0000076100    0.0105885700
  -0.0000011100   -0.0000050900    0.0105982600
  -0.0000048200   -0.0000115200    0.0105983100
  -0.0000048100   -0.0000076300    0.0106038700
  -0.0000058000   -0.0000056400    0.0105977100
  -0.0000087900   -0.0000148700    0.0105974000
  -0.0000008400   -0.0000178800    0.0105897200
  -0.0000017600   -0.0000143100    0.0105994000
  -0.0000053400   -0.0000100800    0.0105989900
   0.0268196200    0.0123171000    0.0157594200
  -0.0062634400    0.0067441500    0.0094031900
  -0.0010941600    0.0003613700   -0.0049061500
  -0.0012735300   -0.0006425200   -0.0056706800
   0.0054489000   -0.0192194500    0.0126874000
  -0.0002747200   -0.0012653300   -0.0037221300
  -0.0006565500   -0.0001698900   -0.0054604500
  -0.0005941800    0.0014081300   -0.0050020200
  -0.0003494300   -0.0000845200   -0.0047455500
  -0.0002490500   -0.0002338600   -0.0054451400
  -0.0000043900    0.0003810300   -0.0054753100
  -0.0002056200    0.0003678800   -0.0058196000
  -0.0011280800   -0.0004389700   -0.0051228300
   0.0018822400   -0.0001925700   -0.0043561200
  -0.0008043200    0.0004007500   -0.0054354500
  -0.0005910900   -0.0000156800   -0.0060614300
  -0.0076030800    0.0000067100    0.0264113600
  -0.0000978900    0.0004079600   -0.0002841700
   0.0003785600    0.0001070900   -0.0009742000
   0.0014382800   -0.0021575200    0.0007325300
  -0.0020744200   -0.0006182300    0.0004599900
   0.0005255500    0.0002842600   -0.0009191700
   0.0003806500   -0.0002044800   -0.0011369700
   0.0002271800    0.0001142200   -0.0000000300
   0.0002620300    0.0000510500   -0.0010412700
   0.0000308100   -0.0001000100   -0.0010253200
   0.0000429100   -0.0001979600   -0.0009001600
   0.0000301300    0.0001771700   -0.0010303100
  -0.0012802400    0.0032900100    0.0009551800
  -0.0005518500   -0.0011260800   -0.0005152200
   0.0006131900   -0.0003522200   -0.0009880500
   0.0002870800    0.0001437500   -0.0010671400
  -0.0313507400    0.0011067800   -0.0928164500
   0.0065559500    0.0003461600   -0.0079367700
   0.0007853000    0.0000858100   -0.0059060600
   0.0052077000   -0.0003429700   -0.0070727700
   0.0014737200    0.0029330800   -0.0077281200
   0.0002009800    0.0000604200   -0.0057857200
   0.0001393600   -0.0000280200   -0.0059199400
   0.0008486800   -0.0018573400   -0.0072903300
   0.0002084400    0.0003166600   -0.0058527000
   0.0000939100   -0.0000552900   -0.0058590200
   0.0000287900   -0.0004427600   -0.0059661300
   0.0000950600   -0.0001226600   -0.0058559500
   0.0008390800    0.0024863900   -0.0072865300
   0.0014681600   -0.0036452000   -0.0077193400
   0.0000674000    0.0000033100   -0.0058715500
   0.0002604900    0.0000922700   -0.0058424900

81   
 -0.0055268313285219   0.0000000000000000  -0.0083339147743464
  -0.0000154000    0.0000031300   -0.0019141300
  -0.0000172700   -0.0000029100   -0.0019066200
  -0.0000209600   -0.0000041000   -0.0019136500
  -0.0000179300   -0.0000003700   -0.0019114300
  -0.0000226700    0.0000064000   -0.0019072000
  -0.0000183500    0.0000046900   -0.0019062800
  -0.0000159600    0.0000078700   -0.0019070300
  -0.0000152400    0.0000020000   -0.0019063600
  -0.0000199700   -0.0000051700   -0.0019135100
  -0.0000169700    0.0000005900   -0.0019064500
  -0.0000202000   -0.0000027700   -0.0019018000
  -0.0000142800   -0.0000040200   -0.0019060000
  -0.0000138800    0.0000003300   -0.0019123400
  -0.0000197800    0.0000027600   -0.0019059700
  -0.0000180500    0.0000053700   -0.0019064200
  -0.0000204800    0.0000050100   -0.0019115800
  -0.0000236800   -0.0000015700    0.0039056700
  -0.0000152700   -0.0000030500    0.0039141900
  -0.0000144100   -0.0000002400    0.0039013500
  -0.0000196800    0.0000020100    0.0039013000
  -0.0000206600    0.0000073700    0.0039110100
  -0.0000131600    0.0000044900    0.0039059700
  -0.0000168200    0.0000011900    0.0039014200
  -0.0000227700    0.0000020800    0.0039028100
  -0.0000163100    0.0000032100    0.0039012700
  -0.0000177500    0.0000008400    0.0039003900
  -0.0000186300   -0.0000005100    0.0038961500
  -0.0000202700    0.0000019300    0.0039032000
  -0.0000197200   -0.0000012100    0.0039007200
  -0.0000194500   -0.0000032100    0.0039040200
  -0.0000152100   -0.0000015700    0.0039058000
  -0.0000187400    0.0000020800    0.0039008300
  -0.0000148400    0.0000028200    0.0106000300
  -0.0000235500    0.0000023500    0.0105947100
  -0.0000224400    0.0000011700    0.0105837700
  -0.0000127000    0.0000025900    0.0105832200
  -0.0000192000   -0.0000022800    0.0105964700
  -0.0000236200   -0.0000012800    0.0105864700
  -0.0000179500   -0.0000004200    0.0105787800
  -0.0000120700   -0.0000036500    0.0105867100
  -0.0000189100   -0.0000040700    0.0105845800
  -0.0000197100    0.0000017700    0.0105804100
  -0.0000178900    0.0000008400    0.0105830600
  -0.0000167400   -0.0000047900    0.0105812800
  -0.0000151300    0.0000044400    0.0105846900
  -0.0000194300    0.0000090700    0.0105868500
  -0.0000199500    0.0000053600    0.0105791700
  -0.0000186700    0.0000023200    0.0105797400
  -0.0282823600   -0.0132158000   -0.0280064200
   0.0062188100   -0.0067342500   -0.0207322300
   0.0010895600   -0.0003639800   -0.0064772300
   0.0012730300    0.0006359500   -0.0057241900
  -0.0054149800    0.0198154000   -0.0242595000
   0.0002537600    0.0012561800   -0.0076664400
   0.0006341800    0.0001428500   -0.0059379700
   0.0005716700   -0.0014442900   -0.0063758800
   0.0003146400    0.0000922000   -0.0066273400
   0.0002316200    0.0002408600   -0.0059521700
  -0.0000320200   -0.0003693200   -0.0059169200
   0.0001923800   -0.0003725600   -0.0055744400
   0.0011144900    0.0004541200   -0.0062525400
  -0.0019177600    0.0001790400   -0.0070085100
   0.0007893000   -0.0004140400   -0.0059403700
   0.0005769200   -0.0000044300   -0.0053133200
   0.0078234100    0.0000141700   -0.0287455800
   0.0000528000   -0.0004645500   -0.0016757200
  -0.0003864400   -0.0001294200   -0.0009830400
  -0.0014711400    0.0021663600   -0.0027237500
   0.0020140800    0.0006041000   -0.0024511700
  -0.0005278900   -0.0002685700   -0.0010609800
  -0.0004038800    0.0002070600   -0.0008214300
  -0.0001902400   -0.0001490100   -0.0019438400
  -0.0002859600   -0.0000588600   -0.0009097800
  -0.0000523900    0.0000670800   -0.0009425500
  -0.0000732500    0.0001815800   -0.0010611700
  -0.0000490500   -0.0002111300   -0.0009399200
   0.0012687000   -0.0033359400   -0.0029824500
   0.0005593900    0.0011624200   -0.0014299600
  -0.0006462800    0.0003488900   -0.0009856800
  -0.0002836600   -0.0001308600   -0.0008865600
   0.0345258000    0.0000516700    0.0834752200
  -0.0065343700   -0.0003547900   -0.0039680900
  -0.0007916800   -0.0001097800   -0.0059864900
  -0.0053055400    0.0003579400   -0.0048088200
  -0.0015220500   -0.0029259900   -0.0041868400
  -0.0002033100   -0.0000463100   -0.0060794000
  -0.0001517000    0.0000267700   -0.0059744600
  -0.0008460200    0.0018046500   -0.0045929600
  -0.0002344300   -0.0003239000   -0.0060505900
  -0.0001136700    0.0000216300   -0.0060285200
  -0.0000534100    0.0004253100   -0.0059213100
  -0.0001073100    0.0000943000   -0.0060258700
  -0.0008761300   -0.0025409500   -0.0046050500
  -0.0015151000    0.0036529900   -0.0041691700
  -0.0000956700    0.0000006900   -0.0060053900
  -0.0002641000   -0.0000843400   -0.0060524600
