   4   64
1 1
    59.267086990202245     0.000000000000000     0.000000000000000
     0.000000000000000    59.267086990202230     0.000000000000000
     0.000000000000000     0.000000000000000    15.372055967287995
1 2
    -4.606317303382306     0.342766707243230    -0.023354350929800
    -0.342766707243228     2.588401791970363    -0.013561418900507
     0.023354350929800    -0.013561418900507     0.371881265931363
1 3
    -0.238539219499230    -0.000000000000000     0.000000000000000
    -0.000000000000000     0.375486295683023    -0.007526621624090
     0.000000000000000    -0.007526621624090     0.013271716491180
1 4
    -4.606317303382306    -0.342766707243228     0.023354350929800
     0.342766707243230     2.588401791970363    -0.013561418900507
    -0.023354350929800    -0.013561418900507     0.371881265931363
1 5
     0.789722018132196    -3.458171462077432    -0.023421708744101
    -2.772638047590975    -2.807637529544138    -0.013444751743850
    -0.000067357814301     0.027006170644357     0.371881265931362
1 6
    -0.518548465965905    -0.208215723324708     0.000977114483013
    -0.208215723324707    -0.278121658143840     0.000564137309797
     0.000391231647321     0.000225877696896    -0.071795460579704
1 7
    -0.518548465965905     0.208215723324708    -0.000977114483013
     0.208215723324708    -0.278121658143840     0.000564137309797
    -0.000391231647321     0.000225877696896    -0.071795460579704
1 8
     0.789722018132197     3.458171462077431     0.023421708744101
     2.772638047590974    -2.807637529544139    -0.013444751743850
     0.000067357814301     0.027006170644357     0.371881265931363
1 9
     0.221979916887459    -0.265880847359829    -0.006518245531135
    -0.265880847359829    -0.085032840703667     0.003763310812045
    -0.006518245531135     0.003763310812045     0.013271716491180
1 10
    -0.157908254232807    -0.000000000000000     0.000000000000000
    -0.000000000000000    -0.638761869876937    -0.001128274619594
     0.000000000000000    -0.000451755393792    -0.071795460579704
1 11
     0.221979916887459     0.265880847359829     0.006518245531135
     0.265880847359829    -0.085032840703667     0.003763310812045
     0.006518245531135     0.003763310812045     0.013271716491180
1 12
    -0.157908254232807    -0.000000000000000     0.000000000000000
    -0.000000000000000    -0.638761869876937    -0.000451755393792
     0.000000000000000    -0.001128274619594    -0.071795460579704
1 13
     0.789722018132196    -2.772638047590975    -0.000067357814301
    -3.458171462077432    -2.807637529544138     0.027006170644357
    -0.023421708744101    -0.013444751743850     0.371881265931362
1 14
     0.789722018132197     2.772638047590974     0.000067357814301
     3.458171462077431    -2.807637529544139     0.027006170644357
     0.023421708744101    -0.013444751743850     0.371881265931363
1 15
    -0.518548465965905     0.208215723324708    -0.000391231647321
     0.208215723324708    -0.278121658143840     0.000225877696896
    -0.000977114483013     0.000564137309797    -0.071795460579704
1 16
    -0.518548465965905    -0.208215723324707     0.000391231647321
    -0.208215723324708    -0.278121658143840     0.000225877696896
     0.000977114483013     0.000564137309797    -0.071795460579704
1 17
   -19.957421559847731    -5.453549980235825     0.017936089742430
    -5.453549980235822   -13.660204461591279     0.010355406241001
    -0.010847374174929    -0.006262734399896    -6.053062935068707
1 18
     0.152784766455859     0.682634253991108     0.005656137806372
     0.679459921920867     0.011781738617849     0.002862892920620
    -0.005647462190060    -0.003583832739056     0.437878818840506
1 19
     0.152784766455859    -0.682634253991108    -0.005656137806372
    -0.679459921920868     0.011781738617850     0.002862892920620
     0.005647462190060    -0.003583832739056     0.437878818840505
1 20
   -19.957421559847734     5.453549980235822    -0.017936089742430
     5.453549980235824   -13.660204461591277     0.010355406241001
     0.010847374174929    -0.006262734399896    -6.053062935068700
1 21
     0.636836574920652     0.399992480001994     0.005307406900757
     0.403166812072234    -0.472270069846944     0.003466912567313
    -0.005927421289967    -0.003098929353976     0.437878818840506
1 22
     0.588988884717563     0.000000000000000     0.000000000000000
     0.000000000000000     0.588988884717563     0.000000000000000
     0.000000000000000     0.000000000000000    -0.184079495905102
1 23
     0.636836574920652    -0.399992480001994    -0.005307406900757
    -0.403166812072234    -0.472270069846944     0.003466912567313
     0.005927421289967    -0.003098929353976     0.437878818840506
1 24
    -1.893566059655282     0.000000000000000     0.000000000000000
     0.000000000000000     0.858794426334509     0.007437835225064
     0.000000000000000    -0.003972584442211    -0.361110212597362
1 25
    -0.542771583765948    -0.277880275883753    -0.000348730905614
    -0.281054607953993     0.707338088839656    -0.006329805487933
    -0.000279959099907     0.006682762093032     0.437878818840506
1 26
    -0.542771583765948     0.277880275883753     0.000348730905614
     0.281054607953993     0.707338088839656    -0.006329805487933
     0.000279959099907     0.006682762093032     0.437878818840506
1 27
    -0.070527001610554    -0.224054812445476     0.000367799847601
    -0.224054812445476     0.188189210946699     0.000212349341020
    -0.001537334881044    -0.000887580707405    -0.004211559045497
1 28
    -0.070527001610554     0.224054812445476    -0.000367799847601
     0.224054812445476     0.188189210946699     0.000212349341020
     0.001537334881044    -0.000887580707405    -0.004211559045497
1 29
   -10.511595912463049    -0.000000000000003     0.000000000000000
    -0.000000000000003   -23.106030108975968    -0.020710812482002
     0.000000000000000     0.012525468799792    -6.053062935068702
1 30
     0.170704304837061    -1.191807050619822     0.006441354254068
    -1.191807050619822    -1.205475938157834    -0.003718917612532
    -0.003440359045634     0.001986292221106    -0.361110212597361
1 31
     0.317547317225326    -0.000000000000000     0.000000000000000
    -0.000000000000000    -0.199885107889180    -0.000424698682040
     0.000000000000000     0.001775161414810    -0.004211559045497
1 32
     0.170704304837062     1.191807050619822    -0.006441354254068
     1.191807050619822    -1.205475938157834    -0.003718917612532
     0.003440359045634     0.001986292221106    -0.361110212597361
1 33
     0.028622368001218    -0.005201118242493    -0.107108519805266
    -0.005201118242493     0.034628102035999    -0.061839132742073
    -0.007220975919427    -0.004169032390893    -0.039648466861157
1 34
    -0.048851515473131     0.020304165602491    -0.003618697681512
    -0.017975402759188     0.014355449295332    -0.007578886627723
     0.000029345330560     0.003162499835279    -0.007634048957020
1 35
    -0.048851515473131    -0.020304165602491     0.003618697681512
     0.017975402759188     0.014355449295332    -0.007578886627723
    -0.000029345330560     0.003162499835279    -0.007634048957020
1 36
     0.028622368001218     0.005201118242493     0.107108519805266
     0.005201118242493     0.034628102035999    -0.061839132742073
     0.007220975919427    -0.004169032390893    -0.039648466861157
1 37
    -0.000437908005939    -0.045927012062812    -0.008372857192767
    -0.007647443701134    -0.034058158171860     0.000655559193056
     0.002753477862096    -0.001555836115892    -0.007634048957020
1 38
    -0.027041837809438     0.000000000000000     0.000000000000000
    -0.000000000000000    -0.027041837809438     0.000000000000000
     0.000000000000000     0.000000000000000    -0.007341763152376
1 39
    -0.000437908005939     0.045927012062812     0.008372857192767
     0.007647443701134    -0.034058158171860     0.000655559193056
    -0.002753477862096    -0.001555836115892    -0.007634048957020
1 40
    -0.010582293677072     0.000000000000000     0.000000000000000
     0.000000000000000    -0.036151025550825    -0.000543549764711
     0.000000000000000     0.002623094278456    -0.009139507020232
1 41
    -0.002454675787628    -0.008811825122785    -0.004754159511255
    -0.047091393484463    -0.032041390390170     0.006923327434667
     0.002724132531536    -0.001606663719387    -0.007634048957020
1 42
    -0.002454675787628     0.008811825122785     0.004754159511255
     0.047091393484463    -0.032041390390170     0.006923327434667
    -0.002724132531536    -0.001606663719387    -0.007634048957020
1 43
    -0.014509730896951    -0.000995583734877     0.003507309084723
    -0.000995583734877    -0.013360129822287     0.002024945844196
    -0.001770555590696    -0.001022230746904    -0.005085205038958
1 44
    -0.014509730896951     0.000995583734877    -0.003507309084723
     0.000995583734877    -0.013360129822287     0.002024945844196
     0.001770555590696    -0.001022230746904    -0.005085205038958
1 45
     0.037630969053390     0.000000000000000     0.000000000000000
     0.000000000000000     0.025619500983827     0.123678265484145
     0.000000000000000     0.008338064781786    -0.039648466861157
1 46
    -0.029758842582387     0.011071585672612    -0.000470727904460
     0.011071585672612    -0.016974476645510     0.000271774882355
     0.002271666281665    -0.001311547139228    -0.009139507020232
1 47
    -0.012785329284955    -0.000000000000000     0.000000000000000
    -0.000000000000000    -0.015084531434283    -0.004049891688393
     0.000000000000000     0.002044461493807    -0.005085205038958
1 48
    -0.029758842582387    -0.011071585672612     0.000470727904460
    -0.011071585672612    -0.016974476645510     0.000271774882355
    -0.002271666281665    -0.001311547139228    -0.009139507020232
1 49
     0.012974988402739     0.017005985515815     0.050164987875139
     0.017005985515815    -0.006661832228042     0.028962769253606
     0.012367699499897     0.007140494635522    -0.003464685620228
1 50
     0.017035204800649    -0.000000000000000     0.000000000000000
    -0.000000000000000     0.003174093569421     0.003522937816347
     0.000000000000000     0.000042550078667    -0.006492636237810
1 51
     0.012974988402739    -0.017005985515815    -0.050164987875139
    -0.017005985515815    -0.006661832228042     0.028962769253606
    -0.012367699499897     0.007140494635522    -0.003464685620228
1 52
    -0.069978335052269     0.000000000000000     0.000000000000000
     0.000000000000000    -0.011815159745151     0.031275294671352
     0.000000000000000    -0.014400220695057    -0.036287450635039
1 53
     0.006639371377228     0.006002037225463     0.003050953644909
     0.006002037225463     0.013569926992842    -0.001761468908174
     0.000036849449059    -0.000021275039333    -0.006492636237810
1 54
     0.006639371377228    -0.006002037225463    -0.003050953644909
    -0.006002037225463     0.013569926992842    -0.001761468908174
    -0.000036849449059    -0.000021275039333    -0.006492636237810
1 55
    -0.023143366526083    -0.003103365796530     0.009371315293210
    -0.004855205100225     0.000485061752966    -0.004613549947994
     0.004765450629362    -0.001021956498099    -0.006119552955961
1 56
    -0.023143366526083     0.003103365796530    -0.009371315293210
     0.004855205100225     0.000485061752966    -0.004613549947994
    -0.004765450629362    -0.001021956498099    -0.006119552955961
1 57
    -0.016480242543433     0.000000000000000     0.000000000000000
     0.000000000000000     0.022793398718129    -0.057925538507212
     0.000000000000000    -0.014280989271044    -0.003464685620228
1 58
    -0.008868207604001    -0.013096971946614     0.000690206190014
    -0.011345132642919    -0.013790097169116     0.010422572084791
     0.001497685025764     0.004637979554558    -0.006119552955961
1 59
    -0.010895353810176     0.000000000000000     0.000000000000000
    -0.000000000000000    -0.010895353810176     0.000000000000000
     0.000000000000000     0.000000000000000    -0.010208017004209
1 60
    -0.008868207604001     0.013096971946614    -0.000690206190014
     0.011345132642919    -0.013790097169116     0.010422572084791
    -0.001497685025764     0.004637979554558    -0.006119552955961
1 61
    -0.026355953571930    -0.025185393690366     0.027085199696235
    -0.025185393690366    -0.055437541225490    -0.015637647335676
    -0.012470956942022     0.007200110347528    -0.036287450635039
1 62
    -0.001975883029592    -0.007365847194541    -0.008681109103196
    -0.009117686498236    -0.020682421743526    -0.005809022136797
    -0.003267765603598    -0.003616023056458    -0.006119552955961
1 63
    -0.001975883029592     0.007365847194541     0.008681109103196
     0.009117686498236    -0.020682421743526    -0.005809022136797
     0.003267765603598    -0.003616023056458    -0.006119552955961
1 64
    -0.026355953571930     0.025185393690366    -0.027085199696235
     0.025185393690366    -0.055437541225490    -0.015637647335676
     0.012470956942022     0.007200110347528    -0.036287450635039
17 1
   -19.957421559847731    -5.453549980235822    -0.010847374174929
    -5.453549980235825   -13.660204461591279    -0.006262734399896
     0.017936089742430     0.010355406241001    -6.053062935068707
17 2
   -19.957421559847734     5.453549980235824     0.010847374174929
     5.453549980235822   -13.660204461591277    -0.006262734399896
    -0.017936089742430     0.010355406241001    -6.053062935068700
17 3
     0.152784766455859    -0.679459921920868     0.005647462190060
    -0.682634253991108     0.011781738617850    -0.003583832739056
    -0.005656137806372     0.002862892920620     0.437878818840505
17 4
     0.152784766455859     0.679459921920867    -0.005647462190060
     0.682634253991108     0.011781738617849    -0.003583832739056
     0.005656137806372     0.002862892920620     0.437878818840506
17 5
   -10.511595912463049    -0.000000000000003     0.000000000000000
    -0.000000000000003   -23.106030108975968     0.012525468799792
     0.000000000000000    -0.020710812482002    -6.053062935068702
17 6
     0.170704304837062     1.191807050619822     0.003440359045634
     1.191807050619822    -1.205475938157834     0.001986292221106
    -0.006441354254068    -0.003718917612532    -0.361110212597361
17 7
     0.317547317225326    -0.000000000000000     0.000000000000000
    -0.000000000000000    -0.199885107889180     0.001775161414810
     0.000000000000000    -0.000424698682040    -0.004211559045497
17 8
     0.170704304837061    -1.191807050619822    -0.003440359045634
    -1.191807050619822    -1.205475938157834     0.001986292221106
     0.006441354254068    -0.003718917612532    -0.361110212597361
17 9
    -0.542771583765948    -0.281054607953993    -0.000279959099907
    -0.277880275883753     0.707338088839656     0.006682762093032
    -0.000348730905614    -0.006329805487933     0.437878818840506
17 10
    -0.070527001610554     0.224054812445476     0.001537334881044
     0.224054812445476     0.188189210946699    -0.000887580707405
    -0.000367799847601     0.000212349341020    -0.004211559045497
17 11
    -0.070527001610554    -0.224054812445476    -0.001537334881044
    -0.224054812445476     0.188189210946699    -0.000887580707405
     0.000367799847601     0.000212349341020    -0.004211559045497
17 12
    -0.542771583765948     0.281054607953993     0.000279959099907
     0.277880275883753     0.707338088839656     0.006682762093032
     0.000348730905614    -0.006329805487933     0.437878818840506
17 13
     0.636836574920652     0.403166812072234    -0.005927421289967
     0.399992480001994    -0.472270069846944    -0.003098929353976
     0.005307406900757     0.003466912567313     0.437878818840506
17 14
    -1.893566059655282     0.000000000000000     0.000000000000000
     0.000000000000000     0.858794426334509    -0.003972584442211
     0.000000000000000     0.007437835225064    -0.361110212597362
17 15
     0.636836574920652    -0.403166812072234     0.005927421289967
    -0.399992480001994    -0.472270069846944    -0.003098929353976
    -0.005307406900757     0.003466912567313     0.437878818840506
17 16
     0.588988884717563     0.000000000000000     0.000000000000000
     0.000000000000000     0.588988884717563     0.000000000000000
     0.000000000000000     0.000000000000000    -0.184079495905102
17 17
    58.589444567258610     0.000000000000000     0.000000000000000
     0.000000000000000    58.589444567258603     0.000000000000000
     0.000000000000000     0.000000000000000    14.851382084080672
17 18
    -4.578602881042978    -0.343037141708165    -0.022993104919023
     0.343037141708168     2.606626723029816     0.019273333025921
     0.022993104919023     0.019273333025921     0.391225326915886
17 19
    -0.216295726033584    -0.000000000000000     0.000000000000000
    -0.000000000000000     0.401347501560211     0.006993804442733
     0.000000000000000     0.006993804442733     0.028132634506537
17 20
    -4.578602881042978     0.343037141708168     0.022993104919023
    -0.343037141708165     2.606626723029816     0.019273333025921
    -0.022993104919023     0.019273333025921     0.391225326915886
17 21
     0.810319322011617    -2.768258542867356     0.005194643556534
    -3.454332826283689    -2.782295480024780    -0.029549279484715
     0.028187748475557     0.010275946458794     0.391225326915885
17 22
    -0.494823597565882    -0.206153902262278    -0.001366697567582
    -0.206153902262277    -0.256777575634647    -0.000789063208544
     0.002111753423845     0.001219221407719    -0.059186167191255
17 23
    -0.494823597565882     0.206153902262277     0.001366697567582
     0.206153902262278    -0.256777575634647    -0.000789063208544
    -0.002111753423845     0.001219221407719    -0.059186167191255
17 24
     0.810319322011619     2.768258542867355    -0.005194643556534
     3.454332826283689    -2.782295480024780    -0.029549279484715
    -0.028187748475557     0.010275946458794     0.391225326915885
17 25
     0.246936694661762    -0.267447362785820     0.006056812316507
    -0.267447362785820    -0.061884919135135    -0.003496902221367
     0.006056812316507    -0.003496902221367     0.028132634506537
17 26
    -0.137754564669029    -0.000000000000000     0.000000000000000
    -0.000000000000000    -0.613846608531500     0.001578126417088
     0.000000000000000    -0.002438442815439    -0.059186167191255
17 27
     0.246936694661762     0.267447362785820    -0.006056812316507
     0.267447362785820    -0.061884919135135    -0.003496902221367
    -0.006056812316507    -0.003496902221367     0.028132634506537
17 28
    -0.137754564669029    -0.000000000000000     0.000000000000000
    -0.000000000000000    -0.613846608531500    -0.002438442815439
     0.000000000000000     0.001578126417088    -0.059186167191255
17 29
     0.810319322011617    -3.454332826283689     0.028187748475557
    -2.768258542867356    -2.782295480024780     0.010275946458794
     0.005194643556534    -0.029549279484715     0.391225326915885
17 30
     0.810319322011619     3.454332826283689    -0.028187748475557
     2.768258542867355    -2.782295480024780     0.010275946458794
    -0.005194643556534    -0.029549279484715     0.391225326915885
17 31
    -0.494823597565882     0.206153902262278    -0.002111753423845
     0.206153902262277    -0.256777575634647     0.001219221407719
     0.001366697567582    -0.000789063208544    -0.059186167191255
17 32
    -0.494823597565882    -0.206153902262277     0.002111753423845
    -0.206153902262278    -0.256777575634647     0.001219221407719
    -0.001366697567582    -0.000789063208544    -0.059186167191255
17 33
     0.062016453529595     0.000000000000000     0.000000000000000
     0.000000000000000     0.062016453529595     0.000000000000000
     0.000000000000000     0.000000000000000     0.026467582808915
17 34
    -0.022131846481636    -0.033505488381578    -0.016603243836993
    -0.006689087143012     0.037766353597557     0.009589361188012
     0.010160293774875    -0.005091523752270    -0.004397472365025
17 35
    -0.002130945513880    -0.000000000000000     0.000000000000000
    -0.000000000000000     0.019026545020630     0.002673029386251
     0.000000000000000    -0.004115561314841    -0.000502670933516
17 36
    -0.022131846481636     0.033505488381578     0.016603243836993
     0.006689087143012     0.037766353597557     0.009589361188012
    -0.010160293774875    -0.005091523752270    -0.004397472365025
17 37
     0.005387041828445    -0.022577124716637     0.000003008476387
    -0.049393525955203     0.010247465287476    -0.019173511542069
     0.000670757974000     0.011344834395090    -0.004397472365025
17 38
     0.000638767979144     0.004681951887762     0.003932051609803
     0.004681951887762    -0.004767484386321     0.002270171055387
    -0.001975459374659    -0.001140532001733     0.000136448281348
17 39
     0.000638767979144    -0.004681951887762    -0.003932051609803
    -0.004681951887762    -0.004767484386321     0.002270171055387
     0.001975459374659    -0.001140532001733     0.000136448281348
17 40
     0.005387041828445     0.022577124716637    -0.000003008476387
     0.049393525955203     0.010247465287476    -0.019173511542069
    -0.000670757974000     0.011344834395090    -0.004397472365025
17 41
     0.013737172387002    -0.009161462141607     0.002314911353555
    -0.009161462141607     0.003158427119747    -0.001336514693125
    -0.003564180649484     0.002057780657420    -0.000502670933516
17 42
    -0.007470610569054     0.000000000000000     0.000000000000000
     0.000000000000000     0.003341894161876    -0.004540342110774
     0.000000000000000     0.002281064003465     0.000136448281348
17 43
     0.013737172387002     0.009161462141607    -0.002314911353555
     0.009161462141607     0.003158427119747    -0.001336514693125
     0.003564180649484     0.002057780657420    -0.000502670933516
17 44
    -0.010733295010077     0.000000000000000     0.000000000000000
     0.000000000000000    -0.039904164649618     0.000899448018684
     0.000000000000000     0.000696372793375     0.003136845842186
17 45
     0.040196565327072    -0.029296238192908     0.016606252313379
    -0.002479836954341    -0.024562058211152     0.009584150354057
    -0.009489535800875    -0.006253310642820    -0.004397472365025
17 46
     0.040196565327072     0.029296238192908    -0.016606252313379
     0.002479836954341    -0.024562058211152     0.009584150354057
     0.009489535800875    -0.006253310642820    -0.004397472365025
17 47
    -0.032611447239733     0.012631357079163     0.000778944833564
     0.012631357079163    -0.018026012419963    -0.000449724009342
     0.000603076529567    -0.000348186396688     0.003136845842186
17 48
    -0.032611447239733    -0.012631357079163    -0.000778944833564
    -0.012631357079163    -0.018026012419963    -0.000449724009342
    -0.000603076529567    -0.000348186396688     0.003136845842186
17 49
    -0.018408270767509     0.016573489322847     0.017036268253333
     0.016573489322847    -0.037545687811424     0.009835894062049
    -0.033798101195111    -0.019513342823096    -0.049546730871374
17 50
     0.005734174680028    -0.001503392745048    -0.009830299696108
     0.011121370824658    -0.002204707429869     0.007492460517863
    -0.004337655862245    -0.000984006772234     0.002348799912152
17 51
     0.005734174680028     0.001503392745048     0.009830299696108
    -0.011121370824658    -0.002204707429869     0.007492460517863
     0.004337655862245    -0.000984006772234     0.002348799912152
17 52
    -0.018408270767509    -0.016573489322847    -0.017036268253333
    -0.016573489322847    -0.037545687811424     0.009835894062049
     0.033798101195111    -0.019513342823096    -0.049546730871374
17 53
     0.003944719772597     0.012154513097166     0.001573511297267
    -0.000470250472540    -0.000415252522438    -0.012259519522575
    -0.003021002793373    -0.003264516783462     0.002348799912152
17 54
    -0.008110706395560     0.000000000000000     0.000000000000000
    -0.000000000000000    -0.008110706395560     0.000000000000000
     0.000000000000000     0.000000000000000    -0.003195321910935
17 55
     0.003944719772597    -0.012154513097166    -0.001573511297267
     0.000470250472540    -0.000415252522438    -0.012259519522575
     0.003021002793373    -0.003264516783462     0.002348799912152
17 56
    -0.008874936114095     0.000000000000000     0.000000000000000
    -0.000000000000000     0.019239886946098     0.042734965912377
     0.000000000000000     0.003736488699382     0.003941850632103
17 57
    -0.004384693577387    -0.005279239512345     0.011403810993375
     0.007345524057361     0.007914160827546     0.004767059004713
     0.001316653068872     0.004248523555695     0.002348799912152
17 58
    -0.004384693577387     0.005279239512345    -0.011403810993375
    -0.007345524057361     0.007914160827546     0.004767059004713
    -0.001316653068872     0.004248523555695     0.002348799912152
17 59
     0.006259376337899    -0.010472041827388     0.001832707155576
    -0.010472041827388     0.018351448673913     0.001058113969618
    -0.000687083750499    -0.000396687988306     0.000489434005232
17 60
     0.006259376337899     0.010472041827388    -0.001832707155576
     0.010472041827388     0.018351448673913     0.001058113969618
     0.000687083750499    -0.000396687988306     0.000489434005232
17 61
    -0.047114396333381    -0.000000000000000     0.000000000000000
    -0.000000000000000    -0.008839562245552    -0.019671788124098
     0.000000000000000     0.039026685646191    -0.049546730871374
17 62
     0.012211181181050    -0.012174075496516     0.037009566109981
    -0.012174075496516    -0.001846230349047    -0.021367482956189
     0.003235894134619    -0.001868244349691     0.003941850632103
17 63
     0.024397484841920     0.000000000000000     0.000000000000000
     0.000000000000000     0.000213340169891    -0.002116227939235
     0.000000000000000     0.000793375976613     0.000489434005232
17 64
     0.012211181181050     0.012174075496516    -0.037009566109981
     0.012174075496516    -0.001846230349047    -0.021367482956189
    -0.003235894134619    -0.001868244349691     0.003941850632103
33 1
     0.028622368001218    -0.005201118242493    -0.007220975919427
    -0.005201118242493     0.034628102035999    -0.004169032390893
    -0.107108519805266    -0.061839132742073    -0.039648466861157
33 2
     0.028622368001218     0.005201118242493     0.007220975919427
     0.005201118242493     0.034628102035999    -0.004169032390893
     0.107108519805266    -0.061839132742073    -0.039648466861157
33 3
    -0.048851515473131     0.017975402759188    -0.000029345330560
    -0.020304165602491     0.014355449295332     0.003162499835279
     0.003618697681512    -0.007578886627723    -0.007634048957020
33 4
    -0.048851515473131    -0.017975402759188     0.000029345330560
     0.020304165602491     0.014355449295332     0.003162499835279
    -0.003618697681512    -0.007578886627723    -0.007634048957020
33 5
     0.037630969053390     0.000000000000000     0.000000000000000
     0.000000000000000     0.025619500983827     0.008338064781786
     0.000000000000000     0.123678265484145    -0.039648466861157
33 6
    -0.029758842582387    -0.011071585672612    -0.002271666281665
    -0.011071585672612    -0.016974476645510    -0.001311547139228
     0.000470727904460     0.000271774882355    -0.009139507020232
33 7
    -0.012785329284955    -0.000000000000000     0.000000000000000
    -0.000000000000000    -0.015084531434283     0.002044461493807
     0.000000000000000    -0.004049891688393    -0.005085205038958
33 8
    -0.029758842582387     0.011071585672612     0.002271666281665
     0.011071585672612    -0.016974476645510    -0.001311547139228
    -0.000470727904460     0.000271774882355    -0.009139507020232
33 9
    -0.002454675787628    -0.047091393484463     0.002724132531536
    -0.008811825122785    -0.032041390390170    -0.001606663719387
    -0.004754159511255     0.006923327434667    -0.007634048957020
33 10
    -0.014509730896951     0.000995583734877     0.001770555590696
     0.000995583734877    -0.013360129822287    -0.001022230746904
    -0.003507309084723     0.002024945844196    -0.005085205038958
33 11
    -0.014509730896951    -0.000995583734877    -0.001770555590696
    -0.000995583734877    -0.013360129822287    -0.001022230746904
     0.003507309084723     0.002024945844196    -0.005085205038958
33 12
    -0.002454675787628     0.047091393484463    -0.002724132531536
     0.008811825122785    -0.032041390390170    -0.001606663719387
     0.004754159511255     0.006923327434667    -0.007634048957020
33 13
    -0.000437908005939    -0.007647443701134     0.002753477862096
    -0.045927012062812    -0.034058158171860    -0.001555836115892
    -0.008372857192767     0.000655559193056    -0.007634048957020
33 14
    -0.010582293677072     0.000000000000000     0.000000000000000
     0.000000000000000    -0.036151025550825     0.002623094278456
     0.000000000000000    -0.000543549764711    -0.009139507020232
33 15
    -0.000437908005939     0.007647443701134    -0.002753477862096
     0.045927012062812    -0.034058158171860    -0.001555836115892
     0.008372857192767     0.000655559193056    -0.007634048957020
33 16
    -0.027041837809438    -0.000000000000000     0.000000000000000
     0.000000000000000    -0.027041837809438     0.000000000000000
     0.000000000000000     0.000000000000000    -0.007341763152376
33 17
     0.062016453529595     0.000000000000000     0.000000000000000
     0.000000000000000     0.062016453529595     0.000000000000000
     0.000000000000000     0.000000000000000     0.026467582808915
33 18
    -0.022131846481636     0.006689087143012    -0.010160293774875
     0.033505488381578     0.037766353597557    -0.005091523752270
     0.016603243836993     0.009589361188012    -0.004397472365025
33 19
    -0.002130945513880    -0.000000000000000     0.000000000000000
    -0.000000000000000     0.019026545020630    -0.004115561314841
     0.000000000000000     0.002673029386251    -0.000502670933516
33 20
    -0.022131846481636    -0.006689087143012     0.010160293774875
    -0.033505488381578     0.037766353597557    -0.005091523752270
    -0.016603243836993     0.009589361188012    -0.004397472365025
33 21
     0.040196565327072    -0.002479836954341    -0.009489535800875
    -0.029296238192908    -0.024562058211152    -0.006253310642820
     0.016606252313379     0.009584150354057    -0.004397472365025
33 22
    -0.032611447239733    -0.012631357079163    -0.000603076529567
    -0.012631357079163    -0.018026012419963    -0.000348186396688
    -0.000778944833564    -0.000449724009342     0.003136845842186
33 23
    -0.032611447239733     0.012631357079163     0.000603076529567
     0.012631357079163    -0.018026012419963    -0.000348186396688
     0.000778944833564    -0.000449724009342     0.003136845842186
33 24
     0.040196565327072     0.002479836954341     0.009489535800875
     0.029296238192908    -0.024562058211152    -0.006253310642820
    -0.016606252313379     0.009584150354057    -0.004397472365025
33 25
     0.013737172387002    -0.009161462141607    -0.003564180649484
    -0.009161462141607     0.003158427119747     0.002057780657420
     0.002314911353555    -0.001336514693125    -0.000502670933516
33 26
    -0.010733295010077     0.000000000000000     0.000000000000000
     0.000000000000000    -0.039904164649618     0.000696372793375
     0.000000000000000     0.000899448018684     0.003136845842186
33 27
     0.013737172387002     0.009161462141607     0.003564180649484
     0.009161462141607     0.003158427119747     0.002057780657420
    -0.002314911353555    -0.001336514693125    -0.000502670933516
33 28
    -0.007470610569054     0.000000000000000     0.000000000000000
     0.000000000000000     0.003341894161876     0.002281064003465
     0.000000000000000    -0.004540342110774     0.000136448281348
33 29
     0.005387041828445    -0.049393525955203     0.000670757974000
    -0.022577124716637     0.010247465287476     0.011344834395090
     0.000003008476387    -0.019173511542069    -0.004397472365025
33 30
     0.005387041828445     0.049393525955203    -0.000670757974000
     0.022577124716637     0.010247465287476     0.011344834395090
    -0.000003008476387    -0.019173511542069    -0.004397472365025
33 31
     0.000638767979144    -0.004681951887762     0.001975459374659
    -0.004681951887762    -0.004767484386321    -0.001140532001733
    -0.003932051609803     0.002270171055387     0.000136448281348
33 32
     0.000638767979144     0.004681951887762    -0.001975459374659
     0.004681951887762    -0.004767484386321    -0.001140532001733
     0.003932051609803     0.002270171055387     0.000136448281348
33 33
    53.363455455674938     0.000000000000000     0.000000000000000
     0.000000000000000    53.363455455674931     0.000000000000000
     0.000000000000000     0.000000000000000    13.659598537402736
33 34
    -4.751817390520048     0.897547676241894     0.086375758335362
    -0.897547676241891     2.869056201904667     0.033579720602439
    -0.086375758335362     0.033579720602439     0.011284684985193
33 35
    -1.027087937010617    -0.000000000000000     0.000000000000000
    -0.000000000000000     0.658211776317947     0.017303115758002
     0.000000000000000     0.017303115758002     0.145122448015513
33 36
    -4.751817390520048    -0.897547676241891    -0.086375758335362
     0.897547676241894     2.869056201904667     0.033579720602439
     0.086375758335362     0.033579720602439     0.011284684985193
33 37
     0.963837803798488    -4.197482741276782     0.072268770261376
    -2.402387388792998    -2.846598992413869     0.058013740688349
    -0.014106988073985    -0.091593461290788     0.011284684985193
33 38
    -0.740026834803560    -0.312332430895903     0.025416368440824
    -0.312332430895903    -0.379376408694761     0.014674147161133
    -0.011684288992261    -0.006745927394971     0.012311222518183
33 39
    -0.740026834803560     0.312332430895903    -0.025416368440824
     0.312332430895903    -0.379376408694761     0.014674147161133
     0.011684288992261    -0.006745927394971     0.012311222518183
33 40
     0.963837803798490     4.197482741276781    -0.072268770261376
     2.402387388792997    -2.846598992413869     0.058013740688349
     0.014106988073985    -0.091593461290788     0.011284684985193
33 41
     0.236886847985805    -0.729756182366584     0.014984937811053
    -0.729756182366584    -0.605763008678476    -0.008651557879001
     0.014984937811053    -0.008651557879001     0.145122448015513
33 42
    -0.199051195640361    -0.000000000000000     0.000000000000000
    -0.000000000000000    -0.920352047857960    -0.029348294322265
     0.000000000000000     0.013491854789942     0.012311222518183
33 43
     0.236886847985806     0.729756182366583    -0.014984937811053
     0.729756182366583    -0.605763008678476    -0.008651557879001
    -0.014984937811053    -0.008651557879001     0.145122448015513
33 44
    -0.199051195640361    -0.000000000000000     0.000000000000000
    -0.000000000000000    -0.920352047857960     0.013491854789942
     0.000000000000000    -0.029348294322265     0.012311222518183
33 45
     0.963837803798488    -2.402387388792998    -0.014106988073985
    -4.197482741276782    -2.846598992413869    -0.091593461290788
     0.072268770261376     0.058013740688349     0.011284684985193
33 46
     0.963837803798490     2.402387388792997     0.014106988073985
     4.197482741276781    -2.846598992413869    -0.091593461290788
    -0.072268770261376     0.058013740688349     0.011284684985193
33 47
    -0.740026834803560     0.312332430895903     0.011684288992261
     0.312332430895903    -0.379376408694761    -0.006745927394971
    -0.025416368440824     0.014674147161133     0.012311222518183
33 48
    -0.740026834803560    -0.312332430895903    -0.011684288992261
    -0.312332430895903    -0.379376408694761    -0.006745927394971
     0.025416368440824     0.014674147161133     0.012311222518183
33 49
   -19.715651663818477    -6.879630564216541    -0.051399546440656
    -6.879630564216537   -11.771738547467294    -0.029675541973737
     0.068161914872088     0.039353299899880    -4.899961381317311
33 50
     1.244435695663885     0.277980168025717    -0.038280075591519
     0.861614399782820    -0.130173144135841    -0.023067225321160
     0.028330351427213     0.006637020877122     0.257027940062496
33 51
     1.244435695663886    -0.277980168025716     0.038280075591519
    -0.861614399782821    -0.130173144135840    -0.023067225321160
    -0.028330351427213     0.006637020877122     0.257027940062495
33 52
   -19.715651663818480     6.879630564216538     0.051399546440656
     6.879630564216540   -11.771738547467292    -0.029675541973737
    -0.068161914872088     0.039353299899880    -4.899961381317305
33 53
     0.706937988682562     1.171938845597294    -0.039116840918704
     0.588304613840190     0.407324562845484    -0.021617905260464
     0.019913004398641     0.021216293595546     0.257027940062495
33 54
     0.715214434232121     0.000000000000000     0.000000000000000
     0.000000000000000     0.715214434232121     0.000000000000000
     0.000000000000000     0.000000000000000    -0.086668657042341
33 55
     0.706937988682561    -1.171938845597295     0.039116840918704
    -0.588304613840190     0.407324562845484    -0.021617905260464
    -0.019913004398641     0.021216293595546     0.257027940062495
33 56
    -1.948422258475887     0.000000000000000     0.000000000000000
     0.000000000000000     1.235011268594088    -0.043088290124219
     0.000000000000000     0.042248658126152    -0.235349977800571
33 57
    -0.279979857054379     0.018507329935922    -0.000836765327185
     0.602141561693026     1.394242408582424     0.044685130581624
    -0.008417347028571    -0.027853314472668     0.257027940062495
33 58
    -0.279979857054379    -0.018507329935922     0.000836765327185
    -0.602141561693026     1.394242408582424     0.044685130581624
     0.008417347028571    -0.027853314472668     0.257027940062495
33 59
    -0.036949743374372    -0.372879371154616     0.001477719856359
    -0.372879371154615     0.393614267248379     0.000853161956856
     0.004753320051032     0.002744330611008    -0.026578418993937
33 60
    -0.036949743374372     0.372879371154616    -0.001477719856359
     0.372879371154616     0.393614267248379     0.000853161956856
    -0.004753320051032     0.002744330611008    -0.026578418993937
33 61
    -7.799781989291698    -0.000000000000003     0.000000000000000
    -0.000000000000003   -23.687608221994079     0.059351083947475
     0.000000000000000    -0.078706599799761    -4.899961381317308
33 62
     0.439152886826594    -1.378467152850848    -0.037315553853207
    -1.378467152850848    -1.152563876708393     0.021544145062109
     0.036588411213052    -0.021124329063076    -0.235349977800571
33 63
     0.608896272559755    -0.000000000000000     0.000000000000000
    -0.000000000000000    -0.252231748685748    -0.001706323913711
     0.000000000000000    -0.005488661222016    -0.026578418993937
33 64
     0.439152886826595     1.378467152850848     0.037315553853207
     1.378467152850848    -1.152563876708393     0.021544145062109
    -0.036588411213052    -0.021124329063076    -0.235349977800571
49 1
     0.012974988402739     0.017005985515815     0.012367699499897
     0.017005985515815    -0.006661832228042     0.007140494635522
     0.050164987875139     0.028962769253606    -0.003464685620228
49 2
    -0.069978335052269     0.000000000000000     0.000000000000000
     0.000000000000000    -0.011815159745151    -0.014400220695057
     0.000000000000000     0.031275294671352    -0.036287450635039
49 3
     0.012974988402739    -0.017005985515815    -0.012367699499897
    -0.017005985515815    -0.006661832228042     0.007140494635522
    -0.050164987875139     0.028962769253606    -0.003464685620228
49 4
     0.017035204800649    -0.000000000000000     0.000000000000000
    -0.000000000000000     0.003174093569421     0.000042550078667
     0.000000000000000     0.003522937816347    -0.006492636237810
49 5
    -0.026355953571930    -0.025185393690366    -0.012470956942022
    -0.025185393690366    -0.055437541225490     0.007200110347528
     0.027085199696235    -0.015637647335676    -0.036287450635039
49 6
    -0.026355953571930     0.025185393690366     0.012470956942022
     0.025185393690366    -0.055437541225490     0.007200110347528
    -0.027085199696235    -0.015637647335676    -0.036287450635039
49 7
    -0.001975883029592     0.009117686498236     0.003267765603598
     0.007365847194541    -0.020682421743526    -0.003616023056458
     0.008681109103196    -0.005809022136797    -0.006119552955961
49 8
    -0.001975883029592    -0.009117686498236    -0.003267765603598
    -0.007365847194541    -0.020682421743526    -0.003616023056458
    -0.008681109103196    -0.005809022136797    -0.006119552955961
49 9
    -0.016480242543433     0.000000000000000     0.000000000000000
     0.000000000000000     0.022793398718129    -0.014280989271044
     0.000000000000000    -0.057925538507212    -0.003464685620228
49 10
    -0.008868207604001     0.011345132642919    -0.001497685025764
     0.013096971946614    -0.013790097169116     0.004637979554558
    -0.000690206190014     0.010422572084791    -0.006119552955961
49 11
    -0.010895353810176    -0.000000000000000     0.000000000000000
     0.000000000000000    -0.010895353810176     0.000000000000000
     0.000000000000000     0.000000000000000    -0.010208017004209
49 12
    -0.008868207604001    -0.011345132642919     0.001497685025764
    -0.013096971946614    -0.013790097169116     0.004637979554558
     0.000690206190014     0.010422572084791    -0.006119552955961
49 13
     0.006639371377228     0.006002037225463     0.000036849449059
     0.006002037225463     0.013569926992842    -0.000021275039333
     0.003050953644909    -0.001761468908174    -0.006492636237810
49 14
    -0.023143366526083     0.004855205100225    -0.004765450629362
     0.003103365796530     0.000485061752966    -0.001021956498099
    -0.009371315293210    -0.004613549947994    -0.006119552955961
49 15
    -0.023143366526083    -0.004855205100225     0.004765450629362
    -0.003103365796530     0.000485061752966    -0.001021956498099
     0.009371315293210    -0.004613549947994    -0.006119552955961
49 16
     0.006639371377228    -0.006002037225463    -0.000036849449059
    -0.006002037225463     0.013569926992842    -0.000021275039333
    -0.003050953644909    -0.001761468908174    -0.006492636237810
49 17
    -0.018408270767509     0.016573489322847    -0.033798101195111
     0.016573489322847    -0.037545687811424    -0.019513342823096
     0.017036268253333     0.009835894062049    -0.049546730871374
49 18
    -0.018408270767509    -0.016573489322847     0.033798101195111
    -0.016573489322847    -0.037545687811424    -0.019513342823096
    -0.017036268253333     0.009835894062049    -0.049546730871374
49 19
     0.005734174680028    -0.011121370824658     0.004337655862245
     0.001503392745048    -0.002204707429869    -0.000984006772234
     0.009830299696108     0.007492460517863     0.002348799912152
49 20
     0.005734174680028     0.011121370824658    -0.004337655862245
    -0.001503392745048    -0.002204707429869    -0.000984006772234
    -0.009830299696108     0.007492460517863     0.002348799912152
49 21
    -0.047114396333381    -0.000000000000000     0.000000000000000
    -0.000000000000000    -0.008839562245552     0.039026685646191
     0.000000000000000    -0.019671788124098    -0.049546730871374
49 22
     0.012211181181050     0.012174075496516    -0.003235894134619
     0.012174075496516    -0.001846230349047    -0.001868244349691
    -0.037009566109981    -0.021367482956189     0.003941850632103
49 23
     0.024397484841920     0.000000000000000     0.000000000000000
     0.000000000000000     0.000213340169891     0.000793375976613
     0.000000000000000    -0.002116227939235     0.000489434005232
49 24
     0.012211181181050    -0.012174075496516     0.003235894134619
    -0.012174075496516    -0.001846230349047    -0.001868244349691
     0.037009566109981    -0.021367482956189     0.003941850632103
49 25
    -0.004384693577387     0.007345524057361     0.001316653068872
    -0.005279239512345     0.007914160827546     0.004248523555695
     0.011403810993375     0.004767059004713     0.002348799912152
49 26
     0.006259376337899     0.010472041827388     0.000687083750499
     0.010472041827388     0.018351448673913    -0.000396687988306
    -0.001832707155576     0.001058113969618     0.000489434005232
49 27
     0.006259376337899    -0.010472041827388    -0.000687083750499
    -0.010472041827388     0.018351448673913    -0.000396687988306
     0.001832707155576     0.001058113969618     0.000489434005232
49 28
    -0.004384693577387    -0.007345524057361    -0.001316653068872
     0.005279239512345     0.007914160827546     0.004248523555695
    -0.011403810993375     0.004767059004713     0.002348799912152
49 29
     0.003944719772597    -0.000470250472540    -0.003021002793373
     0.012154513097166    -0.000415252522438    -0.003264516783462
     0.001573511297267    -0.012259519522575     0.002348799912152
49 30
    -0.008874936114095    -0.000000000000000     0.000000000000000
     0.000000000000000     0.019239886946098     0.003736488699382
     0.000000000000000     0.042734965912377     0.003941850632103
49 31
     0.003944719772597     0.000470250472540     0.003021002793373
    -0.012154513097166    -0.000415252522438    -0.003264516783462
    -0.001573511297267    -0.012259519522575     0.002348799912152
49 32
    -0.008110706395560    -0.000000000000000     0.000000000000000
     0.000000000000000    -0.008110706395560     0.000000000000000
     0.000000000000000     0.000000000000000    -0.003195321910935
49 33
   -19.715651663818477    -6.879630564216537     0.068161914872088
    -6.879630564216541   -11.771738547467294     0.039353299899880
    -0.051399546440656    -0.029675541973737    -4.899961381317311
49 34
   -19.715651663818480     6.879630564216540    -0.068161914872088
     6.879630564216538   -11.771738547467292     0.039353299899880
     0.051399546440656    -0.029675541973737    -4.899961381317305
49 35
     1.244435695663886    -0.861614399782821    -0.028330351427213
    -0.277980168025716    -0.130173144135840     0.006637020877122
     0.038280075591519    -0.023067225321160     0.257027940062495
49 36
     1.244435695663885     0.861614399782820     0.028330351427213
     0.277980168025717    -0.130173144135841     0.006637020877122
    -0.038280075591519    -0.023067225321160     0.257027940062496
49 37
    -7.799781989291698    -0.000000000000003     0.000000000000000
    -0.000000000000003   -23.687608221994079    -0.078706599799761
     0.000000000000000     0.059351083947475    -4.899961381317308
49 38
     0.439152886826595     1.378467152850848    -0.036588411213052
     1.378467152850848    -1.152563876708393    -0.021124329063076
     0.037315553853207     0.021544145062109    -0.235349977800571
49 39
     0.608896272559755    -0.000000000000000     0.000000000000000
    -0.000000000000000    -0.252231748685748    -0.005488661222016
     0.000000000000000    -0.001706323913711    -0.026578418993937
49 40
     0.439152886826594    -1.378467152850848     0.036588411213052
    -1.378467152850848    -1.152563876708393    -0.021124329063076
    -0.037315553853207     0.021544145062109    -0.235349977800571
49 41
    -0.279979857054379     0.602141561693026    -0.008417347028571
     0.018507329935922     1.394242408582424    -0.027853314472668
    -0.000836765327185     0.044685130581624     0.257027940062495
49 42
    -0.036949743374372     0.372879371154616    -0.004753320051032
     0.372879371154616     0.393614267248379     0.002744330611008
    -0.001477719856359     0.000853161956856    -0.026578418993937
49 43
    -0.036949743374372    -0.372879371154615     0.004753320051032
    -0.372879371154616     0.393614267248379     0.002744330611008
     0.001477719856359     0.000853161956856    -0.026578418993937
49 44
    -0.279979857054379    -0.602141561693026     0.008417347028571
    -0.018507329935922     1.394242408582424    -0.027853314472668
     0.000836765327185     0.044685130581624     0.257027940062495
49 45
     0.706937988682562     0.588304613840190     0.019913004398641
     1.171938845597294     0.407324562845484     0.021216293595546
    -0.039116840918704    -0.021617905260464     0.257027940062495
49 46
    -1.948422258475887     0.000000000000000     0.000000000000000
     0.000000000000000     1.235011268594088     0.042248658126152
     0.000000000000000    -0.043088290124219    -0.235349977800571
49 47
     0.706937988682561    -0.588304613840190    -0.019913004398641
    -1.171938845597295     0.407324562845484     0.021216293595546
     0.039116840918704    -0.021617905260464     0.257027940062495
49 48
     0.715214434232121     0.000000000000000     0.000000000000000
     0.000000000000000     0.715214434232121     0.000000000000000
     0.000000000000000     0.000000000000000    -0.086668657042341
49 49
    57.767596472552668     0.000000000000000     0.000000000000000
     0.000000000000000    57.767596472552661     0.000000000000000
     0.000000000000000     0.000000000000000     8.000370858515867
49 50
    -5.137677942512517     0.318535517352499     0.060047490872138
    -0.318535517352496     1.773945409800823    -0.007894806531215
    -0.060047490872138    -0.007894806531215     1.111638363800231
49 51
    -1.287320102955418     0.000000000000000     0.000000000000000
     0.000000000000000     0.237666859386405    -0.004433280300848
     0.000000000000000    -0.004433280300848    -0.061624129836410
49 52
    -5.137677942512517    -0.318535517352496    -0.060047490872138
     0.318535517352499     1.773945409800823    -0.007894806531215
     0.060047490872138    -0.007894806531215     1.111638363800231
49 53
     0.046039571722488    -3.311356219599056     0.023186642422074
    -2.674285184894061    -3.409772104434182     0.055950055794394
    -0.036860848450065    -0.048055249263179     1.111638363800230
49 54
    -0.607693532009477    -0.416619279026501     0.014629049831368
    -0.416619279026501    -0.126623026218401     0.008446085858129
    -0.015364644733890    -0.008870781773115    -0.024174964574305
49 55
    -0.607693532009477     0.416619279026501    -0.014629049831368
     0.416619279026501    -0.126623026218401     0.008446085858129
     0.015364644733890    -0.008870781773115    -0.024174964574305
49 56
     0.046039571722490     3.311356219599055    -0.023186642422074
     2.674285184894061    -3.409772104434182     0.055950055794394
     0.036860848450065    -0.048055249263179     1.111638363800230
49 57
    -0.143579881199051    -0.660338724914041    -0.003839333362631
    -0.660338724914041    -0.906073362369962     0.002216640150424
    -0.003839333362631     0.002216640150424    -0.061624129836410
49 58
     0.113912226677137    -0.000000000000000     0.000000000000000
    -0.000000000000000    -0.848228784905015    -0.016892171716257
     0.000000000000000     0.017741563546229    -0.024174964574305
49 59
    -0.143579881199051     0.660338724914040     0.003839333362631
     0.660338724914040    -0.906073362369962     0.002216640150424
     0.003839333362631     0.002216640150424    -0.061624129836410
49 60
     0.113912226677137    -0.000000000000000     0.000000000000000
    -0.000000000000000    -0.848228784905015     0.017741563546229
     0.000000000000000    -0.016892171716257    -0.024174964574305
49 61
     0.046039571722488    -2.674285184894061    -0.036860848450065
    -3.311356219599056    -3.409772104434182    -0.048055249263179
     0.023186642422074     0.055950055794394     1.111638363800230
49 62
     0.046039571722490     2.674285184894061     0.036860848450065
     3.311356219599055    -3.409772104434182    -0.048055249263179
    -0.023186642422074     0.055950055794394     1.111638363800230
49 63
    -0.607693532009477     0.416619279026501     0.015364644733890
     0.416619279026501    -0.126623026218401    -0.008870781773115
    -0.014629049831368     0.008446085858129    -0.024174964574305
49 64
    -0.607693532009477    -0.416619279026501    -0.015364644733890
    -0.416619279026501    -0.126623026218401    -0.008870781773115
     0.014629049831368     0.008446085858129    -0.024174964574305