   4  100
1 1
    62.772168504283364     0.000000000000030     0.000000000000000
     0.000000000000030    62.772168504283343     0.000000000000000
     0.000000000000000     0.000000000000000    14.718451249837267
1 2
    -4.780869818917927     0.271401095615818     0.000258383955182
    -0.271401095615819     2.661519356226851     0.000064917798238
    -0.000258383955182     0.000064917798238     0.454688221660433
1 3
    -0.151522662154187     0.053174854175522    -0.000004058354522
    -0.053174854175522     0.237516543868330    -0.000001624891981
     0.000004058354522    -0.000001624891981     0.005922787517000
1 4
    -0.151522662154187    -0.053174854175522     0.000004058354522
     0.053174854175522     0.237516543868330    -0.000001624891981
    -0.000004058354522    -0.000001624891981     0.005922787517000
1 5
    -4.780869818917927    -0.271401095615819    -0.000258383955182
     0.271401095615818     2.661519356226851     0.000064917798238
     0.000258383955182     0.000064917798238     0.454688221660433
1 6
     0.800922062440657    -3.494050140878666     0.000185412440023
    -2.951247949647026    -2.920272525131734     0.000191308169999
    -0.000072971515159    -0.000256225968237     0.454688221660434
1 7
    -0.415601951863049    -0.199032459282260    -0.000019324958019
    -0.199032459282260    -0.185779063974877    -0.000011157269714
    -0.000001265813043    -0.000000730817501    -0.078500543189658
1 8
    -0.240493854533501    -0.000000000000000     0.000000000000000
    -0.000000000000000     0.000049193502151     0.000016521463358
     0.000000000000000     0.000001673534039     0.002646679309293
1 9
    -0.415601951863049     0.199032459282260     0.000019324958019
     0.199032459282260    -0.185779063974877    -0.000011157269714
     0.000001265813043    -0.000000730817501    -0.078500543189659
1 10
     0.800922062440655     3.494050140878664    -0.000185412440023
     2.951247949647027    -2.920272525131733     0.000191308169999
     0.000072971515159    -0.000256225968237     0.454688221660433
1 11
     0.140256742362701    -0.221633771917335    -0.000003436374995
    -0.115284063566292    -0.054262860648558    -0.000002702192123
     0.000000621979527     0.000004327084104     0.005922787517000
1 12
    -0.060086568506762    -0.104158195151307     0.000014308006976
    -0.104158195151307    -0.180358092524588    -0.000008260731679
     0.000001449322992    -0.000000836767019     0.002646679309293
1 13
    -0.060086568506762     0.104158195151307    -0.000014308006976
     0.104158195151307    -0.180358092524588    -0.000008260731679
    -0.000001449322992    -0.000000836767019     0.002646679309293
1 14
     0.140256742362701     0.221633771917335     0.000003436374995
     0.115284063566292    -0.054262860648558    -0.000002702192123
    -0.000000621979527     0.000004327084104     0.005922787517000
1 15
    -0.070867620030790     0.000000000000000     0.000000000000000
     0.000000000000000    -0.530513395807136     0.000001461635002
     0.000000000000000     0.000022314539429    -0.078500543189658
1 16
     0.140256742362701    -0.115284063566292     0.000000621979527
    -0.221633771917335    -0.054262860648558     0.000004327084104
    -0.000003436374995    -0.000002702192123     0.005922787517000
1 17
    -0.070867620030790     0.000000000000000     0.000000000000000
     0.000000000000000    -0.530513395807136     0.000022314539429
     0.000000000000000     0.000001461635002    -0.078500543189658
1 18
     0.140256742362701     0.115284063566292    -0.000000621979527
     0.221633771917335    -0.054262860648558     0.000004327084104
     0.000003436374995    -0.000002702192123     0.005922787517000
1 19
    -0.060086568506762     0.104158195151307    -0.000001449322992
     0.104158195151307    -0.180358092524588    -0.000000836767019
    -0.000014308006976    -0.000008260731679     0.002646679309293
1 20
    -0.060086568506762    -0.104158195151307     0.000001449322992
    -0.104158195151307    -0.180358092524588    -0.000000836767019
     0.000014308006976    -0.000008260731679     0.002646679309293
1 21
     0.800922062440657    -2.951247949647026    -0.000072971515159
    -3.494050140878666    -2.920272525131734    -0.000256225968237
     0.000185412440023     0.000191308169999     0.454688221660434
1 22
     0.800922062440655     2.951247949647027     0.000072971515159
     3.494050140878664    -2.920272525131733    -0.000256225968237
    -0.000185412440023     0.000191308169999     0.454688221660433
1 23
    -0.415601951863049     0.199032459282260     0.000001265813043
     0.199032459282260    -0.185779063974877    -0.000000730817501
     0.000019324958019    -0.000011157269714    -0.078500543189659
1 24
    -0.240493854533501    -0.000000000000000     0.000000000000000
    -0.000000000000000     0.000049193502151     0.000001673534039
     0.000000000000000     0.000016521463358     0.002646679309293
1 25
    -0.415601951863049    -0.199032459282260    -0.000001265813043
    -0.199032459282260    -0.185779063974877    -0.000000730817501
    -0.000019324958019    -0.000011157269714    -0.078500543189658
1 26
   -21.642192065222567    -6.439632510172602     0.000186910251605
    -6.439632510172625   -14.206344938761701     0.000107912684078
    -0.000225756857278    -0.000130340782321    -6.117002467751046
1 27
     0.231882972729468     0.732532198946769    -0.000033474357001
     0.732546167600255    -0.033101217575354    -0.000025464805500
     0.000005077112506    -0.000000028949518     0.482130000613435
1 28
    -0.045300980990738    -0.000000000000000     0.000000000000000
     0.000000000000000    -0.059849924819683    -0.000002219728051
     0.000000000000000     0.000010631103073    -0.052915209235825
1 29
     0.231882972729469    -0.732532198946769     0.000033474357001
    -0.732546167600255    -0.033101217575353    -0.000025464805500
    -0.000005077112506    -0.000000028949518     0.482130000613435
1 30
   -21.642192065222559     6.439632510172622    -0.000186910251605
     6.439632510172622   -14.206344938761696     0.000107912684078
     0.000225756857278    -0.000130340782321    -6.117002467751051
1 31
     0.667542371983219     0.481018096166112    -0.000038790346966
     0.481004127512626    -0.468760616829103    -0.000016257240789
     0.000002513485235     0.000004411383167     0.482130000613435
1 32
     0.352837295971648     0.114358562569397     0.000010337612686
     0.114358562569397     0.220787402204488     0.000005968423467
    -0.000000212435094    -0.000000122649459    -0.047107117816788
1 33
     0.352837295971648    -0.114358562569397    -0.000010337612686
    -0.114358562569397     0.220787402204488     0.000005968423467
     0.000000212435094    -0.000000122649459    -0.047107117816788
1 34
     0.667542371983219    -0.481018096166111     0.000038790346966
    -0.481004127512625    -0.468760616829103    -0.000016257240789
    -0.000002513485235     0.000004411383167     0.482130000613435
1 35
    -1.930488386890560    -0.000000000000001     0.000000000000000
    -0.000000000000000     0.790576457538421    -0.000044319851030
     0.000000000000000     0.000036832030585    -0.365705801591803
1 36
    -0.056212688862447     0.006299877477050    -0.000001922340881
     0.006299877477050    -0.048938216947974     0.000001109864025
     0.000009206805332    -0.000005315551537    -0.052915209235825
1 37
     0.154762455320907    -0.000000000000000     0.000000000000000
    -0.000000000000000     0.418862242855228    -0.000011936846934
     0.000000000000000     0.000000245298918    -0.047107117816788
1 38
    -0.056212688862447    -0.006299877477050     0.000001922340881
    -0.006299877477050    -0.048938216947974     0.000001109864025
    -0.000009206805332    -0.000005315551537    -0.052915209235825
1 39
    -0.098103404852456    -0.124809471917603    -0.000004928524602
    -0.124786931590394     0.194066187557940     0.000005392902593
     0.000002380639650    -0.000007847001934     0.009719847843547
1 40
    -0.098103404852457     0.124809471917603     0.000004928524602
     0.124786931590394     0.194066187557940     0.000005392902593
    -0.000002380639650    -0.000007847001934     0.009719847843547
1 41
    -0.601252711981513    -0.251535055760887    -0.000005315989965
    -0.251521087107401     0.800034467135629     0.000041722046288
    -0.000002563627271    -0.000004382433649     0.482130000613435
1 42
    -0.601252711981513     0.251535055760886     0.000005315989965
     0.251521087107400     0.800034467135629     0.000041722046288
     0.000002563627271    -0.000004382433649     0.482130000613435
1 43
     0.012945376389762    -0.188900975333769     0.000002206128345
    -0.188923515660978     0.083017406315721    -0.000006964678805
    -0.000005605383193     0.000005985195381     0.009719847843547
1 44
    -0.029234626609250     0.000000000000000     0.000000000000000
    -0.000000000000000    -0.029234626609250     0.000000000000000
     0.000000000000000     0.000000000000000    -0.008730339796728
1 45
     0.012945376389762     0.188900975333769    -0.000002206128345
     0.188923515660978     0.083017406315721    -0.000006964678805
     0.000005605383193     0.000005985195381     0.009719847843547
1 46
   -10.488421375531265     0.000000000000001     0.000000000000000
     0.000000000000001   -25.360115628452984    -0.000215825368157
     0.000000000000000     0.000260681564642    -6.117002467751050
1 47
     0.110310246431176    -1.178255640310125    -0.000038382116884
    -1.178255640310125    -1.250222175783315     0.000022159925515
     0.000031897474159    -0.000018416015292    -0.365705801591804
1 48
     0.229102202520920    -0.064125313906979     0.000007134652947
    -0.064102773579770    -0.133139419815436     0.000001571776212
    -0.000007986022844     0.000001861806553     0.009719847843547
1 49
     0.229102202520920     0.064125313906979    -0.000007134652947
     0.064102773579770    -0.133139419815436     0.000001571776212
     0.000007986022844     0.000001861806553     0.009719847843547
1 50
     0.110310246431176     1.178255640310125     0.000038382116884
     1.178255640310125    -1.250222175783315     0.000022159925515
    -0.000031897474159    -0.000018416015292    -0.365705801591804
1 51
    -0.000321785070998    -0.000092463356410     0.000075556418606
    -0.000092463356410    -0.000215017583570     0.000043622518621
     0.000044742781419     0.000025832256896    -0.000792190575577
1 52
    -0.001310024074187     0.000060214544701     0.000039743120611
    -0.000231222362050    -0.000664121276791     0.000049061220783
     0.000041290555203    -0.000038138141725    -0.000926965319983
1 53
    -0.001269266405330    -0.000000000000000     0.000000000000000
    -0.000000000000000    -0.000768214090420     0.000019893754757
     0.000000000000000    -0.000017699312901    -0.000963437235924
1 54
    -0.001310024074187    -0.000060214544701    -0.000039743120611
     0.000231222362050    -0.000664121276791     0.000049061220783
    -0.000041290555203    -0.000038138141725    -0.000926965319983
1 55
    -0.000321785070998     0.000092463356410    -0.000075556418606
     0.000092463356410    -0.000215017583570     0.000043622518621
    -0.000044742781419     0.000025832256896    -0.000792190575577
1 56
    -0.000899645533175    -0.000468154523173     0.000062359823844
    -0.000176717616422    -0.001074499817803     0.000009887941683
    -0.000012383321986     0.000054827740605    -0.000926965319983
1 57
    -0.001093656863397    -0.000086044470891    -0.000006801069135
    -0.000086044470891    -0.000994301266535    -0.000003926599096
    -0.000015853670902    -0.000009153121163    -0.000960304078047
1 58
    -0.001093656863397     0.000086044470891     0.000006801069135
     0.000086044470891    -0.000994301266535    -0.000003926599096
     0.000015853670902    -0.000009153121163    -0.000960304078047
1 59
    -0.000899645533175     0.000468154523173    -0.000062359823844
     0.000176717616422    -0.001074499817803     0.000009887941683
     0.000012383321986     0.000054827740605    -0.000926965319983
1 60
    -0.000549765126594    -0.000000000000000     0.000000000000000
     0.000000000000000    -0.001061036499148     0.000025592614557
     0.000000000000000     0.000117638990004    -0.000890493404044
1 61
    -0.000893477169148    -0.000216962016668     0.000017228496996
    -0.000216962016668    -0.001144003326602    -0.000009946877378
    -0.000015328054602     0.000008849656450    -0.000963437235924
1 62
    -0.000944623468104     0.000000000000000     0.000000000000000
     0.000000000000000    -0.001143334661828     0.000007853198191
     0.000000000000000     0.000018306242326    -0.000960304078047
1 63
    -0.000893477169148     0.000216962016668    -0.000017228496996
     0.000216962016668    -0.001144003326602    -0.000009946877378
     0.000015328054602     0.000008849656450    -0.000963437235924
1 64
    -0.000902811434985     0.000215969325805    -0.000018285201032
     0.000051520177987    -0.001217052369375    -0.000001017623774
     0.000014699071429     0.000008386944902    -0.000955947030371
1 65
    -0.000902811434985    -0.000215969325805     0.000018285201032
    -0.000051520177987    -0.001217052369375    -0.000001017623774
    -0.000014699071429     0.000008386944902    -0.000955947030371
1 66
    -0.000751548419105    -0.000091213707748     0.000022616703233
    -0.000382650614498    -0.001222596931873    -0.000058949162466
    -0.000053673877189    -0.000016689598879    -0.000926965319983
1 67
    -0.000751548419105     0.000091213707748    -0.000022616703233
     0.000382650614498    -0.001222596931873    -0.000058949162466
     0.000053673877189    -0.000016689598879    -0.000926965319983
1 68
    -0.001022665783013     0.000120718118084    -0.000010023888555
     0.000285167265903    -0.001097198021348    -0.000015326636720
     0.000014612843060     0.000008536296818    -0.000955947030371
1 69
    -0.000987152042826     0.000000000000000     0.000000000000000
    -0.000000000000000    -0.000987152042826     0.000000000000000
     0.000000000000000     0.000000000000000    -0.000966668304986
1 70
    -0.001022665783013    -0.000120718118084     0.000010023888555
    -0.000285167265903    -0.001097198021348    -0.000015326636720
    -0.000014612843060     0.000008536296818    -0.000955947030371
1 71
    -0.000161633839857     0.000000000000000     0.000000000000000
     0.000000000000000    -0.000375168814711    -0.000087245037242
     0.000000000000000    -0.000051664513793    -0.000792190575577
1 72
    -0.000933218656010     0.000221386998430     0.000022163854356
     0.000221386998430    -0.000677582969732    -0.000012796307279
     0.000101878353819    -0.000058819495002    -0.000890493404044
1 73
    -0.001254318488542     0.000151422514007     0.000008261312477
    -0.000013026633812    -0.000865545315818     0.000016344260494
    -0.000000086228369    -0.000016923241721    -0.000955947030371
1 74
    -0.001254318488542    -0.000151422514007    -0.000008261312477
     0.000013026633812    -0.000865545315818     0.000016344260494
     0.000000086228369    -0.000016923241721    -0.000955947030371
1 75
    -0.000933218656010    -0.000221386998430    -0.000022163854356
    -0.000221386998430    -0.000677582969732    -0.000012796307279
    -0.000101878353819    -0.000058819495002    -0.000890493404044
1 76
    -0.008069719424109    -0.000010656082112     0.000095846866942
    -0.000010656082112    -0.008057414840357     0.000055337214430
     0.000095846866942     0.000055337214430    -0.007902075803727
1 77
    -0.008355246093244    -0.000017553816318     0.000022076273610
    -0.000017553816318    -0.008126184018644     0.000008263747628
     0.000022076273610     0.000008263747628    -0.007956122777148
1 78
    -0.008355246093244     0.000017553816318    -0.000022076273610
     0.000017553816318    -0.008126184018644     0.000008263747628
    -0.000022076273610     0.000008263747628    -0.007956122777148
1 79
    -0.008069719424109     0.000010656082112    -0.000095846866942
     0.000010656082112    -0.008057414840357     0.000055337214430
    -0.000095846866942     0.000055337214430    -0.007902075803727
1 80
    -0.006948940699120    -0.000000000000000     0.000000000000000
    -0.000000000000000    -0.008016890509915     0.000114917904702
     0.000000000000000     0.000114917904702    -0.007793786034519
1 81
    -0.008198651588159    -0.000107963695983     0.000018194752182
    -0.000107963695983    -0.008282778523730     0.000014986739954
     0.000018194752182     0.000014986739954    -0.007956122777148
1 82
    -0.008355638977778     0.000000000000000     0.000000000000000
     0.000000000000000    -0.008355638977778     0.000000000000000
     0.000000000000000     0.000000000000000    -0.007967872119193
1 83
    -0.008198651588159     0.000107963695983    -0.000018194752182
     0.000107963695983    -0.008282778523730     0.000014986739954
    -0.000018194752182     0.000014986739954    -0.007956122777148
1 84
    -0.007519654293444     0.000061738936126     0.000000633920602
     0.000061738936126    -0.008282708777525     0.000036988202783
     0.000000633920602     0.000036988202783    -0.007921951774027
1 85
    -0.007519654293444    -0.000061738936126    -0.000000633920602
    -0.000061738936126    -0.008282708777525     0.000036988202783
    -0.000000633920602     0.000036988202783    -0.007921951774027
1 86
    -0.008168247486430    -0.000090409879665    -0.000003881521429
    -0.000090409879665    -0.008313182625459    -0.000023250487582
    -0.000003881521429    -0.000023250487582    -0.007956122777148
1 87
    -0.008168247486430     0.000090409879665     0.000003881521429
     0.000090409879665    -0.008313182625459    -0.000023250487582
     0.000003881521429    -0.000023250487582    -0.007956122777148
1 88
    -0.007900619966236     0.000062283520043     0.000008344412022
     0.000062283520043    -0.007972538780362     0.000004817648527
     0.000008344412022     0.000004817648527    -0.007958472645558
1 89
    -0.007657838407968    -0.000000000000000     0.000000000000000
    -0.000000000000000    -0.007890866614552    -0.000025090253048
     0.000000000000000    -0.000025090253048    -0.007962780737640
1 90
    -0.007900619966236    -0.000062283520043    -0.000008344412022
    -0.000062283520043    -0.007972538780362     0.000004817648527
    -0.000008344412022     0.000004817648527    -0.007958472645558
1 91
    -0.008051262548481     0.000000000000000     0.000000000000000
     0.000000000000000    -0.008075871715984    -0.000110674428860
     0.000000000000000    -0.000110674428860    -0.007902075803727
1 92
    -0.008038477669417     0.000361281751906     0.000032349683551
     0.000361281751906    -0.007763885401552    -0.000017945110046
     0.000032349683551    -0.000017945110046    -0.007921951774027
1 93
    -0.007832609562906     0.000100904173350    -0.000021728796527
     0.000100904173350    -0.007716095459614     0.000012545126524
    -0.000021728796527     0.000012545126524    -0.007962780737640
1 94
    -0.007832609562906    -0.000100904173350     0.000021728796527
    -0.000100904173350    -0.007716095459614     0.000012545126524
     0.000021728796527     0.000012545126524    -0.007962780737640
1 95
    -0.008038477669417    -0.000361281751906    -0.000032349683551
    -0.000361281751906    -0.007763885401552    -0.000017945110046
    -0.000032349683551    -0.000017945110046    -0.007921951774027
1 96
    -0.007749903057216     0.000462435833058     0.000099521824822
     0.000462435833058    -0.007215928151819    -0.000057458952351
     0.000099521824822    -0.000057458952351    -0.007793786034519
1 97
    -0.008145412643592     0.000299542815780     0.000031715762949
     0.000299542815780    -0.007656950427376    -0.000019043092737
     0.000031715762949    -0.000019043092737    -0.007921951774027
1 98
    -0.008008498187425     0.000000000000000     0.000000000000000
     0.000000000000000    -0.007864660559173    -0.000009635297054
     0.000000000000000    -0.000009635297054    -0.007958472645558
1 99
    -0.008145412643592    -0.000299542815780    -0.000031715762949
    -0.000299542815780    -0.007656950427376    -0.000019043092737
    -0.000031715762949    -0.000019043092737    -0.007921951774027
1 100
    -0.007749903057216    -0.000462435833058    -0.000099521824822
    -0.000462435833058    -0.007215928151819    -0.000057458952351
    -0.000099521824822    -0.000057458952351    -0.007793786034519
26 1
   -21.642192065222567    -6.439632510172625    -0.000225756857278
    -6.439632510172602   -14.206344938761701    -0.000130340782321
     0.000186910251605     0.000107912684078    -6.117002467751046
26 2
   -21.642192065222559     6.439632510172622     0.000225756857278
     6.439632510172622   -14.206344938761696    -0.000130340782321
    -0.000186910251605     0.000107912684078    -6.117002467751051
26 3
     0.231882972729469    -0.732546167600255    -0.000005077112506
    -0.732532198946769    -0.033101217575353    -0.000000028949518
     0.000033474357001    -0.000025464805500     0.482130000613435
26 4
    -0.045300980990738     0.000000000000000     0.000000000000000
    -0.000000000000000    -0.059849924819683     0.000010631103073
     0.000000000000000    -0.000002219728051    -0.052915209235825
26 5
     0.231882972729468     0.732546167600255     0.000005077112506
     0.732532198946769    -0.033101217575354    -0.000000028949518
    -0.000033474357001    -0.000025464805500     0.482130000613435
26 6
   -10.488421375531265     0.000000000000001     0.000000000000000
     0.000000000000001   -25.360115628452984     0.000260681564642
     0.000000000000000    -0.000215825368157    -6.117002467751050
26 7
     0.110310246431176     1.178255640310125    -0.000031897474159
     1.178255640310125    -1.250222175783315    -0.000018416015292
     0.000038382116884     0.000022159925515    -0.365705801591804
26 8
     0.229102202520920     0.064102773579770     0.000007986022844
     0.064125313906979    -0.133139419815436     0.000001861806553
    -0.000007134652947     0.000001571776212     0.009719847843547
26 9
     0.229102202520920    -0.064102773579770    -0.000007986022844
    -0.064125313906979    -0.133139419815436     0.000001861806553
     0.000007134652947     0.000001571776212     0.009719847843547
26 10
     0.110310246431176    -1.178255640310125     0.000031897474159
    -1.178255640310125    -1.250222175783315    -0.000018416015292
    -0.000038382116884     0.000022159925515    -0.365705801591804
26 11
    -0.601252711981513    -0.251521087107401    -0.000002563627271
    -0.251535055760887     0.800034467135629    -0.000004382433649
    -0.000005315989965     0.000041722046288     0.482130000613435
26 12
     0.012945376389762     0.188923515660978     0.000005605383193
     0.188900975333769     0.083017406315721     0.000005985195381
    -0.000002206128345    -0.000006964678805     0.009719847843547
26 13
    -0.029234626609250    -0.000000000000000     0.000000000000000
     0.000000000000000    -0.029234626609250     0.000000000000000
     0.000000000000000     0.000000000000000    -0.008730339796728
26 14
     0.012945376389762    -0.188923515660978    -0.000005605383193
    -0.188900975333769     0.083017406315721     0.000005985195381
     0.000002206128345    -0.000006964678805     0.009719847843547
26 15
    -0.601252711981513     0.251521087107400     0.000002563627271
     0.251535055760886     0.800034467135629    -0.000004382433649
     0.000005315989965     0.000041722046288     0.482130000613435
26 16
    -0.056212688862447     0.006299877477050     0.000009206805332
     0.006299877477050    -0.048938216947974    -0.000005315551537
    -0.000001922340881     0.000001109864025    -0.052915209235825
26 17
    -0.098103404852457     0.124786931590394    -0.000002380639650
     0.124809471917603     0.194066187557940    -0.000007847001934
     0.000004928524602     0.000005392902593     0.009719847843547
26 18
    -0.098103404852456    -0.124786931590394     0.000002380639650
    -0.124809471917603     0.194066187557940    -0.000007847001934
    -0.000004928524602     0.000005392902593     0.009719847843547
26 19
    -0.056212688862447    -0.006299877477050    -0.000009206805332
    -0.006299877477050    -0.048938216947974    -0.000005315551537
     0.000001922340881     0.000001109864025    -0.052915209235825
26 20
     0.154762455320907    -0.000000000000000     0.000000000000000
    -0.000000000000000     0.418862242855228     0.000000245298918
     0.000000000000000    -0.000011936846934    -0.047107117816788
26 21
     0.667542371983219     0.481004127512626     0.000002513485235
     0.481018096166112    -0.468760616829103     0.000004411383167
    -0.000038790346966    -0.000016257240789     0.482130000613435
26 22
    -1.930488386890560    -0.000000000000000     0.000000000000000
    -0.000000000000001     0.790576457538421     0.000036832030585
     0.000000000000000    -0.000044319851030    -0.365705801591803
26 23
     0.667542371983219    -0.481004127512625    -0.000002513485235
    -0.481018096166111    -0.468760616829103     0.000004411383167
     0.000038790346966    -0.000016257240789     0.482130000613435
26 24
     0.352837295971648    -0.114358562569397     0.000000212435094
    -0.114358562569397     0.220787402204488    -0.000000122649459
    -0.000010337612686     0.000005968423467    -0.047107117816788
26 25
     0.352837295971648     0.114358562569397    -0.000000212435094
     0.114358562569397     0.220787402204488    -0.000000122649459
     0.000010337612686     0.000005968423467    -0.047107117816788
26 26
    62.080839569833202     0.000000000000029     0.000000000000000
     0.000000000000029    62.080839569833167     0.000000000000000
     0.000000000000000     0.000000000000000    14.034580925178689
26 27
    -4.766641301298236    -0.271325696633949     0.000248814841266
     0.271325696633947     2.675659040435983    -0.000085321686371
    -0.000248814841266    -0.000085321686371     0.468701595341428
26 28
    -0.137460585989704    -0.053184060788058    -0.000003609770654
     0.053184060788058     0.251629330669698     0.000004263009221
     0.000003609770654     0.000004263009221     0.019800260474975
26 29
    -0.137460585989704     0.053184060788058     0.000003609770654
    -0.053184060788058     0.251629330669698     0.000004263009221
    -0.000003609770654     0.000004263009221     0.019800260474975
26 30
    -4.766641301298236     0.271325696633947    -0.000248814841266
    -0.271325696633949     2.675659040435983    -0.000085321686371
     0.000248814841266    -0.000085321686371     0.468701595341428
26 31
     0.815083955002430    -2.951284882633773     0.000050516672742
    -3.493936275901668    -2.906066215864682     0.000258140816561
    -0.000198298168524    -0.000172819130190     0.468701595341428
26 32
    -0.401490534754794    -0.199034080000922    -0.000004740872610
    -0.199034080000922    -0.171665775421910    -0.000002737144078
     0.000016466526430     0.000009506953467    -0.064610929244899
26 33
    -0.226412007965238    -0.000000000000000     0.000000000000000
    -0.000000000000000     0.014157448430814    -0.000001823677229
     0.000000000000000    -0.000006918377156     0.016521802398860
26 34
    -0.401490534754794     0.199034080000922     0.000004740872610
     0.199034080000922    -0.171665775421910    -0.000002737144078
    -0.000016466526430     0.000009506953467    -0.064610929244899
26 35
     0.815083955002428     2.951284882633773    -0.000050516672742
     3.493936275901668    -2.906066215864682     0.000258140816561
     0.000198298168524    -0.000172819130190     0.468701595341428
26 36
     0.154356851504848    -0.115296815303648     0.000001886988955
    -0.221664936879765    -0.040188106824854    -0.000005257657699
     0.000005496759609     0.000000994648477     0.019800260474975
26 37
    -0.045984915668199    -0.104169630306797    -0.000001579350808
    -0.104169630306797    -0.166269643866225     0.000000911838614
    -0.000005991490370     0.000003459188578     0.016521802398860
26 38
    -0.045984915668199     0.104169630306797     0.000001579350808
     0.104169630306797    -0.166269643866225     0.000000911838614
     0.000005991490370     0.000003459188578     0.016521802398860
26 39
     0.154356851504848     0.115296815303648    -0.000001886988955
     0.221664936879765    -0.040188106824854    -0.000005257657699
    -0.000005496759609     0.000000994648477     0.019800260474975
26 40
    -0.056753395755468     0.000000000000000     0.000000000000000
     0.000000000000000    -0.516402914421235    -0.000019013906934
     0.000000000000000     0.000005474288155    -0.064610929244899
26 41
     0.154356851504848    -0.221664936879765     0.000005496759609
    -0.115296815303648    -0.040188106824854     0.000000994648477
     0.000001886988955    -0.000005257657699     0.019800260474975
26 42
    -0.056753395755468     0.000000000000000     0.000000000000000
     0.000000000000000    -0.516402914421235     0.000005474288155
     0.000000000000000    -0.000019013906934    -0.064610929244899
26 43
     0.154356851504848     0.221664936879765    -0.000005496759609
     0.115296815303648    -0.040188106824854     0.000000994648477
    -0.000001886988955    -0.000005257657699     0.019800260474975
26 44
    -0.045984915668199     0.104169630306797     0.000005991490370
     0.104169630306797    -0.166269643866225     0.000003459188578
     0.000001579350808     0.000000911838614     0.016521802398860
26 45
    -0.045984915668199    -0.104169630306797    -0.000005991490370
    -0.104169630306797    -0.166269643866225     0.000003459188578
    -0.000001579350808     0.000000911838614     0.016521802398860
26 46
     0.815083955002430    -3.493936275901668    -0.000198298168524
    -2.951284882633773    -2.906066215864682    -0.000172819130190
     0.000050516672742     0.000258140816561     0.468701595341428
26 47
     0.815083955002428     3.493936275901668     0.000198298168524
     2.951284882633773    -2.906066215864682    -0.000172819130190
    -0.000050516672742     0.000258140816561     0.468701595341428
26 48
    -0.401490534754794     0.199034080000922    -0.000016466526430
     0.199034080000922    -0.171665775421910     0.000009506953467
     0.000004740872610    -0.000002737144078    -0.064610929244899
26 49
    -0.226412007965238    -0.000000000000000     0.000000000000000
    -0.000000000000000     0.014157448430814    -0.000006918377156
     0.000000000000000    -0.000001823677229     0.016521802398860
26 50
    -0.401490534754794    -0.199034080000922     0.000016466526430
    -0.199034080000922    -0.171665775421910     0.000009506953467
    -0.000004740872610    -0.000002737144078    -0.064610929244899
26 51
     0.006755631311559     0.000000000000000     0.000000000000000
    -0.000000000000000     0.006755631311559     0.000000000000000
     0.000000000000000     0.000000000000000     0.006258360475234
26 52
     0.006026279290968    -0.000355567711868     0.000102227278143
    -0.000355567711868     0.006563369671665     0.000013307096844
     0.000102227278143     0.000013307096844     0.006125005442988
26 53
     0.005934398645932    -0.000083899112412     0.000001214904413
    -0.000083899112412     0.006223491936339     0.000015174324605
     0.000001214904413     0.000015174324605     0.006050201298618
26 54
     0.005934398645932     0.000083899112412    -0.000001214904413
     0.000083899112412     0.006223491936339     0.000015174324605
    -0.000001214904413     0.000015174324605     0.006050201298618
26 55
     0.006026279290968     0.000355567711868    -0.000102227278143
     0.000355567711868     0.006563369671665     0.000013307096844
    -0.000102227278143     0.000013307096844     0.006125005442988
26 56
     0.006121166405248    -0.000410350812840     0.000062637922989
    -0.000410350812840     0.006468482557386     0.000081877871410
     0.000062637922989     0.000081877871410     0.006125005442988
26 57
     0.006079418770386    -0.000294186841999     0.000001021673061
    -0.000294186841999     0.006419116475227     0.000000589863217
     0.000001021673061     0.000000589863217     0.006065083798544
26 58
     0.006302965537501     0.000000000000000     0.000000000000000
     0.000000000000000     0.006318112895475    -0.000001723351839
     0.000000000000000    -0.000001723351839     0.006033360575011
26 59
     0.006079418770386     0.000294186841999    -0.000001021673061
     0.000294186841999     0.006419116475227     0.000000589863217
    -0.000001021673061     0.000000589863217     0.006065083798544
26 60
     0.006121166405248     0.000410350812840    -0.000062637922989
     0.000410350812840     0.006468482557386     0.000081877871410
    -0.000062637922989     0.000081877871410     0.006125005442988
26 61
     0.006078559851033    -0.000167130622984     0.000013748802799
    -0.000167130622984     0.006079330731237    -0.000006535024218
     0.000013748802799    -0.000006535024218     0.006050201298618
26 62
     0.006314326055982    -0.000006558998403    -0.000001492466472
    -0.000006558998403     0.006306752376995     0.000000861675920
    -0.000001492466472     0.000000861675920     0.006033360575011
26 63
     0.006314326055982     0.000006558998403     0.000001492466472
     0.000006558998403     0.006306752376995     0.000000861675920
     0.000001492466472     0.000000861675920     0.006033360575011
26 64
     0.006078559851033     0.000167130622984    -0.000013748802799
     0.000167130622984     0.006079330731237    -0.000006535024218
    -0.000013748802799    -0.000006535024218     0.006050201298618
26 65
     0.005912789321500     0.000000000000000     0.000000000000000
     0.000000000000000     0.005679053325328     0.000059843674225
     0.000000000000000     0.000059843674225     0.006050201298617
26 66
     0.006223877376441    -0.000083231510572     0.000012533898387
    -0.000083231510572     0.005934013205829    -0.000008639300387
     0.000012533898387    -0.000008639300387     0.006050201298618
26 67
     0.006588965327647    -0.000000000000000     0.000000000000000
    -0.000000000000000     0.005909569917965    -0.000001179726434
     0.000000000000000    -0.000001179726434     0.006065083798544
26 68
     0.006223877376441     0.000083231510572    -0.000012533898387
     0.000083231510572     0.005934013205829    -0.000008639300387
    -0.000012533898387    -0.000008639300387     0.006050201298618
26 69
     0.005830241389995     0.000046247144017     0.000010873080919
     0.000046247144017     0.005776839787899     0.000006277576195
     0.000010873080919     0.000006277576195     0.006031206528972
26 70
     0.005830241389995    -0.000046247144017    -0.000010873080919
    -0.000046247144017     0.005776839787899     0.000006277576195
    -0.000010873080919     0.000006277576195     0.006031206528972
26 71
     0.006737027747734    -0.000054783100972    -0.000039589355154
    -0.000054783100972     0.005852621214899    -0.000095184968254
    -0.000039589355154    -0.000095184968254     0.006125005442988
26 72
     0.006737027747734     0.000054783100972     0.000039589355154
     0.000054783100972     0.005852621214899    -0.000095184968254
     0.000039589355154    -0.000095184968254     0.006125005442988
26 73
     0.005737487324371     0.000101210655232     0.000051826142135
     0.000101210655232     0.005854355322457    -0.000029921837113
     0.000051826142135    -0.000029921837113     0.006050201298617
26 74
     0.005750138986852    -0.000000000000000     0.000000000000000
    -0.000000000000000     0.005856942191042    -0.000012555152390
     0.000000000000000    -0.000012555152390     0.006031206528972
26 75
     0.005737487324371    -0.000101210655232    -0.000051826142135
    -0.000101210655232     0.005854355322457    -0.000029921837113
    -0.000051826142135    -0.000029921837113     0.006050201298617
26 76
    -0.000321785070998    -0.000092463356410     0.000044742781419
    -0.000092463356410    -0.000215017583570     0.000025832256896
     0.000075556418606     0.000043622518621    -0.000792190575577
26 77
    -0.001310024074187    -0.000231222362050     0.000041290555203
     0.000060214544701    -0.000664121276791    -0.000038138141725
     0.000039743120611     0.000049061220783    -0.000926965319983
26 78
    -0.001269266405330    -0.000000000000000     0.000000000000000
    -0.000000000000000    -0.000768214090420    -0.000017699312901
     0.000000000000000     0.000019893754757    -0.000963437235924
26 79
    -0.001310024074187     0.000231222362050    -0.000041290555203
    -0.000060214544701    -0.000664121276791    -0.000038138141725
    -0.000039743120611     0.000049061220783    -0.000926965319983
26 80
    -0.000321785070998     0.000092463356410    -0.000044742781419
     0.000092463356410    -0.000215017583570     0.000025832256896
    -0.000075556418606     0.000043622518621    -0.000792190575577
26 81
    -0.000899645533175    -0.000176717616422    -0.000012383321986
    -0.000468154523173    -0.001074499817803     0.000054827740605
     0.000062359823844     0.000009887941683    -0.000926965319983
26 82
    -0.001093656863397    -0.000086044470891    -0.000015853670902
    -0.000086044470891    -0.000994301266535    -0.000009153121163
    -0.000006801069135    -0.000003926599096    -0.000960304078047
26 83
    -0.001093656863397     0.000086044470891     0.000015853670902
     0.000086044470891    -0.000994301266535    -0.000009153121163
     0.000006801069135    -0.000003926599096    -0.000960304078047
26 84
    -0.000899645533175     0.000176717616422     0.000012383321986
     0.000468154523173    -0.001074499817803     0.000054827740605
    -0.000062359823844     0.000009887941683    -0.000926965319983
26 85
    -0.000549765126594     0.000000000000000     0.000000000000000
     0.000000000000000    -0.001061036499148     0.000117638990004
     0.000000000000000     0.000025592614557    -0.000890493404044
26 86
    -0.000893477169148    -0.000216962016668    -0.000015328054602
    -0.000216962016668    -0.001144003326602     0.000008849656450
     0.000017228496996    -0.000009946877378    -0.000963437235924
26 87
    -0.000944623468104     0.000000000000000     0.000000000000000
     0.000000000000000    -0.001143334661828     0.000018306242326
     0.000000000000000     0.000007853198191    -0.000960304078047
26 88
    -0.000893477169148     0.000216962016668     0.000015328054602
     0.000216962016668    -0.001144003326602     0.000008849656450
    -0.000017228496996    -0.000009946877378    -0.000963437235924
26 89
    -0.000902811434985     0.000051520177987     0.000014699071429
     0.000215969325805    -0.001217052369375     0.000008386944902
    -0.000018285201032    -0.000001017623774    -0.000955947030371
26 90
    -0.000902811434985    -0.000051520177987    -0.000014699071429
    -0.000215969325805    -0.001217052369375     0.000008386944902
     0.000018285201032    -0.000001017623774    -0.000955947030371
26 91
    -0.000751548419105    -0.000382650614498    -0.000053673877189
    -0.000091213707748    -0.001222596931873    -0.000016689598879
     0.000022616703233    -0.000058949162466    -0.000926965319983
26 92
    -0.000751548419105     0.000382650614498     0.000053673877189
     0.000091213707748    -0.001222596931873    -0.000016689598879
    -0.000022616703233    -0.000058949162466    -0.000926965319983
26 93
    -0.001022665783013     0.000285167265903     0.000014612843060
     0.000120718118084    -0.001097198021348     0.000008536296818
    -0.000010023888555    -0.000015326636720    -0.000955947030371
26 94
    -0.000987152042826     0.000000000000000     0.000000000000000
     0.000000000000000    -0.000987152042826     0.000000000000000
     0.000000000000000     0.000000000000000    -0.000966668304986
26 95
    -0.001022665783013    -0.000285167265903    -0.000014612843060
    -0.000120718118084    -0.001097198021348     0.000008536296818
     0.000010023888555    -0.000015326636720    -0.000955947030371
26 96
    -0.000161633839857     0.000000000000000     0.000000000000000
     0.000000000000000    -0.000375168814711    -0.000051664513793
     0.000000000000000    -0.000087245037242    -0.000792190575577
26 97
    -0.000933218656010     0.000221386998430     0.000101878353819
     0.000221386998430    -0.000677582969732    -0.000058819495002
     0.000022163854356    -0.000012796307279    -0.000890493404044
26 98
    -0.001254318488542    -0.000013026633812    -0.000000086228369
     0.000151422514007    -0.000865545315818    -0.000016923241721
     0.000008261312477     0.000016344260494    -0.000955947030371
26 99
    -0.001254318488542     0.000013026633812     0.000000086228369
    -0.000151422514007    -0.000865545315818    -0.000016923241721
    -0.000008261312477     0.000016344260494    -0.000955947030371
26 100
    -0.000933218656010    -0.000221386998430    -0.000101878353819
    -0.000221386998430    -0.000677582969732    -0.000058819495002
    -0.000022163854356    -0.000012796307279    -0.000890493404044
51 1
    -0.000321785070998    -0.000092463356410     0.000044742781419
    -0.000092463356410    -0.000215017583570     0.000025832256896
     0.000075556418606     0.000043622518621    -0.000792190575577
51 2
    -0.000321785070998     0.000092463356410    -0.000044742781419
     0.000092463356410    -0.000215017583570     0.000025832256896
    -0.000075556418606     0.000043622518621    -0.000792190575577
51 3
    -0.001310024074187     0.000231222362050    -0.000041290555203
    -0.000060214544701    -0.000664121276791    -0.000038138141725
    -0.000039743120611     0.000049061220783    -0.000926965319983
51 4
    -0.001269266405330    -0.000000000000000     0.000000000000000
    -0.000000000000000    -0.000768214090420    -0.000017699312901
     0.000000000000000     0.000019893754757    -0.000963437235924
51 5
    -0.001310024074187    -0.000231222362050     0.000041290555203
     0.000060214544701    -0.000664121276791    -0.000038138141725
     0.000039743120611     0.000049061220783    -0.000926965319983
51 6
    -0.000161633839857     0.000000000000000     0.000000000000000
     0.000000000000000    -0.000375168814711    -0.000051664513793
     0.000000000000000    -0.000087245037242    -0.000792190575577
51 7
    -0.000933218656010    -0.000221386998430    -0.000101878353819
    -0.000221386998430    -0.000677582969732    -0.000058819495002
    -0.000022163854356    -0.000012796307279    -0.000890493404044
51 8
    -0.001254318488542     0.000013026633812     0.000000086228369
    -0.000151422514007    -0.000865545315818    -0.000016923241721
    -0.000008261312477     0.000016344260494    -0.000955947030371
51 9
    -0.001254318488542    -0.000013026633812    -0.000000086228369
     0.000151422514007    -0.000865545315818    -0.000016923241721
     0.000008261312477     0.000016344260494    -0.000955947030371
51 10
    -0.000933218656010     0.000221386998430     0.000101878353819
     0.000221386998430    -0.000677582969732    -0.000058819495002
     0.000022163854356    -0.000012796307279    -0.000890493404044
51 11
    -0.000751548419105    -0.000382650614498    -0.000053673877189
    -0.000091213707748    -0.001222596931873    -0.000016689598879
     0.000022616703233    -0.000058949162466    -0.000926965319983
51 12
    -0.001022665783013    -0.000285167265903    -0.000014612843060
    -0.000120718118084    -0.001097198021348     0.000008536296818
     0.000010023888555    -0.000015326636720    -0.000955947030371
51 13
    -0.000987152042826    -0.000000000000000     0.000000000000000
     0.000000000000000    -0.000987152042826     0.000000000000000
     0.000000000000000     0.000000000000000    -0.000966668304986
51 14
    -0.001022665783013     0.000285167265903     0.000014612843060
     0.000120718118084    -0.001097198021348     0.000008536296818
    -0.000010023888555    -0.000015326636720    -0.000955947030371
51 15
    -0.000751548419105     0.000382650614498     0.000053673877189
     0.000091213707748    -0.001222596931873    -0.000016689598879
    -0.000022616703233    -0.000058949162466    -0.000926965319983
51 16
    -0.000893477169148    -0.000216962016668    -0.000015328054602
    -0.000216962016668    -0.001144003326602     0.000008849656450
     0.000017228496996    -0.000009946877378    -0.000963437235924
51 17
    -0.000902811434985    -0.000051520177987    -0.000014699071429
    -0.000215969325805    -0.001217052369375     0.000008386944902
     0.000018285201032    -0.000001017623774    -0.000955947030371
51 18
    -0.000902811434985     0.000051520177987     0.000014699071429
     0.000215969325805    -0.001217052369375     0.000008386944902
    -0.000018285201032    -0.000001017623774    -0.000955947030371
51 19
    -0.000893477169148     0.000216962016668     0.000015328054602
     0.000216962016668    -0.001144003326602     0.000008849656450
    -0.000017228496996    -0.000009946877378    -0.000963437235924
51 20
    -0.000944623468104     0.000000000000000     0.000000000000000
     0.000000000000000    -0.001143334661828     0.000018306242326
     0.000000000000000     0.000007853198191    -0.000960304078047
51 21
    -0.000899645533175    -0.000176717616422    -0.000012383321986
    -0.000468154523173    -0.001074499817803     0.000054827740605
     0.000062359823844     0.000009887941683    -0.000926965319983
51 22
    -0.000549765126594     0.000000000000000     0.000000000000000
    -0.000000000000000    -0.001061036499148     0.000117638990004
     0.000000000000000     0.000025592614557    -0.000890493404044
51 23
    -0.000899645533175     0.000176717616422     0.000012383321986
     0.000468154523173    -0.001074499817803     0.000054827740605
    -0.000062359823844     0.000009887941683    -0.000926965319983
51 24
    -0.001093656863397     0.000086044470891     0.000015853670902
     0.000086044470891    -0.000994301266535    -0.000009153121163
     0.000006801069135    -0.000003926599096    -0.000960304078047
51 25
    -0.001093656863397    -0.000086044470891    -0.000015853670902
    -0.000086044470891    -0.000994301266535    -0.000009153121163
    -0.000006801069135    -0.000003926599096    -0.000960304078047
51 26
     0.006755631311559    -0.000000000000000     0.000000000000000
     0.000000000000000     0.006755631311559     0.000000000000000
     0.000000000000000     0.000000000000000     0.006258360475234
51 27
     0.006026279290968     0.000355567711868    -0.000102227278143
     0.000355567711868     0.006563369671665     0.000013307096844
    -0.000102227278143     0.000013307096844     0.006125005442988
51 28
     0.005934398645932     0.000083899112412    -0.000001214904413
     0.000083899112412     0.006223491936339     0.000015174324605
    -0.000001214904413     0.000015174324605     0.006050201298618
51 29
     0.005934398645932    -0.000083899112412     0.000001214904413
    -0.000083899112412     0.006223491936339     0.000015174324605
     0.000001214904413     0.000015174324605     0.006050201298618
51 30
     0.006026279290968    -0.000355567711868     0.000102227278143
    -0.000355567711868     0.006563369671665     0.000013307096844
     0.000102227278143     0.000013307096844     0.006125005442988
51 31
     0.006737027747734    -0.000054783100972    -0.000039589355154
    -0.000054783100972     0.005852621214899    -0.000095184968254
    -0.000039589355154    -0.000095184968254     0.006125005442988
51 32
     0.005737487324371    -0.000101210655232    -0.000051826142135
    -0.000101210655232     0.005854355322457    -0.000029921837113
    -0.000051826142135    -0.000029921837113     0.006050201298617
51 33
     0.005750138986852    -0.000000000000000     0.000000000000000
    -0.000000000000000     0.005856942191042    -0.000012555152390
     0.000000000000000    -0.000012555152390     0.006031206528972
51 34
     0.005737487324371     0.000101210655232     0.000051826142135
     0.000101210655232     0.005854355322457    -0.000029921837113
     0.000051826142135    -0.000029921837113     0.006050201298617
51 35
     0.006737027747734     0.000054783100972     0.000039589355154
     0.000054783100972     0.005852621214899    -0.000095184968254
     0.000039589355154    -0.000095184968254     0.006125005442988
51 36
     0.006223877376441    -0.000083231510572     0.000012533898387
    -0.000083231510572     0.005934013205829    -0.000008639300387
     0.000012533898387    -0.000008639300387     0.006050201298618
51 37
     0.005830241389995    -0.000046247144017    -0.000010873080919
    -0.000046247144017     0.005776839787899     0.000006277576195
    -0.000010873080919     0.000006277576195     0.006031206528972
51 38
     0.005830241389995     0.000046247144017     0.000010873080919
     0.000046247144017     0.005776839787899     0.000006277576195
     0.000010873080919     0.000006277576195     0.006031206528972
51 39
     0.006223877376441     0.000083231510572    -0.000012533898387
     0.000083231510572     0.005934013205829    -0.000008639300387
    -0.000012533898387    -0.000008639300387     0.006050201298618
51 40
     0.006588965327647    -0.000000000000000     0.000000000000000
    -0.000000000000000     0.005909569917965    -0.000001179726434
     0.000000000000000    -0.000001179726434     0.006065083798544
51 41
     0.006078559851033    -0.000167130622984     0.000013748802799
    -0.000167130622984     0.006079330731237    -0.000006535024218
     0.000013748802799    -0.000006535024218     0.006050201298618
51 42
     0.005912789321500     0.000000000000000     0.000000000000000
     0.000000000000000     0.005679053325328     0.000059843674225
     0.000000000000000     0.000059843674225     0.006050201298617
51 43
     0.006078559851033     0.000167130622984    -0.000013748802799
     0.000167130622984     0.006079330731237    -0.000006535024218
    -0.000013748802799    -0.000006535024218     0.006050201298618
51 44
     0.006314326055982     0.000006558998403     0.000001492466472
     0.000006558998403     0.006306752376995     0.000000861675920
     0.000001492466472     0.000000861675920     0.006033360575011
51 45
     0.006314326055982    -0.000006558998403    -0.000001492466472
    -0.000006558998403     0.006306752376995     0.000000861675920
    -0.000001492466472     0.000000861675920     0.006033360575011
51 46
     0.006121166405248    -0.000410350812840     0.000062637922989
    -0.000410350812840     0.006468482557386     0.000081877871410
     0.000062637922989     0.000081877871410     0.006125005442988
51 47
     0.006121166405248     0.000410350812840    -0.000062637922989
     0.000410350812840     0.006468482557386     0.000081877871410
    -0.000062637922989     0.000081877871410     0.006125005442988
51 48
     0.006079418770386     0.000294186841999    -0.000001021673061
     0.000294186841999     0.006419116475227     0.000000589863217
    -0.000001021673061     0.000000589863217     0.006065083798544
51 49
     0.006302965537501     0.000000000000000     0.000000000000000
     0.000000000000000     0.006318112895475    -0.000001723351839
     0.000000000000000    -0.000001723351839     0.006033360575011
51 50
     0.006079418770386    -0.000294186841999     0.000001021673061
    -0.000294186841999     0.006419116475227     0.000000589863217
     0.000001021673061     0.000000589863217     0.006065083798544
51 51
    62.080839569833167    -0.000000000000005     0.000000000000000
    -0.000000000000005    62.080839569833167     0.000000000000000
     0.000000000000000     0.000000000000000    14.034580925178689
51 52
    -4.766641301298236     0.271325696633947    -0.000248814841266
    -0.271325696633949     2.675659040435982    -0.000085321686371
     0.000248814841266    -0.000085321686371     0.468701595341428
51 53
    -0.137460585989704     0.053184060788058     0.000003609770654
    -0.053184060788058     0.251629330669698     0.000004263009221
    -0.000003609770654     0.000004263009221     0.019800260474975
51 54
    -0.137460585989704    -0.053184060788058    -0.000003609770654
     0.053184060788058     0.251629330669698     0.000004263009221
     0.000003609770654     0.000004263009221     0.019800260474975
51 55
    -4.766641301298236    -0.271325696633949     0.000248814841266
     0.271325696633947     2.675659040435982    -0.000085321686371
    -0.000248814841266    -0.000085321686371     0.468701595341428
51 56
     0.815083955002428    -3.493936275901668    -0.000198298168524
    -2.951284882633772    -2.906066215864682    -0.000172819130190
     0.000050516672742     0.000258140816561     0.468701595341428
51 57
    -0.401490534754794    -0.199034080000922     0.000016466526430
    -0.199034080000922    -0.171665775421910     0.000009506953467
    -0.000004740872610    -0.000002737144078    -0.064610929244899
51 58
    -0.226412007965238    -0.000000000000000     0.000000000000000
    -0.000000000000000     0.014157448430814    -0.000006918377156
     0.000000000000000    -0.000001823677229     0.016521802398860
51 59
    -0.401490534754794     0.199034080000922    -0.000016466526430
     0.199034080000922    -0.171665775421910     0.000009506953467
     0.000004740872610    -0.000002737144078    -0.064610929244899
51 60
     0.815083955002427     3.493936275901668     0.000198298168524
     2.951284882633773    -2.906066215864682    -0.000172819130190
    -0.000050516672742     0.000258140816561     0.468701595341428
51 61
     0.154356851504848    -0.221664936879765     0.000005496759609
    -0.115296815303648    -0.040188106824854     0.000000994648477
     0.000001886988955    -0.000005257657699     0.019800260474975
51 62
    -0.045984915668199    -0.104169630306797    -0.000005991490370
    -0.104169630306797    -0.166269643866225     0.000003459188578
    -0.000001579350808     0.000000911838614     0.016521802398860
51 63
    -0.045984915668199     0.104169630306797     0.000005991490370
     0.104169630306797    -0.166269643866225     0.000003459188578
     0.000001579350808     0.000000911838614     0.016521802398860
51 64
     0.154356851504848     0.221664936879765    -0.000005496759609
     0.115296815303648    -0.040188106824854     0.000000994648477
    -0.000001886988955    -0.000005257657699     0.019800260474975
51 65
    -0.056753395755468     0.000000000000000     0.000000000000000
     0.000000000000000    -0.516402914421236     0.000005474288155
     0.000000000000000    -0.000019013906934    -0.064610929244899
51 66
     0.154356851504848    -0.115296815303648     0.000001886988955
    -0.221664936879765    -0.040188106824854    -0.000005257657699
     0.000005496759609     0.000000994648477     0.019800260474975
51 67
    -0.056753395755468     0.000000000000000     0.000000000000000
     0.000000000000000    -0.516402914421236    -0.000019013906934
     0.000000000000000     0.000005474288155    -0.064610929244899
51 68
     0.154356851504848     0.115296815303648    -0.000001886988955
     0.221664936879765    -0.040188106824854    -0.000005257657699
    -0.000005496759609     0.000000994648477     0.019800260474975
51 69
    -0.045984915668199     0.104169630306797     0.000001579350808
     0.104169630306797    -0.166269643866225     0.000000911838614
     0.000005991490370     0.000003459188578     0.016521802398860
51 70
    -0.045984915668199    -0.104169630306797    -0.000001579350808
    -0.104169630306797    -0.166269643866225     0.000000911838614
    -0.000005991490370     0.000003459188578     0.016521802398860
51 71
     0.815083955002428    -2.951284882633772     0.000050516672742
    -3.493936275901668    -2.906066215864682     0.000258140816561
    -0.000198298168524    -0.000172819130190     0.468701595341428
51 72
     0.815083955002427     2.951284882633773    -0.000050516672742
     3.493936275901668    -2.906066215864682     0.000258140816561
     0.000198298168524    -0.000172819130190     0.468701595341428
51 73
    -0.401490534754794     0.199034080000922     0.000004740872610
     0.199034080000922    -0.171665775421910    -0.000002737144078
    -0.000016466526430     0.000009506953467    -0.064610929244899
51 74
    -0.226412007965238    -0.000000000000000     0.000000000000000
    -0.000000000000000     0.014157448430814    -0.000001823677229
     0.000000000000000    -0.000006918377156     0.016521802398860
51 75
    -0.401490534754794    -0.199034080000922    -0.000004740872610
    -0.199034080000922    -0.171665775421910    -0.000002737144078
     0.000016466526430     0.000009506953467    -0.064610929244899
51 76
   -21.642192065222552    -6.439632510172620    -0.000225756857278
    -6.439632510172620   -14.206344938761696    -0.000130340782321
     0.000186910251605     0.000107912684078    -6.117002467751050
51 77
     0.231882972729468     0.732546167600255     0.000005077112506
     0.732532198946769    -0.033101217575352    -0.000000028949518
    -0.000033474357001    -0.000025464805500     0.482130000613435
51 78
    -0.045300980990738     0.000000000000000     0.000000000000000
     0.000000000000000    -0.059849924819683     0.000010631103073
     0.000000000000000    -0.000002219728051    -0.052915209235825
51 79
     0.231882972729469    -0.732546167600255    -0.000005077112506
    -0.732532198946769    -0.033101217575353    -0.000000028949518
     0.000033474357001    -0.000025464805500     0.482130000613435
51 80
   -21.642192065222559     6.439632510172622     0.000225756857278
     6.439632510172622   -14.206344938761696    -0.000130340782321
    -0.000186910251605     0.000107912684078    -6.117002467751050
51 81
     0.667542371983219     0.481004127512625     0.000002513485235
     0.481018096166112    -0.468760616829103     0.000004411383167
    -0.000038790346966    -0.000016257240789     0.482130000613435
51 82
     0.352837295971648     0.114358562569397    -0.000000212435094
     0.114358562569397     0.220787402204488    -0.000000122649459
     0.000010337612686     0.000005968423467    -0.047107117816788
51 83
     0.352837295971648    -0.114358562569397     0.000000212435094
    -0.114358562569397     0.220787402204488    -0.000000122649459
    -0.000010337612686     0.000005968423467    -0.047107117816788
51 84
     0.667542371983219    -0.481004127512625    -0.000002513485235
    -0.481018096166111    -0.468760616829103     0.000004411383167
     0.000038790346966    -0.000016257240789     0.482130000613435
51 85
    -1.930488386890560    -0.000000000000000     0.000000000000000
    -0.000000000000000     0.790576457538421     0.000036832030585
     0.000000000000000    -0.000044319851030    -0.365705801591804
51 86
    -0.056212688862447     0.006299877477050     0.000009206805332
     0.006299877477050    -0.048938216947974    -0.000005315551537
    -0.000001922340881     0.000001109864025    -0.052915209235825
51 87
     0.154762455320907    -0.000000000000000     0.000000000000000
    -0.000000000000000     0.418862242855228     0.000000245298918
     0.000000000000000    -0.000011936846934    -0.047107117816788
51 88
    -0.056212688862447    -0.006299877477050    -0.000009206805332
    -0.006299877477050    -0.048938216947974    -0.000005315551537
     0.000001922340881     0.000001109864025    -0.052915209235825
51 89
    -0.098103404852456    -0.124786931590395     0.000002380639650
    -0.124809471917604     0.194066187557940    -0.000007847001934
    -0.000004928524602     0.000005392902593     0.009719847843547
51 90
    -0.098103404852457     0.124786931590394    -0.000002380639650
     0.124809471917603     0.194066187557940    -0.000007847001934
     0.000004928524602     0.000005392902593     0.009719847843547
51 91
    -0.601252711981513    -0.251521087107401    -0.000002563627271
    -0.251535055760887     0.800034467135629    -0.000004382433649
    -0.000005315989965     0.000041722046288     0.482130000613435
51 92
    -0.601252711981513     0.251521087107400     0.000002563627271
     0.251535055760886     0.800034467135629    -0.000004382433649
     0.000005315989965     0.000041722046288     0.482130000613435
51 93
     0.012945376389762    -0.188923515660978    -0.000005605383193
    -0.188900975333769     0.083017406315721     0.000005985195381
     0.000002206128345    -0.000006964678805     0.009719847843547
51 94
    -0.029234626609250     0.000000000000000     0.000000000000000
     0.000000000000000    -0.029234626609250     0.000000000000000
     0.000000000000000     0.000000000000000    -0.008730339796728
51 95
     0.012945376389762     0.188923515660978     0.000005605383193
     0.188900975333769     0.083017406315721     0.000005985195381
    -0.000002206128345    -0.000006964678805     0.009719847843547
51 96
   -10.488421375531265     0.000000000000004     0.000000000000000
     0.000000000000004   -25.360115628452988     0.000260681564642
     0.000000000000000    -0.000215825368157    -6.117002467751050
51 97
     0.110310246431176    -1.178255640310125     0.000031897474159
    -1.178255640310125    -1.250222175783315    -0.000018416015292
    -0.000038382116884     0.000022159925515    -0.365705801591804
51 98
     0.229102202520920    -0.064102773579770    -0.000007986022844
    -0.064125313906979    -0.133139419815436     0.000001861806553
     0.000007134652947     0.000001571776212     0.009719847843547
51 99
     0.229102202520920     0.064102773579770     0.000007986022844
     0.064125313906979    -0.133139419815436     0.000001861806553
    -0.000007134652947     0.000001571776212     0.009719847843547
51 100
     0.110310246431175     1.178255640310125    -0.000031897474159
     1.178255640310125    -1.250222175783315    -0.000018416015292
     0.000038382116884     0.000022159925515    -0.365705801591804
76 1
    -0.008069719424109    -0.000010656082112     0.000095846866942
    -0.000010656082112    -0.008057414840357     0.000055337214430
     0.000095846866942     0.000055337214430    -0.007902075803727
76 2
    -0.006948940699120    -0.000000000000000     0.000000000000000
    -0.000000000000000    -0.008016890509915     0.000114917904702
     0.000000000000000     0.000114917904702    -0.007793786034519
76 3
    -0.008069719424109     0.000010656082112    -0.000095846866942
     0.000010656082112    -0.008057414840357     0.000055337214430
    -0.000095846866942     0.000055337214430    -0.007902075803727
76 4
    -0.008355246093244     0.000017553816318    -0.000022076273610
     0.000017553816318    -0.008126184018644     0.000008263747628
    -0.000022076273610     0.000008263747628    -0.007956122777148
76 5
    -0.008355246093244    -0.000017553816318     0.000022076273610
    -0.000017553816318    -0.008126184018644     0.000008263747628
     0.000022076273610     0.000008263747628    -0.007956122777148
76 6
    -0.007749903057216     0.000462435833058     0.000099521824822
     0.000462435833058    -0.007215928151819    -0.000057458952351
     0.000099521824822    -0.000057458952351    -0.007793786034519
76 7
    -0.007749903057216    -0.000462435833058    -0.000099521824822
    -0.000462435833058    -0.007215928151819    -0.000057458952351
    -0.000099521824822    -0.000057458952351    -0.007793786034519
76 8
    -0.008145412643592    -0.000299542815780    -0.000031715762949
    -0.000299542815780    -0.007656950427376    -0.000019043092737
    -0.000031715762949    -0.000019043092737    -0.007921951774027
76 9
    -0.008008498187425     0.000000000000000     0.000000000000000
     0.000000000000000    -0.007864660559173    -0.000009635297054
     0.000000000000000    -0.000009635297054    -0.007958472645558
76 10
    -0.008145412643592     0.000299542815780     0.000031715762949
     0.000299542815780    -0.007656950427376    -0.000019043092737
     0.000031715762949    -0.000019043092737    -0.007921951774027
76 11
    -0.008051262548481     0.000000000000000     0.000000000000000
     0.000000000000000    -0.008075871715984    -0.000110674428860
     0.000000000000000    -0.000110674428860    -0.007902075803727
76 12
    -0.008038477669417    -0.000361281751906    -0.000032349683551
    -0.000361281751906    -0.007763885401552    -0.000017945110046
    -0.000032349683551    -0.000017945110046    -0.007921951774027
76 13
    -0.007832609562906    -0.000100904173350     0.000021728796527
    -0.000100904173350    -0.007716095459614     0.000012545126524
     0.000021728796527     0.000012545126524    -0.007962780737640
76 14
    -0.007832609562906     0.000100904173350    -0.000021728796527
     0.000100904173350    -0.007716095459614     0.000012545126524
    -0.000021728796527     0.000012545126524    -0.007962780737640
76 15
    -0.008038477669417     0.000361281751906     0.000032349683551
     0.000361281751906    -0.007763885401552    -0.000017945110046
     0.000032349683551    -0.000017945110046    -0.007921951774027
76 16
    -0.008168247486430    -0.000090409879665    -0.000003881521429
    -0.000090409879665    -0.008313182625459    -0.000023250487582
    -0.000003881521429    -0.000023250487582    -0.007956122777148
76 17
    -0.007900619966236    -0.000062283520043    -0.000008344412022
    -0.000062283520043    -0.007972538780362     0.000004817648527
    -0.000008344412022     0.000004817648527    -0.007958472645558
76 18
    -0.007657838407968    -0.000000000000000     0.000000000000000
    -0.000000000000000    -0.007890866614552    -0.000025090253048
     0.000000000000000    -0.000025090253048    -0.007962780737640
76 19
    -0.007900619966236     0.000062283520043     0.000008344412022
     0.000062283520043    -0.007972538780362     0.000004817648527
     0.000008344412022     0.000004817648527    -0.007958472645558
76 20
    -0.008168247486430     0.000090409879665     0.000003881521429
     0.000090409879665    -0.008313182625459    -0.000023250487582
     0.000003881521429    -0.000023250487582    -0.007956122777148
76 21
    -0.008198651588159    -0.000107963695983     0.000018194752182
    -0.000107963695983    -0.008282778523730     0.000014986739954
     0.000018194752182     0.000014986739954    -0.007956122777148
76 22
    -0.007519654293444    -0.000061738936126    -0.000000633920602
    -0.000061738936126    -0.008282708777525     0.000036988202783
    -0.000000633920602     0.000036988202783    -0.007921951774027
76 23
    -0.007519654293444     0.000061738936126     0.000000633920602
     0.000061738936126    -0.008282708777525     0.000036988202783
     0.000000633920602     0.000036988202783    -0.007921951774027
76 24
    -0.008198651588159     0.000107963695983    -0.000018194752182
     0.000107963695983    -0.008282778523730     0.000014986739954
    -0.000018194752182     0.000014986739954    -0.007956122777148
76 25
    -0.008355638977778     0.000000000000000     0.000000000000000
     0.000000000000000    -0.008355638977778     0.000000000000000
     0.000000000000000     0.000000000000000    -0.007967872119193
76 26
    -0.000321785070998    -0.000092463356410     0.000075556418606
    -0.000092463356410    -0.000215017583570     0.000043622518621
     0.000044742781419     0.000025832256896    -0.000792190575577
76 27
    -0.000321785070998     0.000092463356410    -0.000075556418606
     0.000092463356410    -0.000215017583570     0.000043622518621
    -0.000044742781419     0.000025832256896    -0.000792190575577
76 28
    -0.001310024074187    -0.000060214544701    -0.000039743120611
     0.000231222362050    -0.000664121276791     0.000049061220783
    -0.000041290555203    -0.000038138141725    -0.000926965319983
76 29
    -0.001269266405330    -0.000000000000000     0.000000000000000
    -0.000000000000000    -0.000768214090420     0.000019893754757
     0.000000000000000    -0.000017699312901    -0.000963437235924
76 30
    -0.001310024074187     0.000060214544701     0.000039743120611
    -0.000231222362050    -0.000664121276791     0.000049061220783
     0.000041290555203    -0.000038138141725    -0.000926965319983
76 31
    -0.000161633839857     0.000000000000000     0.000000000000000
     0.000000000000000    -0.000375168814711    -0.000087245037242
     0.000000000000000    -0.000051664513793    -0.000792190575577
76 32
    -0.000933218656010    -0.000221386998430    -0.000022163854356
    -0.000221386998430    -0.000677582969732    -0.000012796307279
    -0.000101878353819    -0.000058819495002    -0.000890493404044
76 33
    -0.001254318488542    -0.000151422514007    -0.000008261312477
     0.000013026633812    -0.000865545315818     0.000016344260494
     0.000000086228369    -0.000016923241721    -0.000955947030371
76 34
    -0.001254318488542     0.000151422514007     0.000008261312477
    -0.000013026633812    -0.000865545315818     0.000016344260494
    -0.000000086228369    -0.000016923241721    -0.000955947030371
76 35
    -0.000933218656010     0.000221386998430     0.000022163854356
     0.000221386998430    -0.000677582969732    -0.000012796307279
     0.000101878353819    -0.000058819495002    -0.000890493404044
76 36
    -0.000751548419105    -0.000091213707748     0.000022616703233
    -0.000382650614498    -0.001222596931873    -0.000058949162466
    -0.000053673877189    -0.000016689598879    -0.000926965319983
76 37
    -0.001022665783013    -0.000120718118084     0.000010023888555
    -0.000285167265903    -0.001097198021348    -0.000015326636720
    -0.000014612843060     0.000008536296818    -0.000955947030371
76 38
    -0.000987152042826     0.000000000000000     0.000000000000000
     0.000000000000000    -0.000987152042826     0.000000000000000
     0.000000000000000     0.000000000000000    -0.000966668304986
76 39
    -0.001022665783013     0.000120718118084    -0.000010023888555
     0.000285167265903    -0.001097198021348    -0.000015326636720
     0.000014612843060     0.000008536296818    -0.000955947030371
76 40
    -0.000751548419105     0.000091213707748    -0.000022616703233
     0.000382650614498    -0.001222596931873    -0.000058949162466
     0.000053673877189    -0.000016689598879    -0.000926965319983
76 41
    -0.000893477169148    -0.000216962016668     0.000017228496996
    -0.000216962016668    -0.001144003326602    -0.000009946877378
    -0.000015328054602     0.000008849656450    -0.000963437235924
76 42
    -0.000902811434985    -0.000215969325805     0.000018285201032
    -0.000051520177987    -0.001217052369375    -0.000001017623774
    -0.000014699071429     0.000008386944902    -0.000955947030371
76 43
    -0.000902811434985     0.000215969325805    -0.000018285201032
     0.000051520177987    -0.001217052369375    -0.000001017623774
     0.000014699071429     0.000008386944902    -0.000955947030371
76 44
    -0.000893477169148     0.000216962016668    -0.000017228496996
     0.000216962016668    -0.001144003326602    -0.000009946877378
     0.000015328054602     0.000008849656450    -0.000963437235924
76 45
    -0.000944623468104     0.000000000000000     0.000000000000000
     0.000000000000000    -0.001143334661828     0.000007853198191
     0.000000000000000     0.000018306242326    -0.000960304078047
76 46
    -0.000899645533175    -0.000468154523173     0.000062359823844
    -0.000176717616422    -0.001074499817803     0.000009887941683
    -0.000012383321986     0.000054827740605    -0.000926965319983
76 47
    -0.000549765126594     0.000000000000000     0.000000000000000
     0.000000000000000    -0.001061036499148     0.000025592614557
     0.000000000000000     0.000117638990004    -0.000890493404044
76 48
    -0.000899645533175     0.000468154523173    -0.000062359823844
     0.000176717616422    -0.001074499817803     0.000009887941683
     0.000012383321986     0.000054827740605    -0.000926965319983
76 49
    -0.001093656863397     0.000086044470891     0.000006801069135
     0.000086044470891    -0.000994301266535    -0.000003926599096
     0.000015853670902    -0.000009153121163    -0.000960304078047
76 50
    -0.001093656863397    -0.000086044470891    -0.000006801069135
    -0.000086044470891    -0.000994301266535    -0.000003926599096
    -0.000015853670902    -0.000009153121163    -0.000960304078047
76 51
   -21.642192065222552    -6.439632510172620     0.000186910251605
    -6.439632510172620   -14.206344938761696     0.000107912684078
    -0.000225756857278    -0.000130340782321    -6.117002467751050
76 52
   -21.642192065222559     6.439632510172622    -0.000186910251605
     6.439632510172622   -14.206344938761696     0.000107912684078
     0.000225756857278    -0.000130340782321    -6.117002467751050
76 53
     0.231882972729469    -0.732532198946769     0.000033474357001
    -0.732546167600255    -0.033101217575353    -0.000025464805500
    -0.000005077112506    -0.000000028949518     0.482130000613435
76 54
    -0.045300980990738     0.000000000000000     0.000000000000000
     0.000000000000000    -0.059849924819683    -0.000002219728051
     0.000000000000000     0.000010631103073    -0.052915209235825
76 55
     0.231882972729468     0.732532198946769    -0.000033474357001
     0.732546167600255    -0.033101217575352    -0.000025464805500
     0.000005077112506    -0.000000028949518     0.482130000613435
76 56
   -10.488421375531265     0.000000000000004     0.000000000000000
     0.000000000000004   -25.360115628452988    -0.000215825368157
     0.000000000000000     0.000260681564642    -6.117002467751050
76 57
     0.110310246431175     1.178255640310125     0.000038382116884
     1.178255640310125    -1.250222175783315     0.000022159925515
    -0.000031897474159    -0.000018416015292    -0.365705801591804
76 58
     0.229102202520920     0.064125313906979    -0.000007134652947
     0.064102773579770    -0.133139419815436     0.000001571776212
     0.000007986022844     0.000001861806553     0.009719847843547
76 59
     0.229102202520920    -0.064125313906979     0.000007134652947
    -0.064102773579770    -0.133139419815436     0.000001571776212
    -0.000007986022844     0.000001861806553     0.009719847843547
76 60
     0.110310246431176    -1.178255640310125    -0.000038382116884
    -1.178255640310125    -1.250222175783315     0.000022159925515
     0.000031897474159    -0.000018416015292    -0.365705801591804
76 61
    -0.601252711981513    -0.251535055760887    -0.000005315989965
    -0.251521087107401     0.800034467135629     0.000041722046288
    -0.000002563627271    -0.000004382433649     0.482130000613435
76 62
     0.012945376389762     0.188900975333769    -0.000002206128345
     0.188923515660978     0.083017406315721    -0.000006964678805
     0.000005605383193     0.000005985195381     0.009719847843547
76 63
    -0.029234626609250     0.000000000000000     0.000000000000000
     0.000000000000000    -0.029234626609250     0.000000000000000
     0.000000000000000     0.000000000000000    -0.008730339796728
76 64
     0.012945376389762    -0.188900975333769     0.000002206128345
    -0.188923515660978     0.083017406315721    -0.000006964678805
    -0.000005605383193     0.000005985195381     0.009719847843547
76 65
    -0.601252711981513     0.251535055760886     0.000005315989965
     0.251521087107400     0.800034467135629     0.000041722046288
     0.000002563627271    -0.000004382433649     0.482130000613435
76 66
    -0.056212688862447     0.006299877477050    -0.000001922340881
     0.006299877477050    -0.048938216947974     0.000001109864025
     0.000009206805332    -0.000005315551537    -0.052915209235825
76 67
    -0.098103404852457     0.124809471917603     0.000004928524602
     0.124786931590394     0.194066187557940     0.000005392902593
    -0.000002380639650    -0.000007847001934     0.009719847843547
76 68
    -0.098103404852456    -0.124809471917604    -0.000004928524602
    -0.124786931590395     0.194066187557940     0.000005392902593
     0.000002380639650    -0.000007847001934     0.009719847843547
76 69
    -0.056212688862447    -0.006299877477050     0.000001922340881
    -0.006299877477050    -0.048938216947974     0.000001109864025
    -0.000009206805332    -0.000005315551537    -0.052915209235825
76 70
     0.154762455320907    -0.000000000000000     0.000000000000000
    -0.000000000000000     0.418862242855228    -0.000011936846934
     0.000000000000000     0.000000245298918    -0.047107117816788
76 71
     0.667542371983219     0.481018096166112    -0.000038790346966
     0.481004127512625    -0.468760616829103    -0.000016257240789
     0.000002513485235     0.000004411383167     0.482130000613435
76 72
    -1.930488386890560    -0.000000000000000     0.000000000000000
    -0.000000000000000     0.790576457538421    -0.000044319851030
     0.000000000000000     0.000036832030585    -0.365705801591804
76 73
     0.667542371983219    -0.481018096166111     0.000038790346966
    -0.481004127512625    -0.468760616829103    -0.000016257240789
    -0.000002513485235     0.000004411383167     0.482130000613435
76 74
     0.352837295971648    -0.114358562569397    -0.000010337612686
    -0.114358562569397     0.220787402204488     0.000005968423467
     0.000000212435094    -0.000000122649459    -0.047107117816788
76 75
     0.352837295971648     0.114358562569397     0.000010337612686
     0.114358562569397     0.220787402204488     0.000005968423467
    -0.000000212435094    -0.000000122649459    -0.047107117816788
76 76
    62.772168504283343    -0.000000000000005     0.000000000000000
    -0.000000000000005    62.772168504283343     0.000000000000000
     0.000000000000000     0.000000000000000    14.718451249837267
76 77
    -4.780869818917928    -0.271401095615820    -0.000258383955182
     0.271401095615818     2.661519356226850     0.000064917798238
     0.000258383955182     0.000064917798238     0.454688221660433
76 78
    -0.151522662154187    -0.053174854175522     0.000004058354522
     0.053174854175522     0.237516543868329    -0.000001624891981
    -0.000004058354522    -0.000001624891981     0.005922787517000
76 79
    -0.151522662154187     0.053174854175522    -0.000004058354522
    -0.053174854175522     0.237516543868329    -0.000001624891981
     0.000004058354522    -0.000001624891981     0.005922787517000
76 80
    -4.780869818917928     0.271401095615818     0.000258383955182
    -0.271401095615820     2.661519356226850     0.000064917798238
    -0.000258383955182     0.000064917798238     0.454688221660433
76 81
     0.800922062440655    -2.951247949647027    -0.000072971515159
    -3.494050140878664    -2.920272525131735    -0.000256225968237
     0.000185412440023     0.000191308169999     0.454688221660433
76 82
    -0.415601951863049    -0.199032459282260    -0.000001265813043
    -0.199032459282260    -0.185779063974877    -0.000000730817501
    -0.000019324958019    -0.000011157269714    -0.078500543189658
76 83
    -0.240493854533501    -0.000000000000000     0.000000000000000
    -0.000000000000000     0.000049193502151     0.000001673534039
     0.000000000000000     0.000016521463358     0.002646679309293
76 84
    -0.415601951863049     0.199032459282260     0.000001265813043
     0.199032459282260    -0.185779063974877    -0.000000730817501
     0.000019324958019    -0.000011157269714    -0.078500543189658
76 85
     0.800922062440654     2.951247949647027     0.000072971515159
     3.494050140878664    -2.920272525131734    -0.000256225968237
    -0.000185412440023     0.000191308169999     0.454688221660433
76 86
     0.140256742362700    -0.115284063566292     0.000000621979527
    -0.221633771917335    -0.054262860648558     0.000004327084104
    -0.000003436374995    -0.000002702192123     0.005922787517000
76 87
    -0.060086568506762    -0.104158195151307     0.000001449322992
    -0.104158195151307    -0.180358092524588    -0.000000836767019
     0.000014308006976    -0.000008260731679     0.002646679309293
76 88
    -0.060086568506762     0.104158195151307    -0.000001449322992
     0.104158195151307    -0.180358092524588    -0.000000836767019
    -0.000014308006976    -0.000008260731679     0.002646679309293
76 89
     0.140256742362700     0.115284063566292    -0.000000621979527
     0.221633771917335    -0.054262860648558     0.000004327084104
     0.000003436374995    -0.000002702192123     0.005922787517000
76 90
    -0.070867620030791     0.000000000000000     0.000000000000000
     0.000000000000000    -0.530513395807136     0.000022314539429
     0.000000000000000     0.000001461635002    -0.078500543189658
76 91
     0.140256742362700    -0.221633771917335    -0.000003436374995
    -0.115284063566292    -0.054262860648558    -0.000002702192123
     0.000000621979527     0.000004327084104     0.005922787517000
76 92
    -0.070867620030791     0.000000000000000     0.000000000000000
     0.000000000000000    -0.530513395807136     0.000001461635002
     0.000000000000000     0.000022314539429    -0.078500543189658
76 93
     0.140256742362700     0.221633771917335     0.000003436374995
     0.115284063566292    -0.054262860648558    -0.000002702192123
    -0.000000621979527     0.000004327084104     0.005922787517000
76 94
    -0.060086568506762     0.104158195151307    -0.000014308006976
     0.104158195151307    -0.180358092524588    -0.000008260731679
    -0.000001449322992    -0.000000836767019     0.002646679309293
76 95
    -0.060086568506762    -0.104158195151307     0.000014308006976
    -0.104158195151307    -0.180358092524588    -0.000008260731679
     0.000001449322992    -0.000000836767019     0.002646679309293
76 96
     0.800922062440655    -3.494050140878664     0.000185412440023
    -2.951247949647027    -2.920272525131735     0.000191308169999
    -0.000072971515159    -0.000256225968237     0.454688221660433
76 97
     0.800922062440654     3.494050140878664    -0.000185412440023
     2.951247949647027    -2.920272525131734     0.000191308169999
     0.000072971515159    -0.000256225968237     0.454688221660433
76 98
    -0.415601951863049     0.199032459282260     0.000019324958019
     0.199032459282260    -0.185779063974877    -0.000011157269714
     0.000001265813043    -0.000000730817501    -0.078500543189658
76 99
    -0.240493854533501    -0.000000000000000     0.000000000000000
    -0.000000000000000     0.000049193502151     0.000016521463358
     0.000000000000000     0.000001673534039     0.002646679309293
76 100
    -0.415601951863049    -0.199032459282260    -0.000019324958019
    -0.199032459282260    -0.185779063974877    -0.000011157269714
    -0.000001265813043    -0.000000730817501    -0.078500543189658