150  
12   

1    
  0.0063905428868787  -0.0000000000000000   0.0076916163197967
  -0.1223489900   -0.0003036500   -0.1750947800
   0.0020235500    0.0058247100   -0.0040901100
  -0.0004250000   -0.0000173000    0.0004117400
   0.0017046800    0.0000288800    0.0003665500
   0.0029205000   -0.0060280000   -0.0040217200
   0.0013317200   -0.0058509100   -0.0042454300
   0.0000386800   -0.0005453400    0.0008802900
   0.0000687600    0.0003644600    0.0001297300
   0.0003225600    0.0003738700    0.0008823600
   0.0020682400    0.0051095600   -0.0038674700
  -0.0006191400   -0.0004852500    0.0003754200
   0.0003433200   -0.0001571400    0.0000913400
  -0.0002902800   -0.0002065900    0.0001690300
   0.0004359000   -0.0013718800    0.0004021300
   0.0009776700   -0.0001813500    0.0007727800
   0.0004504700    0.0013210900    0.0003520400
   0.0009765400    0.0001594100    0.0008814200
  -0.0006320300    0.0005192400    0.0004258700
   0.0003794200    0.0001784000    0.0001082800
  -0.0003273300    0.0002273600    0.0000876100
   0.0018339400    0.0068884800   -0.0042116600
   0.0015639900   -0.0058545100   -0.0039019100
   0.0000276400    0.0005530900    0.0007966800
   0.0000670100   -0.0004082500    0.0000979400
   0.0003355000   -0.0003690100    0.0007463000
   0.0050777100   -0.0017130500    0.0085547500
   0.0012990600   -0.0028964200    0.0013917900
   0.0000489400   -0.0091990000   -0.0013770300
  -0.0008535400   -0.0016977900    0.0010769600
   0.0403468500   -0.0186519000    0.0419503000
  -0.0014384500    0.0024192400    0.0013897100
  -0.0028595000   -0.0016380200   -0.0046421500
   0.0027592700   -0.0016102300   -0.0046103500
   0.0014620400    0.0017392000    0.0010837600
  -0.0020656600    0.0074251800   -0.0007791500
  -0.0079582400    0.0046223600   -0.0013228100
  -0.0000260100    0.0032475200   -0.0046267600
   0.0079800300    0.0045770300   -0.0014338100
   0.0050826600    0.0083356400    0.0045634100
  -0.0050713600    0.0082900400    0.0045113900
  -0.0021819000   -0.0000729700    0.0012338700
   0.0028641300    0.0005058900    0.0012476900
   0.0096282000    0.0002860700    0.0046010600
  -0.0000481300    0.0000006100    0.0002646300
  -0.0098482600    0.0001940000    0.0044690500
   0.0080472500    0.0204923200    0.0253982300
   0.0066960400   -0.0050666500   -0.0009364400
   0.0045501300   -0.0084642200    0.0045757500
  -0.0047738500   -0.0086430100    0.0044944300
  -0.0061599200   -0.0023676500   -0.0006271900
   0.0429365000    0.0201493400    0.0469392300
   0.0020980300   -0.0025311600    0.0047883800
   0.0000246400   -0.0019838400    0.0018658500
  -0.0017271200   -0.0015416300    0.0050480400
   0.0041054300    0.0022708400    0.0118001200
  -0.0007747000    0.0029566000    0.0048467800
   0.0012503900    0.0007168900   -0.0021375300
  -0.0013577700    0.0007849600   -0.0021950600
   0.0008377900    0.0023911900    0.0049861100
  -0.0020564600    0.0035897500    0.0035001800
  -0.0017248000    0.0010090800    0.0018172600
   0.0000056800   -0.0015027700   -0.0021661300
   0.0017166300    0.0009747800    0.0019174600
   0.0022242400    0.0039959100    0.0060097500
  -0.0022098000    0.0039181000    0.0060742400
  -0.0024245500   -0.0008964500    0.0049744100
   0.0030076200   -0.0003805700    0.0048496200
   0.0044333800   -0.0000297900    0.0059518400
  -0.0000447700    0.0000005200    0.0031976800
  -0.0046391400   -0.0000878200    0.0061354400
   0.0080416600   -0.0222778100    0.0292124800
   0.0034113500   -0.0031647300    0.0035856500
   0.0022130100   -0.0037980900    0.0059833800
  -0.0024264200   -0.0040000700    0.0061044300
  -0.0028028200   -0.0004344700    0.0034186300
   0.0077357500    0.0044493500   -0.0008089600
   0.0018767200    0.0032346000   -0.0010211800
  -0.0018529000    0.0032465600   -0.0010272100
  -0.0076058700    0.0044071700   -0.0010862700
   0.0000370700    0.0034908700   -0.0043183200
   0.0037479800    0.0000073100   -0.0010377700
  -0.0000020000    0.0000004400   -0.0005086700
  -0.0037311500   -0.0000174100   -0.0010111200
  -0.0069072700    0.0005911600   -0.0009041700
   0.0068722000    0.0006050100   -0.0008540600
   0.0018788400   -0.0032418500   -0.0010395900
  -0.0018696700   -0.0032300100   -0.0010084500
  -0.0067994700   -0.0039226200   -0.0012499900
  -0.0000088500   -0.0034188600   -0.0044702200
   0.0067982200   -0.0039288800   -0.0012504000
   0.0000279200   -0.0088564800   -0.0009458500
  -0.0029478300   -0.0062642900   -0.0009201700
  -0.0029667100    0.0017080500   -0.0044667700
   0.0029549300    0.0017119300   -0.0044677700
   0.0029063400   -0.0062656500   -0.0008328600
   0.0029927300   -0.0017078000   -0.0044414200
   0.0039485800    0.0056660100   -0.0008959400
  -0.0000056800    0.0078498700   -0.0012486500
  -0.0039763600    0.0056672300   -0.0008578400
  -0.0030536500   -0.0017857000   -0.0041938100
   0.0045216800    0.0026125400   -0.0047542800
   0.0038147600    0.0065773200    0.0066946600
  -0.0038169800    0.0065768800    0.0066846800
  -0.0045189900    0.0026064100   -0.0047514000
  -0.0000063400   -0.0007179300   -0.0046983700
   0.0076019200    0.0000156900    0.0066926900
  -0.0000014100    0.0000003400   -0.0070331100
  -0.0076069400    0.0000168900    0.0066871300
  -0.0024899800   -0.0002872300    0.0030258300
   0.0024904100   -0.0002779200    0.0030477800
   0.0037866500   -0.0065919400    0.0066867100
  -0.0037896700   -0.0065956900    0.0066926100
  -0.0048551100   -0.0028009500   -0.0043029800
  -0.0000027900    0.0008530800   -0.0040809500
   0.0048501600   -0.0028028100   -0.0043154200
  -0.0000044000   -0.0052189500   -0.0047550200
  -0.0014926300   -0.0020123500    0.0030293700
   0.0007389200   -0.0004278800   -0.0040764100
  -0.0007388600   -0.0004238500   -0.0040906200
   0.0014866100   -0.0020169400    0.0030387500
  -0.0006181500    0.0003520200   -0.0047228300
   0.0010007400    0.0022965400    0.0030410800
  -0.0000035800    0.0056021000   -0.0043107600
  -0.0009998500    0.0022969400    0.0030277300
   0.0006253200    0.0003636100   -0.0046770100
   0.0006210300    0.0004044100   -0.0004462400
   0.0004150200   -0.0011819900   -0.0021522100
   0.0000070300   -0.0015899700   -0.0013647700
  -0.0003978800   -0.0011696900   -0.0020975800
  -0.0005767300    0.0002842300   -0.0007141200
  -0.0008216700    0.0009278200   -0.0021806400
  -0.0005353800   -0.0003159500   -0.0009445200
   0.0005421600   -0.0003055800   -0.0009434900
   0.0008087700    0.0009521700   -0.0020703000
   0.0000149700    0.0016383700   -0.0016009100
  -0.0013814500    0.0008007300   -0.0013427800
   0.0000128900    0.0006210000   -0.0009439200
   0.0013714200    0.0007866100   -0.0013858500
   0.0012670300    0.0020845700    0.0009442200
  -0.0012588000    0.0020703300    0.0009878100
  -0.0012044700    0.0002533900   -0.0021525200
   0.0012368400    0.0002214600   -0.0020972900
   0.0024238400    0.0000592200    0.0009396400
  -0.0000031000    0.0000008700    0.0020063300
  -0.0024376200    0.0000534600    0.0009920200
  -0.0000813900   -0.0006924600   -0.0005806600
   0.0014553500   -0.0008326500   -0.0016370500
   0.0011581200   -0.0021215300    0.0009627100
  -0.0011787000   -0.0021459400    0.0009707500
  -0.0013813600   -0.0008071200   -0.0015647600

1    
 -0.0063905428868787   0.0000000000000000  -0.0076916163197967
   0.1236543100   -0.0003065200    0.1744196400
  -0.0030961900   -0.0056780900    0.0053316900
  -0.0016729500    0.0000987000   -0.0002950100
   0.0003742100    0.0000567500   -0.0002699000
  -0.0018658100    0.0061806100    0.0051223700
  -0.0018582600    0.0047920700    0.0053606200
  -0.0002900800    0.0003998600    0.0003471700
  -0.0000744300    0.0003932300    0.0001416900
  -0.0000923900   -0.0005186900    0.0003404300
  -0.0015622900   -0.0061741900    0.0050948200
  -0.0003624600   -0.0013734600   -0.0002620700
   0.0003062600   -0.0002215800    0.0001800800
  -0.0003742100   -0.0001733000    0.0001040200
   0.0005258300   -0.0004826800   -0.0003032500
  -0.0009852300   -0.0001876500    0.0002351000
   0.0006650000    0.0004473900   -0.0002496100
  -0.0009864200    0.0001078500    0.0003441000
  -0.0004966600    0.0012466200   -0.0003152300
   0.0002251500    0.0001728400    0.0000991500
  -0.0002969200    0.0001231500    0.0001207700
  -0.0011852800   -0.0058867900    0.0052564200
  -0.0022321700    0.0068606700    0.0051986500
  -0.0003495800   -0.0003642500    0.0002228000
  -0.0000775800   -0.0003021800    0.0001098600
  -0.0000312200    0.0005551000    0.0002460100
  -0.0001721000    0.0045365200   -0.0185052500
   0.0013889600   -0.0018101200   -0.0000892800
  -0.0000554600   -0.0092727700   -0.0013470500
  -0.0018834500   -0.0029916300    0.0002210200
  -0.0470031000    0.0225027300   -0.0535126400
  -0.0012920900    0.0022767700   -0.0000670100
  -0.0028049300   -0.0016300500   -0.0046603800
   0.0028890600   -0.0016543700   -0.0046878400
   0.0012276500    0.0029538100    0.0002011300
   0.0020341900    0.0100927900   -0.0036909600
  -0.0080512100    0.0046158000   -0.0014036400
   0.0000208200    0.0032850200   -0.0046745500
   0.0080083700    0.0046555700   -0.0012870900
   0.0049540300    0.0084636800    0.0045756700
  -0.0049838500    0.0085073500    0.0046271600
  -0.0032531500    0.0000626500    0.0000893700
   0.0025375900   -0.0004937300    0.0000485700
   0.0099353400    0.0000179000    0.0045339000
   0.0000392300   -0.0000016200    0.0002900000
  -0.0097302600    0.0001028400    0.0046667800
  -0.0080280600   -0.0268990600   -0.0358539600
   0.0084307000   -0.0036992100   -0.0035396100
   0.0049623400   -0.0086366300    0.0045568700
  -0.0047630100   -0.0084530800    0.0046393500
  -0.0090477600   -0.0064034600   -0.0038476900
  -0.0434783200   -0.0204440700   -0.0483776900
   0.0012067700   -0.0016024100    0.0037820600
  -0.0000307100   -0.0019146000    0.0018509400
  -0.0015640400   -0.0026144700    0.0035155500
  -0.0018461200   -0.0035960300   -0.0148642800
  -0.0011605200    0.0019697100    0.0037299200
   0.0013696800    0.0007977900   -0.0022535800
  -0.0012827600    0.0007361200   -0.0022001200
   0.0011031000    0.0025357300    0.0035662600
   0.0020747200    0.0008161400    0.0007330400
  -0.0016656100    0.0009429700    0.0018999900
  -0.0000099400   -0.0015338800   -0.0022267800
   0.0016498800    0.0009702900    0.0017995700
   0.0023594700    0.0037968500    0.0061218600
  -0.0023890200    0.0038719500    0.0060604100
  -0.0028136700    0.0001193300    0.0035951100
   0.0022211500   -0.0004098400    0.0036958200
   0.0046043100    0.0001097700    0.0061818800
   0.0000346000   -0.0000014500    0.0031444200
  -0.0044109200    0.0001679100    0.0060018400
  -0.0080715900    0.0241694200   -0.0317680100
   0.0004250700    0.0009464400    0.0006448200
   0.0022310200   -0.0040738400    0.0061538500
  -0.0020333800   -0.0038711800    0.0060346300
  -0.0009853700   -0.0017719700    0.0008243500
   0.0072993500    0.0042355600   -0.0019140100
   0.0018068300    0.0032009400   -0.0009501000
  -0.0018483200    0.0031897100   -0.0009415700
  -0.0074496700    0.0042809100   -0.0016307300
  -0.0000435300    0.0042355300   -0.0034817500
   0.0036643100   -0.0000271100   -0.0009353000
  -0.0000057100   -0.0000001500   -0.0005308200
  -0.0036976100   -0.0000030500   -0.0009561600
  -0.0068716800    0.0005732900   -0.0009119200
   0.0068875200    0.0005602500   -0.0009653200
   0.0018398500   -0.0031754100   -0.0009318200
  -0.0018660400   -0.0031864400   -0.0009616500
  -0.0067922600   -0.0039211900   -0.0012914500
   0.0000000700   -0.0033787700   -0.0044839100
   0.0067755600   -0.0039149200   -0.0012922000
  -0.0000366700   -0.0085144600   -0.0017712500
  -0.0029370200   -0.0062416800   -0.0008954900
  -0.0029274500    0.0016908900   -0.0044844400
   0.0029221800    0.0016873600   -0.0044830400
   0.0029618000   -0.0062400500   -0.0009827400
   0.0036872500   -0.0021548200   -0.0033629800
   0.0039354800    0.0056741500   -0.0009212800
  -0.0000031600    0.0078336800   -0.0012907200
  -0.0039250400    0.0056741800   -0.0009569900
  -0.0036471700   -0.0020816700   -0.0035991900
   0.0044894400    0.0025951700   -0.0048416600
   0.0038191800    0.0065794700    0.0067099400
  -0.0038346000    0.0065803600    0.0067175600
  -0.0045100700    0.0026019400   -0.0048499600
  -0.0000019600   -0.0007258700   -0.0045906800
   0.0076056600    0.0000248700    0.0067138700
  -0.0000070800   -0.0000002600   -0.0069929500
  -0.0076176000    0.0000229900    0.0067125300
  -0.0025344900   -0.0002923300    0.0030488100
   0.0025154200   -0.0003004400    0.0030299900
   0.0037771900   -0.0066065100    0.0067180900
  -0.0037915000   -0.0066026300    0.0067107300
  -0.0048597500   -0.0028041500   -0.0042732600
  -0.0000057600    0.0008510500   -0.0040623100
   0.0048461600   -0.0028023200   -0.0042593000
  -0.0000054800   -0.0051951000   -0.0048469700
  -0.0015248800   -0.0020401200    0.0030448500
   0.0007299400   -0.0004237100   -0.0040684700
  -0.0007470400   -0.0004272000   -0.0040546800
   0.0015138600   -0.0020360900    0.0030358800
  -0.0006418200    0.0003687600   -0.0045692800
   0.0009961800    0.0023342800    0.0030349500
  -0.0000052700    0.0056038000   -0.0042665500
  -0.0010150200    0.0023346000    0.0030461100
   0.0006171600    0.0003564500   -0.0046136700
   0.0002141800    0.0000811000   -0.0006690500
   0.0004709900   -0.0014102100   -0.0022176100
  -0.0000147000   -0.0015483200   -0.0014780400
  -0.0005032700   -0.0014187300   -0.0022706400
  -0.0002782500    0.0001994800   -0.0004085800
  -0.0009846500    0.0011407600   -0.0021914200
  -0.0005687300   -0.0003167500   -0.0010662400
   0.0005472600   -0.0003267400   -0.0010664200
   0.0009783100    0.0011170900   -0.0022976600
  -0.0000249600    0.0015601200   -0.0011958400
  -0.0013439600    0.0007668700   -0.0015006500
  -0.0000199700    0.0006426400   -0.0010669400
   0.0013363500    0.0007788800   -0.0014568400
   0.0012245900    0.0020574200    0.0009287000
  -0.0012519700    0.0020730100    0.0008836500
  -0.0014911400    0.0002728000   -0.0022175800
   0.0014442300    0.0003025900   -0.0022712300
   0.0024041300    0.0000375300    0.0009313500
  -0.0000056600    0.0000015200    0.0020502000
  -0.0024110400    0.0000444800    0.0008804300
   0.0000696100   -0.0002855600   -0.0005388600
   0.0013055300   -0.0007689300   -0.0011625600
   0.0011720300   -0.0021173700    0.0009116900
  -0.0011697200   -0.0020949100    0.0009036700
  -0.0013942000   -0.0007923000   -0.0012293000

26   
  0.0063905428868787  -0.0000000000000000   0.0076916163197967
   0.0025880800   -0.0031622700    0.0137548000
   0.0439320500   -0.0210885900    0.0490978000
  -0.0010133700   -0.0001079800    0.0008209200
   0.0010669400    0.0000962400   -0.0000139500
   0.0010397100    0.0003247700    0.0008911400
   0.0077353200    0.0234184200    0.0313676300
   0.0003127800    0.0013670900    0.0029911300
  -0.0001879200    0.0002429200    0.0001350200
   0.0000314500   -0.0001120800    0.0004444000
   0.0003491200   -0.0018577500    0.0010173100
  -0.0001728600   -0.0006187000    0.0007430800
   0.0001044800   -0.0003141200    0.0000911000
  -0.0004066300   -0.0002109500    0.0000714900
   0.0004320100   -0.0008739100   -0.0000705400
   0.0003313300   -0.0009310800    0.0008909500
   0.0006182600    0.0008416700    0.0000117900
  -0.0000515400    0.0002111800    0.0004833400
  -0.0005506900    0.0009154000    0.0000134800
   0.0002233400    0.0000963000    0.0000116600
  -0.0003645800    0.0001683800    0.0000780900
   0.0005259000    0.0001629700    0.0010404800
  -0.0024607100    0.0003128300    0.0019851300
  -0.0003302600    0.0006490400    0.0011200300
  -0.0000634300   -0.0003728600    0.0000639900
   0.0000615600    0.0000474900    0.0004904100
  -0.0558856200    0.0051811600   -0.0947322400
   0.0049754800   -0.0024015500   -0.0012937200
  -0.0000441200   -0.0093160900   -0.0015703600
  -0.0013647100   -0.0024496200    0.0004146100
   0.0023367100    0.0016449500   -0.0079278400
  -0.0010686000    0.0039974900   -0.0014815100
  -0.0029525300   -0.0016928600   -0.0047847600
   0.0028516000   -0.0016573500   -0.0047335800
   0.0012005900    0.0023809800    0.0006761200
   0.0007453600    0.0058750300   -0.0050333100
  -0.0080832800    0.0045879700   -0.0016262200
  -0.0000022500    0.0032587300   -0.0047365300
   0.0079957100    0.0045828600   -0.0014401300
   0.0050789600    0.0084103100    0.0043836800
  -0.0050798600    0.0084785500    0.0045135800
  -0.0027718000    0.0000309500    0.0003734600
   0.0026532000   -0.0000505500    0.0005971400
   0.0098207800    0.0001713600    0.0044018600
   0.0000039100   -0.0000341700    0.0001937500
  -0.0097971000    0.0001471000    0.0044803000
   0.0009244100   -0.0003886200   -0.0076015700
   0.0077013600   -0.0059159200   -0.0045181300
   0.0047138300   -0.0085801600    0.0044955700
  -0.0047398000   -0.0085814200    0.0044846100
  -0.0078130000   -0.0045027700   -0.0022754400
  -0.0028167700   -0.0006624900    0.0104093600
   0.0034189700   -0.0006021700    0.0053317300
   0.0000035900   -0.0019410700    0.0017969900
  -0.0016472800   -0.0022122000    0.0042142800
   0.0006845500   -0.0003929200   -0.0022400100
  -0.0002635500    0.0030872300    0.0042963100
   0.0013582600    0.0007885400   -0.0023915200
  -0.0013373400    0.0007404500   -0.0022486200
   0.0010150600    0.0023885500    0.0040202600
  -0.0019169900    0.0025513800    0.0024598200
  -0.0017936500    0.0009358200    0.0018252100
  -0.0000187600   -0.0015424600   -0.0022412600
   0.0016592000    0.0009507700    0.0017972800
   0.0022700900    0.0039243300    0.0059717600
  -0.0023073400    0.0038908600    0.0058458300
  -0.0027215600   -0.0002812700    0.0042463300
   0.0025737200   -0.0004217900    0.0040537000
   0.0044898500   -0.0000749300    0.0059727100
  -0.0000051100   -0.0000148500    0.0031241200
  -0.0045537900    0.0000238100    0.0060135200
  -0.0003951100    0.0012013100   -0.0023988500
   0.0010745700   -0.0038689300    0.0033342400
   0.0022723700   -0.0039950900    0.0058594200
  -0.0022460900   -0.0039740400    0.0060153200
  -0.0018948700   -0.0011119200    0.0018847500
   0.0075127900    0.0043238500   -0.0014174000
   0.0018015100    0.0031924900   -0.0010668800
  -0.0018815700    0.0031883600   -0.0010367400
  -0.0075392700    0.0043257200   -0.0014339000
  -0.0000258500    0.0038456200   -0.0039380800
   0.0036721400   -0.0000580200   -0.0010705700
  -0.0000396300   -0.0000326900   -0.0005774800
  -0.0037316900   -0.0000365000   -0.0010376500
  -0.0069071700    0.0005561900   -0.0009800000
   0.0068447400    0.0005570200   -0.0009624500
   0.0018281100   -0.0032312200   -0.0010358200
  -0.0018891500   -0.0032215700   -0.0010416200
  -0.0068146400   -0.0039380000   -0.0013283300
  -0.0000218200   -0.0034252500   -0.0045386400
   0.0067621000   -0.0039476400   -0.0013369100
  -0.0000099900   -0.0086928900   -0.0014382700
  -0.0029639600   -0.0062678200   -0.0009832100
  -0.0029705400    0.0016804200   -0.0045378400
   0.0029173500    0.0016751900   -0.0045346000
   0.0029117300   -0.0062764900   -0.0009790500
   0.0033277800   -0.0019646500   -0.0039453100
   0.0039150800    0.0056425700   -0.0009681500
  -0.0000304900    0.0078177200   -0.0013332400
  -0.0039725100    0.0056461400   -0.0009774100
  -0.0033688500   -0.0019479900   -0.0039472900
   0.0044763100    0.0025771800   -0.0048310300
   0.0037910000    0.0065551900    0.0066536100
  -0.0038495500    0.0065545900    0.0066585700
  -0.0045357500    0.0025801300   -0.0048467400
  -0.0000239500   -0.0007475400   -0.0046730300
   0.0075781800   -0.0000052700    0.0066516500
  -0.0000282200   -0.0000246400   -0.0070568700
  -0.0076352200   -0.0000038700    0.0066576400
  -0.0025326300   -0.0003143800    0.0029925600
   0.0024789500   -0.0003110500    0.0029919600
   0.0037576000   -0.0066219100    0.0066612400
  -0.0038138900   -0.0066225100    0.0066589400
  -0.0048792500   -0.0028246400   -0.0043292000
  -0.0000266600    0.0008276400   -0.0041175000
   0.0048223900   -0.0028280200   -0.0043339800
  -0.0000278000   -0.0052270100   -0.0048518000
  -0.0015326700   -0.0020474200    0.0029921400
   0.0007112600   -0.0004493900   -0.0041169900
  -0.0007668800   -0.0004501600   -0.0041177700
   0.0014791100   -0.0020508200    0.0029951200
  -0.0006546800    0.0003421200   -0.0046770000
   0.0009760600    0.0022920300    0.0029893400
  -0.0000285900    0.0055784400   -0.0043336700
  -0.0010316000    0.0022945800    0.0029960900
   0.0006002900    0.0003374100   -0.0046859400
   0.0003928600    0.0002172500   -0.0006900400
   0.0004133800   -0.0013114400   -0.0022138000
  -0.0000254800   -0.0015815800   -0.0014932100
  -0.0004803100   -0.0013217600   -0.0022606800
  -0.0004256300    0.0002169100   -0.0005998800
  -0.0009269900    0.0009991800   -0.0022143200
  -0.0005630000   -0.0003401300   -0.0010644800
   0.0005181400   -0.0003389300   -0.0010858800
   0.0008685400    0.0010165900   -0.0022625100
  -0.0000213800    0.0015637300   -0.0014338700
  -0.0013853900    0.0007659800   -0.0015004000
  -0.0000276200    0.0006079100   -0.0010878500
   0.0013263900    0.0007591000   -0.0015008100
   0.0012173700    0.0020447900    0.0008672400
  -0.0012725400    0.0020489600    0.0008769700
  -0.0013825400    0.0002375200   -0.0022657500
   0.0013265100    0.0002329400   -0.0022531500
   0.0023790600    0.0000180300    0.0008703200
  -0.0000233100   -0.0000234600    0.0019664100
  -0.0024461300    0.0000232700    0.0008607700
  -0.0000163600   -0.0004938800   -0.0005960400
   0.0013469600   -0.0008205800   -0.0014300700
   0.0011367200   -0.0021366600    0.0008762700
  -0.0011947000   -0.0021421900    0.0008680200
  -0.0014160900   -0.0008304800   -0.0014565000

26   
 -0.0063905428868787   0.0000000000000000  -0.0076916163197967
  -0.0025220600    0.0031762200   -0.0133659700
  -0.0434873900    0.0201374200   -0.0462225800
  -0.0010840600    0.0001675300   -0.0007809400
   0.0009962100   -0.0000457100    0.0000514800
   0.0002139300   -0.0002697400    0.0002182400
  -0.0083146100   -0.0240692300   -0.0298400200
  -0.0006186900   -0.0015351600   -0.0018071000
   0.0001507500    0.0004829800    0.0000650600
   0.0001688300   -0.0000515500    0.0007096900
   0.0001773500    0.0006468300    0.0000579300
  -0.0008142100   -0.0012426200   -0.0007025500
   0.0005118900   -0.0000909000    0.0001095000
  -0.0002907400   -0.0001943200    0.0001296200
   0.0005083500   -0.0010097000    0.0001057000
  -0.0003779800    0.0005602000    0.0000630500
   0.0004695400    0.0009054300    0.0000257100
   0.0000114300    0.0000313300    0.0006703800
  -0.0005996500    0.0008289600    0.0000202700
   0.0003528900    0.0002328600    0.0001292500
  -0.0002840100    0.0001546800    0.0000633200
   0.0001620700    0.0008879200    0.0000601400
   0.0016689900    0.0007680100   -0.0008933500
  -0.0000088200   -0.0005113800   -0.0001738400
   0.0000261600   -0.0003601100    0.0000768200
   0.0002140400    0.0001088700    0.0004465900
   0.0642383300    0.0022484500    0.0945452800
  -0.0022262900   -0.0023318300    0.0024858000
   0.0000140200   -0.0091872000   -0.0012381000
  -0.0013860900   -0.0022771100    0.0008108400
  -0.0073906200    0.0012109000   -0.0020551300
  -0.0016981900    0.0006926200    0.0026756400
  -0.0027445900   -0.0016016800   -0.0046016000
   0.0027739100   -0.0016309000   -0.0046486500
   0.0014794800    0.0022914900    0.0005507300
  -0.0007859100    0.0115961300    0.0004668200
  -0.0079516900    0.0046158400   -0.0011843400
  -0.0000296700    0.0032476900   -0.0046378700
   0.0079642100    0.0046229800   -0.0013676000
   0.0049325500    0.0083617900    0.0046674300
  -0.0049967100    0.0082889600    0.0045394100
  -0.0026838300   -0.0000600300    0.0008500900
   0.0027358700    0.0000138800    0.0006234600
   0.0097205400    0.0001008400    0.0046540500
  -0.0000420700   -0.0000011800    0.0002788700
  -0.0098121400    0.0001282700    0.0045705500
  -0.0009625700   -0.0053742700   -0.0023994500
   0.0074265300   -0.0028793900   -0.0000644900
   0.0047683700   -0.0085456900    0.0045521800
  -0.0048144700   -0.0085398700    0.0045694000
  -0.0073853000   -0.0042821900   -0.0022742800
   0.0005555500   -0.0006368000   -0.0134585600
  -0.0001429000   -0.0035788700    0.0031362800
  -0.0000325300   -0.0019890800    0.0018093500
  -0.0016922200   -0.0019613800    0.0042346500
   0.0014980000   -0.0009154300   -0.0009913000
  -0.0017398300    0.0018232500    0.0041457400
   0.0012390400    0.0007066700   -0.0021135300
  -0.0013241900    0.0007553200   -0.0022576600
   0.0008915100    0.0025153400    0.0044322200
   0.0018701600    0.0018229100    0.0016596000
  -0.0016208600    0.0009836200    0.0017835000
  -0.0000133700   -0.0015202300   -0.0022718300
   0.0016806900    0.0009688900    0.0018081700
   0.0022858400    0.0038441200    0.0060488600
  -0.0023130500    0.0038731500    0.0061752100
  -0.0025490600   -0.0005328900    0.0042057900
   0.0026286100   -0.0004009200    0.0044013000
   0.0045241900    0.0001257100    0.0060449700
  -0.0000331200   -0.0000207200    0.0031033200
  -0.0045281700    0.0000310900    0.0060108800
   0.0003531500    0.0013291200   -0.0008267500
   0.0026996000    0.0015994600    0.0008118900
   0.0021386300   -0.0039032900    0.0061652900
  -0.0022351800   -0.0039196800    0.0060063500
  -0.0019536400   -0.0011206900    0.0022323100
   0.0074985800    0.0043368400   -0.0014056800
   0.0018562400    0.0032158100   -0.0010113100
  -0.0018466600    0.0032202200   -0.0010382900
  -0.0075436900    0.0043361000   -0.0013907800
  -0.0000065700    0.0038547700   -0.0039652300
   0.0037113300    0.0000111600   -0.0010068100
   0.0000047100    0.0000041400   -0.0005714200
  -0.0037232700   -0.0000115800   -0.0010386500
  -0.0068944000    0.0005809700   -0.0009424100
   0.0068887200    0.0005814600   -0.0009594800
   0.0018622700   -0.0032119300   -0.0010428200
  -0.0018736400   -0.0032229000   -0.0010365600
  -0.0068009500   -0.0039323300   -0.0013227800
  -0.0000116100   -0.0034009100   -0.0045182100
   0.0067852500   -0.0039234000   -0.0013084400
  -0.0000247800   -0.0087093600   -0.0013841100
  -0.0029470900   -0.0062632100   -0.0009400100
  -0.0029499900    0.0016902300   -0.0045218900
   0.0029343600    0.0016942900   -0.0045229900
   0.0029289700   -0.0062591800   -0.0009434400
   0.0033292800   -0.0019258400   -0.0039551200
   0.0039422200    0.0056715600   -0.0009522800
  -0.0000045000    0.0078395600   -0.0013141900
  -0.0039557100    0.0056682600   -0.0009473000
  -0.0033567200   -0.0019436200   -0.0039560100
   0.0045071900    0.0026027200   -0.0048323800
   0.0038167200    0.0065742500    0.0066864200
  -0.0038286900    0.0065751400    0.0066790100
  -0.0045183800    0.0026011300   -0.0048173100
  -0.0000090400   -0.0007228200   -0.0046801700
   0.0076012300    0.0000188600    0.0066884500
  -0.0000071500   -0.0000037000   -0.0070313900
  -0.0076146200    0.0000161300    0.0066803000
  -0.0025150200   -0.0002917400    0.0030160600
   0.0025005900   -0.0002939600    0.0030162800
   0.0037785100   -0.0066029700    0.0066794200
  -0.0037941900   -0.0066030300    0.0066815000
  -0.0048593100   -0.0028071600   -0.0043094100
  -0.0000062100    0.0008476700   -0.0040942500
   0.0048465900   -0.0028048200   -0.0043096800
  -0.0000072000   -0.0052140900   -0.0048137300
  -0.0015107600   -0.0020312300    0.0030174400
   0.0007307000   -0.0004308600   -0.0040920500
  -0.0007444900   -0.0004311300   -0.0040925400
   0.0014946000   -0.0020313000    0.0030151500
  -0.0006303000    0.0003528600   -0.0046787900
   0.0009937600    0.0023133300    0.0030192500
  -0.0000065700    0.0056013600   -0.0043073800
  -0.0010095700    0.0023100300    0.0030162100
   0.0006168100    0.0003567400   -0.0046678100
   0.0004137000    0.0002398900   -0.0005296500
   0.0004442900   -0.0013086800   -0.0022487400
  -0.0000091700   -0.0015832100   -0.0014445400
  -0.0004485300   -0.0012941500   -0.0022019700
  -0.0004493800    0.0002418900   -0.0006165700
  -0.0009057600    0.0010436100   -0.0022481400
  -0.0005657400   -0.0003212100   -0.0010403500
   0.0005440600   -0.0003214500   -0.0010180400
   0.0008930300    0.0010242700   -0.0022009700
  -0.0000150500    0.0016084100   -0.0014520600
  -0.0013682100    0.0007761400   -0.0014379200
  -0.0000048200    0.0006299900   -0.0010171300
   0.0013556400    0.0007804300   -0.0014352400
   0.0012487100    0.0020691600    0.0009124200
  -0.0012634800    0.0020675100    0.0009037100
  -0.0013425000    0.0002587300   -0.0021978500
   0.0013282700    0.0002650600   -0.0022100300
   0.0024245500    0.0000504700    0.0009095600
  -0.0000088800   -0.0000035900    0.0019960100
  -0.0024286900    0.0000434800    0.0009174700
  -0.0000170300   -0.0005070700   -0.0006202800
   0.0013862600   -0.0008079600   -0.0014568800
   0.0011658900   -0.0021292400    0.0009035700
  -0.0011781200   -0.0021232900    0.0009112800
  -0.0013873400   -0.0007977100   -0.0014315400

51   
  0.0063905428868787  -0.0000000000000000   0.0076916163197967
   0.0428502200    0.0200850400    0.0465918800
   0.0017253000    0.0033031900    0.0144272600
  -0.0006874800   -0.0001807500    0.0004573600
   0.0010770300   -0.0000416100    0.0000539600
   0.0006723800    0.0002164000    0.0014262600
   0.0077547300   -0.0241694200    0.0308525500
   0.0000830000    0.0012225900    0.0010016300
  -0.0000227500    0.0004255300    0.0000276600
  -0.0000529300    0.0000335700    0.0006591800
   0.0007113300   -0.0020314500    0.0029424700
  -0.0001161800   -0.0003529300    0.0005909400
   0.0003447900   -0.0002806300    0.0000936700
  -0.0003630000   -0.0002019000    0.0001560400
   0.0002813400   -0.0008151800    0.0000342400
   0.0002210000   -0.0004708400    0.0012121900
   0.0005056700    0.0009238100    0.0000289500
   0.0000506200    0.0000541100    0.0006472400
  -0.0005788100    0.0007302000   -0.0000430700
   0.0003744600    0.0001875500    0.0001316600
  -0.0002972000    0.0001294600    0.0001287500
   0.0003109900   -0.0000131600    0.0013413600
  -0.0024231900    0.0006646700    0.0019616900
  -0.0000216700    0.0003508000    0.0009934200
  -0.0000760000   -0.0003163200    0.0001385100
   0.0001427800    0.0000656800    0.0005163600
   0.0008318300    0.0014230400    0.0068962900
   0.0010204700   -0.0025953000   -0.0000150600
   0.0000318700   -0.0091352200   -0.0013670100
  -0.0013189900   -0.0023908800    0.0006408300
  -0.0007503100    0.0000000300   -0.0038159500
  -0.0031579200    0.0019808600    0.0010721800
  -0.0027750100   -0.0016268900   -0.0048305400
   0.0028401500   -0.0016507800   -0.0046444500
   0.0014307100    0.0023098200    0.0005060400
   0.0006711400    0.0081348600   -0.0021768300
  -0.0080008000    0.0045492700   -0.0013986100
   0.0000121400    0.0032559000   -0.0046559800
   0.0080232200    0.0046123000   -0.0013449100
   0.0049529600    0.0084018900    0.0045872600
  -0.0050301700    0.0083412600    0.0043962100
  -0.0027057700    0.0000797700    0.0006140600
   0.0027332300   -0.0000013100    0.0004891400
   0.0097197000    0.0000055300    0.0045914100
  -0.0000022200   -0.0000199200    0.0002791100
  -0.0097611100    0.0001298200    0.0045768500
  -0.0007491400   -0.0002495400   -0.0036410700
   0.0072210300   -0.0044174200   -0.0030878000
   0.0048004100   -0.0085876900    0.0043961400
  -0.0047518400   -0.0085466100    0.0045709800
  -0.0074664700   -0.0043149300   -0.0024085700
  -0.0649335900    0.0012997000   -0.0989302600
   0.0070316900   -0.0022839900    0.0013428200
   0.0000031800   -0.0018988000    0.0016441500
  -0.0016426100   -0.0020351600    0.0040704600
   0.0051466500   -0.0006689600   -0.0034082700
  -0.0001050800    0.0054989800    0.0015392000
   0.0011762300    0.0006631400   -0.0022032900
  -0.0012645500    0.0007517800   -0.0022777100
   0.0009212800    0.0024867300    0.0041500800
   0.0004343500    0.0003563100    0.0000740100
  -0.0016242100    0.0009210700    0.0016857000
   0.0000289300   -0.0015161500   -0.0022791100
   0.0017120800    0.0009463500    0.0017793900
   0.0022648700    0.0038708000    0.0058165800
  -0.0022866400    0.0037954900    0.0059979600
  -0.0025522300   -0.0004350900    0.0041087900
   0.0026244900   -0.0003552100    0.0042119500
   0.0044929900    0.0000010700    0.0058145400
   0.0000273900   -0.0000265100    0.0030884500
  -0.0044977800    0.0000438800    0.0059899100
   0.0002366600    0.0030193100   -0.0037540000
   0.0029649900   -0.0038637900   -0.0004696300
   0.0020534700   -0.0038434300    0.0060348500
  -0.0021740500   -0.0039506900    0.0059899600
  -0.0019258700   -0.0011256800    0.0020090900
   0.0092405100    0.0054377500    0.0012730700
   0.0018444700    0.0032287900   -0.0011009200
  -0.0018339400    0.0032013500   -0.0010267200
  -0.0074758300    0.0043187100   -0.0013956500
  -0.0006445200    0.0041162700   -0.0036787100
   0.0037204800   -0.0000333900   -0.0010661800
   0.0000148700   -0.0000044800   -0.0005540800
  -0.0037010100   -0.0000242000   -0.0010139200
  -0.0068542600    0.0005362800   -0.0009777200
   0.0068816300    0.0006280700   -0.0010731200
   0.0018631500   -0.0032128500   -0.0010265700
  -0.0018605700   -0.0032236300   -0.0010161400
  -0.0067815800   -0.0039357000   -0.0013161600
   0.0000127600   -0.0034017100   -0.0045281100
   0.0067942900   -0.0039320000   -0.0013143700
   0.0000127000   -0.0086752300   -0.0014009300
  -0.0029583300   -0.0062497500   -0.0010177000
  -0.0029176400    0.0016904200   -0.0045368200
   0.0029499900    0.0016865100   -0.0045216000
   0.0029486000   -0.0062618000   -0.0009449600
   0.0031552200   -0.0033036500   -0.0024810300
   0.0040304300    0.0056087200   -0.0010428300
   0.0000098600    0.0078163600   -0.0013268500
  -0.0039367900    0.0056587800   -0.0009503900
  -0.0033643700   -0.0019510900   -0.0040932100
   0.0044874100    0.0025699600   -0.0047745400
   0.0038150600    0.0065509200    0.0066794600
  -0.0038145500    0.0065687700    0.0067032300
  -0.0045182700    0.0025937100   -0.0047980100
   0.0000445400   -0.0007479800   -0.0046858700
   0.0075906300    0.0000009500    0.0066749500
   0.0000160000   -0.0000071200   -0.0070097100
  -0.0076049500    0.0000130100    0.0067058800
  -0.0025114300   -0.0002825500    0.0030418800
   0.0024911600   -0.0003618900    0.0029967200
   0.0037945200   -0.0066119400    0.0067085600
  -0.0037771900   -0.0066182700    0.0067054500
  -0.0048463300   -0.0028153400   -0.0042897500
   0.0000132500    0.0008373500   -0.0040599100
   0.0048602300   -0.0028263400   -0.0042853300
   0.0000031000   -0.0052130300   -0.0048143000
  -0.0014881400   -0.0020397400    0.0030304000
   0.0007386700   -0.0004278700   -0.0040659900
  -0.0007324500   -0.0004390000   -0.0040765000
   0.0015139500   -0.0020337800    0.0030486400
  -0.0006057500    0.0003885000   -0.0046531900
   0.0009468900    0.0023270800    0.0030028900
  -0.0000084200    0.0055988900   -0.0042864900
  -0.0009920100    0.0022997100    0.0030547000
   0.0006722800    0.0003874200   -0.0046900600
   0.0005983900    0.0002322200   -0.0009154000
   0.0004766600   -0.0013620200   -0.0019404800
   0.0000127000   -0.0016332800   -0.0014369000
  -0.0004415900   -0.0012826700   -0.0022250100
  -0.0004292000    0.0000277600   -0.0004146000
  -0.0008951200    0.0011553800   -0.0017928100
  -0.0006005300   -0.0003348700   -0.0010811500
   0.0005382800   -0.0003274800   -0.0010112000
   0.0008948100    0.0010018300   -0.0022442500
   0.0002072900    0.0016191100   -0.0013943700
  -0.0013599700    0.0008008400   -0.0014448700
   0.0000014000    0.0006154900   -0.0010185500
   0.0013599000    0.0007789300   -0.0014202700
   0.0012672600    0.0020546400    0.0009043400
  -0.0012613700    0.0021122700    0.0008851100
  -0.0013330200    0.0002247600   -0.0022202900
   0.0013046200    0.0002782600   -0.0022527500
   0.0024618600    0.0000660100    0.0009164300
   0.0000001800   -0.0000155500    0.0020214500
  -0.0024099000    0.0000356200    0.0009288200
  -0.0001720400   -0.0005200300   -0.0002191000
   0.0014571400   -0.0006947300   -0.0013470000
   0.0012450200   -0.0021813900    0.0009243200
  -0.0011600500   -0.0021253400    0.0009299400
  -0.0013991800   -0.0008131200   -0.0014903900

51   
 -0.0063905428868787   0.0000000000000000  -0.0076916163197967
  -0.0446509800   -0.0211211400   -0.0478167800
  -0.0031477700   -0.0031811200   -0.0131347900
  -0.0013782000    0.0002465400   -0.0003695800
   0.0010245000    0.0001096900    0.0000409000
   0.0006168600   -0.0001368700   -0.0002742100
  -0.0083609100    0.0235340200   -0.0301293800
  -0.0002948400   -0.0013666600    0.0002332900
   0.0000314100    0.0003226000    0.0002347900
   0.0002966900   -0.0001838600    0.0005578800
  -0.0000936200    0.0008285800   -0.0018185400
  -0.0008474600   -0.0015038400   -0.0005080900
   0.0003219300   -0.0001095100    0.0001698800
  -0.0002894700   -0.0001905400    0.0001068100
   0.0007041900   -0.0010544200    0.0000632000
  -0.0002392500    0.0001263400   -0.0002184900
   0.0006187600    0.0008398900    0.0000666000
  -0.0000478400    0.0002066500    0.0005695400
  -0.0005345100    0.0010274300    0.0001408700
   0.0002439500    0.0001528900    0.0000662500
  -0.0003129500    0.0002124300    0.0000698100
   0.0004262000    0.0010841500   -0.0001932400
   0.0017067300    0.0004293400   -0.0008020800
  -0.0002701400   -0.0002001700    0.0000009400
   0.0000823100   -0.0004041500    0.0000596200
   0.0001713600    0.0001037700    0.0004804400
   0.0041704200    0.0014312900   -0.0169929900
   0.0016838700   -0.0021272000    0.0013156000
  -0.0000303300   -0.0093492000   -0.0013734600
  -0.0013990100   -0.0023194700    0.0006438200
  -0.0042229800    0.0028491500   -0.0061288000
   0.0004632200    0.0027109200    0.0002164600
  -0.0028795400   -0.0016543600   -0.0044896800
   0.0028187400   -0.0016241600   -0.0046718900
   0.0012799600    0.0023867000    0.0007848500
  -0.0006366700    0.0093692200   -0.0023038500
  -0.0079973800    0.0046724700   -0.0013425100
  -0.0000046500    0.0032661600   -0.0046583400
   0.0079771600    0.0046079000   -0.0013959200
   0.0050957400    0.0083871800    0.0045288700
  -0.0050089000    0.0084432000    0.0047243200
  -0.0027141700   -0.0001025500    0.0006746600
   0.0026942900   -0.0000190700    0.0007974700
   0.0098579500    0.0002860400    0.0045248200
   0.0000060200    0.0000059900    0.0002581900
  -0.0098054800    0.0001581600    0.0045420600
   0.0007665800   -0.0055416600   -0.0063183400
   0.0079564100   -0.0043354100   -0.0013900800
   0.0047259700   -0.0085238500    0.0047207200
  -0.0047691400   -0.0085639300    0.0045472400
  -0.0076993000   -0.0044543100   -0.0020806200
   0.0638337500   -0.0003040800    0.1005265200
  -0.0036623800   -0.0018608900    0.0071570700
  -0.0000038900   -0.0020121400    0.0020231700
  -0.0016590000   -0.0021218700    0.0044475000
  -0.0030017700   -0.0006220200    0.0002939700
  -0.0018238200   -0.0005883300    0.0069863600
   0.0014555000    0.0008392500   -0.0022408400
  -0.0013634400    0.0007573000   -0.0021671200
   0.0010238600    0.0024349000    0.0043665400
  -0.0004060400    0.0040434700    0.0041448500
  -0.0017535100    0.0010122800    0.0019854300
  -0.0000219000   -0.0015307400   -0.0021672000
   0.0016683600    0.0009879400    0.0018864700
   0.0023286900    0.0039098300    0.0062711800
  -0.0022959000    0.0039801600    0.0060875600
  -0.0026816400   -0.0003705600    0.0044078300
   0.0026162000   -0.0004480900    0.0043030900
   0.0045563200    0.0000702000    0.0062732900
  -0.0000240800    0.0000125400    0.0032041500
  -0.0045413100    0.0000241600    0.0060958000
  -0.0002160700   -0.0004924000    0.0006359000
   0.0008567100    0.0016490800    0.0046533700
   0.0023962100   -0.0040379200    0.0060495200
  -0.0022737500   -0.0039329600    0.0060965500
  -0.0018847100   -0.0010889600    0.0021774000
   0.0058551800    0.0032729800   -0.0039564900
   0.0018539000    0.0031956600   -0.0009148500
  -0.0018562400    0.0032221100   -0.0009862500
  -0.0075669000    0.0043565200   -0.0013655500
   0.0006543400    0.0035976400   -0.0041767700
   0.0037027400    0.0000019700   -0.0009480200
  -0.0000109100   -0.0000074000   -0.0005325000
  -0.0037157200   -0.0000078100   -0.0010002900
  -0.0069071500    0.0006174000   -0.0008793200
   0.0068910900    0.0005240400   -0.0007871100
   0.0018669000   -0.0032168200   -0.0009894400
  -0.0018638100   -0.0032057400   -0.0009996300
  -0.0067942500   -0.0039190500   -0.0012715400
  -0.0000094100   -0.0034079100   -0.0044658100
   0.0067940700   -0.0039234300   -0.0012678900
  -0.0000076800   -0.0087126100   -0.0013598000
  -0.0029136200   -0.0062666700   -0.0008418700
  -0.0029637300    0.0016951300   -0.0044596100
   0.0029408400    0.0016978300   -0.0044728000
   0.0029305100   -0.0062572500   -0.0009142900
   0.0035361500   -0.0005891200   -0.0053440400
   0.0038673100    0.0057192300   -0.0008184000
  -0.0000066800    0.0078571600   -0.0012582400
  -0.0039511500    0.0056702800   -0.0009111100
  -0.0033239000   -0.0019240600   -0.0037473500
   0.0045351200    0.0026265700   -0.0048299000
   0.0038319600    0.0065924800    0.0067194600
  -0.0038259000    0.0065759800    0.0066937700
  -0.0044956700    0.0026014500   -0.0048072000
  -0.0000390500   -0.0007071700   -0.0046098300
   0.0076261300    0.0000278200    0.0067223400
  -0.0000123400   -0.0000048800   -0.0070198900
  -0.0076066100    0.0000153400    0.0066919600
  -0.0024968200   -0.0003071100    0.0030252300
   0.0025280100   -0.0002305300    0.0030701100
   0.0037810100   -0.0065993700    0.0066903900
  -0.0037924100   -0.0065918700    0.0066935600
  -0.0048524200   -0.0028012700   -0.0042906200
  -0.0000092500    0.0008543500   -0.0040935500
   0.0048497600   -0.0027905500   -0.0042995200
   0.0000017800   -0.0052133800   -0.0047915000
  -0.0015160000   -0.0020236700    0.0030384300
   0.0007426000   -0.0004374100   -0.0040848500
  -0.0007397500   -0.0004275600   -0.0040754900
   0.0014976300   -0.0020319200    0.0030200700
  -0.0006390700    0.0003224000   -0.0046431300
   0.0010614400    0.0022934500    0.0030656700
   0.0000115700    0.0055974100   -0.0042955100
  -0.0010086500    0.0023196100    0.0030163200
   0.0005823100    0.0003234400   -0.0046055300
   0.0002506700    0.0002421400   -0.0002322700
   0.0004228700   -0.0012396500   -0.0024516800
  -0.0000085900   -0.0015161200   -0.0014350600
  -0.0004458100   -0.0013198800   -0.0021725100
  -0.0004063500    0.0004453800   -0.0007365500
  -0.0008949800    0.0009059200   -0.0025948900
  -0.0004902300   -0.0003104200   -0.0009567700
   0.0005615500   -0.0003168200   -0.0010275600
   0.0009080900    0.0010547100   -0.0021545800
  -0.0002033800    0.0015662900   -0.0014260900
  -0.0013527400    0.0007558700   -0.0014278000
   0.0000047300    0.0006375000   -0.0010211100
   0.0013619200    0.0007769500   -0.0014508500
   0.0012369800    0.0020758700    0.0009411200
  -0.0012367400    0.0020201300    0.0009607300
  -0.0013531300    0.0002854100   -0.0021780100
   0.0013899800    0.0002346500   -0.0021453600
   0.0023820600    0.0000166300    0.0009289000
   0.0000050200    0.0000038600    0.0020059800
  -0.0024255600    0.0000477700    0.0009149100
   0.0001750100   -0.0004666600   -0.0009267800
   0.0013149100   -0.0009196000   -0.0014739500
   0.0010979300   -0.0020708700    0.0009208200
  -0.0011724700   -0.0021255500    0.0009148000
  -0.0013671300   -0.0007986100   -0.0013338100

76   
  0.0063905428868787  -0.0000000000000000   0.0076916163197967
   0.0002280900    0.0001095600    0.0008220500
  -0.0006249400   -0.0001287500    0.0001675500
  -0.0011553700    0.0001097700    0.0003424100
   0.0010518100    0.0000050600    0.0000006300
   0.0006723400    0.0000302900    0.0005618900
  -0.0004654300   -0.0004801200   -0.0000966000
  -0.0000069500   -0.0000323600    0.0004618600
   0.0000027900    0.0004142600    0.0001556700
   0.0001108600   -0.0000743700    0.0006352500
   0.0002520900   -0.0005486000    0.0006290300
  -0.0004650500   -0.0011316000    0.0004644300
   0.0003572900   -0.0002001300    0.0001604000
  -0.0003382400   -0.0001954300    0.0001612000
   0.0004796600   -0.0009380300    0.0000485200
  -0.0000751900   -0.0001978600    0.0005461100
   0.0005434600    0.0008945300    0.0000239300
  -0.0000022400    0.0001236000    0.0006410000
  -0.0005701500    0.0008783600    0.0000638700
   0.0002992200    0.0001703400    0.0001210400
  -0.0002864600    0.0001626000    0.0000587200
   0.0003609600    0.0005487400    0.0005693200
  -0.0003572600    0.0005010900    0.0006195000
  -0.0002070300    0.0000377400    0.0005324700
   0.0000186700   -0.0003439300    0.0000432300
   0.0001485500    0.0000812900    0.0005154000
   0.0024774400    0.0014169500   -0.0049249600
   0.0013741300   -0.0023624200    0.0006709100
  -0.0000014700   -0.0092393200   -0.0013568400
  -0.0013718500   -0.0023523100    0.0006720900
  -0.0024933700    0.0014073000   -0.0049746000
  -0.0013473600    0.0023584900    0.0006780100
  -0.0028257800   -0.0016311700   -0.0046307500
   0.0028216200   -0.0016459600   -0.0046408900
   0.0013524900    0.0023395700    0.0006569900
  -0.0000128600    0.0087492400   -0.0022227500
  -0.0079985100    0.0046115600   -0.0013624100
  -0.0000082800    0.0032573800   -0.0046427500
   0.0079952900    0.0046093900   -0.0013487800
   0.0050247500    0.0083918800    0.0045737800
  -0.0050120500    0.0084003800    0.0045565100
  -0.0027144000   -0.0000160400    0.0006669100
   0.0027080000   -0.0000071600    0.0006563200
   0.0097856800    0.0001481500    0.0045763600
  -0.0000096000   -0.0000070500    0.0003000500
  -0.0097879500    0.0001450700    0.0045834000
  -0.0000159200   -0.0028782500   -0.0049680200
   0.0075704100   -0.0043950200   -0.0022191000
   0.0047623300   -0.0085552700    0.0045653400
  -0.0047673800   -0.0085546600    0.0045913100
  -0.0075934400   -0.0043917100   -0.0022270200
   0.0008184800    0.0005738900    0.0008313300
   0.0007378200   -0.0016657200    0.0047545700
   0.0000573900   -0.0019482800    0.0018315600
  -0.0016505700   -0.0020768200    0.0042666400
   0.0010650600   -0.0006140100   -0.0016199800
  -0.0011615700    0.0008227300    0.0057134100
   0.0012980800    0.0007490500   -0.0023761100
  -0.0013074400    0.0007676800   -0.0022193800
   0.0009567400    0.0024644100    0.0042615800
   0.0000577300    0.0021538100    0.0020248200
  -0.0016652000    0.0009939300    0.0018250000
   0.0000217900   -0.0015213500   -0.0022251300
   0.0016827200    0.0009662600    0.0018391800
   0.0022883500    0.0038879400    0.0060524300
  -0.0023499700    0.0039194600    0.0060046100
  -0.0026239900   -0.0003980700    0.0042641500
   0.0026208600   -0.0004231800    0.0042561100
   0.0045130700    0.0000254500    0.0060513700
  -0.0000099400   -0.0000153000    0.0031599500
  -0.0045298100    0.0000358700    0.0060657300
   0.0000006100    0.0012315700   -0.0016062500
   0.0018948200   -0.0010656800    0.0019801400
   0.0022395500   -0.0040126300    0.0060282000
  -0.0022221800   -0.0039494700    0.0060630000
  -0.0019092800   -0.0011067900    0.0021161600
  -0.0610737400    0.0058052700   -0.1104410600
   0.0060651300    0.0031621500   -0.0024365700
  -0.0018196000    0.0032178600   -0.0011843700
  -0.0074971000    0.0042690000   -0.0015561200
   0.0057455800    0.0041046900   -0.0066414500
   0.0041911200    0.0018024600   -0.0026886000
  -0.0000624300   -0.0000526100   -0.0005892300
  -0.0036875400   -0.0000195700   -0.0010373600
  -0.0070228200    0.0006603500   -0.0008674400
   0.0079995000   -0.0027298700   -0.0034094000
   0.0018368300   -0.0032234100   -0.0012077400
  -0.0018551600   -0.0032084900   -0.0010430300
  -0.0067809000   -0.0039353900   -0.0013213000
   0.0000263000   -0.0033701100   -0.0046556100
   0.0068059800   -0.0038556400   -0.0012867100
  -0.0000272300   -0.0086268900   -0.0015778900
  -0.0029233800   -0.0063046100   -0.0009212900
  -0.0029180900    0.0016538900   -0.0046529500
   0.0029577500    0.0016888200   -0.0045296000
   0.0029434400   -0.0062503100   -0.0009650700
   0.0046336100    0.0009653900   -0.0062442400
   0.0042577200    0.0040317500   -0.0027607700
  -0.0000351400    0.0078612200   -0.0013144900
  -0.0039247800    0.0056563400   -0.0009617200
  -0.0035093200   -0.0020442000   -0.0038783300
   0.0031553900    0.0025954700    0.0081432300
   0.0055950700    0.0081856000    0.0077353700
  -0.0038170300    0.0066248200    0.0067032900
  -0.0044707700    0.0024756000   -0.0047851200
  -0.0002336500   -0.0005588800   -0.0052840800
   0.0083048800    0.0005051000    0.0065963400
   0.0000588800    0.0000123800   -0.0072010600
  -0.0076196900    0.0000162600    0.0067185200
  -0.0024363500   -0.0003264300    0.0027869000
   0.0006535200    0.0000528900    0.0035284700
   0.0036932300   -0.0066480400    0.0067298000
  -0.0037856200   -0.0066145000    0.0067332400
  -0.0048602700   -0.0028064600   -0.0042818300
  -0.0000158600    0.0008887400   -0.0040798200
   0.0048654400   -0.0027252200   -0.0045129100
  -0.0000758800   -0.0050508500   -0.0047675700
  -0.0014805500   -0.0020259700    0.0028171500
   0.0007029100   -0.0005325000   -0.0040895100
  -0.0007214100   -0.0004154000   -0.0040531400
   0.0014818500   -0.0020273100    0.0030577200
  -0.0009396700    0.0005165900   -0.0055811200
   0.0001347200   -0.0005143700    0.0043713500
   0.0001272000    0.0055274800   -0.0045115300
  -0.0010154300    0.0022840300    0.0030552500
   0.0006053300    0.0003321100   -0.0048771000
   0.0018207800   -0.0030433100    0.0131237300
   0.0493852300   -0.0254796900    0.0490491200
  -0.0000676400   -0.0015627000   -0.0006091900
  -0.0003822700   -0.0012406000   -0.0021768000
   0.0000282000    0.0006135500   -0.0001397000
   0.0061743400    0.0282493100    0.0300609400
   0.0008926800    0.0017781500    0.0016995300
   0.0004352800   -0.0003856200   -0.0009107500
   0.0008846100    0.0009842300   -0.0022684400
  -0.0003470100    0.0005270500   -0.0008598300
  -0.0009470700    0.0009849600   -0.0006829000
  -0.0001370800    0.0005201400   -0.0009795500
   0.0013369200    0.0007752100   -0.0014155200
   0.0012512300    0.0021325300    0.0009229900
  -0.0009236000    0.0011988300    0.0014371900
  -0.0012843800    0.0002583800   -0.0021520800
   0.0013426100    0.0003664000   -0.0022489400
   0.0024556600    0.0000668100    0.0010121700
  -0.0000497600   -0.0000714700    0.0020119000
  -0.0024392000    0.0000844300    0.0010106300
   0.0002766400   -0.0008780700   -0.0000204300
  -0.0008103800   -0.0018369900    0.0002187500
   0.0008384900   -0.0014817600    0.0016307500
  -0.0011916600   -0.0021266000    0.0009894600
  -0.0014810900   -0.0008522100   -0.0013035500

76   
 -0.0063905428868787   0.0000000000000000  -0.0076916163197967
  -0.0002465100   -0.0001292700   -0.0002830800
  -0.0007002100    0.0002064100    0.0009691800
  -0.0009485700   -0.0000414200   -0.0002717200
   0.0010359100    0.0000635600    0.0000751100
   0.0006377800    0.0000478900    0.0005749800
  -0.0001193200   -0.0007213500    0.0012401000
  -0.0002403800   -0.0001211900    0.0007281400
  -0.0000115900    0.0003290800    0.0000862800
   0.0001204200   -0.0000779800    0.0005585300
   0.0003198600   -0.0006550200    0.0005067900
  -0.0005221900   -0.0007378400   -0.0003950900
   0.0002930500   -0.0001932700    0.0000831700
  -0.0003281600   -0.0001964500    0.0000804100
   0.0004880900   -0.0009329000    0.0000259400
   0.0000692300   -0.0001758500    0.0004308900
   0.0005682400    0.0008653400    0.0000506800
  -0.0000074300    0.0001334800    0.0005526800
  -0.0005558300    0.0008787000    0.0000121500
   0.0003026900    0.0001681100    0.0000560600
  -0.0003333300    0.0001743400    0.0001192900
   0.0003696300    0.0005321400    0.0005652800
  -0.0003893200    0.0005835400    0.0005159500
  -0.0001125900    0.0001261700    0.0004439400
  -0.0000271000   -0.0003768200    0.0001346100
   0.0001533800    0.0000827900    0.0004605800
   0.0024837500    0.0014345000   -0.0050149000
   0.0013342400   -0.0023489600    0.0006078500
  -0.0000046400   -0.0092491300   -0.0013976500
  -0.0013557700   -0.0023613500    0.0006058300
  -0.0024837000    0.0014442900   -0.0049667400
  -0.0013674000    0.0023323100    0.0006020400
  -0.0028409400   -0.0016518800   -0.0046996400
   0.0028274200   -0.0016317100   -0.0046877100
   0.0013468200    0.0023509700    0.0006198000
   0.0000047100    0.0087541300   -0.0022804800
  -0.0080104200    0.0046089400   -0.0013927700
   0.0000034700    0.0032607600   -0.0046848000
   0.0079921500    0.0046091700   -0.0014027700
   0.0050109100    0.0083927800    0.0045345500
  -0.0050390300    0.0083819500    0.0045518900
  -0.0027194900   -0.0000037200    0.0006093600
   0.0027095500   -0.0000140800    0.0006184800
   0.0097784300    0.0001379200    0.0045305200
   0.0000004900   -0.0000091700    0.0002245300
  -0.0097914400    0.0001416200    0.0045210800
   0.0000054900   -0.0028731500   -0.0049740600
   0.0075931400   -0.0043761800   -0.0022820400
   0.0047533500   -0.0085579300    0.0045370800
  -0.0047648100   -0.0085564500    0.0045131200
  -0.0075835300   -0.0043808400   -0.0022742900
  -0.0030616900   -0.0018900300   -0.0040258600
   0.0025531300   -0.0024858000    0.0037900800
  -0.0000651000   -0.0019669700    0.0018493600
  -0.0016623000   -0.0020828300    0.0042590200
   0.0011273800   -0.0006735700   -0.0015174000
  -0.0007700600    0.0041115800    0.0028020100
   0.0013201800    0.0007518800   -0.0020541100
  -0.0013301300    0.0007390800   -0.0022121000
   0.0009705400    0.0024557500    0.0042669800
  -0.0000658700    0.0022383700    0.0021782000
  -0.0017230300    0.0009395300    0.0018578800
  -0.0000265800   -0.0015293100   -0.0022078800
   0.0016844900    0.0009661200    0.0018394700
   0.0022930000    0.0038900500    0.0060454800
  -0.0022456400    0.0038565600    0.0060934400
  -0.0026228600   -0.0004053800    0.0042630500
   0.0026098800   -0.0003821800    0.0042729400
   0.0045236500    0.0000402100    0.0060468500
   0.0000011000   -0.0000008600    0.0031460100
  -0.0045225400    0.0000302800    0.0060342000
  -0.0000109000    0.0012953500   -0.0015311700
   0.0019143600   -0.0011499200    0.0022174700
   0.0022030300   -0.0038724000    0.0060743300
  -0.0022374500   -0.0039347200    0.0060367600
  -0.0019136200   -0.0011104300    0.0020802900
   0.0754228700    0.0055855200    0.1090844000
  -0.0023239100    0.0032458100    0.0003985700
  -0.0018803900    0.0032045500   -0.0008188400
  -0.0075544900    0.0044058300   -0.0011922300
  -0.0058150200    0.0036110700   -0.0011707900
   0.0031913800   -0.0018342900    0.0006568500
   0.0000542300    0.0000378400   -0.0004859700
  -0.0037403500   -0.0000134600   -0.0009599600
  -0.0067547900    0.0004868700   -0.0009827800
   0.0057718700    0.0038633800    0.0015496000
   0.0018823900   -0.0032091100   -0.0007978200
  -0.0018790300   -0.0032236600   -0.0009570800
  -0.0068115700   -0.0039215500   -0.0012506600
  -0.0000331900   -0.0034453400   -0.0043346000
   0.0067697300   -0.0040058400   -0.0012907200
   0.0000194100   -0.0087609500   -0.0011700600
  -0.0029594900   -0.0062165300   -0.0009275300
  -0.0029780600    0.0017308700   -0.0043315200
   0.0029202000    0.0016981700   -0.0044544300
   0.0029256400   -0.0062691400   -0.0008827700
   0.0020478000   -0.0048409400   -0.0015812100
   0.0036153700    0.0073013800    0.0008805400
   0.0000255800    0.0078070700   -0.0012562700
  -0.0039766000    0.0056698300   -0.0008829200
  -0.0031857500   -0.0018338900   -0.0039455100
   0.0058294800    0.0025970000   -0.0175897900
   0.0020468000    0.0049455500    0.0056501700
  -0.0038318600    0.0065197500    0.0066643900
  -0.0045557400    0.0027186700   -0.0048538100
   0.0002440000   -0.0009141700   -0.0040492500
   0.0068679200   -0.0004808800    0.0067612400
  -0.0000604800   -0.0000227600   -0.0068627200
  -0.0076037600    0.0000108900    0.0066429200
  -0.0025886800   -0.0002676700    0.0032559700
   0.0043436300   -0.0006460000    0.0025166100
   0.0038712300   -0.0065638700    0.0066393600
  -0.0037938300   -0.0065991500    0.0066314000
  -0.0048550500   -0.0028116300   -0.0043330500
   0.0000072700    0.0008001500   -0.0040983500
   0.0048342600   -0.0028939100   -0.0040971200
   0.0000668100   -0.0053762000   -0.0048716000
  -0.0015349300   -0.0020445000    0.0032212200
   0.0007629300   -0.0003352900   -0.0040925100
  -0.0007633900   -0.0004486800   -0.0041290700
   0.0015195800   -0.0020383400    0.0029793600
  -0.0003210000    0.0002070900   -0.0037561900
   0.0018545600    0.0050838400    0.0016988900
  -0.0001362600    0.0056633300   -0.0041063400
  -0.0009980100    0.0023322400    0.0029781600
   0.0006370600    0.0003712200   -0.0044498500
  -0.0008796300    0.0035614500   -0.0144421300
  -0.0465221600    0.0217358300   -0.0514755000
   0.0000993400   -0.0015868600   -0.0022698300
  -0.0005195200   -0.0013653900   -0.0022270900
  -0.0009084500   -0.0001483300   -0.0010123900
  -0.0079624500   -0.0255607900   -0.0339813000
  -0.0020183900   -0.0024135300   -0.0037165900
   0.0006518700   -0.0002652200   -0.0011381500
   0.0009021700    0.0010723700   -0.0021381600
   0.0003230600    0.0026537700   -0.0019883000
  -0.0017543400    0.0005951600   -0.0021937300
   0.0001262200    0.0007303500   -0.0010684000
   0.0013689700    0.0007766400   -0.0014653100
   0.0012382300    0.0019962500    0.0009141400
  -0.0016005400    0.0029425300    0.0004129700
  -0.0014107400    0.0002525700   -0.0022521800
   0.0013384300    0.0001434600   -0.0021582300
   0.0023739000    0.0000159000    0.0008231100
   0.0000409300    0.0000610000    0.0020106300
  -0.0024074600   -0.0000009200    0.0008278700
  -0.0002997700   -0.0001290300   -0.0011355000
   0.0035413400    0.0002324200   -0.0030524800
   0.0014969000   -0.0027882300    0.0002139200
  -0.0011575700   -0.0021261900    0.0008472900
  -0.0012981200   -0.0007627000   -0.0015254200

101  
  0.0063905428868787  -0.0000000000000000   0.0076916163197967
  -0.0000345800   -0.0000189800    0.0003034000
  -0.0006959700   -0.0000060400    0.0004859600
  -0.0010727000    0.0000170200    0.0000477500
   0.0010107200    0.0000214300    0.0000026600
   0.0006320300    0.0000233000    0.0005245600
  -0.0003441800   -0.0006012900    0.0004898100
  -0.0001190100   -0.0000659000    0.0005125400
  -0.0000359700    0.0003644400    0.0000925900
   0.0000849100   -0.0000990800    0.0005476500
   0.0002647600   -0.0005982000    0.0005358100
  -0.0005233600   -0.0009426300    0.0000561100
   0.0003005200   -0.0002156300    0.0000780000
  -0.0003686800   -0.0002117600    0.0000817000
   0.0004666800   -0.0009534600   -0.0000010400
  -0.0000394700   -0.0002102800    0.0004704700
   0.0005222700    0.0008652400   -0.0000010100
  -0.0000433100    0.0001217400    0.0005466600
  -0.0005915700    0.0008775100   -0.0000006600
   0.0002818500    0.0001641200    0.0000401400
  -0.0003339600    0.0001539600    0.0000484700
   0.0003360100    0.0005358600    0.0005247300
  -0.0003876700    0.0005301000    0.0005220600
  -0.0001968300    0.0000708200    0.0004725800
  -0.0000343600   -0.0003676000    0.0000526500
   0.0001228100    0.0000707900    0.0004412700
   0.0024501400    0.0014130600   -0.0049895100
   0.0013267100   -0.0023686300    0.0006274700
  -0.0000297100   -0.0092597900   -0.0014071600
  -0.0013926300   -0.0023679900    0.0006124200
  -0.0025177800    0.0014086700   -0.0050050800
  -0.0013866200    0.0023365200    0.0006245300
  -0.0028569700   -0.0016508600   -0.0046945900
   0.0027976300   -0.0016479000   -0.0046920300
   0.0013196900    0.0023332800    0.0006091300
  -0.0000336100    0.0087411000   -0.0022807100
  -0.0080366100    0.0046014100   -0.0014087700
  -0.0000266400    0.0032489100   -0.0046917900
   0.0079645900    0.0045971800   -0.0014057500
   0.0049898300    0.0083820400    0.0045257300
  -0.0050496300    0.0083828100    0.0045211900
  -0.0027442000   -0.0000229400    0.0006110700
   0.0026795000   -0.0000247800    0.0006091300
   0.0097539900    0.0001303300    0.0045250800
  -0.0000336200   -0.0000200500    0.0002359400
  -0.0098168400    0.0001333700    0.0045238900
  -0.0000372300   -0.0028853500   -0.0050048400
   0.0075531700   -0.0044005400   -0.0022789600
   0.0047342200   -0.0085671500    0.0045199200
  -0.0047924500   -0.0085673600    0.0045238500
  -0.0076183000   -0.0043986800   -0.0022792400
  -0.0010876700   -0.0006371100   -0.0016281600
   0.0015835100   -0.0020629000    0.0042600300
  -0.0000313700   -0.0019690400    0.0018048000
  -0.0016841300   -0.0020857800    0.0042415600
   0.0010376800   -0.0006832900   -0.0016019300
  -0.0009868400    0.0024035800    0.0042321800
   0.0012646500    0.0007425700   -0.0022345300
  -0.0013444800    0.0007397200   -0.0022227500
   0.0009202700    0.0024477600    0.0042427300
  -0.0000366600    0.0021734800    0.0019939800
  -0.0017252600    0.0009738200    0.0018017400
  -0.0000286600   -0.0015361000   -0.0022262900
   0.0016536800    0.0009541400    0.0018131100
   0.0022578200    0.0038944400    0.0060298600
  -0.0023189800    0.0038970800    0.0060201400
  -0.0026469600   -0.0004162600    0.0042440300
   0.0025844400   -0.0004211300    0.0042469800
   0.0045002800    0.0000144200    0.0060379700
  -0.0000387500   -0.0000236800    0.0031304900
  -0.0045508600    0.0000228900    0.0060294800
  -0.0000694400    0.0012384300   -0.0016068200
   0.0018524000   -0.0011121300    0.0020350000
   0.0021951000   -0.0039529300    0.0060216300
  -0.0022537700   -0.0039538800    0.0060243500
  -0.0019383900   -0.0011208000    0.0020832300
   0.0061687900    0.0043249800    0.0113480800
   0.0015730800    0.0029009700   -0.0016709200
  -0.0018448400    0.0033162300   -0.0010089800
  -0.0075406500    0.0042695400   -0.0014126800
   0.0017317200    0.0021548200   -0.0029262500
   0.0017431400   -0.0003411700   -0.0006139100
   0.0000198400    0.0000026600   -0.0008576200
  -0.0037503600   -0.0000275500   -0.0010104800
  -0.0068565300    0.0005367300   -0.0011241600
   0.0076404600    0.0001312000   -0.0009868600
   0.0018121500   -0.0032792300   -0.0010419200
  -0.0018937300   -0.0032331400   -0.0010281400
  -0.0068238400   -0.0039355100   -0.0012818600
  -0.0001129000   -0.0033807700   -0.0045006300
   0.0067858700   -0.0039860500   -0.0015386900
  -0.0000597100   -0.0085994700   -0.0014285400
  -0.0029546500   -0.0062659100   -0.0011845000
  -0.0030468200    0.0015277500   -0.0044834600
   0.0028962100    0.0016779600   -0.0045053400
   0.0029226800   -0.0062858000   -0.0009326400
   0.0023992000    0.0008754700   -0.0027027500
   0.0037077400    0.0055306500   -0.0018214800
  -0.0000030000    0.0078205200   -0.0015306500
  -0.0039871200    0.0056698400   -0.0009334500
  -0.0032698600   -0.0019048900   -0.0041694700
  -0.0569299500    0.0056645300   -0.1020352800
   0.0095178000    0.0063259600    0.0036680900
  -0.0037955300    0.0066381400    0.0064568800
  -0.0045129200    0.0026049900   -0.0050187700
   0.0038082000   -0.0006604200   -0.0061326800
   0.0087562300    0.0032899300    0.0040092900
  -0.0001522600   -0.0000925700   -0.0069924900
  -0.0076004100   -0.0000010100    0.0066128300
  -0.0026167900   -0.0002605400    0.0029457500
   0.0028880200   -0.0019436700    0.0012205600
   0.0038175900   -0.0066428900    0.0065010000
  -0.0038027500   -0.0066041800    0.0066248300
  -0.0048651900   -0.0028320800   -0.0043853900
  -0.0000681400    0.0008336600   -0.0043296700
   0.0048284500   -0.0029037500   -0.0043239100
   0.0000166200   -0.0052163700   -0.0049901200
  -0.0015289800   -0.0020210500    0.0030012100
   0.0006851400   -0.0005287300   -0.0043448400
  -0.0007653700   -0.0004634000   -0.0041566200
   0.0015034000   -0.0020396100    0.0029494000
  -0.0003823200    0.0017328500   -0.0065681600
   0.0022840500   -0.0005999900    0.0004451500
  -0.0002021100    0.0056861200   -0.0043095900
  -0.0009955300    0.0023113900    0.0029492700
   0.0005660800    0.0003208000   -0.0047021800
   0.0476781300    0.0233320300    0.0497499500
   0.0015192900    0.0022372800    0.0120495400
   0.0004683400   -0.0019451900   -0.0011561800
  -0.0003874300   -0.0013878500   -0.0022553500
  -0.0005268000    0.0002248500    0.0001330000
   0.0063340400   -0.0258616100    0.0302945800
  -0.0007009100    0.0008338600   -0.0002469100
   0.0004913500   -0.0003287000   -0.0011610800
   0.0007849300    0.0010983000   -0.0021659800
   0.0012676100   -0.0004041000    0.0012385100
  -0.0010064500    0.0016674000   -0.0011242000
  -0.0000462400    0.0005532200   -0.0011010900
   0.0012932600    0.0007641800   -0.0014932500
   0.0010982500    0.0021166200    0.0008960900
  -0.0008782200    0.0018132800    0.0015985900
  -0.0014129100    0.0003185400   -0.0022737300
   0.0013638400    0.0002209300   -0.0021932400
   0.0023881100   -0.0000415600    0.0008094500
   0.0000569600   -0.0000182900    0.0019768900
  -0.0024963600    0.0000077300    0.0009305200
  -0.0003606100   -0.0011902700   -0.0000486500
  -0.0007885000    0.0000054300    0.0003039300
   0.0013954100   -0.0017591200    0.0013850000
  -0.0012873400   -0.0021150500    0.0009402100
  -0.0014631200   -0.0008193200   -0.0014124400

101  
 -0.0063905428868787   0.0000000000000000  -0.0076916163197967
   0.0000441100    0.0000296300    0.0002328100
  -0.0006118200    0.0001086300    0.0006340400
  -0.0010130700    0.0000785900    0.0000111700
   0.0010953200    0.0000735200    0.0000567900
   0.0006977800    0.0000808000    0.0005968400
  -0.0002239600   -0.0005729700    0.0006314200
  -0.0001103700   -0.0000605800    0.0006665600
   0.0000467000    0.0004038100    0.0001331200
   0.0001646700   -0.0000268400    0.0006302300
   0.0003249300   -0.0005779000    0.0005846400
  -0.0004436900   -0.0009036400    0.0000022800
   0.0003683000   -0.0001505100    0.0001480700
  -0.0002790500   -0.0001543000    0.0001442700
   0.0005197300   -0.0008908400    0.0000594600
   0.0000510700   -0.0001370700    0.0004907600
   0.0006077300    0.0009210200    0.0000597000
   0.0000528000    0.0001615700    0.0006306200
  -0.0005155000    0.0009058100    0.0000608300
   0.0003387700    0.0002006300    0.0001216400
  -0.0002667000    0.0002088500    0.0001139700
   0.0004135800    0.0005720600    0.0005944600
  -0.0003403200    0.0005799900    0.0005962700
  -0.0001034400    0.0001197000    0.0004883000
   0.0000441100   -0.0003266200    0.0001094600
   0.0001981600    0.0001195700    0.0005186700
   0.0025306600    0.0014643100   -0.0049694900
   0.0014012600   -0.0023169800    0.0006340000
   0.0000419400   -0.0092026000   -0.0013644700
  -0.0013163600   -0.0023196300    0.0006478300
  -0.0024410900    0.0014686100   -0.0049542000
  -0.0013088100    0.0023814400    0.0006372300
  -0.0027910000   -0.0016060500   -0.0046541500
   0.0028700800   -0.0016031900   -0.0046543800
   0.0013982800    0.0023834500    0.0006497100
   0.0000443100    0.0087891600   -0.0022402500
  -0.0079540300    0.0046456600   -0.0013632500
   0.0000412400    0.0032953900   -0.0046537000
   0.0080414100    0.0046472200   -0.0013638700
   0.0050651000    0.0084294500    0.0045658300
  -0.0049823200    0.0084248800    0.0045694500
  -0.0026715700    0.0000293600    0.0006479100
   0.0027566400    0.0000300600    0.0006479500
   0.0098296800    0.0001816500    0.0045640400
   0.0000423600    0.0000297800    0.0002702500
  -0.0097429100    0.0001798300    0.0045628300
   0.0000454600   -0.0028401700   -0.0049548400
   0.0076286500   -0.0043440900   -0.0022395400
   0.0048001100   -0.0085187000    0.0045645900
  -0.0047204900   -0.0085172800    0.0045625200
  -0.0075400800   -0.0043476500   -0.0022394800
  -0.0011003000   -0.0006246700   -0.0015287300
   0.0017295100   -0.0020674200    0.0042498100
   0.0000434400   -0.0019204300    0.0018574500
  -0.0016102200   -0.0020476100    0.0042665700
   0.0011728600   -0.0005776200   -0.0015545700
  -0.0009349500    0.0025435400    0.0042773800
   0.0013736200    0.0007850200   -0.0022114900
  -0.0012745700    0.0007935100   -0.0022262100
   0.0010252000    0.0024991300    0.0042681800
   0.0000470600    0.0022450600    0.0021873800
  -0.0016447600    0.0009861600    0.0018626600
   0.0000431300   -0.0014882400   -0.0022235900
   0.0017319600    0.0010041400    0.0018485400
   0.0023423000    0.0039103400    0.0060491300
  -0.0022580300    0.0039047000    0.0060590500
  -0.0025814500   -0.0003612400    0.0042654400
   0.0026648500   -0.0003579800    0.0042647500
   0.0045558400    0.0000772300    0.0060423300
   0.0000478000    0.0000336200    0.0031584900
  -0.0044818900    0.0000698200    0.0060528800
   0.0000789200    0.0013144500   -0.0015488700
   0.0019745700   -0.0010771000    0.0021439100
   0.0022668800   -0.0039059000    0.0060626600
  -0.0021866800   -0.0039038400    0.0060586800
  -0.0018659500   -0.0010701900    0.0020948600
   0.0089170400    0.0043750300   -0.0143031900
   0.0021101500    0.0035309600   -0.0003395400
  -0.0018380600    0.0031317800   -0.0010099100
  -0.0074994200    0.0044327800   -0.0013549400
  -0.0017271100    0.0055704700   -0.0049412400
   0.0056954200    0.0003329600   -0.0014124100
  -0.0000086300    0.0000104300   -0.0002347500
  -0.0036596200    0.0000207800   -0.0010045600
  -0.0069112300    0.0006425000   -0.0007469700
   0.0061768400    0.0010434800   -0.0008725200
   0.0019266300   -0.0031268000   -0.0009786100
  -0.0018223000   -0.0031726000   -0.0009895500
  -0.0067507200   -0.0038957000   -0.0013085100
   0.0001233800   -0.0034030900   -0.0045071000
   0.0068053600   -0.0038453900   -0.0010554100
   0.0000711200   -0.0087660200   -0.0013355900
  -0.0029112100   -0.0062316700   -0.0006843400
  -0.0028286900    0.0018842500   -0.0045181700
   0.0029996800    0.0017352000   -0.0044952500
   0.0029648400   -0.0062081800   -0.0009318700
   0.0043096500   -0.0047720400   -0.0051751600
   0.0041989900    0.0058413500   -0.0000341600
   0.0000139200    0.0078709800   -0.0010595000
  -0.0038967800    0.0056834400   -0.0009280200
  -0.0034098000   -0.0019481300   -0.0036718400
   0.0663274700   -0.0016948400    0.1013371100
  -0.0018089200    0.0068474800    0.0096613600
  -0.0038417100    0.0065312600    0.0068887100
  -0.0044978200    0.0026160500   -0.0046383200
  -0.0038584000   -0.0007855700   -0.0031794300
   0.0064625700   -0.0032550800    0.0093479500
   0.0001612100    0.0001033700   -0.0070913000
  -0.0076052500    0.0000544500    0.0067282100
  -0.0023889100   -0.0003088400    0.0030788600
   0.0021675600    0.0013811800    0.0048276700
   0.0037645700   -0.0065476800    0.0068491000
  -0.0037589600   -0.0065828400    0.0067195400
  -0.0048322100   -0.0027602400   -0.0042496600
   0.0000791600    0.0008824500   -0.0038659100
   0.0048873400   -0.0026932400   -0.0043045300
  -0.0000060400   -0.0051860700   -0.0046679600
  -0.0014696200   -0.0020212300    0.0030181300
   0.0008011200   -0.0003084700   -0.0038564300
  -0.0007016100   -0.0003741500   -0.0040446000
   0.0015169200   -0.0020005200    0.0030690400
  -0.0008473000   -0.0009967100   -0.0027483800
  -0.0002667700    0.0052499200    0.0055731100
   0.0002079300    0.0055323000   -0.0043272300
  -0.0010005900    0.0023314200    0.0030652800
   0.0006981200    0.0004117800   -0.0046468200
  -0.0487890800   -0.0239659700   -0.0528844400
  -0.0007272700   -0.0047629100   -0.0163176600
  -0.0004249300   -0.0011852900   -0.0017529000
  -0.0004933300   -0.0011919800   -0.0021716300
  -0.0003442700    0.0002742300   -0.0013138400
  -0.0081300900    0.0285724200   -0.0351877700
  -0.0003672700   -0.0014552500   -0.0017974100
   0.0006187800   -0.0002901200   -0.0009067600
   0.0010229600    0.0009789900   -0.0022597700
  -0.0012385600    0.0036228600   -0.0041135400
  -0.0016839700   -0.0000745300   -0.0017874700
   0.0000607000    0.0007233500   -0.0009664200
   0.0014350300    0.0008136600   -0.0014059900
   0.0014160000    0.0020394600    0.0009219300
  -0.0016337700    0.0023686300    0.0002168600
  -0.0012644700    0.0002210100   -0.0021524800
   0.0013363100    0.0003156200   -0.0022323300
   0.0024607200    0.0001488400    0.0010076400
  -0.0000476800    0.0000322600    0.0020223300
  -0.0023321700    0.0001023000    0.0008855400
   0.0003665800    0.0002116000   -0.0011376100
   0.0035946100   -0.0015856900   -0.0031492900
   0.0009705000   -0.0024867400    0.0004286600
  -0.0010392400   -0.0021141000    0.0008758800
  -0.0012929000   -0.0007668800   -0.0014374800

126  
  0.0063905428868787  -0.0000000000000000   0.0076916163197967
   0.0001839500    0.0001459000    0.0004244000
  -0.0007915400    0.0000742800    0.0004267100
  -0.0010046900    0.0000020500    0.0001567000
   0.0010571300    0.0000679300    0.0001206500
   0.0006379900   -0.0000349400    0.0006210900
  -0.0003654400   -0.0007786700    0.0005707900
  -0.0000394600   -0.0000361100    0.0003933000
  -0.0000010400    0.0004078800    0.0001775500
   0.0001075500   -0.0000366600    0.0006515900
   0.0002877700   -0.0005849800    0.0004219000
  -0.0005026300   -0.0008754400    0.0002266100
   0.0003574500   -0.0002181300    0.0001671400
  -0.0003289500   -0.0001924600    0.0001249100
   0.0004535900   -0.0009304100    0.0001031300
   0.0000532700   -0.0001260900    0.0004727600
   0.0005846500    0.0008757700    0.0001058800
   0.0000336000    0.0001150400    0.0006421400
  -0.0005774300    0.0008585400    0.0001042000
   0.0002773600    0.0001523700    0.0001870400
  -0.0002901800    0.0001727600    0.0001766200
   0.0003009800    0.0005482100    0.0007224400
  -0.0003512600    0.0004997800    0.0003926700
  -0.0000919800    0.0000839900    0.0005048700
   0.0000062500   -0.0003505500    0.0001683900
   0.0001607900    0.0000811600    0.0005836700
   0.0024867000    0.0014286700   -0.0050174900
   0.0013628900   -0.0023471400    0.0006957200
  -0.0000014800   -0.0092510900   -0.0013747500
  -0.0013563600   -0.0023580300    0.0006465500
  -0.0024677600    0.0014301700   -0.0049360700
  -0.0013505300    0.0023437400    0.0006933700
  -0.0028312000   -0.0016426900   -0.0046464700
   0.0028337100   -0.0016429700   -0.0046535000
   0.0013511700    0.0023551300    0.0006578600
   0.0000026700    0.0087519800   -0.0022139000
  -0.0080189700    0.0046125200   -0.0013705500
  -0.0000012600    0.0032680200   -0.0046526600
   0.0080094800    0.0046176100   -0.0013656200
   0.0050223200    0.0084010100    0.0045591300
  -0.0050089600    0.0083808700    0.0045653100
  -0.0027176900    0.0000092600    0.0006466300
   0.0027206700   -0.0000078000    0.0006561900
   0.0097923700    0.0001456700    0.0045560800
  -0.0000005400   -0.0000024000    0.0002586500
  -0.0097873100    0.0001486300    0.0045508800
   0.0000090400   -0.0028583800   -0.0049292500
   0.0075874600   -0.0043855500   -0.0022021600
   0.0047578200   -0.0085432200    0.0045569600
  -0.0047631600   -0.0085532000    0.0045508300
  -0.0075662200   -0.0043785600   -0.0022352000
  -0.0009317600   -0.0006401000   -0.0018915800
   0.0015980700   -0.0019427600    0.0044807700
  -0.0000111800   -0.0019724400    0.0018474500
  -0.0016347400   -0.0020606000    0.0042782100
   0.0011668000   -0.0002973700   -0.0013169900
  -0.0008448100    0.0022571100    0.0043954200
   0.0012912100    0.0007511800   -0.0022647900
  -0.0013113400    0.0007578600   -0.0021835400
   0.0010419400    0.0024122800    0.0042879000
  -0.0002301100    0.0020694500    0.0024371100
  -0.0016786300    0.0009861600    0.0018391000
   0.0000016100   -0.0015191500   -0.0021806200
   0.0016873700    0.0009684400    0.0018678300
   0.0023263100    0.0038538200    0.0060715400
  -0.0023390600    0.0039028600    0.0060196200
  -0.0026103900   -0.0004220800    0.0042666900
   0.0026039200   -0.0003429100    0.0042520400
   0.0045196900    0.0000898200    0.0060674700
   0.0000025900    0.0000066000    0.0031868600
  -0.0045343900    0.0000370100    0.0060833200
   0.0003344400    0.0012206300   -0.0014176400
   0.0017750400   -0.0011896700    0.0024187900
   0.0022017500   -0.0039519000    0.0060427200
  -0.0022395400   -0.0039474900    0.0060826300
  -0.0019513400   -0.0011038500    0.0020494000
   0.0101736800    0.0017819300    0.0112938300
   0.0017949700    0.0026043900   -0.0001427200
  -0.0017742800    0.0032496200   -0.0009749600
  -0.0070993200    0.0050143000   -0.0009740800
   0.0456985800   -0.0184224500    0.0465570400
   0.0035946200    0.0000710200   -0.0001088300
  -0.0000254500   -0.0000093600   -0.0004763000
  -0.0037868100    0.0000227000   -0.0008787300
  -0.0068167100    0.0000455600   -0.0005558100
   0.0047006700   -0.0009122200    0.0007056400
   0.0019059000   -0.0031940100   -0.0009326600
  -0.0018783200   -0.0032410800   -0.0009109500
  -0.0068090100   -0.0039764100   -0.0013068800
   0.0001070400   -0.0034396800   -0.0044538900
   0.0067304400   -0.0040390600   -0.0012814300
   0.0005184300   -0.0087913600   -0.0007047400
  -0.0027171400   -0.0057703600   -0.0003215700
  -0.0030277000    0.0018134100   -0.0044115700
   0.0029297600    0.0016970400   -0.0044672600
   0.0029021000   -0.0061507700   -0.0009559300
   0.0104377600    0.0230595800    0.0278262400
   0.0032023800    0.0048309300   -0.0000390600
  -0.0001648000    0.0078933800   -0.0012224300
  -0.0038955200    0.0055449600   -0.0009393500
  -0.0015114700    0.0003790900   -0.0015386500
   0.0524922700    0.0261297100    0.0484562400
   0.0042999200    0.0058003800    0.0070168500
  -0.0037283900    0.0065495700    0.0066776000
  -0.0045420900    0.0031726400   -0.0040433300
   0.0024105500    0.0020736800    0.0085544300
   0.0076161400    0.0006070800    0.0070063900
  -0.0000758000   -0.0000221900   -0.0069553900
  -0.0076628100    0.0000238900    0.0067264400
  -0.0025782000   -0.0003451400    0.0038022200
   0.0003646900    0.0010283600    0.0047883800
   0.0037924400   -0.0065515000    0.0066266800
  -0.0038294100   -0.0065902600    0.0067440000
  -0.0048014600   -0.0028293900   -0.0042572900
  -0.0000426700    0.0009356300   -0.0041125300
   0.0049526800   -0.0027321300   -0.0042849500
   0.0001879000   -0.0056551500   -0.0042813200
  -0.0008909800   -0.0019200900    0.0035760300
   0.0007052300   -0.0005006600   -0.0041370300
  -0.0007699900   -0.0004283800   -0.0040974400
   0.0014054200   -0.0021603100    0.0030601900
   0.0066197200   -0.0257954700    0.0283960100
   0.0027475500    0.0000633200    0.0053785200
   0.0000544500    0.0056934000   -0.0043316200
  -0.0011578600    0.0022643900    0.0030381800
   0.0000781000    0.0012729300   -0.0034855100
  -0.1266305000    0.0003210300   -0.1895179900
   0.0012809600    0.0042064400   -0.0065119100
   0.0006972600   -0.0017405500   -0.0010538900
   0.0001985500   -0.0010835200   -0.0017928500
   0.0004688400   -0.0052557700   -0.0051980400
   0.0008751400   -0.0050865900   -0.0066468600
  -0.0001310900   -0.0006239800   -0.0009961500
   0.0005313600   -0.0002976800   -0.0010228100
   0.0012627300    0.0013604500   -0.0021017700
   0.0018890200    0.0075949500   -0.0058979600
  -0.0013638000    0.0013893000   -0.0010316400
   0.0000494300    0.0005913400   -0.0009953800
   0.0013687300    0.0007959500   -0.0014654400
   0.0011787300    0.0014742400    0.0013063400
  -0.0003128400    0.0021181800    0.0009834400
  -0.0013712700    0.0004467900   -0.0017830500
   0.0022836200    0.0002304000   -0.0021384300
   0.0023691000   -0.0002037200    0.0012934500
  -0.0000027900    0.0000062100    0.0019964400
  -0.0023578400    0.0000001200    0.0009347500
   0.0018523900    0.0045485700   -0.0051793200
   0.0031918500   -0.0056442900   -0.0057453100
   0.0016052700   -0.0018301500    0.0009701000
  -0.0011862700   -0.0020864000    0.0009198200
  -0.0010398400   -0.0011431300   -0.0013356100

126  
 -0.0063905428868787   0.0000000000000000  -0.0076916163197967
  -0.0001805200   -0.0001582900    0.0001560300
  -0.0005208000    0.0000072800    0.0007444300
  -0.0010861400    0.0000728900   -0.0000461400
   0.0010439100    0.0000064300   -0.0000108100
   0.0006845900    0.0001169100    0.0005519400
  -0.0002061100   -0.0004137300    0.0005957300
  -0.0001966100   -0.0001104900    0.0008383500
   0.0000077800    0.0003412100    0.0000997900
   0.0001361900   -0.0001086800    0.0005770900
   0.0002978200   -0.0006112000    0.0007535300
  -0.0004694600   -0.0009910400   -0.0001148300
   0.0003068000   -0.0001678100    0.0001103100
  -0.0003246200   -0.0001943700    0.0001523400
   0.0005283200   -0.0009339600    0.0000076600
  -0.0000458700   -0.0002395500    0.0005416300
   0.0005406800    0.0008912400    0.0000042700
  -0.0000299400    0.0001487600    0.0005867300
  -0.0005346700    0.0009044800    0.0000073200
   0.0003380900    0.0001925700    0.0000254600
  -0.0003148900    0.0001704900    0.0000370100
   0.0004420200    0.0005387800    0.0004477400
  -0.0003824500    0.0005939100    0.0007807900
  -0.0002118700    0.0000879500    0.0005072400
  -0.0000014900   -0.0003630300    0.0000450100
   0.0001552400    0.0000896200    0.0004280200
   0.0024890500    0.0014285200   -0.0048931500
   0.0013595000   -0.0023578900    0.0006115000
   0.0000093200   -0.0092313900   -0.0013514100
  -0.0013575900   -0.0023501200    0.0006600100
  -0.0024960800    0.0014271900   -0.0049756800
  -0.0013493900    0.0023547800    0.0006161100
  -0.0028223100   -0.0016342000   -0.0046561000
   0.0028293200   -0.0016270800   -0.0046468000
   0.0013618300    0.0023422100    0.0006472700
   0.0000027300    0.0087586700   -0.0022596600
  -0.0079775900    0.0046150400   -0.0013548200
   0.0000118600    0.0032565400   -0.0046463100
   0.0079915500    0.0046059300   -0.0013583600
   0.0050276200    0.0083911900    0.0045791100
  -0.0050280400    0.0084059900    0.0045710200
  -0.0027033500   -0.0000240000    0.0006580800
   0.0027097000   -0.0000072100    0.0006464700
   0.0097872900    0.0001468100    0.0045799200
   0.0000032900   -0.0000079100    0.0002931600
  -0.0097763200    0.0001445800    0.0045819800
  -0.0000050900   -0.0028860800   -0.0049846000
   0.0075901100   -0.0043790300   -0.0022695300
   0.0047709100   -0.0085633200    0.0045742000
  -0.0047546800   -0.0085510700    0.0045821200
  -0.0075980300   -0.0043867100   -0.0022382300
  -0.0012688300   -0.0006404700   -0.0012301700
   0.0017098300   -0.0022064600    0.0040751100
   0.0000181100   -0.0019371300    0.0018613200
  -0.0016646200   -0.0020928200    0.0042759700
   0.0010474400   -0.0009774400   -0.0017862500
  -0.0010811900    0.0026666100    0.0041598200
   0.0013411300    0.0007567700   -0.0021354500
  -0.0013121500    0.0007563400   -0.0022186700
   0.0008992100    0.0025145300    0.0042698600
   0.0002344900    0.0023214900    0.0017964300
  -0.0016973400    0.0009545700    0.0018705000
   0.0000085600   -0.0015250300   -0.0022233700
   0.0016933600    0.0009686700    0.0018403700
   0.0022689000    0.0039317600    0.0060528900
  -0.0022430200    0.0038775800    0.0061064300
  -0.0026230500   -0.0003763800    0.0042891800
   0.0026390900   -0.0004548200    0.0043071700
   0.0045326600   -0.0000172500    0.0060580500
   0.0000003500   -0.0000169600    0.0031489500
  -0.0045022200    0.0000353300    0.0060450200
  -0.0003212800    0.0013160000   -0.0016849600
   0.0020448000   -0.0010197300    0.0018092400
   0.0022532700   -0.0039277000    0.0060880500
  -0.0022058500   -0.0039297200    0.0060461000
  -0.0018575100   -0.0011059900    0.0021751400
   0.0047927300    0.0068367900   -0.0140139900
   0.0018859200    0.0038119000   -0.0018389200
  -0.0019123100    0.0031786300   -0.0009977100
  -0.0079552700    0.0036752200   -0.0017528600
  -0.0475226500    0.0272400500   -0.0562091300
   0.0038182300   -0.0001024200   -0.0018581200
   0.0000346700    0.0000040600   -0.0005687500
  -0.0036282600   -0.0000503400   -0.0010922400
  -0.0069569600    0.0010989100   -0.0012820500
   0.0090544500    0.0020656500   -0.0025372800
   0.0018281400   -0.0032312300   -0.0010447000
  -0.0018434600   -0.0031867700   -0.0010638800
  -0.0067683400   -0.0038743800   -0.0012381700
  -0.0001024500   -0.0033642900   -0.0045080100
   0.0068562000   -0.0038124200   -0.0012688700
  -0.0005154500   -0.0085959000   -0.0019962600
  -0.0031657700   -0.0067278400   -0.0015064200
  -0.0028527500    0.0015799400   -0.0045455500
   0.0029621500    0.0016954900   -0.0044882600
   0.0029794900   -0.0063637300   -0.0008623200
  -0.0036951400   -0.0276432800   -0.0361991400
   0.0046655000    0.0064977600   -0.0017942200
   0.0001680900    0.0077805400   -0.0013231700
  -0.0039947100    0.0057897500   -0.0008777600
  -0.0052107200   -0.0042718900   -0.0062679100
  -0.0416312400   -0.0198275900   -0.0562282900
   0.0033597700    0.0073592000    0.0063873000
  -0.0039081900    0.0065999200    0.0067092000
  -0.0044562000    0.0020168800   -0.0055664500
  -0.0023246400   -0.0035825900   -0.0178613500
   0.0076142700   -0.0005871700    0.0064076300
   0.0000824500    0.0000145200   -0.0070846800
  -0.0075497300    0.0000105600    0.0066592200
  -0.0024206600   -0.0002469500    0.0022486400
   0.0046753600   -0.0016165100    0.0012824600
   0.0037856100   -0.0066538600    0.0067624100
  -0.0037366900   -0.0066189800    0.0066453900
  -0.0049002500   -0.0027837700   -0.0043321800
   0.0000498500    0.0007619700   -0.0040423700
   0.0047590900   -0.0028796000   -0.0042997100
  -0.0001692800   -0.0047507000   -0.0053257400
  -0.0021132200   -0.0021455400    0.0024690500
   0.0007786700   -0.0003600900   -0.0040239400
  -0.0007020900   -0.0004298800   -0.0040619000
   0.0016103300   -0.0018977700    0.0030012000
  -0.0079113700    0.0257901900   -0.0371327200
  -0.0006987600    0.0045396400    0.0006934600
  -0.0000458400    0.0055051300   -0.0042608100
  -0.0008399900    0.0023581900    0.0030205400
   0.0012070100   -0.0005652000   -0.0058129000
   0.1266368900    0.0006277200    0.1880554700
  -0.0001294000   -0.0067583200    0.0021789700
  -0.0006790000   -0.0014047900   -0.0017926100
  -0.0010964300   -0.0015134600   -0.0025980200
  -0.0015547800    0.0057772200    0.0040014200
  -0.0025964100    0.0072762100    0.0021973800
  -0.0009597900   -0.0000234300   -0.0010230000
   0.0005728700   -0.0003410300   -0.0010013200
   0.0005406900    0.0006947300   -0.0022871600
  -0.0019523600   -0.0042790900    0.0031480500
  -0.0013407300    0.0001721400   -0.0018190800
  -0.0000396400    0.0006645700   -0.0010292200
   0.0013514700    0.0007606500   -0.0013895900
   0.0013186100    0.0026619000    0.0005495500
  -0.0021837400    0.0020062500    0.0008765700
  -0.0013069200    0.0000667000   -0.0026037300
   0.0004120200    0.0002887500   -0.0022447200
   0.0024697100    0.0002861300    0.0005699200
   0.0000092300   -0.0000113400    0.0020475300
  -0.0024771500    0.0000900600    0.0009266800
  -0.0019246400   -0.0056141800    0.0039187300
  -0.0003413000    0.0039501200    0.0030466800
   0.0007360400   -0.0024105200    0.0009073200
  -0.0011470400   -0.0021643200    0.0009415500
  -0.0017195000   -0.0004564200   -0.0014848500
