   4   64
1 1
    58.230564154622989     0.000000000000000     0.000000000000000
     0.000000000000000    58.230564154622982     0.000000000000000
     0.000000000000000     0.000000000000000    14.181564238490486
1 2
    -4.569062632592134     0.353492444839867     0.000515820373889
    -0.353492444839864     2.616258444154797    -0.000169620963451
    -0.000515820373889    -0.000169620963451     0.415107905328656
1 3
    -0.208381609172628     0.000000000000000     0.000000000000000
     0.000000000000000     0.403674658168502    -0.000028174460307
     0.000000000000000    -0.000028174460307     0.044326699987449
1 4
    -4.569062632592134    -0.353492444839864    -0.000515820373889
     0.353492444839867     2.616258444154797    -0.000169620963451
     0.000515820373889    -0.000169620963451     0.415107905328656
1 5
     0.819928174968061    -3.464827738245164     0.000111014123582
    -2.757842848565433    -2.772732363405401     0.000531524029303
    -0.000404806250308    -0.000361903065852     0.415107905328656
1 6
    -0.503553395182140    -0.211926896479374    -0.000043959813312
    -0.211926896479374    -0.258841293720364    -0.000025380210049
     0.000045661538796     0.000026362701716    -0.043116090465687
1 7
    -0.503553395182141     0.211926896479374     0.000043959813312
     0.211926896479374    -0.258841293720363    -0.000025380210049
    -0.000045661538796     0.000026362701716    -0.043116090465687
1 8
     0.819928174968063     3.464827738245161    -0.000111014123582
     2.757842848565433    -2.772732363405402     0.000531524029303
     0.000404806250308    -0.000361903065852     0.415107905328656
1 9
     0.250660591333219    -0.265028138031449    -0.000024399798364
    -0.265028138031449    -0.055367542337345     0.000014087230153
    -0.000024399798364     0.000014087230153     0.044326699987449
1 10
    -0.136485242989475    -0.000000000000000     0.000000000000000
    -0.000000000000000    -0.625909445913029     0.000050760420099
     0.000000000000000    -0.000052725403431    -0.043116090465687
1 11
     0.250660591333220     0.265028138031449     0.000024399798364
     0.265028138031449    -0.055367542337345     0.000014087230153
     0.000024399798364     0.000014087230153     0.044326699987449
1 12
    -0.136485242989475    -0.000000000000000     0.000000000000000
    -0.000000000000000    -0.625909445913029    -0.000052725403431
     0.000000000000000     0.000050760420099    -0.043116090465687
1 13
     0.819928174968061    -2.757842848565433    -0.000404806250308
    -3.464827738245164    -2.772732363405401    -0.000361903065852
     0.000111014123582     0.000531524029303     0.415107905328656
1 14
     0.819928174968063     2.757842848565433     0.000404806250308
     3.464827738245161    -2.772732363405402    -0.000361903065852
    -0.000111014123582     0.000531524029303     0.415107905328656
1 15
    -0.503553395182141     0.211926896479374    -0.000045661538796
     0.211926896479374    -0.258841293720363     0.000026362701716
     0.000043959813312    -0.000025380210049    -0.043116090465687
1 16
    -0.503553395182140    -0.211926896479374     0.000045661538796
    -0.211926896479374    -0.258841293720364     0.000026362701716
    -0.000043959813312    -0.000025380210049    -0.043116090465687
1 17
   -19.950745537522703    -5.454600697574783     0.003488090632145
    -5.454600697574779   -13.652315175389271     0.002013850065427
     0.000088353644706     0.000051011000555    -6.112561084194999
1 18
     0.170054535828959     0.687706583105014    -0.000067060150369
     0.687624293226325     0.030296284057787    -0.000003263014733
     0.000039504828382     0.000101215998642     0.454405836483038
1 19
     0.170054535828959    -0.687706583105014     0.000067060150369
    -0.687624293226324     0.030296284057787    -0.000003263014733
    -0.000039504828382     0.000101215998642     0.454405836483037
1 20
   -19.950745537522707     5.454600697574780    -0.003488090632145
     5.454600697574782   -13.652315175389269     0.002013850065427
    -0.000088353644706     0.000051011000555    -6.112561084194992
1 21
     0.660771585756606     0.404308672354659    -0.000036355928836
     0.404390962233347    -0.460420765869861    -0.000056444286434
     0.000107408040284    -0.000016395814370     0.454405836483038
1 22
     0.620333473553182     0.000000000000000     0.000000000000000
     0.000000000000000     0.620333473553182     0.000000000000000
     0.000000000000000     0.000000000000000    -0.172750557894973
1 23
     0.660771585756606    -0.404308672354659     0.000036355928836
    -0.404390962233347    -0.460420765869861    -0.000056444286434
    -0.000107408040284    -0.000016395814370     0.454405836483038
1 24
    -1.907763126968370     0.000000000000000     0.000000000000000
     0.000000000000000     0.886579048797905    -0.000120040033685
     0.000000000000000    -0.000071563522737    -0.328275927629744
1 25
    -0.530299891755447    -0.283274475932322     0.000030704221533
    -0.283356765811010     0.730650711642192     0.000059707301167
     0.000067903211902    -0.000084820184272     0.454405836483038
1 26
    -0.530299891755447     0.283274475932322    -0.000030704221533
     0.283356765811011     0.730650711642192     0.000059707301167
    -0.000067903211902    -0.000084820184272     0.454405836483038
1 27
    -0.059088248997509    -0.229516488472768     0.000030842570938
    -0.229516488472768     0.205934563808911     0.000017806966634
     0.000023540440702     0.000013591079776     0.012553894930983
1 28
    -0.059088248997509     0.229516488472768    -0.000030842570938
     0.229516488472768     0.205934563808911     0.000017806966634
    -0.000023540440702     0.000013591079776     0.012553894930983
1 29
   -10.503099994322552    -0.000000000000003     0.000000000000000
    -0.000000000000003   -23.099960718589429    -0.004027700130854
     0.000000000000000    -0.000102022001110    -6.112561084194994
1 30
     0.187993504856336    -1.209985655539937    -0.000103957718642
    -1.209985655539937    -1.209177583026801     0.000060020016842
    -0.000061975828675     0.000035781761369    -0.328275927629744
1 31
     0.338445970212121    -0.000000000000000     0.000000000000000
    -0.000000000000000    -0.191599655400719    -0.000035613933268
     0.000000000000000    -0.000027182159553     0.012553894930983
1 32
     0.187993504856336     1.209985655539937     0.000103957718642
     1.209985655539937    -1.209177583026801     0.000060020016842
     0.000061975828675     0.000035781761369    -0.328275927629744
1 33
     0.003351883771299    -0.001084117872079    -0.002290288422438
    -0.001084117872079     0.004603715261855    -0.001322298637216
     0.000127897315139     0.000073841549324     0.005641276018838
1 34
     0.000385192070264     0.000000000000000     0.000000000000000
     0.000000000000000     0.003570744813962    -0.000914912693158
     0.000000000000000    -0.000200292926636     0.005491130476518
1 35
     0.003351883771299     0.001084117872079     0.002290288422438
     0.001084117872079     0.004603715261855    -0.001322298637216
    -0.000127897315139     0.000073841549324     0.005641276018838
1 36
     0.007681427796156    -0.000000000000000     0.000000000000000
    -0.000000000000000     0.006116004533748    -0.001903323116106
     0.000000000000000     0.000479046741030     0.005889532783483
1 37
     0.002774356628037    -0.001379384800569    -0.000792337634520
    -0.001379384800569     0.001181580256188     0.000457456346579
    -0.000173458762665     0.000100146463318     0.005491130476518
1 38
     0.002774356628037     0.001379384800569     0.000792337634520
     0.001379384800569     0.001181580256188     0.000457456346579
     0.000173458762665     0.000100146463318     0.005491130476518
1 39
     0.004606079582843     0.001872074149986     0.000581884467404
     0.001185888775224     0.001397753145895    -0.000602753424982
     0.000155765725836     0.000399217472665     0.005343777473732
1 40
     0.004606079582843    -0.001872074149986    -0.000581884467404
    -0.001185888775224     0.001397753145895    -0.000602753424982
    -0.000155765725836     0.000399217472665     0.005343777473732
1 41
     0.005229631007133     0.000000000000000     0.000000000000000
     0.000000000000000     0.002725968026021     0.002644597274433
     0.000000000000000    -0.000147683098648     0.005641276018838
1 42
     0.003523971543663     0.001810644142936    -0.000231057544551
     0.002496829517699     0.002479861185074     0.000805303443330
     0.000423615335881    -0.000064711660720     0.005343777473732
1 43
     0.002487978667493     0.000000000000000     0.000000000000000
     0.000000000000000     0.002487978667493     0.000000000000000
     0.000000000000000     0.000000000000000     0.005274243239319
1 44
     0.003523971543663    -0.001810644142936     0.000231057544551
    -0.002496829517699     0.002479861185074     0.000805303443330
    -0.000423615335881    -0.000064711660720     0.005343777473732
1 45
     0.006507360349350     0.000677848156460    -0.001648326170158
     0.000677848156460     0.007290071980554     0.000951661558053
     0.000414866647332    -0.000239523370515     0.005889532783483
1 46
     0.000875697966600     0.000967848055094    -0.000812942011955
     0.000281662680332     0.005128134762137    -0.000202550018348
     0.000267849610045    -0.000334505811945     0.005343777473732
1 47
     0.000875697966600    -0.000967848055094     0.000812942011955
    -0.000281662680332     0.005128134762137    -0.000202550018348
    -0.000267849610045    -0.000334505811945     0.005343777473732
1 48
     0.006507360349350    -0.000677848156460     0.001648326170158
    -0.000677848156460     0.007290071980554     0.000951661558053
    -0.000414866647332    -0.000239523370515     0.005889532783483
1 49
     0.001017219497344     0.000000000000000     0.000000000000000
     0.000000000000000     0.001017219497344     0.000000000000000
     0.000000000000000     0.000000000000000     0.005587382914709
1 50
     0.003794584487935    -0.000674245469569     0.002274999736575
    -0.000503680993744     0.002072318584003     0.000583534737303
    -0.000196723432341     0.000083273824731     0.005991649554700
1 51
     0.005830140185601    -0.000000000000000     0.000000000000000
    -0.000000000000000     0.002933740660890     0.000651120578314
     0.000000000000000     0.000134200479417     0.006101861781675
1 52
     0.003794584487935     0.000674245469569    -0.002274999736575
     0.000503680993744     0.002072318584003     0.000583534737303
     0.000196723432341     0.000083273824731     0.005991649554700
1 53
     0.001992827939476     0.000536563634522     0.001642855774782
     0.000365999158698     0.003874075132461     0.001678440196826
    -0.000026244468483    -0.000212004402293     0.005991649554700
1 54
     0.005219358054274     0.000405443999618     0.001239152701793
     0.000405443999618     0.004751191649633     0.000715425145947
    -0.000006537898289    -0.000003774657337     0.005946224244935
1 55
     0.005219358054274    -0.000405443999618    -0.001239152701793
    -0.000405443999618     0.004751191649633     0.000715425145947
     0.000006537898289    -0.000003774657337     0.005946224244935
1 56
     0.001992827939476    -0.000536563634522    -0.001642855774782
    -0.000365999158698     0.003874075132461     0.001678440196826
     0.000026244468483    -0.000212004402293     0.005991649554700
1 57
     0.003657840542068     0.001254177783954     0.000563886961747
     0.001254177783954     0.005106040304423    -0.000325560289157
     0.000116221024375    -0.000067100239709     0.006101861781675
1 58
     0.004517108447312     0.000000000000000     0.000000000000000
     0.000000000000000     0.005453441256595    -0.001430850291895
     0.000000000000000     0.000007549314675     0.005946224244935
1 59
     0.003657840542068    -0.001254177783954    -0.000563886961747
    -0.001254177783954     0.005106040304423    -0.000325560289157
    -0.000116221024375    -0.000067100239709     0.006101861781675
1 60
     0.002625486602963    -0.000000000000000     0.000000000000000
    -0.000000000000000     0.004722634285281     0.000378031062769
     0.000000000000000    -0.000130346481974     0.006195132602134
1 61
     0.003012942180495     0.000954962390354    -0.000632143961793
     0.001125526866179     0.002853960891442    -0.002261974934129
     0.000170478963858     0.000128730577561     0.005991649554700
1 62
     0.003012942180495    -0.000954962390354     0.000632143961793
    -0.001125526866179     0.002853960891442    -0.002261974934129
    -0.000170478963858     0.000128730577561     0.005991649554700
1 63
     0.004198347364702    -0.000908091584188     0.000327384503778
    -0.000908091584188     0.003149773523543    -0.000189015531385
    -0.000112883364683     0.000065173240987     0.006195132602134
1 64
     0.004198347364702     0.000908091584188    -0.000327384503778
     0.000908091584188     0.003149773523543    -0.000189015531385
     0.000112883364683     0.000065173240987     0.006195132602134
17 1
   -19.950745537522703    -5.454600697574779     0.000088353644706
    -5.454600697574783   -13.652315175389271     0.000051011000555
     0.003488090632145     0.002013850065427    -6.112561084194999
17 2
   -19.950745537522707     5.454600697574782    -0.000088353644706
     5.454600697574780   -13.652315175389269     0.000051011000555
    -0.003488090632145     0.002013850065427    -6.112561084194992
17 3
     0.170054535828959    -0.687624293226324    -0.000039504828382
    -0.687706583105014     0.030296284057787     0.000101215998642
     0.000067060150369    -0.000003263014733     0.454405836483037
17 4
     0.170054535828959     0.687624293226325     0.000039504828382
     0.687706583105014     0.030296284057787     0.000101215998642
    -0.000067060150369    -0.000003263014733     0.454405836483038
17 5
   -10.503099994322552    -0.000000000000003     0.000000000000000
    -0.000000000000003   -23.099960718589429    -0.000102022001110
     0.000000000000000    -0.004027700130854    -6.112561084194994
17 6
     0.187993504856336     1.209985655539937     0.000061975828675
     1.209985655539937    -1.209177583026801     0.000035781761369
     0.000103957718642     0.000060020016842    -0.328275927629744
17 7
     0.338445970212121    -0.000000000000000     0.000000000000000
    -0.000000000000000    -0.191599655400719    -0.000027182159553
     0.000000000000000    -0.000035613933268     0.012553894930983
17 8
     0.187993504856336    -1.209985655539937    -0.000061975828675
    -1.209985655539937    -1.209177583026801     0.000035781761369
    -0.000103957718642     0.000060020016842    -0.328275927629744
17 9
    -0.530299891755447    -0.283356765811010     0.000067903211902
    -0.283274475932322     0.730650711642192    -0.000084820184272
     0.000030704221533     0.000059707301167     0.454405836483038
17 10
    -0.059088248997509     0.229516488472768    -0.000023540440702
     0.229516488472768     0.205934563808911     0.000013591079776
    -0.000030842570938     0.000017806966634     0.012553894930983
17 11
    -0.059088248997509    -0.229516488472768     0.000023540440702
    -0.229516488472768     0.205934563808911     0.000013591079776
     0.000030842570938     0.000017806966634     0.012553894930983
17 12
    -0.530299891755447     0.283356765811011    -0.000067903211902
     0.283274475932322     0.730650711642192    -0.000084820184272
    -0.000030704221533     0.000059707301167     0.454405836483038
17 13
     0.660771585756606     0.404390962233347     0.000107408040284
     0.404308672354659    -0.460420765869861    -0.000016395814370
    -0.000036355928836    -0.000056444286434     0.454405836483038
17 14
    -1.907763126968370     0.000000000000000     0.000000000000000
     0.000000000000000     0.886579048797905    -0.000071563522737
     0.000000000000000    -0.000120040033685    -0.328275927629744
17 15
     0.660771585756606    -0.404390962233347    -0.000107408040284
    -0.404308672354659    -0.460420765869861    -0.000016395814370
     0.000036355928836    -0.000056444286434     0.454405836483038
17 16
     0.620333473553182     0.000000000000000     0.000000000000000
     0.000000000000000     0.620333473553182     0.000000000000000
     0.000000000000000     0.000000000000000    -0.172750557894973
17 17
    58.605711303771983     0.000000000000000     0.000000000000000
     0.000000000000000    58.605711303771976     0.000000000000000
     0.000000000000000     0.000000000000000    14.689978942953537
17 18
    -4.581045688217189    -0.353600543816848    -0.000154363138905
     0.353600543816851     2.604460344352067    -0.000198131563321
     0.000154363138905    -0.000198131563321     0.398732569852417
17 19
    -0.220473857031504     0.000000000000000     0.000000000000000
     0.000000000000000     0.391573553116392     0.000001015645832
     0.000000000000000     0.000001015645832     0.027919343391209
17 20
    -4.581045688217189     0.353600543816851     0.000154363138905
    -0.353600543816848     2.604460344352067    -0.000198131563321
    -0.000154363138905    -0.000198131563321     0.398732569852417
17 21
     0.808083836209751    -2.757814837808806    -0.000248768536580
    -3.465015925442505    -2.784669180074875    -0.000034616618039
    -0.000094405397675     0.000232748181360     0.398732569852416
17 22
    -0.515724225381206    -0.211919282927762     0.000015695955653
    -0.211919282927762    -0.271020915291574     0.000009062064222
    -0.000043053145750    -0.000024856745288    -0.059530521495416
17 23
    -0.515724225381206     0.211919282927762    -0.000015695955653
     0.211919282927762    -0.271020915291574     0.000009062064222
     0.000043053145750    -0.000024856745288    -0.059530521495416
17 24
     0.808083836209753     2.757814837808803     0.000248768536580
     3.465015925442504    -2.784669180074876    -0.000034616618039
     0.000094405397675     0.000232748181360     0.398732569852416
17 25
     0.238561700579418    -0.265024302754276     0.000000879575092
    -0.265024302754276    -0.067462004494530    -0.000000507822916
     0.000000879575092    -0.000000507822916     0.027919343391209
17 26
    -0.148669260246758    -0.000000000000000     0.000000000000000
    -0.000000000000000    -0.638075880426022    -0.000018124128443
     0.000000000000000     0.000049713490576    -0.059530521495416
17 27
     0.238561700579418     0.265024302754276    -0.000000879575092
     0.265024302754276    -0.067462004494530    -0.000000507822916
    -0.000000879575092    -0.000000507822916     0.027919343391209
17 28
    -0.148669260246758    -0.000000000000000     0.000000000000000
    -0.000000000000000    -0.638075880426022     0.000049713490576
     0.000000000000000    -0.000018124128443    -0.059530521495416
17 29
     0.808083836209751    -3.465015925442505    -0.000094405397675
    -2.757814837808806    -2.784669180074875     0.000232748181360
    -0.000248768536580    -0.000034616618039     0.398732569852416
17 30
     0.808083836209753     3.465015925442504     0.000094405397675
     2.757814837808803    -2.784669180074876     0.000232748181360
     0.000248768536580    -0.000034616618039     0.398732569852416
17 31
    -0.515724225381206     0.211919282927762     0.000043053145750
     0.211919282927762    -0.271020915291574    -0.000024856745288
    -0.000015695955653     0.000009062064222    -0.059530521495416
17 32
    -0.515724225381206    -0.211919282927762    -0.000043053145750
    -0.211919282927762    -0.271020915291574    -0.000024856745288
     0.000015695955653     0.000009062064222    -0.059530521495416
17 33
    -0.000679935591625    -0.001767865025466    -0.001520512068928
    -0.001767865025466     0.001361419105063    -0.000877868052301
     0.000423522550483     0.000244520858529    -0.002342443248590
17 34
    -0.004104159700857    -0.001248389693942    -0.000832955302143
    -0.001119344202363    -0.000524485252695     0.000316140852195
     0.000226403195128     0.000209922450529    -0.002864648141600
17 35
    -0.004104159700857     0.001248389693942     0.000832955302143
     0.001119344202363    -0.000524485252695     0.000316140852195
    -0.000226403195128     0.000209922450529    -0.002864648141600
17 36
    -0.000679935591625     0.001767865025466     0.001520512068928
     0.001767865025466     0.001361419105063    -0.000877868052301
    -0.000423522550483     0.000244520858529    -0.002342443248590
17 37
    -0.002444662716536    -0.002077455232979    -0.000142691641897
    -0.002206500724559    -0.002183982237015    -0.000879430877971
     0.000294999772547     0.000091109693214    -0.002864648141600
17 38
    -0.001904836819106     0.000000000000000     0.000000000000000
    -0.000000000000000    -0.001904836819106     0.000000000000000
     0.000000000000000     0.000000000000000    -0.002950099851371
17 39
    -0.002444662716536     0.002077455232979     0.000142691641897
     0.002206500724559    -0.002183982237015    -0.000879430877971
    -0.000294999772547     0.000091109693214    -0.002864648141600
17 40
    -0.002774004743674     0.000000000000000     0.000000000000000
     0.000000000000000    -0.002968358908882    -0.002621407704139
     0.000000000000000     0.000352551651984    -0.002601404748118
17 41
    -0.000394145012935    -0.001022633776407     0.000690263660246
    -0.000893588284827    -0.004234499940617     0.000563290025776
     0.000068596577419    -0.000301032143743    -0.002864648141600
17 42
    -0.000394145012935     0.001022633776407    -0.000690263660246
     0.000893588284827    -0.004234499940617     0.000563290025776
    -0.000068596577419    -0.000301032143743    -0.002864648141600
17 43
    -0.004390573814844     0.000992815371300    -0.000798302462537
     0.000992815371300    -0.005536978258596    -0.000460900141640
    -0.000064122060261    -0.000037020888753    -0.002732747190905
17 44
    -0.004390573814844    -0.000992815371300     0.000798302462537
    -0.000992815371300    -0.005536978258596    -0.000460900141640
     0.000064122060261    -0.000037020888753    -0.002732747190905
17 45
     0.002382096453407    -0.000000000000000     0.000000000000000
    -0.000000000000000    -0.001700612939968     0.001755736104603
     0.000000000000000    -0.000489041717059    -0.002342443248590
17 46
    -0.002919770367580     0.000084157822201    -0.002270205665460
     0.000084157822201    -0.002822593284976     0.001310703852069
     0.000305318686764    -0.000176275825992    -0.002601404748118
17 47
    -0.006110180480471    -0.000000000000000     0.000000000000000
    -0.000000000000000    -0.003817371592968     0.000921800283281
     0.000000000000000     0.000074041777506    -0.002732747190905
17 48
    -0.002919770367580    -0.000084157822201     0.002270205665460
    -0.000084157822201    -0.002822593284976     0.001310703852069
    -0.000305318686764    -0.000176275825992    -0.002601404748118
17 49
    -0.004271560306833    -0.000060794936736    -0.002099992086644
    -0.000060794936736    -0.004201360360654    -0.001212430996520
     0.000125089725853     0.000072220586894    -0.002349514773183
17 50
    -0.004271560306833     0.000060794936736     0.002099992086644
     0.000060794936736    -0.004201360360654    -0.001212430996520
    -0.000125089725853     0.000072220586894    -0.002349514773183
17 51
    -0.000654152368789     0.000100267226751     0.001419082771256
    -0.000022793546374    -0.002930562482433    -0.000972064254090
    -0.000083366949245    -0.000109486403067    -0.002177540880167
17 52
    -0.000654152368789    -0.000100267226751    -0.001419082771256
     0.000022793546374    -0.002930562482433    -0.000972064254090
     0.000083366949245    -0.000109486403067    -0.002177540880167
17 53
    -0.004166260387564    -0.000000000000000     0.000000000000000
    -0.000000000000000    -0.004306660279923     0.002424861993039
     0.000000000000000    -0.000144441173788    -0.002349514773183
17 54
    -0.002317728281946     0.001182472245918     0.001213160152302
     0.001182472245918    -0.003683129620926     0.000700418340502
    -0.000209735475125    -0.000121090833022    -0.002068957634587
17 55
    -0.001041097370948     0.000000000000000     0.000000000000000
     0.000000000000000    -0.003114597024859    -0.000203988385773
     0.000000000000000    -0.000124057619863    -0.002012082912729
17 56
    -0.002317728281946    -0.001182472245918    -0.001213160152302
    -0.001182472245918    -0.003683129620926     0.000700418340502
     0.000209735475125    -0.000121090833022    -0.002068957634587
17 57
    -0.002327912866357     0.000943552527456    -0.000132290952524
     0.001066613300581    -0.001256801984866     0.001714993857026
    -0.000136501481048    -0.000017454694348    -0.002177540880167
17 58
    -0.002596222111381     0.000897851687513    -0.000176659124157
     0.000897851687513    -0.001559472284426     0.000101994192887
    -0.000107437050335     0.000062028809932    -0.002012082912729
17 59
    -0.002596222111381    -0.000897851687513     0.000176659124157
    -0.000897851687513    -0.001559472284426     0.000101994192887
     0.000107437050335     0.000062028809932    -0.002012082912729
17 60
    -0.002327912866357    -0.000943552527456     0.000132290952524
    -0.001066613300581    -0.001256801984866     0.001714993857026
     0.000136501481048    -0.000017454694348    -0.002177540880167
17 61
    -0.002395007041688     0.001027876460392    -0.001551373723781
     0.000904815687267    -0.001189707809534    -0.000742929602936
    -0.000053134531803     0.000126941097415    -0.002177540880167
17 62
    -0.004365830290416    -0.000000000000000     0.000000000000000
    -0.000000000000000    -0.001635027612456    -0.001400836681003
     0.000000000000000     0.000242181666044    -0.002068957634587
17 63
    -0.002395007041688    -0.001027876460392     0.001551373723781
    -0.000904815687267    -0.001189707809534    -0.000742929602936
     0.000053134531803     0.000126941097415    -0.002177540880167
17 64
    -0.000685839090994     0.000000000000000     0.000000000000000
    -0.000000000000000    -0.000685839090994     0.000000000000000
     0.000000000000000     0.000000000000000    -0.002259688084815
33 1
     0.003351883771299    -0.001084117872079     0.000127897315139
    -0.001084117872079     0.004603715261855     0.000073841549324
    -0.002290288422438    -0.001322298637216     0.005641276018838
33 2
     0.007681427796156    -0.000000000000000     0.000000000000000
    -0.000000000000000     0.006116004533748     0.000479046741030
     0.000000000000000    -0.001903323116106     0.005889532783483
33 3
     0.003351883771299     0.001084117872079    -0.000127897315139
     0.001084117872079     0.004603715261855     0.000073841549324
     0.002290288422438    -0.001322298637216     0.005641276018838
33 4
     0.000385192070264     0.000000000000000     0.000000000000000
     0.000000000000000     0.003570744813962    -0.000200292926636
     0.000000000000000    -0.000914912693158     0.005491130476518
33 5
     0.006507360349350     0.000677848156460     0.000414866647332
     0.000677848156460     0.007290071980554    -0.000239523370515
    -0.001648326170158     0.000951661558053     0.005889532783483
33 6
     0.006507360349350    -0.000677848156460    -0.000414866647332
    -0.000677848156460     0.007290071980554    -0.000239523370515
     0.001648326170158     0.000951661558053     0.005889532783483
33 7
     0.000875697966600    -0.000281662680332    -0.000267849610045
    -0.000967848055094     0.005128134762137    -0.000334505811945
     0.000812942011955    -0.000202550018348     0.005343777473732
33 8
     0.000875697966600     0.000281662680332     0.000267849610045
     0.000967848055094     0.005128134762137    -0.000334505811945
    -0.000812942011955    -0.000202550018348     0.005343777473732
33 9
     0.005229631007133     0.000000000000000     0.000000000000000
     0.000000000000000     0.002725968026021    -0.000147683098648
     0.000000000000000     0.002644597274433     0.005641276018838
33 10
     0.003523971543663    -0.002496829517699    -0.000423615335881
    -0.001810644142936     0.002479861185074    -0.000064711660720
     0.000231057544551     0.000805303443330     0.005343777473732
33 11
     0.002487978667493     0.000000000000000     0.000000000000000
     0.000000000000000     0.002487978667493     0.000000000000000
     0.000000000000000     0.000000000000000     0.005274243239319
33 12
     0.003523971543663     0.002496829517699     0.000423615335881
     0.001810644142936     0.002479861185074    -0.000064711660720
    -0.000231057544551     0.000805303443330     0.005343777473732
33 13
     0.002774356628037    -0.001379384800569    -0.000173458762665
    -0.001379384800569     0.001181580256188     0.000100146463318
    -0.000792337634520     0.000457456346579     0.005491130476518
33 14
     0.004606079582843    -0.001185888775224    -0.000155765725836
    -0.001872074149986     0.001397753145895     0.000399217472665
    -0.000581884467404    -0.000602753424982     0.005343777473732
33 15
     0.004606079582843     0.001185888775224     0.000155765725836
     0.001872074149986     0.001397753145895     0.000399217472665
     0.000581884467404    -0.000602753424982     0.005343777473732
33 16
     0.002774356628037     0.001379384800569     0.000173458762665
     0.001379384800569     0.001181580256188     0.000100146463318
     0.000792337634520     0.000457456346579     0.005491130476518
33 17
    -0.000679935591625    -0.001767865025466     0.000423522550483
    -0.001767865025466     0.001361419105063     0.000244520858529
    -0.001520512068928    -0.000877868052301    -0.002342443248590
33 18
    -0.000679935591625     0.001767865025466    -0.000423522550483
     0.001767865025466     0.001361419105063     0.000244520858529
     0.001520512068928    -0.000877868052301    -0.002342443248590
33 19
    -0.004104159700857     0.001119344202363    -0.000226403195128
     0.001248389693942    -0.000524485252695     0.000209922450529
     0.000832955302143     0.000316140852195    -0.002864648141600
33 20
    -0.004104159700857    -0.001119344202363     0.000226403195128
    -0.001248389693942    -0.000524485252695     0.000209922450529
    -0.000832955302143     0.000316140852195    -0.002864648141600
33 21
     0.002382096453407    -0.000000000000000     0.000000000000000
    -0.000000000000000    -0.001700612939968    -0.000489041717059
     0.000000000000000     0.001755736104603    -0.002342443248590
33 22
    -0.002919770367580    -0.000084157822201    -0.000305318686764
    -0.000084157822201    -0.002822593284976    -0.000176275825992
     0.002270205665460     0.001310703852069    -0.002601404748118
33 23
    -0.006110180480471    -0.000000000000000     0.000000000000000
    -0.000000000000000    -0.003817371592968     0.000074041777506
     0.000000000000000     0.000921800283281    -0.002732747190905
33 24
    -0.002919770367580     0.000084157822201     0.000305318686764
     0.000084157822201    -0.002822593284976    -0.000176275825992
    -0.002270205665460     0.001310703852069    -0.002601404748118
33 25
    -0.000394145012935    -0.000893588284827     0.000068596577419
    -0.001022633776407    -0.004234499940617    -0.000301032143743
     0.000690263660246     0.000563290025776    -0.002864648141600
33 26
    -0.004390573814844    -0.000992815371300     0.000064122060261
    -0.000992815371300    -0.005536978258596    -0.000037020888753
     0.000798302462537    -0.000460900141640    -0.002732747190905
33 27
    -0.004390573814844     0.000992815371300    -0.000064122060261
     0.000992815371300    -0.005536978258596    -0.000037020888753
    -0.000798302462537    -0.000460900141640    -0.002732747190905
33 28
    -0.000394145012935     0.000893588284827    -0.000068596577419
     0.001022633776407    -0.004234499940617    -0.000301032143743
    -0.000690263660246     0.000563290025776    -0.002864648141600
33 29
    -0.002444662716536    -0.002206500724559     0.000294999772547
    -0.002077455232979    -0.002183982237015     0.000091109693214
    -0.000142691641897    -0.000879430877971    -0.002864648141600
33 30
    -0.002774004743674     0.000000000000000     0.000000000000000
     0.000000000000000    -0.002968358908882     0.000352551651984
     0.000000000000000    -0.002621407704139    -0.002601404748118
33 31
    -0.002444662716536     0.002206500724559    -0.000294999772547
     0.002077455232979    -0.002183982237015     0.000091109693214
     0.000142691641897    -0.000879430877971    -0.002864648141600
33 32
    -0.001904836819106    -0.000000000000000     0.000000000000000
     0.000000000000000    -0.001904836819106     0.000000000000000
     0.000000000000000     0.000000000000000    -0.002950099851371
33 33
    53.413244283427247     0.000000000000000     0.000000000000000
     0.000000000000000    53.413244283427240     0.000000000000000
     0.000000000000000     0.000000000000000    13.904404314414251
33 34
    -4.769891558026986     0.906790512820146     0.000850503820768
    -0.906790512820144     2.930219015559217    -0.000079159827859
    -0.000850503820768    -0.000079159827859    -0.005399216655735
33 35
    -1.113617529628602     0.000000000000000     0.000000000000000
     0.000000000000000     0.684916796621833     0.000147905965219
     0.000000000000000     0.000147905965219     0.126327572655578
33 36
    -4.769891558026986    -0.906790512820144    -0.000850503820768
     0.906790512820146     2.930219015559217    -0.000079159827859
     0.000850503820768    -0.000079159827859    -0.005399216655735
33 37
     1.005191372162663    -4.241036197157554     0.000356697488499
    -2.427455171517263    -2.844863914630436     0.000776137828730
    -0.000493806332269    -0.000696978000871    -0.005399216655735
33 38
    -0.786200905328155    -0.337545699990933     0.000657971542901
    -0.337545699990933    -0.396436703821024     0.000379880047413
    -0.000130392164182    -0.000075281951091    -0.009374675937474
33 39
    -0.786200905328155     0.337545699990933    -0.000657971542901
     0.337545699990933    -0.396436703821024     0.000379880047413
     0.000130392164182    -0.000075281951091    -0.009374675937474
33 40
     1.005191372162665     4.241036197157550    -0.000356697488499
     2.427455171517263    -2.844863914630436     0.000776137828730
     0.000493806332269    -0.000696978000871    -0.005399216655735
33 41
     0.235283215059224    -0.778788208055603     0.000128090323251
    -0.778788208055603    -0.663983948065993    -0.000073952982610
     0.000128090323251    -0.000073952982610     0.126327572655578
33 42
    -0.201554603067458    -0.000000000000000     0.000000000000000
    -0.000000000000000    -0.981083006081721    -0.000759760094826
     0.000000000000000     0.000150563902181    -0.009374675937474
33 43
     0.235283215059224     0.778788208055603    -0.000128090323251
     0.778788208055603    -0.663983948065993    -0.000073952982610
    -0.000128090323251    -0.000073952982610     0.126327572655578
33 44
    -0.201554603067458    -0.000000000000000     0.000000000000000
    -0.000000000000000    -0.981083006081721     0.000150563902181
     0.000000000000000    -0.000759760094826    -0.009374675937474
33 45
     1.005191372162663    -2.427455171517263    -0.000493806332269
    -4.241036197157554    -2.844863914630436    -0.000696978000871
     0.000356697488499     0.000776137828730    -0.005399216655735
33 46
     1.005191372162665     2.427455171517263     0.000493806332269
     4.241036197157550    -2.844863914630436    -0.000696978000871
    -0.000356697488499     0.000776137828730    -0.005399216655735
33 47
    -0.786200905328155     0.337545699990933     0.000130392164182
     0.337545699990933    -0.396436703821024    -0.000075281951091
    -0.000657971542901     0.000379880047413    -0.009374675937474
33 48
    -0.786200905328155    -0.337545699990933    -0.000130392164182
    -0.337545699990933    -0.396436703821024    -0.000075281951091
     0.000657971542901     0.000379880047413    -0.009374675937474
33 49
     0.440091443902996     1.418888898172558     0.000138961219845
     1.418888898172558    -1.198300330717200     0.000080229297685
    -0.000092916344845    -0.000053645276708    -0.227098927414470
33 50
    -7.849629389240923     0.000000000000000     0.000000000000000
     0.000000000000000   -23.743914426568839     0.001249257305057
     0.000000000000000    -0.000232264720985    -5.015230032719060
33 51
     0.440091443902996    -1.418888898172558    -0.000138961219845
    -1.418888898172558    -1.198300330717199     0.000080229297685
     0.000092916344845    -0.000053645276708    -0.227098927414470
33 52
     0.646650332342566    -0.000000000000000     0.000000000000000
    -0.000000000000000    -0.274470086909440    -0.000010174940699
     0.000000000000000     0.000143585974557    -0.017034795141832
33 53
   -19.770343167236845     6.882427308658428     0.001081888562043
     6.882427308658425   -11.823200648572898    -0.000624628652529
    -0.000201147148776     0.000116132360492    -5.015230032719055
33 54
   -19.770343167236852    -6.882427308658428    -0.001081888562043
    -6.882427308658427   -11.823200648572897    -0.000624628652529
     0.000201147148776     0.000116132360492    -5.015230032719058
33 55
     1.298036723966662     0.279587048739767    -0.000111741282955
     0.869714700014830    -0.136858129353348    -0.000077052921003
     0.000218933007202     0.000173955306815     0.269680730890321
33 56
     1.298036723966662    -0.279587048739767     0.000111741282955
    -0.869714700014830    -0.136858129353347    -0.000077052921003
    -0.000218933007202     0.000173955306815     0.269680730890320
33 57
    -2.017496218027298     0.000000000000000     0.000000000000000
     0.000000000000000     1.259287331213093    -0.000160458595369
     0.000000000000000     0.000107290553417    -0.227098927414470
33 58
     0.719527839494335     1.203716960193518    -0.000122600428502
     0.613589308918454     0.441650755118979    -0.000058244329189
     0.000260116218426     0.000102623892556     0.269680730890320
33 59
     0.761770663653946     0.000000000000000     0.000000000000000
     0.000000000000000     0.761770663653946     0.000000000000000
     0.000000000000000     0.000000000000000    -0.079971747992000
33 60
     0.719527839494335    -1.203716960193518     0.000122600428502
    -0.613589308918455     0.441650755118979    -0.000058244329189
    -0.000260116218426     0.000102623892556     0.269680730890320
33 61
    -0.044189982096438     0.398856841508405    -0.000008811757128
     0.398856841508405     0.416370227529565     0.000005087470350
     0.000124349101594    -0.000071792987279    -0.017034795141832
33 62
    -0.275796671541026     0.038938434541156    -0.000010859145547
     0.629066085816220     1.436975266154341     0.000135297250192
     0.000041183211224    -0.000276579199371     0.269680730890320
33 63
    -0.275796671541026    -0.038938434541156     0.000010859145547
    -0.629066085816220     1.436975266154341     0.000135297250192
    -0.000041183211224    -0.000276579199371     0.269680730890320
33 64
    -0.044189982096438    -0.398856841508405     0.000008811757128
    -0.398856841508405     0.416370227529565     0.000005087470350
    -0.000124349101594    -0.000071792987279    -0.017034795141832
49 1
     0.001017219497344     0.000000000000000     0.000000000000000
     0.000000000000000     0.001017219497344     0.000000000000000
     0.000000000000000     0.000000000000000     0.005587382914709
49 2
     0.003794584487935     0.000503680993744     0.000196723432341
     0.000674245469569     0.002072318584003     0.000083273824731
    -0.002274999736575     0.000583534737303     0.005991649554700
49 3
     0.005830140185601    -0.000000000000000     0.000000000000000
    -0.000000000000000     0.002933740660890     0.000134200479417
     0.000000000000000     0.000651120578314     0.006101861781675
49 4
     0.003794584487935    -0.000503680993744    -0.000196723432341
    -0.000674245469569     0.002072318584003     0.000083273824731
     0.002274999736575     0.000583534737303     0.005991649554700
49 5
     0.003012942180495     0.001125526866179     0.000170478963858
     0.000954962390354     0.002853960891442     0.000128730577561
    -0.000632143961793    -0.002261974934129     0.005991649554700
49 6
     0.004198347364702     0.000908091584188     0.000112883364683
     0.000908091584188     0.003149773523543     0.000065173240987
    -0.000327384503778    -0.000189015531385     0.006195132602134
49 7
     0.004198347364702    -0.000908091584188    -0.000112883364683
    -0.000908091584188     0.003149773523543     0.000065173240987
     0.000327384503778    -0.000189015531385     0.006195132602134
49 8
     0.003012942180495    -0.001125526866179    -0.000170478963858
    -0.000954962390354     0.002853960891442     0.000128730577561
     0.000632143961793    -0.002261974934129     0.005991649554700
49 9
     0.003657840542068     0.001254177783954     0.000116221024375
     0.001254177783954     0.005106040304423    -0.000067100239709
     0.000563886961747    -0.000325560289157     0.006101861781675
49 10
     0.002625486602963    -0.000000000000000     0.000000000000000
    -0.000000000000000     0.004722634285281    -0.000130346481974
     0.000000000000000     0.000378031062769     0.006195132602134
49 11
     0.003657840542068    -0.001254177783954    -0.000116221024375
    -0.001254177783954     0.005106040304423    -0.000067100239709
    -0.000563886961747    -0.000325560289157     0.006101861781675
49 12
     0.004517108447312     0.000000000000000     0.000000000000000
     0.000000000000000     0.005453441256595     0.000007549314675
     0.000000000000000    -0.001430850291895     0.005946224244935
49 13
     0.001992827939476     0.000365999158698    -0.000026244468483
     0.000536563634522     0.003874075132461    -0.000212004402293
     0.001642855774782     0.001678440196826     0.005991649554700
49 14
     0.001992827939476    -0.000365999158698     0.000026244468483
    -0.000536563634522     0.003874075132461    -0.000212004402293
    -0.001642855774782     0.001678440196826     0.005991649554700
49 15
     0.005219358054274    -0.000405443999618     0.000006537898289
    -0.000405443999618     0.004751191649633    -0.000003774657337
    -0.001239152701793     0.000715425145947     0.005946224244935
49 16
     0.005219358054274     0.000405443999618    -0.000006537898289
     0.000405443999618     0.004751191649633    -0.000003774657337
     0.001239152701793     0.000715425145947     0.005946224244935
49 17
    -0.004271560306833    -0.000060794936736     0.000125089725853
    -0.000060794936736    -0.004201360360654     0.000072220586894
    -0.002099992086644    -0.001212430996520    -0.002349514773183
49 18
    -0.000654152368789     0.000022793546374     0.000083366949245
    -0.000100267226751    -0.002930562482433    -0.000109486403067
    -0.001419082771256    -0.000972064254090    -0.002177540880167
49 19
    -0.000654152368789    -0.000022793546374    -0.000083366949245
     0.000100267226751    -0.002930562482433    -0.000109486403067
     0.001419082771256    -0.000972064254090    -0.002177540880167
49 20
    -0.004271560306833     0.000060794936736    -0.000125089725853
     0.000060794936736    -0.004201360360654     0.000072220586894
     0.002099992086644    -0.001212430996520    -0.002349514773183
49 21
    -0.002395007041688     0.000904815687267    -0.000053134531803
     0.001027876460392    -0.001189707809534     0.000126941097415
    -0.001551373723781    -0.000742929602936    -0.002177540880167
49 22
    -0.000685839090994    -0.000000000000000     0.000000000000000
     0.000000000000000    -0.000685839090994     0.000000000000000
     0.000000000000000     0.000000000000000    -0.002259688084815
49 23
    -0.002395007041688    -0.000904815687267     0.000053134531803
    -0.001027876460392    -0.001189707809534     0.000126941097415
     0.001551373723781    -0.000742929602936    -0.002177540880167
49 24
    -0.004365830290416    -0.000000000000000     0.000000000000000
    -0.000000000000000    -0.001635027612456     0.000242181666044
     0.000000000000000    -0.001400836681003    -0.002068957634587
49 25
    -0.002327912866357     0.001066613300581    -0.000136501481048
     0.000943552527456    -0.001256801984866    -0.000017454694348
    -0.000132290952524     0.001714993857026    -0.002177540880167
49 26
    -0.002327912866357    -0.001066613300581     0.000136501481048
    -0.000943552527456    -0.001256801984866    -0.000017454694348
     0.000132290952524     0.001714993857026    -0.002177540880167
49 27
    -0.002596222111381    -0.000897851687513     0.000107437050335
    -0.000897851687513    -0.001559472284426     0.000062028809932
     0.000176659124157     0.000101994192887    -0.002012082912729
49 28
    -0.002596222111381     0.000897851687513    -0.000107437050335
     0.000897851687513    -0.001559472284426     0.000062028809932
    -0.000176659124157     0.000101994192887    -0.002012082912729
49 29
    -0.004166260387564    -0.000000000000000     0.000000000000000
    -0.000000000000000    -0.004306660279923    -0.000144441173788
     0.000000000000000     0.002424861993039    -0.002349514773183
49 30
    -0.002317728281946    -0.001182472245918     0.000209735475125
    -0.001182472245918    -0.003683129620926    -0.000121090833022
    -0.001213160152302     0.000700418340502    -0.002068957634587
49 31
    -0.001041097370948     0.000000000000000     0.000000000000000
     0.000000000000000    -0.003114597024859    -0.000124057619863
     0.000000000000000    -0.000203988385773    -0.002012082912729
49 32
    -0.002317728281946     0.001182472245918    -0.000209735475125
     0.001182472245918    -0.003683129620926    -0.000121090833022
     0.001213160152302     0.000700418340502    -0.002068957634587
49 33
     0.440091443902996     1.418888898172558    -0.000092916344845
     1.418888898172558    -1.198300330717200    -0.000053645276708
     0.000138961219845     0.000080229297685    -0.227098927414470
49 34
     0.646650332342566    -0.000000000000000     0.000000000000000
    -0.000000000000000    -0.274470086909440     0.000143585974557
     0.000000000000000    -0.000010174940699    -0.017034795141832
49 35
     0.440091443902996    -1.418888898172558     0.000092916344845
    -1.418888898172558    -1.198300330717199    -0.000053645276708
    -0.000138961219845     0.000080229297685    -0.227098927414470
49 36
    -7.849629389240923     0.000000000000000     0.000000000000000
     0.000000000000000   -23.743914426568839    -0.000232264720985
     0.000000000000000     0.001249257305057    -5.015230032719060
49 37
    -0.044189982096438     0.398856841508405     0.000124349101594
     0.398856841508405     0.416370227529565    -0.000071792987279
    -0.000008811757128     0.000005087470350    -0.017034795141832
49 38
    -0.044189982096438    -0.398856841508405    -0.000124349101594
    -0.398856841508405     0.416370227529565    -0.000071792987279
     0.000008811757128     0.000005087470350    -0.017034795141832
49 39
    -0.275796671541026    -0.629066085816220    -0.000041183211224
    -0.038938434541156     1.436975266154341    -0.000276579199371
     0.000010859145547     0.000135297250192     0.269680730890320
49 40
    -0.275796671541026     0.629066085816220     0.000041183211224
     0.038938434541156     1.436975266154341    -0.000276579199371
    -0.000010859145547     0.000135297250192     0.269680730890320
49 41
    -2.017496218027298     0.000000000000000     0.000000000000000
     0.000000000000000     1.259287331213093     0.000107290553417
     0.000000000000000    -0.000160458595369    -0.227098927414470
49 42
     0.719527839494335    -0.613589308918455    -0.000260116218426
    -1.203716960193518     0.441650755118979     0.000102623892556
     0.000122600428502    -0.000058244329189     0.269680730890320
49 43
     0.761770663653946     0.000000000000000     0.000000000000000
     0.000000000000000     0.761770663653946     0.000000000000000
     0.000000000000000     0.000000000000000    -0.079971747992000
49 44
     0.719527839494335     0.613589308918454     0.000260116218426
     1.203716960193518     0.441650755118979     0.000102623892556
    -0.000122600428502    -0.000058244329189     0.269680730890320
49 45
   -19.770343167236845     6.882427308658425    -0.000201147148776
     6.882427308658428   -11.823200648572898     0.000116132360492
     0.001081888562043    -0.000624628652529    -5.015230032719055
49 46
     1.298036723966662    -0.869714700014830    -0.000218933007202
    -0.279587048739767    -0.136858129353347     0.000173955306815
     0.000111741282955    -0.000077052921003     0.269680730890320
49 47
     1.298036723966662     0.869714700014830     0.000218933007202
     0.279587048739767    -0.136858129353348     0.000173955306815
    -0.000111741282955    -0.000077052921003     0.269680730890321
49 48
   -19.770343167236852    -6.882427308658427     0.000201147148776
    -6.882427308658428   -11.823200648572897     0.000116132360492
    -0.001081888562043    -0.000624628652529    -5.015230032719058
49 49
    57.800714288462615     0.000000000000000     0.000000000000000
     0.000000000000000    57.800714288462608     0.000000000000000
     0.000000000000000     0.000000000000000     7.839168370080981
49 50
    -5.170079998206214     0.308274156503065     0.000324688085371
    -0.308274156503062     1.805871814800168     0.000007329176620
    -0.000324688085371     0.000007329176620     1.143344785683168
49 51
    -1.344942063791596     0.000000000000000     0.000000000000000
     0.000000000000000     0.246644040950846     0.000016292602941
     0.000000000000000     0.000016292602941    -0.083792963097871
49 52
    -5.170079998206214    -0.308274156503062    -0.000324688085371
     0.308274156503065     1.805871814800168     0.000007329176620
     0.000324688085371     0.000007329176620     1.143344785683168
49 53
     0.061883861548571    -3.328949899322883     0.000168691295827
    -2.712401586316757    -3.426092044954618     0.000277523541928
    -0.000155996789544    -0.000284852718547     1.143344785683166
49 54
    -0.643483126721987    -0.434730530213933     0.000170887675914
    -0.434730530213933    -0.141499549434061     0.000098662045690
    -0.000135715815345    -0.000078355562523    -0.044921650535341
49 55
    -0.643483126721987     0.434730530213933    -0.000170887675914
     0.434730530213933    -0.141499549434061     0.000098662045690
     0.000135715815345    -0.000078355562523    -0.044921650535341
49 56
     0.061883861548573     3.328949899322880    -0.000168691295827
     2.712401586316756    -3.426092044954619     0.000277523541928
     0.000155996789544    -0.000284852718547     1.143344785683167
49 57
    -0.151252485234764    -0.689176999508638     0.000014109808041
    -0.689176999508638    -0.947045537605985    -0.000008146301471
     0.000014109808041    -0.000008146301471    -0.083792963097871
49 58
     0.109492239209902    -0.000000000000000     0.000000000000000
    -0.000000000000000    -0.894474915365950    -0.000197324091380
     0.000000000000000     0.000156711125045    -0.044921650535341
49 59
    -0.151252485234764     0.689176999508638    -0.000014109808041
     0.689176999508638    -0.947045537605985    -0.000008146301471
    -0.000014109808041    -0.000008146301471    -0.083792963097871
49 60
     0.109492239209902    -0.000000000000000     0.000000000000000
    -0.000000000000000    -0.894474915365950     0.000156711125045
     0.000000000000000    -0.000197324091380    -0.044921650535341
49 61
     0.061883861548571    -2.712401586316757    -0.000155996789544
    -3.328949899322883    -3.426092044954618    -0.000284852718547
     0.000168691295827     0.000277523541928     1.143344785683166
49 62
     0.061883861548573     2.712401586316756     0.000155996789544
     3.328949899322880    -3.426092044954619    -0.000284852718547
    -0.000168691295827     0.000277523541928     1.143344785683167
49 63
    -0.643483126721987     0.434730530213933     0.000135715815345
     0.434730530213933    -0.141499549434061    -0.000078355562523
    -0.000170887675914     0.000098662045690    -0.044921650535341
49 64
    -0.643483126721987    -0.434730530213933    -0.000135715815345
    -0.434730530213933    -0.141499549434061    -0.000078355562523
     0.000170887675914     0.000098662045690    -0.044921650535341