   4  100
1 1
    62.631376020365877     0.000000000000030     0.000000000000000
     0.000000000000030    62.631376020365856     0.000000000000000
     0.000000000000000     0.000000000000000    14.535714279309818
1 2
    -4.778215321841075     0.271457922637935     0.000225154449357
    -0.271457922637937     2.664064284048061     0.000055511039214
    -0.000225154449357     0.000055511039214     0.457474830737963
1 3
    -0.149025036973693     0.053211680625618     0.000001940923261
    -0.053211680625618     0.240012623416417    -0.000010335268068
    -0.000001940923261    -0.000010335268068     0.008802216396705
1 4
    -0.149025036973693    -0.053211680625618    -0.000001940923261
     0.053211680625618     0.240012623416417    -0.000010335268068
     0.000001940923261    -0.000010335268068     0.008802216396705
1 5
    -4.778215321841075    -0.271457922637937    -0.000225154449357
     0.271457922637935     2.664064284048061     0.000055511039214
     0.000225154449357     0.000055511039214     0.457474830737963
1 6
     0.803494382575778    -3.494059523021352     0.000160651194828
    -2.951143677745478    -2.917645420368792     0.000167233953311
    -0.000064503254529    -0.000222744992525     0.457474830737963
1 7
    -0.413122884451301    -0.199031096145827    -0.000015538439242
    -0.199031096145828    -0.183301570577501    -0.000008971122079
    -0.000008580926303    -0.000004954200111    -0.075631003339507
1 8
    -0.237993680137161    -0.000000000000000     0.000000000000000
    -0.000000000000000     0.002547803344767    -0.000006564436291
     0.000000000000000     0.000002160636133     0.005518079471933
1 9
    -0.413122884451301     0.199031096145828     0.000015538439242
     0.199031096145828    -0.183301570577501    -0.000008971122079
     0.000008580926303    -0.000004954200111    -0.075631003339507
1 10
     0.803494382575776     3.494059523021351    -0.000160651194828
     2.951143677745479    -2.917645420368791     0.000167233953311
     0.000064503254529    -0.000222744992525     0.457474830737963
1 11
     0.142753208318890    -0.221669929088967    -0.000007980143071
    -0.115246567837731    -0.051765621876165     0.000006848522885
    -0.000009921066332     0.000003486745183     0.008802216396705
1 12
    -0.057587567525715    -0.104157517679672    -0.000005684968590
    -0.104157517679672    -0.177858309266679     0.000003282218146
     0.000001871165780    -0.000001080318067     0.005518079471933
1 13
    -0.057587567525715     0.104157517679672     0.000005684968590
     0.104157517679672    -0.177858309266679     0.000003282218146
    -0.000001871165780    -0.000001080318067     0.005518079471933
1 14
     0.142753208318890     0.221669929088967     0.000007980143071
     0.115246567837731    -0.051765621876165     0.000006848522885
     0.000009921066332     0.000003486745183     0.008802216396705
1 15
    -0.068390913640601     0.000000000000000     0.000000000000000
     0.000000000000000    -0.528033541388201     0.000009908400221
     0.000000000000000     0.000017942244158    -0.075631003339507
1 16
     0.142753208318890    -0.115246567837731    -0.000009921066332
    -0.221669929088967    -0.051765621876165     0.000003486745183
    -0.000007980143071     0.000006848522885     0.008802216396705
1 17
    -0.068390913640601     0.000000000000000     0.000000000000000
     0.000000000000000    -0.528033541388201     0.000017942244158
     0.000000000000000     0.000009908400221    -0.075631003339507
1 18
     0.142753208318890     0.115246567837731     0.000009921066332
     0.221669929088967    -0.051765621876165     0.000003486745183
     0.000007980143071     0.000006848522885     0.008802216396705
1 19
    -0.057587567525715     0.104157517679672    -0.000001871165780
     0.104157517679672    -0.177858309266679    -0.000001080318067
     0.000005684968590     0.000003282218146     0.005518079471933
1 20
    -0.057587567525715    -0.104157517679672     0.000001871165780
    -0.104157517679672    -0.177858309266679    -0.000001080318067
    -0.000005684968590     0.000003282218146     0.005518079471933
1 21
     0.803494382575778    -2.951143677745478    -0.000064503254529
    -3.494059523021352    -2.917645420368792    -0.000222744992525
     0.000160651194828     0.000167233953311     0.457474830737963
1 22
     0.803494382575776     2.951143677745479     0.000064503254529
     3.494059523021351    -2.917645420368791    -0.000222744992525
    -0.000160651194828     0.000167233953311     0.457474830737963
1 23
    -0.413122884451301     0.199031096145828     0.000008580926303
     0.199031096145828    -0.183301570577501    -0.000004954200111
     0.000015538439242    -0.000008971122079    -0.075631003339507
1 24
    -0.237993680137161    -0.000000000000000     0.000000000000000
    -0.000000000000000     0.002547803344767     0.000002160636133
     0.000000000000000    -0.000006564436291     0.005518079471933
1 25
    -0.413122884451301    -0.199031096145828    -0.000008580926303
    -0.199031096145827    -0.183301570577501    -0.000004954200111
    -0.000015538439242    -0.000008971122079    -0.075631003339507
1 26
   -21.641262465300574    -6.439091107289823     0.000228752206986
    -6.439091107289832   -14.206040497039957     0.000132070148281
    -0.000123863363205    -0.000071512546089    -6.116730960038554
1 27
     0.232270972139171     0.732495592031727    -0.000038482307732
     0.732530196196028    -0.032800905235309    -0.000026353590682
     0.000054405800490     0.000037624915464     0.482872559030863
1 28
    -0.044969683744199    -0.000000000000000     0.000000000000000
     0.000000000000000    -0.059496402479844     0.000003093231530
     0.000000000000000    -0.000008662580090    -0.052181364913748
1 29
     0.232270972139171    -0.732495592031727     0.000038482307732
    -0.732530196196028    -0.032800905235307    -0.000026353590682
    -0.000054405800490     0.000037624915464     0.482872559030863
1 30
   -21.641262465300574     6.439091107289826    -0.000228752206986
     6.439091107289831   -14.206040497039945     0.000132070148281
     0.000123863363205    -0.000071512546089    -6.116730960038559
1 31
     0.667841839010590     0.481053238956655    -0.000042064032878
     0.481018634792354    -0.468371772106727    -0.000020149860751
     0.000059787032852     0.000028304347605     0.482872559030863
1 32
     0.353203044700423     0.114360220736255     0.000010447154652
     0.114360220736256     0.221151236247098     0.000006031667551
    -0.000010878738718    -0.000006280842727    -0.046375427540750
1 33
     0.353203044700422    -0.114360220736256    -0.000010447154652
    -0.114360220736256     0.221151236247098     0.000006031667551
     0.000010878738718    -0.000006280842727    -0.046375427540750
1 34
     0.667841839010591    -0.481053238956655     0.000042064032878
    -0.481018634792354    -0.468371772106727    -0.000020149860751
    -0.000059787032852     0.000028304347605     0.482872559030863
1 35
    -1.930126730719713    -0.000000000000001     0.000000000000000
    -0.000000000000000     0.790939304628623    -0.000032211054179
     0.000000000000000     0.000037387261466    -0.364974796694056
1 36
    -0.055864722795933     0.006290253729350     0.000002678817085
     0.006290253729350    -0.048601363428110    -0.000001546615765
    -0.000007502014420     0.000004331290045    -0.052181364913748
1 37
     0.155125332020436    -0.000000000000000     0.000000000000000
    -0.000000000000000     0.419228948927085    -0.000012063335102
     0.000000000000000     0.000012561685454    -0.046375427540750
1 38
    -0.055864722795933    -0.006290253729350    -0.000002678817085
    -0.006290253729350    -0.048601363428110    -0.000001546615765
     0.000007502014420     0.000004331290045    -0.052181364913748
1 39
    -0.097767748100024    -0.124798119332929    -0.000009272462881
    -0.124811135578217     0.194418207616461     0.000015456436094
     0.000013012013002    -0.000004391675366     0.010450412140970
1 40
    -0.097767748100024     0.124798119332928     0.000009272462881
     0.124811135578217     0.194418207616461     0.000015456436094
    -0.000013012013002    -0.000004391675366     0.010450412140970
1 41
    -0.600907710793966    -0.251494259321524    -0.000003581725146
    -0.251459655157223     0.800377777697830     0.000046503451433
     0.000005381232362    -0.000065929263069     0.482872559030863
1 42
    -0.600907710793966     0.251494259321523     0.000003581725146
     0.251459655157222     0.800377777697830     0.000046503451433
    -0.000005381232362    -0.000065929263069     0.482872559030863
1 43
     0.013287740800961    -0.188929051990186     0.000008749434869
    -0.188916035744898     0.083362718715476    -0.000015758406458
     0.000002702704069     0.000013464571497     0.010450412140970
1 44
    -0.028911264979919     0.000000000000000     0.000000000000000
    -0.000000000000000    -0.028911264979919     0.000000000000000
     0.000000000000000     0.000000000000000    -0.007999530721347
1 45
     0.013287740800961     0.188929051990186    -0.000008749434869
     0.188916035744898     0.083362718715476    -0.000015758406458
    -0.000002702704069     0.000013464571497     0.010450412140970
1 46
   -10.488429512909638     0.000000000000001     0.000000000000000
     0.000000000000001   -25.358873449430881    -0.000264140296562
     0.000000000000000     0.000143025092178    -6.116730960038557
1 47
     0.110672795791539    -1.178256155993332    -0.000027895591201
    -1.178256155993332    -1.249860221882630     0.000016105527089
     0.000032378318207    -0.000018693630733    -0.364974796694056
1 48
     0.229455696573719    -0.064111408289325     0.000018021897750
    -0.064124424534613    -0.132805237057281     0.000000301970364
    -0.000010309308933    -0.000009072896131     0.010450412140970
1 49
     0.229455696573718     0.064111408289325    -0.000018021897750
     0.064124424534613    -0.132805237057281     0.000000301970364
     0.000010309308933    -0.000009072896131     0.010450412140970
1 50
     0.110672795791539     1.178256155993332     0.000027895591201
     1.178256155993332    -1.249860221882629     0.000016105527089
    -0.000032378318207    -0.000018693630733    -0.364974796694056
1 51
    -0.000600701289883    -0.000225324229694     0.000104788123947
    -0.000225324229694    -0.000340519280546     0.000060499451569
     0.000020894214412     0.000012063280315    -0.000022804493799
1 52
    -0.000912938739470     0.000009645737423     0.000003040859832
    -0.000141628430414    -0.000493057028655     0.000004357593784
     0.000005800166631    -0.000028956366351    -0.000090754855314
1 53
    -0.000912938739470    -0.000009645737423    -0.000003040859832
     0.000141628430414    -0.000493057028655     0.000004357593784
    -0.000005800166631    -0.000028956366351    -0.000090754855314
1 54
    -0.000600701289883     0.000225324229694    -0.000104788123947
     0.000225324229694    -0.000340519280546     0.000060499451569
    -0.000020894214412     0.000012063280315    -0.000022804493799
1 55
     0.000216648059249     0.000000000000000     0.000000000000000
     0.000000000000000    -0.000037519126497     0.000057281221119
     0.000000000000000     0.000102938635268     0.000072560999153
1 56
    -0.000655177638854    -0.000290446871242     0.000005294216833
    -0.000139172703404    -0.000750818129271     0.000000454664972
    -0.000022176865545     0.000019501274824    -0.000090754855314
1 57
    -0.000669028658556     0.000000000000000     0.000000000000000
    -0.000000000000000    -0.000669028658556     0.000000000000000
     0.000000000000000     0.000000000000000    -0.000099273128299
1 58
    -0.000655177638854     0.000290446871242    -0.000005294216833
     0.000139172703404    -0.000750818129271     0.000000454664972
     0.000022176865545     0.000019501274824    -0.000090754855314
1 59
    -0.000416812175243     0.000392459298194    -0.000051948160566
     0.000093085656516    -0.000866799140218     0.000013281771075
     0.000022468577425     0.000068793818449    -0.000062115834072
1 60
    -0.000416812175243    -0.000392459298194     0.000051948160566
    -0.000093085656516    -0.000866799140218     0.000013281771075
    -0.000022468577425     0.000068793818449    -0.000062115834072
1 61
    -0.000540877273864    -0.000073181356909     0.000002253357000
    -0.000224455524746    -0.000865118494261    -0.000004812258756
    -0.000027977032176     0.000009455091527    -0.000090754855314
1 62
    -0.000540877273864     0.000073181356909    -0.000002253357000
     0.000224455524746    -0.000865118494261    -0.000004812258756
     0.000027977032176     0.000009455091527    -0.000090754855314
1 63
    -0.000565753184745     0.000210771009115    -0.000020669855673
     0.000210771009115    -0.000809130582446    -0.000011933746737
     0.000018924063206     0.000010925812986    -0.000100154328951
1 64
    -0.000598062661726    -0.000000000000000     0.000000000000000
     0.000000000000000    -0.000806980698197    -0.000000930042967
     0.000000000000000    -0.000006721112545    -0.000096727437521
1 65
    -0.000565753184745    -0.000210771009115     0.000020669855673
    -0.000210771009115    -0.000809130582446    -0.000011933746737
    -0.000018924063206     0.000010925812986    -0.000100154328951
1 66
    -0.000210428275877     0.000000000000000     0.000000000000000
     0.000000000000000    -0.000730792294552    -0.000120998903137
     0.000000000000000    -0.000024126560631    -0.000022804493799
1 67
    -0.000544055266245     0.000166549489358    -0.000014471729124
     0.000465923131037    -0.000739556049216    -0.000051629312268
     0.000070811483113    -0.000014938550388    -0.000062115834072
1 68
    -0.000754751189079     0.000090464163446    -0.000000805440836
     0.000090464163446    -0.000650292170844     0.000000465021483
    -0.000005820654206     0.000003360556273    -0.000096727437521
1 69
    -0.000754751189079    -0.000090464163446     0.000000805440836
    -0.000090464163446    -0.000650292170844     0.000000465021483
     0.000005820654206     0.000003360556273    -0.000096727437521
1 70
    -0.000544055266245    -0.000166549489358     0.000014471729124
    -0.000465923131037    -0.000739556049216    -0.000051629312268
    -0.000070811483113    -0.000014938550388    -0.000062115834072
1 71
     0.000026022669940     0.000110057619832     0.000049606992649
     0.000110057619832     0.000153106262813    -0.000028640610559
     0.000089147473173    -0.000051469317634     0.000072560999153
1 72
    -0.000964549531703     0.000223150653682     0.000037476431441
    -0.000076222987996    -0.000319061783758     0.000038347541192
     0.000048342905688    -0.000053855268062    -0.000062115834072
1 73
    -0.000930819281296     0.000000000000000     0.000000000000000
     0.000000000000000    -0.000444064485895     0.000023867493474
     0.000000000000000    -0.000021851625972    -0.000100154328951
1 74
    -0.000964549531703    -0.000223150653682    -0.000037476431441
     0.000076222987996    -0.000319061783758     0.000038347541192
    -0.000048342905688    -0.000053855268062    -0.000062115834072
1 75
     0.000026022669940    -0.000110057619832    -0.000049606992649
    -0.000110057619832     0.000153106262813    -0.000028640610559
    -0.000089147473173    -0.000051469317634     0.000072560999153
1 76
    -0.004834471602987     0.000000000000000     0.000000000000000
     0.000000000000000    -0.004834471602987     0.000000000000000
     0.000000000000000     0.000000000000000    -0.004704533488073
1 77
    -0.005589862930199     0.000360955939589     0.000107412505913
     0.000360955939589    -0.005045457121245    -0.000018544412702
     0.000107412505913    -0.000018544412702    -0.004841609145301
1 78
    -0.005675437129249     0.000091000758769     0.000005130207588
     0.000091000758769    -0.005384974445215    -0.000022216604086
     0.000005130207588    -0.000022216604086    -0.004920231825840
1 79
    -0.005675437129249    -0.000091000758769    -0.000005130207588
    -0.000091000758769    -0.005384974445215    -0.000022216604086
    -0.000005130207588    -0.000022216604086    -0.004920231825840
1 80
    -0.005589862930199    -0.000360955939589    -0.000107412505913
    -0.000360955939589    -0.005045457121245    -0.000018544412702
    -0.000107412505913    -0.000018544412702    -0.004841609145301
1 81
    -0.004868961560153    -0.000055256660467     0.000037646320458
    -0.000055256660467    -0.005766358491291     0.000102294165156
     0.000037646320458     0.000102294165156    -0.004841609145301
1 82
    -0.005875919981518    -0.000093736083155     0.000052980610415
    -0.000093736083155    -0.005767682875834     0.000030588369685
     0.000052980610415     0.000030588369685    -0.004921113026490
1 83
    -0.005862229318328    -0.000000000000000     0.000000000000000
    -0.000000000000000    -0.005761055497606     0.000008283714100
     0.000000000000000     0.000008283714100    -0.004937757927723
1 84
    -0.005875919981518     0.000093736083155    -0.000052980610415
     0.000093736083155    -0.005767682875834     0.000030588369685
    -0.000052980610415     0.000030588369685    -0.004921113026490
1 85
    -0.004868961560153     0.000055256660467    -0.000037646320458
     0.000055256660467    -0.005766358491291     0.000102294165156
    -0.000037646320458     0.000102294165156    -0.004841609145301
1 86
    -0.005378781147366    -0.000080273652228    -0.000016675039730
    -0.000080273652228    -0.005681630427098     0.000015551192141
    -0.000016675039730     0.000015551192141    -0.004920231825840
1 87
    -0.005786348952787    -0.000043809549471     0.000007173906848
    -0.000043809549471    -0.005836935863147    -0.000004141857050
     0.000007173906848    -0.000004141857050    -0.004937757927723
1 88
    -0.005786348952787     0.000043809549471    -0.000007173906848
     0.000043809549471    -0.005836935863147    -0.000004141857050
    -0.000007173906848    -0.000004141857050    -0.004937757927723
1 89
    -0.005378781147366     0.000080273652228     0.000016675039730
     0.000080273652228    -0.005681630427098     0.000015551192141
     0.000016675039730     0.000015551192141    -0.004920231825840
1 90
    -0.005019995879823    -0.000000000000000     0.000000000000000
    -0.000000000000000    -0.005679452989875     0.000006602269346
     0.000000000000000     0.000006602269346    -0.004907405460764
1 91
    -0.005536399085081    -0.000171274410997    -0.000021805247318
    -0.000171274410997    -0.005524012489383     0.000006665411945
    -0.000021805247318     0.000006665411945    -0.004920231825840
1 92
    -0.005713564322991     0.000000000000000     0.000000000000000
     0.000000000000000    -0.005930038534360    -0.000061176739370
     0.000000000000000    -0.000061176739370    -0.004921113026490
1 93
    -0.005536399085081     0.000171274410997     0.000021805247318
     0.000171274410997    -0.005524012489383     0.000006665411945
     0.000021805247318     0.000006665411945    -0.004920231825840
1 94
    -0.005282908932458     0.000029397764074    -0.000001864165556
     0.000029397764074    -0.005316854546462    -0.000001076276485
    -0.000001864165556    -0.000001076276485    -0.004939128684298
1 95
    -0.005282908932458    -0.000029397764074     0.000001864165556
    -0.000029397764074    -0.005316854546462    -0.000001076276485
     0.000001864165556    -0.000001076276485    -0.004939128684298
1 96
    -0.005494155586814    -0.000416212600055    -0.000069766185455
    -0.000416212600055    -0.005141164464630    -0.000083749752454
    -0.000069766185455    -0.000083749752454    -0.004841609145301
1 97
    -0.005494155586814     0.000416212600055     0.000069766185455
     0.000416212600055    -0.005141164464630    -0.000083749752454
     0.000069766185455    -0.000083749752454    -0.004841609145301
1 98
    -0.005514588712362     0.000285553305006     0.000005717732976
     0.000285553305006    -0.005184860157336    -0.000003301134673
     0.000005717732976    -0.000003301134673    -0.004907405460764
1 99
    -0.005333827353464     0.000000000000000     0.000000000000000
     0.000000000000000    -0.005265936125456     0.000002152552971
     0.000000000000000     0.000002152552971    -0.004939128684298
1 100
    -0.005514588712362    -0.000285553305006    -0.000005717732976
    -0.000285553305006    -0.005184860157336    -0.000003301134673
    -0.000005717732976    -0.000003301134673    -0.004907405460764
26 1
   -21.641262465300574    -6.439091107289832    -0.000123863363205
    -6.439091107289823   -14.206040497039957    -0.000071512546089
     0.000228752206986     0.000132070148281    -6.116730960038554
26 2
   -21.641262465300574     6.439091107289831     0.000123863363205
     6.439091107289826   -14.206040497039945    -0.000071512546089
    -0.000228752206986     0.000132070148281    -6.116730960038559
26 3
     0.232270972139171    -0.732530196196028    -0.000054405800490
    -0.732495592031727    -0.032800905235307     0.000037624915464
     0.000038482307732    -0.000026353590682     0.482872559030863
26 4
    -0.044969683744199     0.000000000000000     0.000000000000000
    -0.000000000000000    -0.059496402479844    -0.000008662580090
     0.000000000000000     0.000003093231530    -0.052181364913748
26 5
     0.232270972139171     0.732530196196028     0.000054405800490
     0.732495592031727    -0.032800905235309     0.000037624915464
    -0.000038482307732    -0.000026353590682     0.482872559030863
26 6
   -10.488429512909638     0.000000000000001     0.000000000000000
     0.000000000000001   -25.358873449430881     0.000143025092178
     0.000000000000000    -0.000264140296562    -6.116730960038557
26 7
     0.110672795791539     1.178256155993332    -0.000032378318207
     1.178256155993332    -1.249860221882629    -0.000018693630733
     0.000027895591201     0.000016105527089    -0.364974796694056
26 8
     0.229455696573718     0.064124424534613     0.000010309308933
     0.064111408289325    -0.132805237057281    -0.000009072896131
    -0.000018021897750     0.000000301970364     0.010450412140970
26 9
     0.229455696573719    -0.064124424534613    -0.000010309308933
    -0.064111408289325    -0.132805237057281    -0.000009072896131
     0.000018021897750     0.000000301970364     0.010450412140970
26 10
     0.110672795791539    -1.178256155993332     0.000032378318207
    -1.178256155993332    -1.249860221882630    -0.000018693630733
    -0.000027895591201     0.000016105527089    -0.364974796694056
26 11
    -0.600907710793966    -0.251459655157223     0.000005381232362
    -0.251494259321524     0.800377777697830    -0.000065929263069
    -0.000003581725146     0.000046503451433     0.482872559030863
26 12
     0.013287740800961     0.188916035744898    -0.000002702704069
     0.188929051990186     0.083362718715476     0.000013464571497
    -0.000008749434869    -0.000015758406458     0.010450412140970
26 13
    -0.028911264979919    -0.000000000000000     0.000000000000000
     0.000000000000000    -0.028911264979919     0.000000000000000
     0.000000000000000     0.000000000000000    -0.007999530721347
26 14
     0.013287740800961    -0.188916035744898     0.000002702704069
    -0.188929051990186     0.083362718715476     0.000013464571497
     0.000008749434869    -0.000015758406458     0.010450412140970
26 15
    -0.600907710793966     0.251459655157222    -0.000005381232362
     0.251494259321523     0.800377777697830    -0.000065929263069
     0.000003581725146     0.000046503451433     0.482872559030863
26 16
    -0.055864722795933     0.006290253729350    -0.000007502014420
     0.006290253729350    -0.048601363428110     0.000004331290045
     0.000002678817085    -0.000001546615765    -0.052181364913748
26 17
    -0.097767748100024     0.124811135578217    -0.000013012013002
     0.124798119332928     0.194418207616461    -0.000004391675366
     0.000009272462881     0.000015456436094     0.010450412140970
26 18
    -0.097767748100024    -0.124811135578217     0.000013012013002
    -0.124798119332929     0.194418207616461    -0.000004391675366
    -0.000009272462881     0.000015456436094     0.010450412140970
26 19
    -0.055864722795933    -0.006290253729350     0.000007502014420
    -0.006290253729350    -0.048601363428110     0.000004331290045
    -0.000002678817085    -0.000001546615765    -0.052181364913748
26 20
     0.155125332020436    -0.000000000000000     0.000000000000000
    -0.000000000000000     0.419228948927085     0.000012561685454
     0.000000000000000    -0.000012063335102    -0.046375427540750
26 21
     0.667841839010590     0.481018634792354     0.000059787032852
     0.481053238956655    -0.468371772106727     0.000028304347605
    -0.000042064032878    -0.000020149860751     0.482872559030863
26 22
    -1.930126730719713    -0.000000000000000     0.000000000000000
    -0.000000000000001     0.790939304628623     0.000037387261466
     0.000000000000000    -0.000032211054179    -0.364974796694056
26 23
     0.667841839010591    -0.481018634792354    -0.000059787032852
    -0.481053238956655    -0.468371772106727     0.000028304347605
     0.000042064032878    -0.000020149860751     0.482872559030863
26 24
     0.353203044700422    -0.114360220736256     0.000010878738718
    -0.114360220736256     0.221151236247098    -0.000006280842727
    -0.000010447154652     0.000006031667551    -0.046375427540750
26 25
     0.353203044700423     0.114360220736256    -0.000010878738718
     0.114360220736255     0.221151236247098    -0.000006280842727
     0.000010447154652     0.000006031667551    -0.046375427540750
26 26
    62.150206239488234     0.000000000000029     0.000000000000000
     0.000000000000029    62.150206239488213     0.000000000000000
     0.000000000000000     0.000000000000000    14.062133173403870
26 27
    -4.768330044737841    -0.271292997286026     0.000215087281265
     0.271292997286025     2.673910707794749    -0.000093066837129
    -0.000215087281265    -0.000093066837129     0.467304737605808
26 28
    -0.139250934386316    -0.053204220094788     0.000009411584235
     0.053204220094788     0.249840376695476     0.000005834949792
    -0.000009411584235     0.000005834949792     0.018393024153876
26 29
    -0.139250934386316     0.053204220094788    -0.000009411584235
    -0.053204220094788     0.249840376695476     0.000005834949792
     0.000009411584235     0.000005834949792     0.018393024153876
26 30
    -4.768330044737841     0.271292997286025    -0.000215087281265
    -0.271292997286026     2.673910707794749    -0.000093066837129
     0.000215087281265    -0.000093066837129     0.467304737605808
26 31
     0.813350519661604    -2.951291779100496     0.000026945395429
    -3.493877773672545    -2.907769856604693     0.000232804468171
    -0.000188141885837    -0.000139737631042     0.467304737605808
26 32
    -0.403305368742093    -0.199035082725995     0.000008589718735
    -0.199035082725995    -0.173479451562027     0.000004959276424
     0.000000435316074     0.000000251329852    -0.066021004990324
26 33
    -0.228180893805846    -0.000000000000000     0.000000000000000
    -0.000000000000000     0.012355921043714    -0.000008642637930
     0.000000000000000    -0.000013856868919     0.015113293232372
26 34
    -0.403305368742093     0.199035082725995    -0.000008589718735
     0.199035082725995    -0.173479451562027     0.000004959276424
    -0.000000435316074     0.000000251329852    -0.066021004990324
26 35
     0.813350519661602     2.951291779100495    -0.000026945395429
     3.493877773672545    -2.907769856604693     0.000232804468171
     0.000188141885837    -0.000139737631042     0.467304737605808
26 36
     0.152567548925028    -0.115277259799525     0.000009759006867
    -0.221685699989101    -0.041978106615868     0.000005233196141
     0.000000347422632    -0.000011068145933     0.018393024153876
26 37
    -0.047778282668676    -0.104155496102556    -0.000007484744003
    -0.104155496102556    -0.168046690093456     0.000004321318965
    -0.000012000400501     0.000006928434459     0.015113293232372
26 38
    -0.047778282668676     0.104155496102556     0.000007484744003
     0.104155496102556    -0.168046690093456     0.000004321318965
     0.000012000400501     0.000006928434459     0.015113293232372
26 39
     0.152567548925028     0.115277259799525    -0.000009759006867
     0.221685699989101    -0.041978106615868     0.000005233196141
    -0.000000347422632    -0.000011068145933     0.018393024153876
26 40
    -0.058566492971995     0.000000000000000     0.000000000000000
     0.000000000000000    -0.518218327332125    -0.000000502659705
     0.000000000000000    -0.000009918552848    -0.066021004990324
26 41
     0.152567548925028    -0.221685699989101     0.000000347422632
    -0.115277259799525    -0.041978106615868    -0.000011068145933
     0.000009759006867     0.000005233196141     0.018393024153876
26 42
    -0.058566492971995     0.000000000000000     0.000000000000000
     0.000000000000000    -0.518218327332125    -0.000009918552848
     0.000000000000000    -0.000000502659705    -0.066021004990324
26 43
     0.152567548925028     0.221685699989101    -0.000000347422632
     0.115277259799525    -0.041978106615868    -0.000011068145933
    -0.000009759006867     0.000005233196141     0.018393024153876
26 44
    -0.047778282668676     0.104155496102556     0.000012000400501
     0.104155496102556    -0.168046690093456     0.000006928434459
     0.000007484744003     0.000004321318965     0.015113293232372
26 45
    -0.047778282668676    -0.104155496102556    -0.000012000400501
    -0.104155496102556    -0.168046690093456     0.000006928434459
    -0.000007484744003     0.000004321318965     0.015113293232372
26 46
     0.813350519661604    -3.493877773672545    -0.000188141885837
    -2.951291779100496    -2.907769856604693    -0.000139737631042
     0.000026945395429     0.000232804468171     0.467304737605808
26 47
     0.813350519661602     3.493877773672545     0.000188141885837
     2.951291779100495    -2.907769856604693    -0.000139737631042
    -0.000026945395429     0.000232804468171     0.467304737605808
26 48
    -0.403305368742093     0.199035082725995    -0.000000435316074
     0.199035082725995    -0.173479451562027     0.000000251329852
    -0.000008589718735     0.000004959276424    -0.066021004990324
26 49
    -0.228180893805846    -0.000000000000000     0.000000000000000
    -0.000000000000000     0.012355921043714    -0.000013856868919
     0.000000000000000    -0.000008642637930     0.015113293232372
26 50
    -0.403305368742093    -0.199035082725995     0.000000435316074
    -0.199035082725995    -0.173479451562027     0.000000251329852
     0.000008589718735     0.000004959276424    -0.066021004990324
26 51
     0.004559895081731    -0.000424024381082     0.000102352675444
    -0.000424024381082     0.005049516262853     0.000059093344720
     0.000102352675444     0.000059093344720     0.004915255979483
26 52
     0.004145941952334    -0.000296803319934     0.000021919970923
    -0.000296803319934     0.004645668224716     0.000019267468586
     0.000021919970923     0.000019267468586     0.004778474055807
26 53
     0.004310870029100     0.000000000000000     0.000000000000000
     0.000000000000000     0.004459787167717    -0.000003662672796
     0.000000000000000    -0.000003662672796     0.004741561539540
26 54
     0.004145941952334     0.000296803319934    -0.000021919970923
     0.000296803319934     0.004645668224716     0.000019267468586
    -0.000021919970923     0.000019267468586     0.004778474055807
26 55
     0.004559895081731     0.000424024381082    -0.000102352675444
     0.000424024381082     0.005049516262853     0.000059093344720
    -0.000102352675444     0.000059093344720     0.004915255979483
26 56
     0.004263697441630    -0.000364789483378     0.000027646102723
    -0.000364789483378     0.004527912735420     0.000009349517376
     0.000027646102723     0.000009349517376     0.004778474055807
26 57
     0.004472296701080    -0.000090211256731    -0.000008302150595
    -0.000090211256731     0.004576463687795    -0.000004793248881
    -0.000008302150595    -0.000004793248881     0.004738036736926
26 58
     0.004472296701080     0.000090211256731     0.000008302150595
     0.000090211256731     0.004576463687795    -0.000004793248881
     0.000008302150595    -0.000004793248881     0.004738036736926
26 59
     0.004263697441630     0.000364789483378    -0.000027646102723
     0.000364789483378     0.004527912735420     0.000009349517376
    -0.000027646102723     0.000009349517376     0.004778474055807
26 60
     0.004253590195151     0.000000000000000     0.000000000000000
     0.000000000000000     0.004254202340672     0.000107841096298
     0.000000000000000     0.000107841096298     0.004798350026107
26 61
     0.004422557883063    -0.000064483012550    -0.000003171967687
    -0.000064483012551     0.004348099313755     0.000001831336398
    -0.000003171967687     0.000001831336398     0.004741561539540
26 62
     0.004628547181153    -0.000000000000000     0.000000000000000
    -0.000000000000000     0.004420213207723     0.000009586497761
     0.000000000000000     0.000009586497761     0.004738036736926
26 63
     0.004422557883063     0.000064483012550     0.000003171967687
     0.000064483012550     0.004348099313755     0.000001831336398
     0.000003171967687     0.000001831336398     0.004741561539540
26 64
     0.004124965221609     0.000085146196737    -0.000013497882842
     0.000085146196737     0.004000911629242     0.000024800424665
    -0.000013497882842     0.000024800424665     0.004742442740192
26 65
     0.004124965221609    -0.000085146196737     0.000013497882842
    -0.000085146196737     0.004000911629242     0.000024800424665
     0.000013497882842     0.000024800424665     0.004742442740192
26 66
     0.004777775871611    -0.000067986163443     0.000005726131801
    -0.000067986163443     0.004013834305439    -0.000028616985962
     0.000005726131801    -0.000028616985962     0.004778474055807
26 67
     0.004777775871611     0.000067986163443    -0.000005726131801
     0.000067986163443     0.004013834305439    -0.000028616985962
    -0.000005726131801    -0.000028616985962     0.004778474055807
26 68
     0.004105663796743     0.000096289879579     0.000014728856364
     0.000096289879579     0.004020213054107    -0.000024089721771
     0.000014728856364    -0.000024089721771     0.004742442740192
26 69
     0.003959284667204     0.000000000000000     0.000000000000000
    -0.000000000000000     0.003959284667204     0.000000000000000
     0.000000000000000     0.000000000000000     0.004728637263283
26 70
     0.004105663796743    -0.000096289879579    -0.000014728856364
    -0.000096289879579     0.004020213054107    -0.000024089721771
    -0.000014728856364    -0.000024089721771     0.004742442740192
26 71
     0.005294326853413    -0.000000000000000     0.000000000000000
    -0.000000000000000     0.004315084491170    -0.000118186689440
     0.000000000000000    -0.000118186689440     0.004915255979483
26 72
     0.004254049304292    -0.000000265066786     0.000093393128966
    -0.000000265066786     0.004253743231531    -0.000053920548149
     0.000093393128966    -0.000053920548149     0.004798350026107
26 73
     0.003958186257923     0.000011143682842     0.000028226739206
     0.000011143682842     0.004167690592927    -0.000000710702894
     0.000028226739206    -0.000000710702894     0.004742442740192
26 74
     0.003958186257923    -0.000011143682842    -0.000028226739206
    -0.000011143682842     0.004167690592927    -0.000000710702894
    -0.000028226739206    -0.000000710702894     0.004742442740192
26 75
     0.004254049304292     0.000000265066786    -0.000093393128966
     0.000000265066786     0.004253743231531    -0.000053920548149
    -0.000093393128966    -0.000053920548149     0.004798350026107
26 76
     0.000026022669940    -0.000110057619832    -0.000089147473173
    -0.000110057619832     0.000153106262813    -0.000051469317634
    -0.000049606992649    -0.000028640610559     0.000072560999153
26 77
     0.000026022669940     0.000110057619832     0.000089147473173
     0.000110057619832     0.000153106262813    -0.000051469317634
     0.000049606992649    -0.000028640610559     0.000072560999153
26 78
    -0.000964549531703    -0.000076222987996     0.000048342905688
     0.000223150653682    -0.000319061783758    -0.000053855268062
     0.000037476431441     0.000038347541192    -0.000062115834072
26 79
    -0.000930819281296     0.000000000000000     0.000000000000000
     0.000000000000000    -0.000444064485895    -0.000021851625972
     0.000000000000000     0.000023867493474    -0.000100154328951
26 80
    -0.000964549531703     0.000076222987996    -0.000048342905688
    -0.000223150653682    -0.000319061783758    -0.000053855268062
    -0.000037476431441     0.000038347541192    -0.000062115834072
26 81
     0.000216648059249     0.000000000000000     0.000000000000000
     0.000000000000000    -0.000037519126497     0.000102938635268
     0.000000000000000     0.000057281221119     0.000072560999153
26 82
    -0.000600701289883    -0.000225324229694     0.000020894214412
    -0.000225324229694    -0.000340519280546     0.000012063280315
     0.000104788123947     0.000060499451569    -0.000022804493799
26 83
    -0.000912938739470    -0.000141628430414     0.000005800166631
     0.000009645737423    -0.000493057028655    -0.000028956366351
     0.000003040859832     0.000004357593784    -0.000090754855314
26 84
    -0.000912938739470     0.000141628430414    -0.000005800166631
    -0.000009645737423    -0.000493057028655    -0.000028956366351
    -0.000003040859832     0.000004357593784    -0.000090754855314
26 85
    -0.000600701289883     0.000225324229694    -0.000020894214412
     0.000225324229694    -0.000340519280546     0.000012063280315
    -0.000104788123947     0.000060499451569    -0.000022804493799
26 86
    -0.000416812175243    -0.000093085656516    -0.000022468577425
    -0.000392459298194    -0.000866799140218     0.000068793818449
     0.000051948160566     0.000013281771075    -0.000062115834072
26 87
    -0.000655177638854    -0.000139172703404    -0.000022176865545
    -0.000290446871242    -0.000750818129271     0.000019501274824
     0.000005294216833     0.000000454664972    -0.000090754855314
26 88
    -0.000669028658556     0.000000000000000     0.000000000000000
     0.000000000000000    -0.000669028658556     0.000000000000000
     0.000000000000000     0.000000000000000    -0.000099273128299
26 89
    -0.000655177638854     0.000139172703404     0.000022176865545
     0.000290446871242    -0.000750818129271     0.000019501274824
    -0.000005294216833     0.000000454664972    -0.000090754855314
26 90
    -0.000416812175243     0.000093085656516     0.000022468577425
     0.000392459298194    -0.000866799140218     0.000068793818449
    -0.000051948160566     0.000013281771075    -0.000062115834072
26 91
    -0.000565753184745    -0.000210771009115    -0.000018924063206
    -0.000210771009115    -0.000809130582446     0.000010925812986
     0.000020669855673    -0.000011933746737    -0.000100154328951
26 92
    -0.000540877273864    -0.000224455524746    -0.000027977032176
    -0.000073181356909    -0.000865118494261     0.000009455091527
     0.000002253357000    -0.000004812258756    -0.000090754855314
26 93
    -0.000540877273864     0.000224455524746     0.000027977032176
     0.000073181356909    -0.000865118494261     0.000009455091527
    -0.000002253357000    -0.000004812258756    -0.000090754855314
26 94
    -0.000565753184745     0.000210771009115     0.000018924063206
     0.000210771009115    -0.000809130582446     0.000010925812986
    -0.000020669855673    -0.000011933746737    -0.000100154328951
26 95
    -0.000598062661726     0.000000000000000     0.000000000000000
     0.000000000000000    -0.000806980698197    -0.000006721112545
     0.000000000000000    -0.000000930042967    -0.000096727437521
26 96
    -0.000544055266245    -0.000465923131037    -0.000070811483113
    -0.000166549489358    -0.000739556049216    -0.000014938550388
     0.000014471729124    -0.000051629312268    -0.000062115834072
26 97
    -0.000210428275877     0.000000000000000     0.000000000000000
     0.000000000000000    -0.000730792294552    -0.000024126560631
     0.000000000000000    -0.000120998903137    -0.000022804493799
26 98
    -0.000544055266245     0.000465923131037     0.000070811483113
     0.000166549489358    -0.000739556049216    -0.000014938550388
    -0.000014471729124    -0.000051629312268    -0.000062115834072
26 99
    -0.000754751189079     0.000090464163446    -0.000005820654206
     0.000090464163446    -0.000650292170844     0.000003360556273
    -0.000000805440836     0.000000465021483    -0.000096727437521
26 100
    -0.000754751189079    -0.000090464163446     0.000005820654206
    -0.000090464163446    -0.000650292170844     0.000003360556273
     0.000000805440836     0.000000465021483    -0.000096727437521
51 1
    -0.000600701289883    -0.000225324229694     0.000020894214412
    -0.000225324229694    -0.000340519280546     0.000012063280315
     0.000104788123947     0.000060499451569    -0.000022804493799
51 2
     0.000216648059249     0.000000000000000     0.000000000000000
     0.000000000000000    -0.000037519126497     0.000102938635268
     0.000000000000000     0.000057281221119     0.000072560999153
51 3
    -0.000600701289883     0.000225324229694    -0.000020894214412
     0.000225324229694    -0.000340519280546     0.000012063280315
    -0.000104788123947     0.000060499451569    -0.000022804493799
51 4
    -0.000912938739470     0.000141628430414    -0.000005800166631
    -0.000009645737423    -0.000493057028655    -0.000028956366351
    -0.000003040859832     0.000004357593784    -0.000090754855314
51 5
    -0.000912938739470    -0.000141628430414     0.000005800166631
     0.000009645737423    -0.000493057028655    -0.000028956366351
     0.000003040859832     0.000004357593784    -0.000090754855314
51 6
     0.000026022669940     0.000110057619832     0.000089147473173
     0.000110057619832     0.000153106262813    -0.000051469317634
     0.000049606992649    -0.000028640610559     0.000072560999153
51 7
     0.000026022669940    -0.000110057619832    -0.000089147473173
    -0.000110057619832     0.000153106262813    -0.000051469317634
    -0.000049606992649    -0.000028640610559     0.000072560999153
51 8
    -0.000964549531703     0.000076222987996    -0.000048342905688
    -0.000223150653682    -0.000319061783758    -0.000053855268062
    -0.000037476431441     0.000038347541192    -0.000062115834072
51 9
    -0.000930819281296     0.000000000000000     0.000000000000000
     0.000000000000000    -0.000444064485895    -0.000021851625972
     0.000000000000000     0.000023867493474    -0.000100154328951
51 10
    -0.000964549531703    -0.000076222987996     0.000048342905688
     0.000223150653682    -0.000319061783758    -0.000053855268062
     0.000037476431441     0.000038347541192    -0.000062115834072
51 11
    -0.000210428275877     0.000000000000000     0.000000000000000
     0.000000000000000    -0.000730792294552    -0.000024126560631
     0.000000000000000    -0.000120998903137    -0.000022804493799
51 12
    -0.000544055266245    -0.000465923131037    -0.000070811483113
    -0.000166549489358    -0.000739556049216    -0.000014938550388
     0.000014471729124    -0.000051629312268    -0.000062115834072
51 13
    -0.000754751189079    -0.000090464163446     0.000005820654206
    -0.000090464163446    -0.000650292170844     0.000003360556273
     0.000000805440836     0.000000465021483    -0.000096727437521
51 14
    -0.000754751189079     0.000090464163446    -0.000005820654206
     0.000090464163446    -0.000650292170844     0.000003360556273
    -0.000000805440836     0.000000465021483    -0.000096727437521
51 15
    -0.000544055266245     0.000465923131037     0.000070811483113
     0.000166549489358    -0.000739556049216    -0.000014938550388
    -0.000014471729124    -0.000051629312268    -0.000062115834072
51 16
    -0.000540877273864    -0.000224455524746    -0.000027977032176
    -0.000073181356909    -0.000865118494261     0.000009455091527
     0.000002253357000    -0.000004812258756    -0.000090754855314
51 17
    -0.000565753184745    -0.000210771009115    -0.000018924063206
    -0.000210771009115    -0.000809130582446     0.000010925812986
     0.000020669855673    -0.000011933746737    -0.000100154328951
51 18
    -0.000598062661726     0.000000000000000     0.000000000000000
    -0.000000000000000    -0.000806980698197    -0.000006721112545
     0.000000000000000    -0.000000930042967    -0.000096727437521
51 19
    -0.000565753184745     0.000210771009115     0.000018924063206
     0.000210771009115    -0.000809130582446     0.000010925812986
    -0.000020669855673    -0.000011933746737    -0.000100154328951
51 20
    -0.000540877273864     0.000224455524746     0.000027977032176
     0.000073181356909    -0.000865118494261     0.000009455091527
    -0.000002253357000    -0.000004812258756    -0.000090754855314
51 21
    -0.000655177638854    -0.000139172703404    -0.000022176865545
    -0.000290446871242    -0.000750818129271     0.000019501274824
     0.000005294216833     0.000000454664972    -0.000090754855314
51 22
    -0.000416812175243    -0.000093085656516    -0.000022468577425
    -0.000392459298194    -0.000866799140218     0.000068793818449
     0.000051948160566     0.000013281771075    -0.000062115834072
51 23
    -0.000416812175243     0.000093085656516     0.000022468577425
     0.000392459298194    -0.000866799140218     0.000068793818449
    -0.000051948160566     0.000013281771075    -0.000062115834072
51 24
    -0.000655177638854     0.000139172703404     0.000022176865545
     0.000290446871242    -0.000750818129271     0.000019501274824
    -0.000005294216833     0.000000454664972    -0.000090754855314
51 25
    -0.000669028658556    -0.000000000000000     0.000000000000000
     0.000000000000000    -0.000669028658556     0.000000000000000
     0.000000000000000     0.000000000000000    -0.000099273128299
51 26
     0.004559895081731    -0.000424024381082     0.000102352675444
    -0.000424024381082     0.005049516262853     0.000059093344720
     0.000102352675444     0.000059093344720     0.004915255979483
51 27
     0.004559895081731     0.000424024381082    -0.000102352675444
     0.000424024381082     0.005049516262853     0.000059093344720
    -0.000102352675444     0.000059093344720     0.004915255979483
51 28
     0.004145941952334     0.000296803319934    -0.000021919970923
     0.000296803319934     0.004645668224716     0.000019267468586
    -0.000021919970923     0.000019267468586     0.004778474055807
51 29
     0.004310870029100     0.000000000000000     0.000000000000000
     0.000000000000000     0.004459787167717    -0.000003662672796
     0.000000000000000    -0.000003662672796     0.004741561539540
51 30
     0.004145941952334    -0.000296803319934     0.000021919970923
    -0.000296803319934     0.004645668224716     0.000019267468586
     0.000021919970923     0.000019267468586     0.004778474055807
51 31
     0.005294326853413    -0.000000000000000     0.000000000000000
    -0.000000000000000     0.004315084491170    -0.000118186689440
     0.000000000000000    -0.000118186689440     0.004915255979483
51 32
     0.004254049304292     0.000000265066786    -0.000093393128966
     0.000000265066786     0.004253743231531    -0.000053920548149
    -0.000093393128966    -0.000053920548149     0.004798350026107
51 33
     0.003958186257923    -0.000011143682842    -0.000028226739206
    -0.000011143682842     0.004167690592927    -0.000000710702894
    -0.000028226739206    -0.000000710702894     0.004742442740192
51 34
     0.003958186257923     0.000011143682842     0.000028226739206
     0.000011143682842     0.004167690592927    -0.000000710702894
     0.000028226739206    -0.000000710702894     0.004742442740192
51 35
     0.004254049304292    -0.000000265066786     0.000093393128966
    -0.000000265066786     0.004253743231531    -0.000053920548149
     0.000093393128966    -0.000053920548149     0.004798350026107
51 36
     0.004777775871611    -0.000067986163443     0.000005726131801
    -0.000067986163443     0.004013834305439    -0.000028616985962
     0.000005726131801    -0.000028616985962     0.004778474055807
51 37
     0.004105663796743    -0.000096289879579    -0.000014728856364
    -0.000096289879579     0.004020213054107    -0.000024089721771
    -0.000014728856364    -0.000024089721771     0.004742442740192
51 38
     0.003959284667204    -0.000000000000000     0.000000000000000
     0.000000000000000     0.003959284667204     0.000000000000000
     0.000000000000000     0.000000000000000     0.004728637263283
51 39
     0.004105663796743     0.000096289879579     0.000014728856364
     0.000096289879579     0.004020213054107    -0.000024089721771
     0.000014728856364    -0.000024089721771     0.004742442740192
51 40
     0.004777775871611     0.000067986163443    -0.000005726131801
     0.000067986163443     0.004013834305439    -0.000028616985962
    -0.000005726131801    -0.000028616985962     0.004778474055807
51 41
     0.004422557883063    -0.000064483012551    -0.000003171967687
    -0.000064483012550     0.004348099313755     0.000001831336398
    -0.000003171967687     0.000001831336398     0.004741561539540
51 42
     0.004124965221609    -0.000085146196737     0.000013497882842
    -0.000085146196737     0.004000911629242     0.000024800424665
     0.000013497882842     0.000024800424665     0.004742442740192
51 43
     0.004124965221609     0.000085146196737    -0.000013497882842
     0.000085146196737     0.004000911629242     0.000024800424665
    -0.000013497882842     0.000024800424665     0.004742442740192
51 44
     0.004422557883063     0.000064483012550     0.000003171967687
     0.000064483012550     0.004348099313755     0.000001831336398
     0.000003171967687     0.000001831336398     0.004741561539540
51 45
     0.004628547181153    -0.000000000000000     0.000000000000000
    -0.000000000000000     0.004420213207723     0.000009586497761
     0.000000000000000     0.000009586497761     0.004738036736926
51 46
     0.004263697441630    -0.000364789483378     0.000027646102723
    -0.000364789483378     0.004527912735420     0.000009349517376
     0.000027646102723     0.000009349517376     0.004778474055807
51 47
     0.004253590195151     0.000000000000000     0.000000000000000
     0.000000000000000     0.004254202340672     0.000107841096298
     0.000000000000000     0.000107841096298     0.004798350026107
51 48
     0.004263697441630     0.000364789483378    -0.000027646102723
     0.000364789483378     0.004527912735420     0.000009349517376
    -0.000027646102723     0.000009349517376     0.004778474055807
51 49
     0.004472296701080     0.000090211256731     0.000008302150595
     0.000090211256731     0.004576463687795    -0.000004793248881
     0.000008302150595    -0.000004793248881     0.004738036736926
51 50
     0.004472296701080    -0.000090211256731    -0.000008302150595
    -0.000090211256731     0.004576463687795    -0.000004793248881
    -0.000008302150595    -0.000004793248881     0.004738036736926
51 51
    62.150206239488213    -0.000000000000005     0.000000000000000
    -0.000000000000005    62.150206239488213     0.000000000000000
     0.000000000000000     0.000000000000000    14.062133173403870
51 52
    -4.768330044737841     0.271292997286024    -0.000215087281265
    -0.271292997286027     2.673910707794749    -0.000093066837129
     0.000215087281265    -0.000093066837129     0.467304737605808
51 53
    -0.139250934386316     0.053204220094788    -0.000009411584235
    -0.053204220094788     0.249840376695476     0.000005834949792
     0.000009411584235     0.000005834949792     0.018393024153876
51 54
    -0.139250934386316    -0.053204220094788     0.000009411584235
     0.053204220094788     0.249840376695476     0.000005834949792
    -0.000009411584235     0.000005834949792     0.018393024153876
51 55
    -4.768330044737841    -0.271292997286027     0.000215087281265
     0.271292997286024     2.673910707794749    -0.000093066837129
    -0.000215087281265    -0.000093066837129     0.467304737605808
51 56
     0.813350519661602    -3.493877773672545    -0.000188141885837
    -2.951291779100494    -2.907769856604694    -0.000139737631042
     0.000026945395429     0.000232804468171     0.467304737605808
51 57
    -0.403305368742093    -0.199035082725995     0.000000435316074
    -0.199035082725995    -0.173479451562027     0.000000251329852
     0.000008589718735     0.000004959276424    -0.066021004990324
51 58
    -0.228180893805846    -0.000000000000000     0.000000000000000
    -0.000000000000000     0.012355921043714    -0.000013856868919
     0.000000000000000    -0.000008642637930     0.015113293232372
51 59
    -0.403305368742093     0.199035082725995    -0.000000435316074
     0.199035082725995    -0.173479451562027     0.000000251329852
    -0.000008589718735     0.000004959276424    -0.066021004990324
51 60
     0.813350519661601     3.493877773672545     0.000188141885837
     2.951291779100495    -2.907769856604694    -0.000139737631042
    -0.000026945395429     0.000232804468171     0.467304737605808
51 61
     0.152567548925028    -0.221685699989101     0.000000347422632
    -0.115277259799525    -0.041978106615868    -0.000011068145933
     0.000009759006867     0.000005233196141     0.018393024153876
51 62
    -0.047778282668676    -0.104155496102556    -0.000012000400501
    -0.104155496102556    -0.168046690093456     0.000006928434459
    -0.000007484744003     0.000004321318965     0.015113293232372
51 63
    -0.047778282668676     0.104155496102556     0.000012000400501
     0.104155496102556    -0.168046690093456     0.000006928434459
     0.000007484744003     0.000004321318965     0.015113293232372
51 64
     0.152567548925028     0.221685699989101    -0.000000347422632
     0.115277259799525    -0.041978106615868    -0.000011068145933
    -0.000009759006867     0.000005233196141     0.018393024153876
51 65
    -0.058566492971995     0.000000000000000     0.000000000000000
     0.000000000000000    -0.518218327332125    -0.000009918552848
     0.000000000000000    -0.000000502659705    -0.066021004990324
51 66
     0.152567548925028    -0.115277259799525     0.000009759006867
    -0.221685699989101    -0.041978106615868     0.000005233196141
     0.000000347422632    -0.000011068145933     0.018393024153876
51 67
    -0.058566492971995     0.000000000000000     0.000000000000000
     0.000000000000000    -0.518218327332125    -0.000000502659705
     0.000000000000000    -0.000009918552848    -0.066021004990324
51 68
     0.152567548925028     0.115277259799525    -0.000009759006867
     0.221685699989101    -0.041978106615868     0.000005233196141
    -0.000000347422632    -0.000011068145933     0.018393024153876
51 69
    -0.047778282668676     0.104155496102556     0.000007484744003
     0.104155496102556    -0.168046690093456     0.000004321318965
     0.000012000400501     0.000006928434459     0.015113293232372
51 70
    -0.047778282668676    -0.104155496102556    -0.000007484744003
    -0.104155496102556    -0.168046690093456     0.000004321318965
    -0.000012000400501     0.000006928434459     0.015113293232372
51 71
     0.813350519661602    -2.951291779100494     0.000026945395429
    -3.493877773672545    -2.907769856604694     0.000232804468171
    -0.000188141885837    -0.000139737631042     0.467304737605808
51 72
     0.813350519661601     2.951291779100495    -0.000026945395429
     3.493877773672545    -2.907769856604694     0.000232804468171
     0.000188141885837    -0.000139737631042     0.467304737605808
51 73
    -0.403305368742093     0.199035082725995    -0.000008589718735
     0.199035082725995    -0.173479451562027     0.000004959276424
    -0.000000435316074     0.000000251329852    -0.066021004990324
51 74
    -0.228180893805846    -0.000000000000000     0.000000000000000
    -0.000000000000000     0.012355921043714    -0.000008642637930
     0.000000000000000    -0.000013856868919     0.015113293232372
51 75
    -0.403305368742093    -0.199035082725995     0.000008589718735
    -0.199035082725995    -0.173479451562027     0.000004959276424
     0.000000435316074     0.000000251329852    -0.066021004990324
51 76
     0.110672795791538     1.178256155993332    -0.000032378318207
     1.178256155993332    -1.249860221882629    -0.000018693630733
     0.000027895591201     0.000016105527089    -0.364974796694056
51 77
   -10.488429512909642     0.000000000000001     0.000000000000000
     0.000000000000001   -25.358873449430881     0.000143025092178
     0.000000000000000    -0.000264140296562    -6.116730960038557
51 78
     0.110672795791539    -1.178256155993332     0.000032378318207
    -1.178256155993332    -1.249860221882630    -0.000018693630733
    -0.000027895591201     0.000016105527089    -0.364974796694056
51 79
     0.229455696573719    -0.064124424534613    -0.000010309308933
    -0.064111408289325    -0.132805237057281    -0.000009072896131
     0.000018021897750     0.000000301970364     0.010450412140970
51 80
     0.229455696573719     0.064124424534613     0.000010309308933
     0.064111408289325    -0.132805237057281    -0.000009072896131
    -0.000018021897750     0.000000301970364     0.010450412140970
51 81
   -21.641262465300574     6.439091107289832     0.000123863363205
     6.439091107289831   -14.206040497039950    -0.000071512546089
    -0.000228752206986     0.000132070148281    -6.116730960038557
51 82
   -21.641262465300567    -6.439091107289826    -0.000123863363205
    -6.439091107289825   -14.206040497039954    -0.000071512546089
     0.000228752206986     0.000132070148281    -6.116730960038557
51 83
     0.232270972139170     0.732530196196028     0.000054405800490
     0.732495592031727    -0.032800905235307     0.000037624915464
    -0.000038482307732    -0.000026353590682     0.482872559030863
51 84
    -0.044969683744199     0.000000000000000     0.000000000000000
     0.000000000000000    -0.059496402479844    -0.000008662580090
     0.000000000000000     0.000003093231530    -0.052181364913748
51 85
     0.232270972139171    -0.732530196196028    -0.000054405800490
    -0.732495592031727    -0.032800905235308     0.000037624915464
     0.000038482307732    -0.000026353590682     0.482872559030863
51 86
    -1.930126730719713    -0.000000000000000     0.000000000000000
    -0.000000000000000     0.790939304628623     0.000037387261466
     0.000000000000000    -0.000032211054179    -0.364974796694056
51 87
     0.667841839010591     0.481018634792354     0.000059787032852
     0.481053238956655    -0.468371772106727     0.000028304347605
    -0.000042064032878    -0.000020149860751     0.482872559030863
51 88
     0.353203044700422     0.114360220736256    -0.000010878738718
     0.114360220736256     0.221151236247098    -0.000006280842727
     0.000010447154652     0.000006031667551    -0.046375427540750
51 89
     0.353203044700422    -0.114360220736256     0.000010878738718
    -0.114360220736256     0.221151236247098    -0.000006280842727
    -0.000010447154652     0.000006031667551    -0.046375427540750
51 90
     0.667841839010591    -0.481018634792354    -0.000059787032852
    -0.481053238956655    -0.468371772106727     0.000028304347605
     0.000042064032878    -0.000020149860751     0.482872559030863
51 91
    -0.097767748100024     0.124811135578217    -0.000013012013002
     0.124798119332928     0.194418207616461    -0.000004391675366
     0.000009272462881     0.000015456436094     0.010450412140970
51 92
    -0.055864722795933     0.006290253729350    -0.000007502014420
     0.006290253729350    -0.048601363428110     0.000004331290045
     0.000002678817085    -0.000001546615765    -0.052181364913748
51 93
     0.155125332020436    -0.000000000000000     0.000000000000000
    -0.000000000000000     0.419228948927085     0.000012561685454
     0.000000000000000    -0.000012063335102    -0.046375427540750
51 94
    -0.055864722795933    -0.006290253729350     0.000007502014420
    -0.006290253729350    -0.048601363428110     0.000004331290045
    -0.000002678817085    -0.000001546615765    -0.052181364913748
51 95
    -0.097767748100024    -0.124811135578217     0.000013012013002
    -0.124798119332928     0.194418207616461    -0.000004391675366
    -0.000009272462881     0.000015456436094     0.010450412140970
51 96
     0.013287740800961     0.188916035744898    -0.000002702704069
     0.188929051990186     0.083362718715476     0.000013464571497
    -0.000008749434869    -0.000015758406458     0.010450412140970
51 97
    -0.600907710793966    -0.251459655157223     0.000005381232362
    -0.251494259321524     0.800377777697830    -0.000065929263069
    -0.000003581725146     0.000046503451433     0.482872559030863
51 98
    -0.600907710793966     0.251459655157222    -0.000005381232362
     0.251494259321523     0.800377777697830    -0.000065929263069
     0.000003581725146     0.000046503451433     0.482872559030863
51 99
     0.013287740800961    -0.188916035744898     0.000002702704069
    -0.188929051990186     0.083362718715476     0.000013464571497
     0.000008749434869    -0.000015758406458     0.010450412140970
51 100
    -0.028911264979919     0.000000000000000     0.000000000000000
     0.000000000000000    -0.028911264979919     0.000000000000000
     0.000000000000000     0.000000000000000    -0.007999530721347
76 1
    -0.004834471602987     0.000000000000000     0.000000000000000
     0.000000000000000    -0.004834471602987     0.000000000000000
     0.000000000000000     0.000000000000000    -0.004704533488073
76 2
    -0.005589862930199    -0.000360955939589    -0.000107412505913
    -0.000360955939589    -0.005045457121245    -0.000018544412702
    -0.000107412505913    -0.000018544412702    -0.004841609145301
76 3
    -0.005675437129249    -0.000091000758769    -0.000005130207588
    -0.000091000758769    -0.005384974445215    -0.000022216604086
    -0.000005130207588    -0.000022216604086    -0.004920231825840
76 4
    -0.005675437129249     0.000091000758769     0.000005130207588
     0.000091000758769    -0.005384974445215    -0.000022216604086
     0.000005130207588    -0.000022216604086    -0.004920231825840
76 5
    -0.005589862930199     0.000360955939589     0.000107412505913
     0.000360955939589    -0.005045457121245    -0.000018544412702
     0.000107412505913    -0.000018544412702    -0.004841609145301
76 6
    -0.005494155586814    -0.000416212600055    -0.000069766185455
    -0.000416212600055    -0.005141164464630    -0.000083749752454
    -0.000069766185455    -0.000083749752454    -0.004841609145301
76 7
    -0.005514588712362    -0.000285553305006    -0.000005717732976
    -0.000285553305006    -0.005184860157336    -0.000003301134673
    -0.000005717732976    -0.000003301134673    -0.004907405460764
76 8
    -0.005333827353464     0.000000000000000     0.000000000000000
     0.000000000000000    -0.005265936125456     0.000002152552971
     0.000000000000000     0.000002152552971    -0.004939128684298
76 9
    -0.005514588712362     0.000285553305006     0.000005717732976
     0.000285553305006    -0.005184860157336    -0.000003301134673
     0.000005717732976    -0.000003301134673    -0.004907405460764
76 10
    -0.005494155586814     0.000416212600055     0.000069766185455
     0.000416212600055    -0.005141164464630    -0.000083749752454
     0.000069766185455    -0.000083749752454    -0.004841609145301
76 11
    -0.005536399085081    -0.000171274410997    -0.000021805247318
    -0.000171274410997    -0.005524012489383     0.000006665411945
    -0.000021805247318     0.000006665411945    -0.004920231825840
76 12
    -0.005282908932458    -0.000029397764074     0.000001864165556
    -0.000029397764074    -0.005316854546462    -0.000001076276485
     0.000001864165556    -0.000001076276485    -0.004939128684298
76 13
    -0.005282908932458     0.000029397764074    -0.000001864165556
     0.000029397764074    -0.005316854546462    -0.000001076276485
    -0.000001864165556    -0.000001076276485    -0.004939128684298
76 14
    -0.005536399085081     0.000171274410997     0.000021805247318
     0.000171274410997    -0.005524012489383     0.000006665411945
     0.000021805247318     0.000006665411945    -0.004920231825840
76 15
    -0.005713564322991     0.000000000000000     0.000000000000000
     0.000000000000000    -0.005930038534360    -0.000061176739370
     0.000000000000000    -0.000061176739370    -0.004921113026490
76 16
    -0.005378781147366    -0.000080273652228    -0.000016675039730
    -0.000080273652228    -0.005681630427098     0.000015551192141
    -0.000016675039730     0.000015551192141    -0.004920231825840
76 17
    -0.005019995879823    -0.000000000000000     0.000000000000000
    -0.000000000000000    -0.005679452989875     0.000006602269346
     0.000000000000000     0.000006602269346    -0.004907405460764
76 18
    -0.005378781147366     0.000080273652228     0.000016675039730
     0.000080273652228    -0.005681630427098     0.000015551192141
     0.000016675039730     0.000015551192141    -0.004920231825840
76 19
    -0.005786348952787     0.000043809549471    -0.000007173906848
     0.000043809549471    -0.005836935863147    -0.000004141857050
    -0.000007173906848    -0.000004141857050    -0.004937757927723
76 20
    -0.005786348952787    -0.000043809549471     0.000007173906848
    -0.000043809549471    -0.005836935863147    -0.000004141857050
     0.000007173906848    -0.000004141857050    -0.004937757927723
76 21
    -0.004868961560153    -0.000055256660467     0.000037646320458
    -0.000055256660467    -0.005766358491291     0.000102294165156
     0.000037646320458     0.000102294165156    -0.004841609145301
76 22
    -0.004868961560153     0.000055256660467    -0.000037646320458
     0.000055256660467    -0.005766358491291     0.000102294165156
    -0.000037646320458     0.000102294165156    -0.004841609145301
76 23
    -0.005875919981518     0.000093736083155    -0.000052980610415
     0.000093736083155    -0.005767682875834     0.000030588369685
    -0.000052980610415     0.000030588369685    -0.004921113026490
76 24
    -0.005862229318328    -0.000000000000000     0.000000000000000
    -0.000000000000000    -0.005761055497606     0.000008283714100
     0.000000000000000     0.000008283714100    -0.004937757927723
76 25
    -0.005875919981518    -0.000093736083155     0.000052980610415
    -0.000093736083155    -0.005767682875834     0.000030588369685
     0.000052980610415     0.000030588369685    -0.004921113026490
76 26
     0.000026022669940    -0.000110057619832    -0.000049606992649
    -0.000110057619832     0.000153106262813    -0.000028640610559
    -0.000089147473173    -0.000051469317634     0.000072560999153
76 27
    -0.000964549531703    -0.000223150653682    -0.000037476431441
     0.000076222987996    -0.000319061783758     0.000038347541192
    -0.000048342905688    -0.000053855268062    -0.000062115834072
76 28
    -0.000930819281296     0.000000000000000     0.000000000000000
     0.000000000000000    -0.000444064485895     0.000023867493474
     0.000000000000000    -0.000021851625972    -0.000100154328951
76 29
    -0.000964549531703     0.000223150653682     0.000037476431441
    -0.000076222987996    -0.000319061783758     0.000038347541192
     0.000048342905688    -0.000053855268062    -0.000062115834072
76 30
     0.000026022669940     0.000110057619832     0.000049606992649
     0.000110057619832     0.000153106262813    -0.000028640610559
     0.000089147473173    -0.000051469317634     0.000072560999153
76 31
    -0.000544055266245    -0.000166549489358     0.000014471729124
    -0.000465923131037    -0.000739556049216    -0.000051629312268
    -0.000070811483113    -0.000014938550388    -0.000062115834072
76 32
    -0.000754751189079    -0.000090464163446     0.000000805440836
    -0.000090464163446    -0.000650292170844     0.000000465021483
     0.000005820654206     0.000003360556273    -0.000096727437521
76 33
    -0.000754751189079     0.000090464163446    -0.000000805440836
     0.000090464163446    -0.000650292170844     0.000000465021483
    -0.000005820654206     0.000003360556273    -0.000096727437521
76 34
    -0.000544055266245     0.000166549489358    -0.000014471729124
     0.000465923131037    -0.000739556049216    -0.000051629312268
     0.000070811483113    -0.000014938550388    -0.000062115834072
76 35
    -0.000210428275877     0.000000000000000     0.000000000000000
     0.000000000000000    -0.000730792294552    -0.000120998903137
     0.000000000000000    -0.000024126560631    -0.000022804493799
76 36
    -0.000565753184745    -0.000210771009115     0.000020669855673
    -0.000210771009115    -0.000809130582446    -0.000011933746737
    -0.000018924063206     0.000010925812986    -0.000100154328951
76 37
    -0.000598062661726     0.000000000000000     0.000000000000000
     0.000000000000000    -0.000806980698197    -0.000000930042967
     0.000000000000000    -0.000006721112545    -0.000096727437521
76 38
    -0.000565753184745     0.000210771009115    -0.000020669855673
     0.000210771009115    -0.000809130582446    -0.000011933746737
     0.000018924063206     0.000010925812986    -0.000100154328951
76 39
    -0.000540877273864     0.000073181356909    -0.000002253357000
     0.000224455524746    -0.000865118494261    -0.000004812258756
     0.000027977032176     0.000009455091527    -0.000090754855314
76 40
    -0.000540877273864    -0.000073181356909     0.000002253357000
    -0.000224455524746    -0.000865118494261    -0.000004812258756
    -0.000027977032176     0.000009455091527    -0.000090754855314
76 41
    -0.000416812175243    -0.000392459298194     0.000051948160566
    -0.000093085656516    -0.000866799140218     0.000013281771075
    -0.000022468577425     0.000068793818449    -0.000062115834072
76 42
    -0.000416812175243     0.000392459298194    -0.000051948160566
     0.000093085656516    -0.000866799140218     0.000013281771075
     0.000022468577425     0.000068793818449    -0.000062115834072
76 43
    -0.000655177638854     0.000290446871242    -0.000005294216833
     0.000139172703404    -0.000750818129271     0.000000454664972
     0.000022176865545     0.000019501274824    -0.000090754855314
76 44
    -0.000669028658556     0.000000000000000     0.000000000000000
     0.000000000000000    -0.000669028658556     0.000000000000000
     0.000000000000000     0.000000000000000    -0.000099273128299
76 45
    -0.000655177638854    -0.000290446871242     0.000005294216833
    -0.000139172703404    -0.000750818129271     0.000000454664972
    -0.000022176865545     0.000019501274824    -0.000090754855314
76 46
     0.000216648059249     0.000000000000000     0.000000000000000
     0.000000000000000    -0.000037519126497     0.000057281221119
     0.000000000000000     0.000102938635268     0.000072560999153
76 47
    -0.000600701289883     0.000225324229694    -0.000104788123947
     0.000225324229694    -0.000340519280546     0.000060499451569
    -0.000020894214412     0.000012063280315    -0.000022804493799
76 48
    -0.000912938739470    -0.000009645737423    -0.000003040859832
     0.000141628430414    -0.000493057028655     0.000004357593784
    -0.000005800166631    -0.000028956366351    -0.000090754855314
76 49
    -0.000912938739470     0.000009645737423     0.000003040859832
    -0.000141628430414    -0.000493057028655     0.000004357593784
     0.000005800166631    -0.000028956366351    -0.000090754855314
76 50
    -0.000600701289883    -0.000225324229694     0.000104788123947
    -0.000225324229694    -0.000340519280546     0.000060499451569
     0.000020894214412     0.000012063280315    -0.000022804493799
76 51
     0.110672795791538     1.178256155993332     0.000027895591201
     1.178256155993332    -1.249860221882629     0.000016105527089
    -0.000032378318207    -0.000018693630733    -0.364974796694056
76 52
     0.229455696573719     0.064111408289325    -0.000018021897750
     0.064124424534613    -0.132805237057281     0.000000301970364
     0.000010309308933    -0.000009072896131     0.010450412140970
76 53
     0.229455696573719    -0.064111408289325     0.000018021897750
    -0.064124424534613    -0.132805237057281     0.000000301970364
    -0.000010309308933    -0.000009072896131     0.010450412140970
76 54
     0.110672795791539    -1.178256155993332    -0.000027895591201
    -1.178256155993332    -1.249860221882630     0.000016105527089
     0.000032378318207    -0.000018693630733    -0.364974796694056
76 55
   -10.488429512909642     0.000000000000001     0.000000000000000
     0.000000000000001   -25.358873449430881    -0.000264140296562
     0.000000000000000     0.000143025092178    -6.116730960038557
76 56
     0.013287740800961     0.188929051990186    -0.000008749434869
     0.188916035744898     0.083362718715476    -0.000015758406458
    -0.000002702704069     0.000013464571497     0.010450412140970
76 57
    -0.028911264979919     0.000000000000000     0.000000000000000
     0.000000000000000    -0.028911264979919     0.000000000000000
     0.000000000000000     0.000000000000000    -0.007999530721347
76 58
     0.013287740800961    -0.188929051990186     0.000008749434869
    -0.188916035744898     0.083362718715476    -0.000015758406458
     0.000002702704069     0.000013464571497     0.010450412140970
76 59
    -0.600907710793966     0.251494259321523     0.000003581725146
     0.251459655157222     0.800377777697830     0.000046503451433
    -0.000005381232362    -0.000065929263069     0.482872559030863
76 60
    -0.600907710793966    -0.251494259321524    -0.000003581725146
    -0.251459655157223     0.800377777697830     0.000046503451433
     0.000005381232362    -0.000065929263069     0.482872559030863
76 61
    -0.097767748100024     0.124798119332928     0.000009272462881
     0.124811135578217     0.194418207616461     0.000015456436094
    -0.000013012013002    -0.000004391675366     0.010450412140970
76 62
    -0.097767748100024    -0.124798119332928    -0.000009272462881
    -0.124811135578217     0.194418207616461     0.000015456436094
     0.000013012013002    -0.000004391675366     0.010450412140970
76 63
    -0.055864722795933    -0.006290253729350    -0.000002678817085
    -0.006290253729350    -0.048601363428110    -0.000001546615765
     0.000007502014420     0.000004331290045    -0.052181364913748
76 64
     0.155125332020436    -0.000000000000000     0.000000000000000
    -0.000000000000000     0.419228948927085    -0.000012063335102
     0.000000000000000     0.000012561685454    -0.046375427540750
76 65
    -0.055864722795933     0.006290253729350     0.000002678817085
     0.006290253729350    -0.048601363428110    -0.000001546615765
    -0.000007502014420     0.000004331290045    -0.052181364913748
76 66
    -1.930126730719713    -0.000000000000000     0.000000000000000
    -0.000000000000000     0.790939304628623    -0.000032211054179
     0.000000000000000     0.000037387261466    -0.364974796694056
76 67
     0.667841839010591    -0.481053238956655     0.000042064032878
    -0.481018634792354    -0.468371772106727    -0.000020149860751
    -0.000059787032852     0.000028304347605     0.482872559030863
76 68
     0.353203044700422    -0.114360220736256    -0.000010447154652
    -0.114360220736256     0.221151236247098     0.000006031667551
     0.000010878738718    -0.000006280842727    -0.046375427540750
76 69
     0.353203044700422     0.114360220736256     0.000010447154652
     0.114360220736256     0.221151236247098     0.000006031667551
    -0.000010878738718    -0.000006280842727    -0.046375427540750
76 70
     0.667841839010591     0.481053238956655    -0.000042064032878
     0.481018634792354    -0.468371772106727    -0.000020149860751
     0.000059787032852     0.000028304347605     0.482872559030863
76 71
   -21.641262465300574     6.439091107289831    -0.000228752206986
     6.439091107289832   -14.206040497039950     0.000132070148281
     0.000123863363205    -0.000071512546089    -6.116730960038557
76 72
     0.232270972139171    -0.732495592031727     0.000038482307732
    -0.732530196196028    -0.032800905235308    -0.000026353590682
    -0.000054405800490     0.000037624915464     0.482872559030863
76 73
    -0.044969683744199     0.000000000000000     0.000000000000000
     0.000000000000000    -0.059496402479844     0.000003093231530
     0.000000000000000    -0.000008662580090    -0.052181364913748
76 74
     0.232270972139170     0.732495592031727    -0.000038482307732
     0.732530196196028    -0.032800905235307    -0.000026353590682
     0.000054405800490     0.000037624915464     0.482872559030863
76 75
   -21.641262465300567    -6.439091107289825     0.000228752206986
    -6.439091107289826   -14.206040497039954     0.000132070148281
    -0.000123863363205    -0.000071512546089    -6.116730960038557
76 76
    62.631376020365856    -0.000000000000005     0.000000000000000
    -0.000000000000005    62.631376020365856     0.000000000000000
     0.000000000000000     0.000000000000000    14.535714279309818
76 77
    -4.778215321841076    -0.271457922637937    -0.000225154449357
     0.271457922637935     2.664064284048060     0.000055511039214
     0.000225154449357     0.000055511039214     0.457474830737963
76 78
    -0.149025036973693    -0.053211680625618    -0.000001940923261
     0.053211680625618     0.240012623416417    -0.000010335268068
     0.000001940923261    -0.000010335268068     0.008802216396705
76 79
    -0.149025036973693     0.053211680625618     0.000001940923261
    -0.053211680625618     0.240012623416417    -0.000010335268068
    -0.000001940923261    -0.000010335268068     0.008802216396705
76 80
    -4.778215321841076     0.271457922637935     0.000225154449357
    -0.271457922637937     2.664064284048060     0.000055511039214
    -0.000225154449357     0.000055511039214     0.457474830737963
76 81
     0.803494382575776    -2.951143677745479    -0.000064503254529
    -3.494059523021351    -2.917645420368792    -0.000222744992525
     0.000160651194828     0.000167233953311     0.457474830737963
76 82
    -0.413122884451301    -0.199031096145828    -0.000008580926303
    -0.199031096145828    -0.183301570577501    -0.000004954200111
    -0.000015538439242    -0.000008971122079    -0.075631003339507
76 83
    -0.237993680137161    -0.000000000000000     0.000000000000000
    -0.000000000000000     0.002547803344767     0.000002160636133
     0.000000000000000    -0.000006564436291     0.005518079471933
76 84
    -0.413122884451301     0.199031096145828     0.000008580926303
     0.199031096145828    -0.183301570577501    -0.000004954200111
     0.000015538439242    -0.000008971122079    -0.075631003339507
76 85
     0.803494382575775     2.951143677745479     0.000064503254529
     3.494059523021352    -2.917645420368792    -0.000222744992525
    -0.000160651194828     0.000167233953311     0.457474830737963
76 86
     0.142753208318890    -0.115246567837731    -0.000009921066332
    -0.221669929088967    -0.051765621876165     0.000003486745183
    -0.000007980143071     0.000006848522885     0.008802216396705
76 87
    -0.057587567525715    -0.104157517679672     0.000001871165780
    -0.104157517679672    -0.177858309266679    -0.000001080318067
    -0.000005684968590     0.000003282218146     0.005518079471933
76 88
    -0.057587567525715     0.104157517679672    -0.000001871165780
     0.104157517679672    -0.177858309266679    -0.000001080318067
     0.000005684968590     0.000003282218146     0.005518079471933
76 89
     0.142753208318890     0.115246567837731     0.000009921066332
     0.221669929088967    -0.051765621876165     0.000003486745183
     0.000007980143071     0.000006848522885     0.008802216396705
76 90
    -0.068390913640601     0.000000000000000     0.000000000000000
     0.000000000000000    -0.528033541388201     0.000017942244158
     0.000000000000000     0.000009908400221    -0.075631003339507
76 91
     0.142753208318890    -0.221669929088967    -0.000007980143071
    -0.115246567837731    -0.051765621876165     0.000006848522885
    -0.000009921066332     0.000003486745183     0.008802216396705
76 92
    -0.068390913640601     0.000000000000000     0.000000000000000
     0.000000000000000    -0.528033541388201     0.000009908400221
     0.000000000000000     0.000017942244158    -0.075631003339507
76 93
     0.142753208318890     0.221669929088967     0.000007980143071
     0.115246567837731    -0.051765621876165     0.000006848522885
     0.000009921066332     0.000003486745183     0.008802216396705
76 94
    -0.057587567525715     0.104157517679672     0.000005684968590
     0.104157517679672    -0.177858309266679     0.000003282218146
    -0.000001871165780    -0.000001080318067     0.005518079471933
76 95
    -0.057587567525715    -0.104157517679672    -0.000005684968590
    -0.104157517679672    -0.177858309266679     0.000003282218146
     0.000001871165780    -0.000001080318067     0.005518079471933
76 96
     0.803494382575776    -3.494059523021351     0.000160651194828
    -2.951143677745479    -2.917645420368792     0.000167233953311
    -0.000064503254529    -0.000222744992525     0.457474830737963
76 97
     0.803494382575775     3.494059523021352    -0.000160651194828
     2.951143677745479    -2.917645420368792     0.000167233953311
     0.000064503254529    -0.000222744992525     0.457474830737963
76 98
    -0.413122884451301     0.199031096145828     0.000015538439242
     0.199031096145828    -0.183301570577501    -0.000008971122079
     0.000008580926303    -0.000004954200111    -0.075631003339507
76 99
    -0.237993680137161    -0.000000000000000     0.000000000000000
    -0.000000000000000     0.002547803344767    -0.000006564436291
     0.000000000000000     0.000002160636133     0.005518079471933
76 100
    -0.413122884451301    -0.199031096145828    -0.000015538439242
    -0.199031096145828    -0.183301570577501    -0.000008971122079
    -0.000008580926303    -0.000004954200111    -0.075631003339507