48   
3    

1    
  0.0055315350896746   0.0000000000000000   0.0083307934527090
  -0.1137295100   -0.0002667800   -0.2117844300
   0.0014428800    0.0050176300   -0.0044761600
   0.0013432400    0.0000013500    0.0008372400
   0.0012071200   -0.0050013800   -0.0045205500
   0.0018066300   -0.0052047000   -0.0045284700
   0.0003142800   -0.0003561000    0.0000450600
   0.0003155300    0.0003491700    0.0000422600
   0.0017552500    0.0053375100   -0.0044679200
   0.0000134500    0.0007687800    0.0008368400
   0.0009254700    0.0000010700    0.0000436000
   0.0000034700   -0.0007731900    0.0008378100
   0.0009259500   -0.0000041000    0.0000438600
   0.0017352500    0.0047051700   -0.0045505000
   0.0018251800   -0.0047874300   -0.0044456100
   0.0003144900    0.0003548700    0.0000505000
   0.0003149000   -0.0003509500    0.0000372600
  -0.0030033300   -0.0052887800    0.0207402100
  -0.0000314400   -0.0004297600    0.0025768200
   0.0005271700    0.0007952000    0.0021441300
   0.0456712400   -0.0228013300    0.0546260400
  -0.0000041300   -0.0000192300    0.0025868100
  -0.0001308900   -0.0000005600    0.0020137800
  -0.0000409700   -0.0006538700    0.0021376400
  -0.0020149900   -0.0013803400    0.0038667500
   0.0006688500   -0.0000805700    0.0023724200
   0.0000676900    0.0003820700    0.0023566600
  -0.0000400400    0.0000314300    0.0018756500
  -0.0000617200   -0.0000205300    0.0017977400
   0.0061691700    0.0282066600    0.0378098000
  -0.0006458100   -0.0007949400    0.0032553500
  -0.0000959200   -0.0000115800    0.0018361700
   0.0017398100    0.0021646800    0.0044727800
   0.0475077100    0.0239028600    0.0527550300
   0.0005359800   -0.0007843400   -0.0015681700
  -0.0000118800    0.0004204400   -0.0011419500
  -0.0030026700    0.0052753900    0.0170682500
  -0.0000345300    0.0006386100   -0.0015673700
  -0.0001318200   -0.0000005600   -0.0017097800
   0.0000069700    0.0000112300   -0.0011461200
  -0.0019972300    0.0013821000    0.0001461000
   0.0000822100   -0.0003659000   -0.0013561800
   0.0006660000    0.0000737600   -0.0013620400
  -0.0000574500    0.0000180800   -0.0019282300
  -0.0000414600   -0.0000288300   -0.0018457300
   0.0061221000   -0.0290495500    0.0347755600
   0.0017787300   -0.0021844900    0.0007606400
  -0.0000902100    0.0000101700   -0.0018864600
  -0.0006207000    0.0007915600   -0.0004631200

17   
  0.0055315350896746   0.0000000000000000   0.0083307934527090
  -0.0044523500   -0.0061034200    0.0197006300
   0.0489190700   -0.0247490500    0.0536660800
  -0.0001159800    0.0000187000    0.0006016100
   0.0004973200    0.0003311900    0.0002395500
   0.0060852200    0.0306248500    0.0365091400
   0.0014034000    0.0020013300    0.0027268800
  -0.0001591200   -0.0000873600   -0.0001103400
  -0.0004255500   -0.0009730400    0.0011148500
   0.0003209000    0.0001624100    0.0006153600
  -0.0001784300   -0.0000043200   -0.0001174800
  -0.0000554200    0.0000444200   -0.0001040400
   0.0002945800   -0.0009247800    0.0002269200
   0.0002358400   -0.0002922300    0.0004336600
  -0.0020872200   -0.0010689800    0.0019180500
  -0.0004081400    0.0006103300    0.0004071500
  -0.0001984500   -0.0000152700    0.0000696400
  -0.0574726800    0.0009504600   -0.1108238200
   0.0034124400   -0.0001503200    0.0000511500
  -0.0000289100   -0.0001145400    0.0014131700
   0.0054699800    0.0001959300   -0.0013167600
   0.0002265500    0.0013651900   -0.0002697700
  -0.0001457400   -0.0000743400    0.0017233700
  -0.0001496200    0.0000432600    0.0018217300
   0.0012237700   -0.0032668600   -0.0010047200
  -0.0001323200    0.0000430300    0.0013546900
  -0.0000457900   -0.0000183100    0.0017732200
   0.0000396500    0.0000223900    0.0014689000
  -0.0000461500    0.0000653500    0.0017731300
   0.0012921400    0.0028514300   -0.0009523400
   0.0001625400   -0.0010962700   -0.0003197900
  -0.0000774000    0.0000020200    0.0017725100
  -0.0002180400   -0.0001155900    0.0017752200
  -0.0012977000   -0.0000161900    0.0110843600
   0.0016798800    0.0016600200   -0.0009532900
  -0.0000354400   -0.0000362200   -0.0019265600
  -0.0005816000    0.0004888000   -0.0024738300
   0.0009124200    0.0004833900   -0.0019744600
  -0.0000340700    0.0000074000   -0.0021559500
  -0.0000127800   -0.0000523900   -0.0022295500
  -0.0021079000    0.0003503300   -0.0014570800
  -0.0001819200    0.0000683700   -0.0019124000
  -0.0000751900   -0.0000025200   -0.0021929700
  -0.0001457000   -0.0000801800   -0.0019394300
  -0.0000756200    0.0000489000   -0.0021947800
  -0.0002051200   -0.0002973300   -0.0027303300
  -0.0009733100   -0.0028029500   -0.0006918500
   0.0000299600   -0.0000769800   -0.0022047500
  -0.0000819400   -0.0000200700   -0.0021846800

17   
 -0.0055315350896746   0.0000000000000000  -0.0083307934527090
   0.0044044400    0.0061221100   -0.0200525100
  -0.0470149100    0.0236209700   -0.0519459900
   0.0000780500   -0.0000019800   -0.0008540300
  -0.0006061200   -0.0003216700   -0.0004823600
  -0.0061504700   -0.0298235900   -0.0361654500
  -0.0015071500   -0.0019813200   -0.0029573900
   0.0000807100    0.0000961400   -0.0001438600
   0.0003425500    0.0009770900   -0.0013927200
  -0.0003727800   -0.0001212300   -0.0008664200
   0.0000954300    0.0000202600   -0.0001387400
  -0.0000203800   -0.0000299100   -0.0001499700
  -0.0003859900    0.0009521900   -0.0004688800
  -0.0003282500    0.0002803300   -0.0006813800
   0.0019797400    0.0010986400   -0.0021778600
   0.0003380100   -0.0006162500   -0.0006555500
   0.0001194100    0.0000287300   -0.0003187200
   0.0591658600   -0.0011615100    0.1239387100
  -0.0034486500    0.0001483000    0.0033839000
  -0.0000428500    0.0001282600    0.0020514700
  -0.0055817900   -0.0001821400    0.0047980600
  -0.0003346200   -0.0013551100    0.0037123300
   0.0000693900    0.0000865700    0.0017413300
   0.0000737700   -0.0000317100    0.0016462000
  -0.0012848700    0.0032571900    0.0044642400
   0.0000570100   -0.0000299100    0.0021109800
  -0.0000309700    0.0000301000    0.0016942300
  -0.0001145700   -0.0000134400    0.0019933600
  -0.0000293400   -0.0000576600    0.0016950500
  -0.0013652400   -0.0028236700    0.0044187900
  -0.0002515600    0.0011233300    0.0037567700
  -0.0000028300    0.0000126900    0.0016953800
   0.0001469700    0.0001299600    0.0016938300
   0.0011981400    0.0000295800   -0.0148574300
  -0.0017526700   -0.0016600100   -0.0030142000
  -0.0000388600    0.0000514900   -0.0020521500
   0.0005257600   -0.0004927400   -0.0015183200
  -0.0010272000   -0.0004749200   -0.0020210600
  -0.0000332300    0.0000097300   -0.0018250800
  -0.0000653600    0.0000667600   -0.0017479200
   0.0020272500   -0.0003381200   -0.0025197400
   0.0001057900   -0.0000552600   -0.0020666700
  -0.0000000600    0.0000102300   -0.0017864500
   0.0000673700    0.0000897500   -0.0020405100
   0.0000015300   -0.0000369300   -0.0017891900
   0.0001250200    0.0003364900   -0.0012667300
   0.0008911800    0.0027802600   -0.0032614700
  -0.0001084000    0.0000914200   -0.0017797100
   0.0000057000    0.0000305300   -0.0017961800
