150  
6    

1    
  0.0065954862622223   0.0000000000000000   0.0075166189849451
  -0.1041678500   -0.0003612500   -0.1628032600
  -0.0016939300    0.0057897900   -0.0023599000
   0.0011845700   -0.0000884600    0.0000940200
   0.0012929800    0.0000538700   -0.0000126900
  -0.0023347500   -0.0057739700   -0.0019862900
   0.0006507400   -0.0069992900   -0.0023137000
   0.0003457100   -0.0003129800   -0.0001396600
   0.0001028900   -0.0000002500   -0.0001933000
   0.0004408100    0.0002548400   -0.0002120100
   0.0004105100    0.0075100300   -0.0020412400
  -0.0000058700    0.0007159300    0.0000526000
   0.0001546300   -0.0000277000   -0.0002120500
   0.0001443700    0.0000274600   -0.0001727800
   0.0000895500   -0.0008086600    0.0000251600
   0.0008831300   -0.0000474900   -0.0001722100
   0.0000513600    0.0006826400   -0.0000029600
   0.0008874300    0.0000468500   -0.0001738600
   0.0000273500   -0.0005617500    0.0000799100
   0.0001768000    0.0000415900   -0.0001931000
   0.0001218300   -0.0000137900   -0.0001937500
   0.0003763600    0.0040993400   -0.0021220800
   0.0006863700   -0.0045279500   -0.0022282200
   0.0003531200    0.0003093100   -0.0001287600
   0.0000988700   -0.0000330300   -0.0001944600
   0.0004351200   -0.0002607100   -0.0002187500
   0.0001309500    0.0000945100   -0.0000488400
   0.0000132700   -0.0000378700    0.0000366300
   0.0000428100    0.0000067000   -0.0000213800
  -0.0000088600   -0.0000279000    0.0000181300
  -0.0000788800    0.0000311400   -0.0002357300
  -0.0000069000    0.0000132700    0.0000054000
  -0.0000046500    0.0000280300   -0.0000239300
  -0.0000246500   -0.0000212600   -0.0000393200
   0.0000368600    0.0000352400    0.0000509300
  -0.0000289300    0.0000264000    0.0000165200
   0.0000397700   -0.0000013200   -0.0000169300
  -0.0000572600   -0.0000199400   -0.0000325800
   0.0000343300   -0.0000085000   -0.0000262400
   0.0000434600    0.0000109600   -0.0000283300
   0.0000138200    0.0000281300   -0.0000532000
  -0.0000130100   -0.0000013900   -0.0000082600
   0.0000640300    0.0000186800    0.0000606200
   0.0000416900   -0.0000085300   -0.0000174700
   0.0000483600    0.0000018800   -0.0000367100
  -0.0000076300    0.0000016800   -0.0000611700
  -0.0000275100   -0.0001189100   -0.0001404700
   0.0000799600   -0.0000616500    0.0000314000
   0.0000531800   -0.0000126100   -0.0000275900
   0.0000214300   -0.0000252200   -0.0000524800
   0.0000318800    0.0000444600   -0.0000022000
   0.0021112100   -0.0017245400    0.0083007300
  -0.0003046200   -0.0006319300    0.0016493900
   0.0000201100   -0.0000098100    0.0009584400
   0.0001117400    0.0010222300    0.0005538800
   0.0421478200   -0.0213635800    0.0475012300
   0.0000610100   -0.0000320400    0.0015602500
  -0.0000604300    0.0000031100    0.0009470500
  -0.0001011800    0.0000373500    0.0009440200
  -0.0000689700   -0.0005316000    0.0006483300
  -0.0015990100   -0.0007857100    0.0022735600
   0.0000511000   -0.0000312400    0.0009915800
  -0.0000519600   -0.0000203100    0.0009642900
   0.0000533700    0.0000009900    0.0009072500
   0.0000315900   -0.0000157900    0.0009491600
  -0.0000460200   -0.0001105400    0.0009036400
   0.0007492800   -0.0005396600    0.0010055100
   0.0001473300    0.0007123100    0.0011976500
  -0.0001275400    0.0001594700    0.0009222300
  -0.0000678600   -0.0000210500    0.0008831200
  -0.0000806800    0.0000127600    0.0009257400
   0.0051320400    0.0232408800    0.0280612700
  -0.0001949100   -0.0008195800    0.0016968200
  -0.0002646200    0.0000769000    0.0008971000
  -0.0000552800   -0.0000685800    0.0009415500
   0.0011383300    0.0015834700    0.0028633200
   0.0426136100    0.0218378800    0.0463158100
   0.0000087700   -0.0008906800   -0.0010876300
  -0.0000097200   -0.0000051000   -0.0007638500
  -0.0001816200    0.0006142500    0.0000203800
   0.0024488000    0.0013808700    0.0058668200
  -0.0000703200    0.0003949900   -0.0009620500
  -0.0000538100   -0.0000116800   -0.0007170800
  -0.0000572300    0.0000297900   -0.0007343900
   0.0000716900   -0.0000999000   -0.0001089500
  -0.0015757100    0.0009592300    0.0003332900
   0.0000321600   -0.0000379300   -0.0008028600
  -0.0000204400    0.0000017800   -0.0007438600
   0.0000262000    0.0000021300   -0.0007059700
  -0.0000698300    0.0001724000   -0.0007633900
   0.0000483600   -0.0000065600   -0.0007675700
   0.0002544300   -0.0005930200   -0.0004028500
   0.0005321100    0.0005720500   -0.0006642500
  -0.0000393100   -0.0000413700   -0.0007756000
  -0.0000450600   -0.0000212800   -0.0007928000
  -0.0001491100   -0.0001014600   -0.0007506200
   0.0048248800   -0.0230584600    0.0259231200
   0.0013415000   -0.0016930300    0.0010684400
  -0.0000851900    0.0001189500   -0.0007753300
  -0.0002261100   -0.0000882300   -0.0007425800
  -0.0003508600    0.0007098300   -0.0004146300
   0.0003473800    0.0000017300   -0.0016246000
   0.0001816600   -0.0001518200   -0.0005377000
  -0.0000363200   -0.0000040000   -0.0007913400
   0.0000371200    0.0000016400   -0.0007639600
  -0.0000471500   -0.0000472500   -0.0006180500
  -0.0000210400    0.0000984100   -0.0004307100
   0.0000351000   -0.0000028200   -0.0007882500
   0.0000051600    0.0000160100   -0.0007907100
  -0.0000273000   -0.0000003100   -0.0008395500
   0.0000877000    0.0001856500   -0.0007431000
   0.0000166500    0.0000106800   -0.0007881900
  -0.0000092600   -0.0000059800   -0.0007789000
   0.0000173000   -0.0000070200   -0.0007988000
   0.0000205400   -0.0000167600   -0.0007761700
  -0.0000125800   -0.0000037400   -0.0008165000
   0.0000193000   -0.0000149900   -0.0007668400
   0.0000047800   -0.0000056100   -0.0008206200
  -0.0000192500    0.0000306900   -0.0007831900
  -0.0000198600   -0.0000040100   -0.0007855000
   0.0000052000   -0.0000213200   -0.0007515000
  -0.0000083300   -0.0000207700   -0.0004691800
   0.0002742900   -0.0000687700   -0.0007018200
  -0.0000386100    0.0000245200   -0.0009026200
  -0.0000233500    0.0000211400   -0.0007600000
  -0.0000507300   -0.0000147300   -0.0007574300
   0.0000060800    0.0000007900    0.0007978700
   0.0000150900    0.0000534100    0.0009367500
  -0.0000187000    0.0000029800    0.0008884900
   0.0000226000    0.0000016700    0.0008835600
   0.0000219500    0.0000222700    0.0008932100
   0.0000160200   -0.0000353300    0.0009351500
   0.0000096700   -0.0000189800    0.0009054800
   0.0000079100    0.0000105900    0.0008915100
  -0.0000103300   -0.0000082400    0.0008885500
   0.0000042600   -0.0000210800    0.0009139500
   0.0000173200    0.0000056700    0.0008882300
  -0.0000100800   -0.0000037700    0.0008829500
   0.0000246300   -0.0000040600    0.0008968700
   0.0000001000    0.0000113700    0.0008949400
   0.0000000200   -0.0000047200    0.0008849900
   0.0000208400   -0.0000102000    0.0008763700
   0.0000085700    0.0000181100    0.0009045300
  -0.0000075000   -0.0000041900    0.0008927500
  -0.0000113900   -0.0000099100    0.0008874100
   0.0000002300   -0.0000070100    0.0008937000
   0.0000426700    0.0000066300    0.0009107000
  -0.0000289300   -0.0000292300    0.0009343900
  -0.0000017500    0.0000102800    0.0009129500
  -0.0000043900    0.0000134300    0.0008813800
  -0.0000129300   -0.0000003800    0.0008863500

1    
 -0.0065954862622223   0.0000000000000000  -0.0075166189849451
   0.1054186200   -0.0003045600    0.1616752600
   0.0018502400   -0.0057336500    0.0021649700
  -0.0011791000    0.0000837800   -0.0003398600
  -0.0013152200   -0.0000513100   -0.0002352000
   0.0021600300    0.0058249900    0.0017040200
  -0.0006262700    0.0070718000    0.0020311500
  -0.0003633400    0.0003048300   -0.0001036300
  -0.0001120800   -0.0000018700   -0.0000547000
  -0.0004399400   -0.0002639100   -0.0000471200
  -0.0004565200   -0.0074270400    0.0018328200
  -0.0000020200   -0.0007179300   -0.0003019500
  -0.0001559800    0.0000280600   -0.0000341200
  -0.0001626100   -0.0000264300   -0.0000723700
  -0.0000896900    0.0008048500   -0.0002745300
  -0.0008950500    0.0000400100   -0.0000717600
  -0.0000675900   -0.0006885400   -0.0002525100
  -0.0008919400   -0.0000519600   -0.0000742100
  -0.0000281700    0.0005608300   -0.0003276500
  -0.0001821600   -0.0000432900   -0.0000565600
  -0.0001372400    0.0000135300   -0.0000527000
  -0.0004256300   -0.0041299100    0.0018039700
  -0.0006587600    0.0044858100    0.0020606700
  -0.0003655900   -0.0003026000   -0.0001035000
  -0.0001128300    0.0000234400   -0.0000554100
  -0.0004337800    0.0002636200   -0.0000431200
  -0.0001344000   -0.0000890500   -0.0000739500
  -0.0000172400    0.0000465900   -0.0001675900
  -0.0000603000   -0.0000015800   -0.0001123400
   0.0000005200    0.0000301000   -0.0001471400
   0.0000712000   -0.0000264900    0.0001036300
   0.0000057200   -0.0000114000   -0.0001354800
  -0.0000121500   -0.0000328600   -0.0001050900
   0.0000099600    0.0000147700   -0.0000847500
  -0.0000525400   -0.0000470200   -0.0001769900
   0.0000336200   -0.0000220500   -0.0001392200
  -0.0000502500   -0.0000090700   -0.0001112200
   0.0000402900    0.0000049000   -0.0000959300
  -0.0000423500    0.0000045000   -0.0001077800
  -0.0000419700   -0.0000113300   -0.0000973700
  -0.0000213800   -0.0000431900   -0.0000806200
  -0.0000030300   -0.0000060000   -0.0001262300
  -0.0000693700   -0.0000172400   -0.0001844100
  -0.0000508900    0.0000052000   -0.0001110600
  -0.0000569000    0.0000010500   -0.0000893500
   0.0000038600   -0.0000080900   -0.0000633200
   0.0000226700    0.0001226500    0.0000181800
  -0.0000848400    0.0000706200   -0.0001601700
  -0.0000563700    0.0000228100   -0.0001007900
  -0.0000324400    0.0000286200   -0.0000754100
  -0.0000501200   -0.0000402600   -0.0001209200
  -0.0021849700    0.0016837500   -0.0064732900
   0.0002926800    0.0005918700    0.0001587300
  -0.0000364300   -0.0000079000    0.0008690200
  -0.0001106300   -0.0010316900    0.0012513300
  -0.0437749900    0.0223541800   -0.0473947700
  -0.0001080600    0.0000346700    0.0002613900
   0.0000675900    0.0000353300    0.0008586800
   0.0000906700   -0.0000272100    0.0008544100
   0.0000669500    0.0005267200    0.0011495500
   0.0015963000    0.0007643800   -0.0004569400
  -0.0000431000   -0.0000101400    0.0008216900
   0.0000240700    0.0000118900    0.0008761000
  -0.0000502300   -0.0000263200    0.0009025500
  -0.0000605300    0.0000293300    0.0008759100
   0.0000518500    0.0001297400    0.0009199500
  -0.0007201200    0.0005536000    0.0007961000
  -0.0001915500   -0.0006788000    0.0006057300
   0.0001415800   -0.0001445500    0.0008965900
   0.0000658100   -0.0000212000    0.0009286200
   0.0000353600    0.0000037300    0.0008895900
  -0.0050660100   -0.0238764200   -0.0267657900
   0.0001684500    0.0008147200    0.0001317100
   0.0002191000   -0.0000510000    0.0009163400
   0.0000810000    0.0000828400    0.0008615600
  -0.0011800300   -0.0015961100   -0.0010333100
  -0.0410366300   -0.0208452300   -0.0462516400
  -0.0000072300    0.0008652600   -0.0005292200
  -0.0000083000   -0.0000122700   -0.0008768800
   0.0001940100   -0.0006426000   -0.0016494700
  -0.0023882700   -0.0014479200   -0.0075024200
   0.0000317600   -0.0004044100   -0.0006530800
   0.0000588600    0.0000476500   -0.0009052100
   0.0000431800   -0.0000177900   -0.0008762500
  -0.0000668300    0.0001110600   -0.0015253100
   0.0015930700   -0.0009823100   -0.0019606200
  -0.0000264700   -0.0000041300   -0.0008239100
  -0.0000064400   -0.0000100600   -0.0009093600
  -0.0000260900   -0.0000289500   -0.0009141100
   0.0000415400   -0.0001603600   -0.0008737800
  -0.0000409900    0.0000256500   -0.0008670000
  -0.0002182100    0.0006257900   -0.0012028500
  -0.0005670700   -0.0005599200   -0.0009663800
   0.0000546000    0.0000542300   -0.0008567300
   0.0000410800   -0.0000215300   -0.0008331700
   0.0001038000    0.0001210800   -0.0008736600
  -0.0049014500    0.0224384200   -0.0270335500
  -0.0013162800    0.0016701200   -0.0027077000
   0.0000423900   -0.0000924800   -0.0008515200
   0.0002568900    0.0001014100   -0.0008724600
   0.0003589100   -0.0007060400   -0.0012246700
  -0.0003523200    0.0000056400    0.0000599400
  -0.0001825600    0.0001828500   -0.0010437200
  -0.0000045000   -0.0000062200   -0.0007768900
  -0.0000247700   -0.0000188300   -0.0008199200
   0.0000436200    0.0000652200   -0.0009682700
  -0.0000112300   -0.0001217800   -0.0011700500
  -0.0000244800   -0.0000292700   -0.0007918100
   0.0000011600    0.0000080800   -0.0007923600
  -0.0000153100   -0.0000094000   -0.0007491000
  -0.0000718000   -0.0002111300   -0.0008567800
  -0.0000137900    0.0000232800   -0.0007943800
  -0.0000265100    0.0000055700   -0.0008037800
  -0.0000063900   -0.0000147000   -0.0007853300
  -0.0000231400    0.0000490500   -0.0008198200
  -0.0000038300    0.0000095200   -0.0007531700
  -0.0000239900   -0.0000034100   -0.0008073800
  -0.0000107100    0.0000265400   -0.0007806200
   0.0000035300   -0.0000387500   -0.0008053400
   0.0000043000   -0.0000186900   -0.0008113200
  -0.0000038400    0.0000076200   -0.0008489100
   0.0000163900    0.0000167000   -0.0011351400
  -0.0003077600    0.0000607000   -0.0009059000
   0.0000535300   -0.0000201800   -0.0006987000
   0.0000163400    0.0000027600   -0.0008208900
   0.0000234800    0.0000197500   -0.0008373500
  -0.0000195700    0.0000049300    0.0009971600
  -0.0000085500   -0.0000242100    0.0008619700
  -0.0000225600   -0.0000126600    0.0009015600
  -0.0000108500   -0.0000179200    0.0009257600
  -0.0000271200   -0.0000048300    0.0009160100
  -0.0000454300    0.0000186200    0.0008846400
  -0.0000007000   -0.0000128700    0.0008995800
  -0.0000017300    0.0000133000    0.0009153800
  -0.0000325300   -0.0000018300    0.0009237700
   0.0000113900   -0.0000002100    0.0009093000
  -0.0000139400    0.0000265400    0.0009197900
  -0.0000254600    0.0000033000    0.0009241000
  -0.0000151300   -0.0000178100    0.0009103400
  -0.0000020600    0.0000200300    0.0009256700
  -0.0000164300    0.0000099000    0.0009075000
  -0.0000257500   -0.0000087400    0.0009208600
  -0.0000141100    0.0000023000    0.0009211000
  -0.0000092900   -0.0000022700    0.0009226700
  -0.0000037100   -0.0000118300    0.0009349700
   0.0000013500   -0.0000061300    0.0009316200
  -0.0000372000   -0.0000126200    0.0009122400
   0.0000021900    0.0000167200    0.0008929400
   0.0000169100   -0.0000063700    0.0009151100
  -0.0000034500    0.0000102500    0.0009238300
  -0.0000149700    0.0000046900    0.0009319400

51   
  0.0065954862622223   0.0000000000000000   0.0075166189849451
  -0.0002339200   -0.0030850200    0.0093088000
   0.0462393900   -0.0237720000    0.0460769300
  -0.0007155700   -0.0000718000    0.0002208800
   0.0000080700    0.0000552200   -0.0001132000
   0.0005096100    0.0005268000   -0.0001271500
   0.0050896400    0.0266323400    0.0274751100
   0.0011286900    0.0015834800    0.0018006900
  -0.0001463100   -0.0000544100   -0.0000659200
  -0.0001891300    0.0000335200   -0.0002198000
  -0.0001968700   -0.0008180500    0.0006122100
   0.0003423300   -0.0001353300    0.0002929600
  -0.0001153800   -0.0000778200   -0.0001067700
  -0.0000718100   -0.0000005500   -0.0001823300
  -0.0001199100    0.0001297100   -0.0001756300
   0.0005562200   -0.0011580900   -0.0001964200
   0.0000907200   -0.0000483900   -0.0001147100
  -0.0000351900   -0.0000281400   -0.0001852300
   0.0000072500   -0.0000008400   -0.0001016900
  -0.0000030500   -0.0000079100   -0.0001087100
  -0.0000563300   -0.0000029300   -0.0001127900
   0.0004951600   -0.0004580300    0.0001158200
  -0.0016134600   -0.0007579600    0.0012022100
  -0.0005169800    0.0013079400   -0.0000238800
  -0.0000938300    0.0000219400   -0.0001287600
  -0.0000876200   -0.0000182800   -0.0001008200
  -0.0000028500    0.0000016400   -0.0001938400
   0.0000379100   -0.0000081500   -0.0000947300
   0.0000027500   -0.0000106500   -0.0001198800
  -0.0000121700    0.0000043800   -0.0001122600
  -0.0000157900    0.0000079400   -0.0000812500
   0.0000185700    0.0000369500   -0.0000728600
   0.0000027500    0.0000045900   -0.0001120300
  -0.0000056000   -0.0000050500   -0.0001146600
  -0.0000147800    0.0000066100   -0.0001036400
  -0.0000079800    0.0000103800   -0.0001035100
  -0.0000055700    0.0000093600   -0.0001106000
   0.0000003300   -0.0000029500   -0.0001174500
   0.0000074300    0.0000079300   -0.0001132100
  -0.0000050300    0.0000078000   -0.0001224900
  -0.0000016500    0.0000162300   -0.0001108300
  -0.0000063700   -0.0000086700   -0.0001081100
  -0.0000043400   -0.0000117700   -0.0001062900
   0.0000091700   -0.0000019300   -0.0001254600
  -0.0000122800    0.0000001900   -0.0001219300
  -0.0000124300   -0.0000015400   -0.0001183500
  -0.0000108800   -0.0000267200   -0.0000649100
   0.0000169300   -0.0000149500   -0.0001107400
  -0.0000023800    0.0000031100   -0.0001153200
  -0.0000119900    0.0000011900   -0.0001200100
  -0.0000314200   -0.0000145900   -0.0001044300
  -0.0658834900    0.0001529500   -0.0850492100
   0.0057061800   -0.0002488700    0.0000150700
   0.0001839900    0.0000252500    0.0007509300
   0.0001688900   -0.0001161400    0.0007738200
   0.0069526600   -0.0000139800   -0.0011307400
   0.0007130300    0.0025830300   -0.0003809200
  -0.0000414000   -0.0000105400    0.0007984400
   0.0000890400    0.0000105500    0.0008182500
   0.0000327100   -0.0000246200    0.0009813000
   0.0016121900   -0.0036016000   -0.0007547100
  -0.0000069200    0.0000464100    0.0007239300
   0.0000370000    0.0000268300    0.0008309800
   0.0000242600   -0.0000421400    0.0008095400
   0.0000591600    0.0000165800    0.0008074500
  -0.0000159400    0.0001162400    0.0008918300
  -0.0000205600    0.0001743400    0.0007303900
  -0.0000176000    0.0000452200    0.0008850800
   0.0000755300   -0.0001418600    0.0007910900
   0.0000236700   -0.0000429900    0.0008091000
   0.0000360000    0.0000306500    0.0008278900
   0.0013934900    0.0035122400   -0.0009477000
   0.0009448100   -0.0022262600   -0.0001752100
   0.0000881100   -0.0000583900    0.0009200100
   0.0000935500    0.0000082900    0.0008148400
  -0.0001066200   -0.0000515800    0.0008619700
  -0.0016591100   -0.0000043900    0.0079362900
   0.0013661400    0.0013968000    0.0005576000
   0.0000804900    0.0001245200   -0.0008923200
   0.0000085800   -0.0001132100   -0.0009361500
  -0.0004289100    0.0003979400   -0.0010470400
   0.0006955000    0.0003930300   -0.0004758500
   0.0000923200    0.0000771800   -0.0010256000
   0.0000091200   -0.0000124700   -0.0008550600
   0.0002139100   -0.0001397400   -0.0011219300
  -0.0017646100    0.0002663900   -0.0000047400
  -0.0000078300   -0.0000425400   -0.0009060700
   0.0000030000    0.0000004100   -0.0008603700
   0.0000288700    0.0000063800   -0.0008532700
  -0.0000590200    0.0001039300   -0.0009284400
  -0.0000275800    0.0000122400   -0.0010683300
  -0.0000509400    0.0001292800   -0.0009242400
  -0.0000360300    0.0000737800   -0.0010680800
  -0.0000157000   -0.0001976300   -0.0009011100
   0.0000135000   -0.0000051100   -0.0008667900
   0.0000220200   -0.0000055700   -0.0008603100
  -0.0001882500   -0.0001463700   -0.0012794400
  -0.0008530000   -0.0023196400    0.0007958200
   0.0001603400   -0.0001071800   -0.0011355100
   0.0000175300    0.0000065400   -0.0008601100
   0.0001462200    0.0001011900   -0.0009983300
   0.0000247000    0.0000150600   -0.0007857000
  -0.0000537200    0.0000332700   -0.0008445500
  -0.0000398000    0.0000282600   -0.0007808700
   0.0000060400   -0.0000001000   -0.0007864000
   0.0000225900    0.0000153000   -0.0008146300
   0.0000019900   -0.0000465500   -0.0008200200
  -0.0000273800   -0.0000026400   -0.0008738100
  -0.0000124500    0.0000006500   -0.0007952500
   0.0000103900    0.0000020100   -0.0007776200
   0.0000066300   -0.0000209600   -0.0007944100
  -0.0000009200   -0.0000306200   -0.0007863900
  -0.0000126500   -0.0000105800   -0.0007932900
   0.0000044900    0.0000008300   -0.0007912100
  -0.0000020300   -0.0000079300   -0.0007757200
  -0.0000033400   -0.0000375000   -0.0008095800
   0.0000051800    0.0000008100   -0.0007923200
   0.0000040400    0.0000150500   -0.0007824600
  -0.0000083200    0.0000042700   -0.0007867700
   0.0000026400   -0.0000015500   -0.0007800600
  -0.0000048200   -0.0000025800   -0.0007850700
   0.0000186400    0.0000123200   -0.0008012200
  -0.0000256400    0.0000221000   -0.0008347600
  -0.0000476400    0.0000203900   -0.0007962700
   0.0000125700   -0.0000075700   -0.0007747800
   0.0000123700    0.0000120900   -0.0007963900
   0.0000130400    0.0000195900    0.0009172400
  -0.0000157300    0.0000002800    0.0008922900
  -0.0000052700    0.0000078100    0.0008626000
   0.0000018000    0.0000026600    0.0008685000
   0.0000103200   -0.0000001600    0.0008791300
  -0.0000175900   -0.0000178100    0.0009084900
  -0.0000084400   -0.0000018000    0.0008664200
  -0.0000023500    0.0000004600    0.0008646100
   0.0000050400   -0.0000002900    0.0008733400
   0.0000072800   -0.0000106300    0.0008810900
   0.0000027500   -0.0000011600    0.0008698300
  -0.0000071000   -0.0000011100    0.0008672800
   0.0000019100    0.0000008400    0.0008724300
  -0.0000016000   -0.0000031100    0.0008677300
   0.0000077300   -0.0000080900    0.0008728900
   0.0000073100   -0.0000031300    0.0008692800
  -0.0000009700    0.0000077400    0.0008703700
  -0.0000037000   -0.0000008300    0.0008662900
   0.0000006600   -0.0000003500    0.0008679400
   0.0000002500   -0.0000052800    0.0008706800
   0.0000024400    0.0000032000    0.0008764600
  -0.0000077500    0.0000113500    0.0008752600
  -0.0000082400    0.0000070700    0.0008693000
   0.0000039900    0.0000001100    0.0008672400
   0.0000083700    0.0000067800    0.0008758000

51   
 -0.0065954862622223   0.0000000000000000  -0.0075166189849451
   0.0003399700    0.0031042900   -0.0096803900
  -0.0444981700    0.0227335200   -0.0445474700
   0.0007441000    0.0000648600   -0.0005096600
  -0.0000036100   -0.0000696600   -0.0001727700
  -0.0005341200   -0.0005515700   -0.0001418700
  -0.0050809500   -0.0260882000   -0.0273205300
  -0.0011509100   -0.0016057600   -0.0020738600
   0.0001460100    0.0000387400   -0.0002250000
   0.0001940900   -0.0000454700   -0.0000702700
   0.0001876500    0.0008075200   -0.0009189500
  -0.0003117600    0.0001415100   -0.0005788800
   0.0001156900    0.0000634900   -0.0001820000
   0.0000752300   -0.0000131700   -0.0001059700
   0.0001247600   -0.0001433700   -0.0001134900
  -0.0005571500    0.0011574500   -0.0000757800
  -0.0000822900    0.0000333900   -0.0001736600
   0.0000425400    0.0000139800   -0.0001042400
  -0.0000034700   -0.0000104300   -0.0001916300
   0.0000119000   -0.0000034000   -0.0001766100
   0.0000624600   -0.0000127200   -0.0001755700
  -0.0005088800    0.0004304600   -0.0003963300
   0.0016081500    0.0007657100   -0.0015004000
   0.0005244300   -0.0013214000   -0.0002584300
   0.0000953700   -0.0000298900   -0.0001631800
   0.0000928600    0.0000046100   -0.0001868200
   0.0000117400   -0.0000129800    0.0000207600
  -0.0000311800   -0.0000073800   -0.0000797900
   0.0000007900   -0.0000022600   -0.0000540500
   0.0000157900   -0.0000153500   -0.0000600000
   0.0000264500   -0.0000227100   -0.0000907100
  -0.0000123200   -0.0000526300   -0.0001025700
   0.0000037700   -0.0000179600   -0.0000657900
   0.0000127100   -0.0000081900   -0.0000586300
   0.0000210200   -0.0000165000   -0.0000697300
   0.0000149800   -0.0000228000   -0.0000683000
   0.0000115500   -0.0000198300   -0.0000642800
   0.0000083200   -0.0000093300   -0.0000550800
  -0.0000022500   -0.0000209100   -0.0000617700
   0.0000120300   -0.0000208000   -0.0000504700
   0.0000087900   -0.0000287300   -0.0000634800
   0.0000131800   -0.0000083400   -0.0000668400
   0.0000108500   -0.0000053700   -0.0000658800
  -0.0000011300   -0.0000145500   -0.0000482300
   0.0000157900   -0.0000140400   -0.0000521800
   0.0000203200   -0.0000175800   -0.0000529600
   0.0000173500    0.0000179000   -0.0001067900
  -0.0000105200    0.0000063700   -0.0000635000
   0.0000108400   -0.0000104800   -0.0000576200
   0.0000162800   -0.0000122400   -0.0000529600
   0.0000388700    0.0000039500   -0.0000674700
   0.0631130600    0.0021991200    0.0902769800
  -0.0056111300    0.0002150800    0.0017262300
  -0.0001784600   -0.0000357900    0.0010149800
  -0.0001499000    0.0001022500    0.0009920400
  -0.0070107800    0.0000052200    0.0029117600
  -0.0007388400   -0.0025872600    0.0021205300
   0.0000536600    0.0000056400    0.0009663400
  -0.0000828000   -0.0000194200    0.0009491100
  -0.0000202100    0.0000145400    0.0007879300
  -0.0015934400    0.0035709900    0.0025127500
   0.0000186000   -0.0000669400    0.0010438200
  -0.0000308200   -0.0000435400    0.0009456100
  -0.0000181600    0.0000228500    0.0009577900
  -0.0000504900   -0.0000334400    0.0009628600
   0.0000231800   -0.0001304700    0.0008805400
   0.0000314000   -0.0001781300    0.0010304400
   0.0000237100   -0.0000559500    0.0008776800
  -0.0000627500    0.0001310700    0.0009731000
  -0.0000157200    0.0000264700    0.0009578800
  -0.0000346600   -0.0000394300    0.0009372800
  -0.0013781600   -0.0035076200    0.0027133400
  -0.0009471500    0.0022188100    0.0019215000
  -0.0000849300    0.0000489600    0.0008504800
  -0.0000826000   -0.0000252200    0.0009508800
   0.0001187000    0.0000410700    0.0009157600
   0.0016423500   -0.0000119000   -0.0095475500
  -0.0013500600   -0.0014212700   -0.0022740300
  -0.0000757900   -0.0001338800   -0.0008334500
   0.0000044600    0.0000984100   -0.0007893700
   0.0004500300   -0.0004237800   -0.0006963700
  -0.0007206400   -0.0004052700   -0.0012605000
  -0.0000703800   -0.0000762900   -0.0006991900
  -0.0000042500    0.0000030700   -0.0008713700
  -0.0002017500    0.0001301000   -0.0006011100
   0.0017563100   -0.0002773700   -0.0017154700
   0.0000193000    0.0000237100   -0.0008198300
   0.0000031900   -0.0000179000   -0.0008745400
  -0.0000236600   -0.0000261600   -0.0008734200
   0.0000638100   -0.0001176100   -0.0008015500
   0.0000359800   -0.0000217600   -0.0006628500
   0.0000592400   -0.0001365700   -0.0007973800
   0.0000416100   -0.0000880600   -0.0006498100
   0.0000263900    0.0001844500   -0.0008218900
  -0.0000057300   -0.0000118500   -0.0008603100
  -0.0000215000   -0.0000038600   -0.0008648000
   0.0001889900    0.0001571900   -0.0004673300
   0.0008534100    0.0022685600   -0.0025014400
  -0.0001565000    0.0000972800   -0.0005954400
  -0.0000066600   -0.0000229500   -0.0008659100
  -0.0001403700   -0.0001157300   -0.0007344500
  -0.0000156500   -0.0000252800   -0.0007867300
   0.0000585800   -0.0000426800   -0.0007255100
   0.0000473700   -0.0000399500   -0.0007888000
   0.0000000000   -0.0000119100   -0.0007909400
  -0.0000132500   -0.0000285000   -0.0007639800
   0.0000039700    0.0000273900   -0.0007614900
   0.0000367400   -0.0000156200   -0.0007107500
   0.0000223600   -0.0000165400   -0.0007864600
  -0.0000049900   -0.0000158700   -0.0008044300
  -0.0000001600    0.0000042800   -0.0007865300
   0.0000082300    0.0000264100   -0.0007905100
   0.0000144600    0.0000029500   -0.0007869200
   0.0000096600   -0.0000110400   -0.0007805500
   0.0000053300    0.0000005800   -0.0007953100
   0.0000125100    0.0000286400   -0.0007657500
   0.0000067200   -0.0000186000   -0.0007821300
   0.0000023200   -0.0000260600   -0.0007931900
   0.0000150100   -0.0000224900   -0.0007882200
   0.0000058900   -0.0000115600   -0.0007960800
   0.0000075100   -0.0000145600   -0.0007916600
  -0.0000137900   -0.0000253100   -0.0007736800
   0.0000328500   -0.0000348600   -0.0007471500
   0.0000550500   -0.0000337100   -0.0007846300
  -0.0000058000   -0.0000058800   -0.0008012700
  -0.0000032000   -0.0000203200   -0.0007858200
  -0.0000044700   -0.0000298100    0.0008461900
   0.0000207400   -0.0000085000    0.0008712800
   0.0000123700   -0.0000192300    0.0008988600
   0.0000040200   -0.0000146100    0.0009010100
  -0.0000009100   -0.0000128900    0.0008922700
   0.0000238500   -0.0000015000    0.0008639900
   0.0000165800   -0.0000163900    0.0009102200
   0.0000120700   -0.0000159700    0.0009080500
  -0.0000004000   -0.0000138100    0.0009007700
  -0.0000001800   -0.0000063700    0.0008928200
   0.0000054400   -0.0000034200    0.0008997500
   0.0000083800   -0.0000067400    0.0009050100
   0.0000118200   -0.0000113800    0.0008920500
   0.0000051100   -0.0000040200    0.0008966400
   0.0000014900   -0.0000004500    0.0008953700
   0.0000044500   -0.0000153600    0.0008965800
   0.0000070600   -0.0000187000    0.0008988600
   0.0000100000   -0.0000176100    0.0009022700
   0.0000080800   -0.0000127300    0.0009019100
   0.0000027900   -0.0000120600    0.0008987200
   0.0000026500   -0.0000162400    0.0008921800
   0.0000140600   -0.0000242000    0.0009008100
   0.0000171700   -0.0000201200    0.0009064000
   0.0000025900   -0.0000134000    0.0009011400
   0.0000005500   -0.0000151800    0.0008992500

76   
  0.0065954862622223   0.0000000000000000   0.0075166189849451
   0.0438055400    0.0224740600    0.0427542300
  -0.0005037200    0.0030750700    0.0091390200
   0.0005557000   -0.0005139400    0.0000791100
  -0.0000170500   -0.0000678100   -0.0000469300
  -0.0007403900    0.0001064700    0.0002607600
   0.0048503200   -0.0257733500    0.0261514200
  -0.0003650000    0.0006990800    0.0003090400
  -0.0001397800   -0.0000011100   -0.0001282300
  -0.0001799000   -0.0000101200    0.0000247500
   0.0013438800   -0.0016933200    0.0017741700
   0.0005395700    0.0011279200    0.0000293900
  -0.0000941200   -0.0001285500   -0.0000847200
  -0.0000422200   -0.0000064100   -0.0000788400
  -0.0001110500    0.0001476900   -0.0000157400
   0.0002274500    0.0001716500    0.0003090700
  -0.0000290600    0.0000024200   -0.0000480700
  -0.0000237100   -0.0000033300   -0.0000082700
  -0.0000068900   -0.0000464000   -0.0000943200
   0.0000743500    0.0000469200   -0.0000464300
  -0.0000255500   -0.0000226600   -0.0000203600
  -0.0004943000   -0.0012705800    0.0001219700
  -0.0015830500    0.0009849700    0.0010467700
   0.0004939000    0.0003415700    0.0002196200
  -0.0000721800    0.0000220800   -0.0000153800
  -0.0000458100   -0.0000183100   -0.0000260900
   0.0003398000   -0.0000050400   -0.0008858700
   0.0001103800    0.0001151000    0.0002757500
  -0.0000224800    0.0000095600   -0.0000460900
   0.0000133700   -0.0000223600   -0.0000108600
   0.0000176200    0.0002319100    0.0000770000
   0.0002097000   -0.0000969200    0.0001372300
   0.0000290500    0.0000144400   -0.0000493300
  -0.0000068400    0.0000004000   -0.0000374900
  -0.0000317600    0.0000077000   -0.0000776500
  -0.0001488700   -0.0000174800    0.0002122300
  -0.0000039800   -0.0000316500   -0.0000316400
   0.0000087600   -0.0000168200   -0.0000377000
  -0.0000052500   -0.0000063400   -0.0000385300
   0.0000179600   -0.0000124000   -0.0000248300
  -0.0000122700   -0.0001018600   -0.0000729300
   0.0000042800    0.0000122900   -0.0000165800
  -0.0000073000   -0.0000426600   -0.0000617900
  -0.0000110500    0.0000056000   -0.0000428100
  -0.0000360700   -0.0000099500   -0.0000206000
   0.0000123200   -0.0000322900   -0.0000040300
   0.0002632800   -0.0001152300    0.0000396900
  -0.0000000800   -0.0001535800    0.0003105500
  -0.0001349900    0.0000669500   -0.0000770800
  -0.0000291800    0.0000226700   -0.0000123100
   0.0000281300    0.0000202000   -0.0000677100
  -0.0016339700   -0.0000006100    0.0096461300
  -0.0004537400   -0.0003422700    0.0007912800
   0.0000190000    0.0001111100    0.0008629200
   0.0000682400   -0.0001230300    0.0009303900
   0.0013726300   -0.0013451200    0.0023538500
  -0.0016948300   -0.0003176200    0.0018617800
   0.0002405800    0.0001505500    0.0007351200
   0.0000122600    0.0000032100    0.0009505700
   0.0000757900   -0.0000640600    0.0007542200
   0.0006791700   -0.0004500400    0.0012975000
  -0.0000422300   -0.0001018100    0.0008822400
   0.0000266400   -0.0000138400    0.0009600600
   0.0000117700   -0.0000086300    0.0009428500
  -0.0000204000    0.0000502100    0.0009132500
  -0.0000337900   -0.0000645000    0.0007382700
  -0.0000181100    0.0001776100    0.0009174800
  -0.0000296100   -0.0001015400    0.0007426300
  -0.0000389000   -0.0001477000    0.0008768500
   0.0000168100   -0.0000040300    0.0009667400
   0.0000160000   -0.0000086000    0.0009492900
  -0.0007831300    0.0022511700    0.0026350400
  -0.0002522000    0.0001420700    0.0005048800
   0.0000959300   -0.0000795800    0.0007922500
   0.0000123800   -0.0000076800    0.0009579200
   0.0002024700    0.0001273700    0.0006881700
  -0.0655992000    0.0011537500   -0.0952706100
   0.0071743200    0.0000360700   -0.0024580200
   0.0000816900    0.0000716900   -0.0009407000
   0.0001326300   -0.0000339500   -0.0009824300
   0.0062580700    0.0000176700   -0.0016898400
   0.0014476200    0.0034921300   -0.0022319800
  -0.0000133200   -0.0000278000   -0.0007457500
   0.0000745000   -0.0000136900   -0.0009195300
  -0.0000064700    0.0000141400   -0.0009038500
   0.0009989800   -0.0028299300   -0.0019174800
   0.0000236000   -0.0000392700   -0.0009302800
   0.0000217300    0.0000252200   -0.0009331300
   0.0000352600   -0.0000309400   -0.0009088100
   0.0000037200   -0.0000408300   -0.0009925500
   0.0000267000   -0.0001096700   -0.0008258400
   0.0000477000    0.0001114600   -0.0009543200
   0.0000243300   -0.0000039400   -0.0008233500
  -0.0000173700   -0.0001047000   -0.0009691800
   0.0000389100   -0.0000292800   -0.0009108200
   0.0000173300    0.0000282500   -0.0009270500
   0.0010467900    0.0027968300   -0.0018463700
   0.0013980300   -0.0035632400   -0.0022971400
  -0.0001053800    0.0000709500   -0.0008241900
   0.0000781900   -0.0000200400   -0.0009191600
   0.0000779000    0.0000205700   -0.0008327500
  -0.0009505200   -0.0004533900   -0.0005639000
   0.0021505700   -0.0013528600    0.0021872700
  -0.0000355500    0.0000461800   -0.0007794300
   0.0000070900   -0.0000076300   -0.0007648200
   0.0000198000    0.0000338500   -0.0007327500
  -0.0001774400    0.0017811400    0.0008035400
   0.0000718900    0.0001176100   -0.0008465200
  -0.0000012900    0.0000030600   -0.0007744200
   0.0000114900   -0.0000076600   -0.0007640700
  -0.0000871200   -0.0000396900   -0.0009823600
   0.0000327100   -0.0000547400   -0.0007353900
   0.0000100100   -0.0000111400   -0.0007665300
   0.0000051500   -0.0000046700   -0.0007146700
   0.0000059600   -0.0000160600   -0.0007687100
  -0.0000146600   -0.0000476100   -0.0007790400
   0.0000057000   -0.0000057600   -0.0007687700
   0.0000068200   -0.0000066400   -0.0007613000
  -0.0000068700   -0.0000037300   -0.0007774500
   0.0000103100   -0.0000043800   -0.0007652300
  -0.0000038200    0.0000045900   -0.0007783800
   0.0000501100   -0.0000141200   -0.0007116400
  -0.0001423700   -0.0000955700   -0.0009167800
  -0.0000550200    0.0000056100   -0.0008064200
   0.0000231500   -0.0000214100   -0.0007696600
   0.0000014200   -0.0000028400   -0.0007909100
   0.0000225400    0.0000059600    0.0009362100
  -0.0000486800    0.0000246900    0.0008672000
   0.0000100700    0.0000075900    0.0008927500
   0.0000070300   -0.0000130900    0.0009321500
  -0.0000253100   -0.0000050600    0.0009508700
   0.0000044500   -0.0000482800    0.0009041900
  -0.0000542300   -0.0000236000    0.0008747400
  -0.0000102600   -0.0000140900    0.0009259000
   0.0000102100   -0.0000084600    0.0009486300
   0.0000350800   -0.0000425200    0.0009072600
   0.0000120800    0.0000101400    0.0009243600
  -0.0000128800   -0.0000115300    0.0009322500
   0.0000043400   -0.0000049000    0.0009272100
   0.0000026100   -0.0000131900    0.0009400600
  -0.0000133100    0.0000046400    0.0009216100
  -0.0000019900   -0.0000014700    0.0009329400
   0.0000000100    0.0000049200    0.0009436800
  -0.0000014400    0.0000002500    0.0009326900
   0.0000116800   -0.0000038900    0.0009361200
  -0.0000027100    0.0000041800    0.0009369800
  -0.0000162500   -0.0000286300    0.0009529800
  -0.0000246000    0.0000473000    0.0008938200
  -0.0000090100   -0.0000196300    0.0008970500
   0.0000241500   -0.0000211200    0.0009365400
   0.0000024500   -0.0000026700    0.0009410000

76   
 -0.0065954862622223   0.0000000000000000  -0.0075166189849451
  -0.0455354000   -0.0235072200   -0.0448304000
   0.0004032900   -0.0030552000   -0.0093047100
  -0.0005232200    0.0004960500   -0.0003490800
   0.0000202700    0.0000584900   -0.0002091200
   0.0007279400   -0.0001143500   -0.0005162500
  -0.0048543300    0.0263255100   -0.0268588300
   0.0003781400   -0.0007134500   -0.0005531200
   0.0001470800   -0.0000146700   -0.0001260000
   0.0001842200   -0.0000099100   -0.0002805600
  -0.0013004900    0.0016740600   -0.0020520300
  -0.0005257900   -0.0011267000   -0.0002981600
   0.0000925600    0.0001229400   -0.0001693600
   0.0000510900   -0.0000057400   -0.0001726100
   0.0001237000   -0.0001535700   -0.0002367000
  -0.0002518600   -0.0001659800   -0.0005675000
   0.0000345300   -0.0000133800   -0.0002109400
   0.0000211100   -0.0000081300   -0.0002443700
   0.0000182500    0.0000334200   -0.0001598700
  -0.0000770300   -0.0000630700   -0.0002078700
   0.0000274200    0.0000008800   -0.0002335800
   0.0004935400    0.0012633700   -0.0003817500
   0.0016051500   -0.0009654800   -0.0012985100
  -0.0004772200   -0.0003718000   -0.0004806200
   0.0000710000   -0.0000278600   -0.0002398100
   0.0000619100    0.0000145200   -0.0002274700
  -0.0003301900   -0.0000059500    0.0007589900
  -0.0001017200   -0.0001266300   -0.0003919400
   0.0000256200   -0.0000205200   -0.0000751800
  -0.0000147800    0.0000126900   -0.0001104000
  -0.0000133100   -0.0002460200   -0.0001953600
  -0.0002033400    0.0000843400   -0.0002590800
  -0.0000293500   -0.0000259400   -0.0000758300
   0.0000117800   -0.0000153500   -0.0000839600
   0.0000327900   -0.0000181900   -0.0000442600
   0.0001501400    0.0000062100   -0.0003293700
   0.0000063400    0.0000244100   -0.0000901500
  -0.0000065300    0.0000088200   -0.0000843300
   0.0000084700   -0.0000035000   -0.0000830800
  -0.0000167800    0.0000048300   -0.0000958700
   0.0000167600    0.0000927200   -0.0000497200
  -0.0000022400   -0.0000292500   -0.0001078200
   0.0000104300    0.0000278200   -0.0000580500
   0.0000154100   -0.0000234600   -0.0000780000
   0.0000356700   -0.0000029400   -0.0001005000
  -0.0000088400    0.0000150200   -0.0001157100
  -0.0002619100    0.0001084700   -0.0001589000
   0.0000032100    0.0001407000   -0.0004257100
   0.0001403500   -0.0000730300   -0.0000440000
   0.0000317600   -0.0000309900   -0.0001089600
  -0.0000251900   -0.0000266600   -0.0000523200
   0.0016613000   -0.0000068300   -0.0079204900
   0.0004374800    0.0003074900    0.0010327900
  -0.0000183700   -0.0001226300    0.0009540000
  -0.0000682800    0.0001054400    0.0008775700
  -0.0013718900    0.0013217800   -0.0005474800
   0.0016914900    0.0003050400   -0.0000535700
  -0.0002298200   -0.0001524500    0.0010653100
  -0.0000175300   -0.0000076500    0.0008584400
  -0.0000748100    0.0000619100    0.0010455800
  -0.0006357200    0.0004277500    0.0005383700
   0.0000492700    0.0000856300    0.0009340200
  -0.0000256200   -0.0000036300    0.0008557500
  -0.0000131800   -0.0000067800    0.0008690300
   0.0000217400   -0.0000492700    0.0008998000
   0.0000416200    0.0000554500    0.0010700200
   0.0000199900   -0.0001859900    0.0008902500
   0.0000325800    0.0000898100    0.0010551200
   0.0000529000    0.0001328100    0.0009341100
  -0.0000218600   -0.0000134000    0.0008430500
  -0.0000117000   -0.0000059200    0.0008576800
   0.0007895200   -0.0022904000   -0.0008450800
   0.0002563800   -0.0001213400    0.0013294400
  -0.0000912300    0.0000739200    0.0010111300
  -0.0000110200    0.0000036900    0.0008508900
  -0.0001904100   -0.0001367700    0.0011292700
   0.0668285800    0.0009434000    0.0949844500
  -0.0071079200   -0.0000574700    0.0007637500
  -0.0000853900   -0.0000824500   -0.0007464100
  -0.0001344000    0.0000145000   -0.0006966200
  -0.0063280400   -0.0000509900    0.0000324500
  -0.0014820800   -0.0035258200    0.0005560000
   0.0000238300    0.0000245200   -0.0009305000
  -0.0000813000    0.0000087500   -0.0007588400
   0.0000162600   -0.0000219900   -0.0007640400
  -0.0009522800    0.0028094400    0.0002515500
  -0.0000205800    0.0000197000   -0.0007537400
  -0.0000205900   -0.0000430500   -0.0007526900
  -0.0000373900    0.0000157600   -0.0007732500
  -0.0000034100    0.0000390500   -0.0006900000
  -0.0000175300    0.0000959400   -0.0008529600
  -0.0000483400   -0.0001182200   -0.0007247300
  -0.0000215300   -0.0000058200   -0.0008470500
   0.0000280900    0.0000914500   -0.0007110200
  -0.0000450400    0.0000113700   -0.0007686400
  -0.0000135900   -0.0000432000   -0.0007488100
  -0.0010378300   -0.0027880400    0.0001857500
  -0.0014043000    0.0035746200    0.0006104700
   0.0001040600   -0.0000735800   -0.0008543100
  -0.0000769800    0.0000154900   -0.0007592000
  -0.0000667800   -0.0000312300   -0.0008523600
   0.0009535600    0.0004435500   -0.0009856200
  -0.0020991800    0.0013082300   -0.0036398300
   0.0000382100   -0.0000543200   -0.0007495400
  -0.0000045300   -0.0000017400   -0.0007680600
  -0.0000140700   -0.0000406100   -0.0008035100
   0.0001706200   -0.0017750400   -0.0023286400
  -0.0000665400   -0.0001333300   -0.0007028000
   0.0000069000   -0.0000190200   -0.0007676900
  -0.0000106400   -0.0000068000   -0.0007747300
   0.0000888300    0.0000234000   -0.0005568500
  -0.0000258300    0.0000520800   -0.0008023600
  -0.0000128200    0.0000074100   -0.0007712600
   0.0000039100   -0.0000018700   -0.0008150600
  -0.0000044600    0.0000129800   -0.0007576700
   0.0000152600    0.0000428400   -0.0007550400
   0.0000004400   -0.0000099400   -0.0007599400
  -0.0000042000   -0.0000026000   -0.0007680800
   0.0000095000   -0.0000103100   -0.0007517200
  -0.0000079800   -0.0000085900   -0.0007635900
   0.0000045200   -0.0000162900   -0.0007549200
  -0.0000438500    0.0000024800   -0.0008216800
   0.0001417600    0.0000826500   -0.0006227400
   0.0000595700   -0.0000200900   -0.0007332600
  -0.0000201500    0.0000095500   -0.0007641700
  -0.0000003200   -0.0000075000   -0.0007468500
  -0.0000193400   -0.0000163500    0.0008682600
   0.0000504800   -0.0000305700    0.0009397100
  -0.0000086100   -0.0000148200    0.0009113800
  -0.0000043300    0.0000036200    0.0008772300
   0.0000297200   -0.0000016300    0.0008630000
  -0.0000025500    0.0000302800    0.0009141500
   0.0000572700    0.0000054200    0.0009476100
   0.0000160100   -0.0000021800    0.0008917700
  -0.0000100000   -0.0000060800    0.0008679900
  -0.0000322700    0.0000261800    0.0009103000
  -0.0000046900   -0.0000132400    0.0008901400
   0.0000091400    0.0000083800    0.0008820700
   0.0000048700   -0.0000019000    0.0008799900
  -0.0000012600    0.0000107200    0.0008641300
   0.0000130100   -0.0000103200    0.0008893900
   0.0000085500   -0.0000149600    0.0008708300
   0.0000019100   -0.0000142300    0.0008643200
   0.0000044900   -0.0000148700    0.0008743100
  -0.0000087300   -0.0000091800    0.0008702600
   0.0000026500   -0.0000154200    0.0008736800
   0.0000221100    0.0000160800    0.0008578300
   0.0000251600   -0.0000590500    0.0009223700
   0.0000119000    0.0000057000    0.0009199300
  -0.0000206300    0.0000085400    0.0008735300
  -0.0000021100   -0.0000074300    0.0008759200
