150  
12   

1    
  0.0063155149003714  -0.0000000000000000   0.0077533393801115
  -0.1301645300   -0.0003194400   -0.1845826500
   0.0034803000    0.0062987700   -0.0011990500
   0.0010169700   -0.0000816400    0.0035037300
   0.0009274900    0.0000123700    0.0034530200
   0.0031641200   -0.0066460800   -0.0011110600
   0.0019174500   -0.0055660000   -0.0013508700
  -0.0004828000   -0.0009386100    0.0030042400
   0.0000557100    0.0004821300    0.0033509100
   0.0009042800    0.0001293500    0.0030176200
   0.0021953500    0.0059152100   -0.0009615000
  -0.0000411600    0.0006812400    0.0034633500
   0.0004571200   -0.0002325300    0.0033215400
  -0.0003760900   -0.0002488700    0.0033815300
  -0.0000280400   -0.0005751500    0.0034935000
   0.0011320000   -0.0006331900    0.0028938600
  -0.0000839000    0.0005153600    0.0034376700
   0.0011367600    0.0007971700    0.0030108500
   0.0000114300   -0.0005567200    0.0035191500
   0.0005890200    0.0003058900    0.0032209100
  -0.0005091700    0.0003279300    0.0032193700
   0.0018324600    0.0072471200   -0.0013065800
   0.0022773900   -0.0071571700   -0.0010049500
  -0.0003342900    0.0008511300    0.0029153000
   0.0000569800   -0.0006357800    0.0032191800
   0.0007546600   -0.0002169800    0.0028704900
   0.0053845800   -0.0013286700    0.0251605900
  -0.0017111100    0.0026491700    0.0059163600
   0.0000445100    0.0017969700    0.0156787800
   0.0022344900    0.0039507400    0.0053956300
   0.0416995100   -0.0196318700    0.0606126900
   0.0019326900   -0.0029651800    0.0058215100
  -0.0038388000   -0.0021945900    0.0113858300
   0.0037220500   -0.0021705300    0.0114064500
  -0.0018097500   -0.0037580100    0.0054932500
  -0.0022454300   -0.0035371500    0.0168513000
   0.0015797800   -0.0008859100    0.0157350400
  -0.0000370300    0.0043647900    0.0113961700
  -0.0015319800   -0.0009108400    0.0156202400
   0.0006039600    0.0010601500    0.0156995200
  -0.0005937200    0.0009931300    0.0156735600
   0.0042274200   -0.0002908600    0.0055663800
  -0.0034651600    0.0004120300    0.0057576100
   0.0010671200    0.0000448900    0.0157355700
  -0.0000477200    0.0000001100    0.0205323700
  -0.0013092600   -0.0000341700    0.0156360400
   0.0076930300    0.0210909000    0.0430361000
  -0.0026665500    0.0002349800    0.0165024300
   0.0004681100   -0.0009242700    0.0157246600
  -0.0007103900   -0.0011383700    0.0156479100
   0.0034611600    0.0032886600    0.0171918700
   0.0479244300    0.0232661600    0.0455271900
  -0.0016959700    0.0041918100   -0.0031766500
   0.0000220200    0.0029945400   -0.0023637400
   0.0021659000    0.0052598600   -0.0027195200
   0.0008582700    0.0039164600    0.0081068100
   0.0032025800   -0.0037002700   -0.0030234400
  -0.0005716300   -0.0003257500   -0.0046345600
   0.0004536400   -0.0002664400   -0.0046729800
  -0.0030524100   -0.0043749800   -0.0028746800
  -0.0022202000   -0.0012836700   -0.0012075800
   0.0026002300   -0.0014880300   -0.0024209200
  -0.0000072800    0.0005916300   -0.0046536000
  -0.0025855500   -0.0015062100   -0.0023051100
  -0.0010053600   -0.0007815500    0.0013046500
   0.0010277400   -0.0008782800    0.0013393300
   0.0053843400   -0.0009878400   -0.0027996000
  -0.0047351700   -0.0003912000   -0.0031077800
  -0.0013398500   -0.0004438500    0.0012469600
  -0.0000443300    0.0000002100    0.0149261000
   0.0011146900   -0.0004872100    0.0013985200
   0.0076355300   -0.0270372300    0.0266552000
  -0.0006655000   -0.0009049600   -0.0009292200
  -0.0003218900    0.0014171800    0.0012631100
   0.0000993900    0.0011745800    0.0013817600
   0.0015589200    0.0021758800   -0.0014789900
   0.0062487500    0.0035840500   -0.0072589300
   0.0042616000    0.0077625800   -0.0065361800
  -0.0042353700    0.0077741900   -0.0065382400
  -0.0061367600    0.0035662900   -0.0075375800
   0.0000606400   -0.0024581200   -0.0059076600
   0.0088603100   -0.0001923700   -0.0065503100
  -0.0000036300   -0.0000002900   -0.0083379200
  -0.0088431800   -0.0002178700   -0.0065244100
  -0.0100997400   -0.0006868800   -0.0081871900
   0.0100627600   -0.0006696000   -0.0081254700
   0.0046081900   -0.0075688300   -0.0065526200
  -0.0045986400   -0.0075578400   -0.0065231800
  -0.0067156500   -0.0038741600   -0.0080849700
  -0.0000065600    0.0013863200   -0.0061405600
   0.0067156900   -0.0038802300   -0.0080791200
   0.0000408300   -0.0071503300   -0.0073988700
  -0.0056506400   -0.0083917000   -0.0082015400
   0.0011953500   -0.0006942100   -0.0061408400
  -0.0012055500   -0.0006922900   -0.0061402100
   0.0056051700   -0.0083914200   -0.0081105400
  -0.0021539400    0.0012784700   -0.0060351600
   0.0044398500    0.0090690200   -0.0081729800
  -0.0000051700    0.0077544800   -0.0080831400
  -0.0044661000    0.0090702600   -0.0081404000
   0.0021036300    0.0011790900   -0.0057819400
   0.0049803800    0.0028779000   -0.0077075800
   0.0025507300    0.0054990500   -0.0132562700
  -0.0025523800    0.0054977700   -0.0132630100
  -0.0049755100    0.0028704000   -0.0076979500
  -0.0000063100   -0.0031198300   -0.0089210300
   0.0060344200   -0.0005403900   -0.0132598200
  -0.0000009100   -0.0000002600   -0.0118609400
  -0.0060408500   -0.0005386400   -0.0132592100
  -0.0082706100   -0.0001722000   -0.0059546400
   0.0082745200   -0.0001623000   -0.0059397900
   0.0034838400   -0.0049559000   -0.0132616400
  -0.0034877800   -0.0049615900   -0.0132560000
  -0.0045506600   -0.0026254300   -0.0076521700
  -0.0000014800    0.0027243500   -0.0078333100
   0.0045456800   -0.0026261100   -0.0076694500
  -0.0000039500   -0.0057483500   -0.0077023700
  -0.0042838500   -0.0070780900   -0.0059528400
   0.0023594400   -0.0013634300   -0.0078258200
  -0.0023589500   -0.0013613000   -0.0078409900
   0.0042781900   -0.0070836200   -0.0059427800
  -0.0026971700    0.0015535300   -0.0089401700
   0.0039931400    0.0072481000   -0.0059433300
  -0.0000033000    0.0052518200   -0.0076597500
  -0.0039900500    0.0072473000   -0.0059509400
   0.0027065700    0.0015662600   -0.0089016900
  -0.0006405700   -0.0003234400    0.0028617600
   0.0003531700   -0.0008006400    0.0027462200
   0.0000124300    0.0002295800    0.0028507700
  -0.0003391500   -0.0007946400    0.0028000700
   0.0006915300   -0.0004466500    0.0025977000
  -0.0005189300    0.0006856600    0.0027232800
   0.0006270200    0.0003541100    0.0033927100
  -0.0006199000    0.0003643600    0.0033974400
   0.0005157000    0.0007118400    0.0028228600
   0.0000017500   -0.0004515600    0.0026546600
   0.0001941400   -0.0001058900    0.0028704900
   0.0000121700   -0.0007201800    0.0033960000
  -0.0002010200   -0.0001224200    0.0028299300
   0.0003720600    0.0005923800    0.0021670900
  -0.0003592300    0.0005747600    0.0022191700
  -0.0008465100    0.0001110800    0.0027484700
   0.0008824100    0.0000874300    0.0027967000
   0.0006830700    0.0000291200    0.0021657200
  -0.0000000700   -0.0000005200    0.0011232600
  -0.0006922700    0.0000217400    0.0022195000
  -0.0000799900    0.0007687900    0.0027290100
  -0.0003593200    0.0002077700    0.0026181600
   0.0003116700   -0.0005978800    0.0021909800
  -0.0003303300   -0.0006191600    0.0021937800
   0.0004215900    0.0002442300    0.0026890500

1    
 -0.0063155149003714   0.0000000000000000  -0.0077533393801115
   0.1309797700   -0.0003110400    0.1896369000
  -0.0033614300   -0.0062847200    0.0066027300
  -0.0008855300    0.0000912100    0.0027381400
  -0.0010716300    0.0000002400    0.0027653500
  -0.0032949300    0.0066633300    0.0063812400
  -0.0019820800    0.0055702000    0.0066314600
  -0.0008670100    0.0001515600    0.0026987500
  -0.0000652900    0.0004853700    0.0033498700
   0.0004371800   -0.0009135900    0.0026818100
  -0.0021429500   -0.0059130800    0.0063527300
   0.0001170700   -0.0005763300    0.0027728900
   0.0003745700   -0.0002533300    0.0033789600
  -0.0004662300   -0.0002325700    0.0033204800
  -0.0000529400    0.0006843600    0.0027306400
  -0.0011421600   -0.0006536200    0.0025729600
   0.0000290500   -0.0006358600    0.0027879000
  -0.0011391400    0.0007523900    0.0026910200
   0.0000354200    0.0004341700    0.0027165100
   0.0004304600    0.0002829800    0.0032179800
  -0.0005255100    0.0002655400    0.0032175200
  -0.0018732000   -0.0071778100    0.0065212900
  -0.0022502000    0.0072313800    0.0064636400
  -0.0007780600   -0.0002049800    0.0025638200
  -0.0000666200   -0.0005524500    0.0032167500
   0.0003494900    0.0008594300    0.0025811200
   0.0014422600    0.0052640200   -0.0028586200
  -0.0015412200    0.0036798700    0.0045124600
  -0.0000509100    0.0017779100    0.0156708100
   0.0009769300    0.0023990800    0.0050247300
  -0.0503571800    0.0246518800   -0.0400679000
   0.0019236200   -0.0030068500    0.0046235400
  -0.0037538100   -0.0021848700    0.0113464800
   0.0038627500   -0.0022111400    0.0113255100
  -0.0020802200   -0.0022193200    0.0049175900
   0.0022185700   -0.0010631400    0.0137923900
   0.0015116400   -0.0009011000    0.0156121700
   0.0000309300    0.0043962600    0.0113360700
  -0.0015674200   -0.0008768700    0.0157304100
   0.0004321500    0.0012083700    0.0157346300
  -0.0004565900    0.0012771000    0.0157617400
   0.0028702700   -0.0000898100    0.0048831200
  -0.0036593500   -0.0007659100    0.0046664100
   0.0014127200   -0.0002719900    0.0156952600
   0.0000445400    0.0000007400    0.0205739900
  -0.0011827800   -0.0001996800    0.0158019400
  -0.0076640500   -0.0297725800   -0.0213042700
  -0.0013577800    0.0020567500    0.0141320100
   0.0009661800   -0.0011153800    0.0157124100
  -0.0007417300   -0.0008983800    0.0157862800
   0.0004826900   -0.0010064200    0.0134471200
  -0.0434474000   -0.0206529900   -0.0551623600
  -0.0027657300    0.0053481100   -0.0037167900
  -0.0000282100    0.0030055800   -0.0024034700
   0.0023215000    0.0042572700   -0.0041810300
  -0.0035281000   -0.0023906300   -0.0195149100
   0.0028168900   -0.0049454900   -0.0038610700
  -0.0004468700   -0.0002593300   -0.0047398800
   0.0005513600   -0.0003162000   -0.0047009900
  -0.0029572100   -0.0042671200   -0.0040406700
   0.0022381200   -0.0038724400   -0.0040987700
   0.0025895000   -0.0015102100   -0.0023469200
   0.0000021000    0.0005754500   -0.0047206600
  -0.0026153700   -0.0014953100   -0.0024603200
  -0.0008387000   -0.0010527800    0.0013847500
   0.0008052900   -0.0009546900    0.0013519000
   0.0051079400    0.0001102000   -0.0040966900
  -0.0057593000   -0.0005056300   -0.0038131000
  -0.0011722900   -0.0002322200    0.0014443300
   0.0000388800    0.0000006900    0.0149057600
   0.0013892100   -0.0001864300    0.0012923900
  -0.0076687700    0.0231747900   -0.0374885500
  -0.0037710400    0.0034615000   -0.0043743900
  -0.0003504200    0.0010923200    0.0014236000
   0.0005662900    0.0013333400    0.0013111200
   0.0029345700    0.0003979000   -0.0038168700
   0.0058076400    0.0033794400   -0.0083539700
   0.0042066000    0.0077434400   -0.0064538900
  -0.0042427900    0.0077319500   -0.0064465900
  -0.0059322800    0.0033969700   -0.0080730000
  -0.0000649200   -0.0017413900   -0.0050381100
   0.0087987500   -0.0002224100   -0.0064367900
  -0.0000013100   -0.0000010600   -0.0083496800
  -0.0088271700   -0.0001982500   -0.0064638100
  -0.0100380600   -0.0007126200   -0.0081728900
   0.0100639000   -0.0007285000   -0.0082311400
   0.0045777700   -0.0075231200   -0.0064392400
  -0.0045979400   -0.0075318500   -0.0064654400
  -0.0067047900   -0.0038692400   -0.0081067400
   0.0000025800    0.0014277400   -0.0061418400
   0.0066922700   -0.0038648000   -0.0081101900
  -0.0000441300   -0.0067767400   -0.0082158400
  -0.0056320100   -0.0083445300   -0.0081507500
   0.0012349800   -0.0007131100   -0.0061403200
  -0.0012356400   -0.0007150100   -0.0061412200
   0.0056656100   -0.0083425200   -0.0082490400
  -0.0014900700    0.0008220200   -0.0049170900
   0.0044088700    0.0090638800   -0.0081853500
  -0.0000000800    0.0077346700   -0.0081098400
  -0.0043921700    0.0090642700   -0.0082162900
   0.0015241800    0.0009181700   -0.0051581000
   0.0049544900    0.0028615900   -0.0077435500
   0.0025565900    0.0055017100   -0.0132301800
  -0.0025643700    0.0055026000   -0.0132276800
  -0.0049706300    0.0028675800   -0.0077576900
   0.0000001100   -0.0031268500   -0.0088372100
   0.0060425400   -0.0005323200   -0.0132288600
  -0.0000042800   -0.0000010300   -0.0118200200
  -0.0060480800   -0.0005349300   -0.0132282500
  -0.0083198600   -0.0001726900   -0.0059168300
   0.0083056600   -0.0001807900   -0.0059358500
   0.0034801600   -0.0049720100   -0.0132220200
  -0.0034867900   -0.0049653200   -0.0132308500
  -0.0045584900   -0.0026286900   -0.0076201600
  -0.0000027600    0.0027256000   -0.0078058800
   0.0045510200   -0.0026298600   -0.0076055500
   0.0000000500   -0.0057295000   -0.0077487900
  -0.0043116100   -0.0071132200   -0.0059268100
   0.0023535000   -0.0013620700   -0.0078153000
  -0.0023652600   -0.0013642100   -0.0077992500
   0.0043055100   -0.0071073100   -0.0059307400
  -0.0027173800    0.0015685100   -0.0088193800
   0.0039956600    0.0072853400   -0.0059306000
  -0.0000018400    0.0052594300   -0.0076109900
  -0.0040095400    0.0072881700   -0.0059252100
   0.0026965300    0.0015576300   -0.0088573100
  -0.0009931400   -0.0006157700    0.0027188300
   0.0003996100   -0.0010122500    0.0026578800
  -0.0000156700    0.0002688800    0.0027617100
  -0.0004239900   -0.0010182100    0.0026048400
   0.0009307400   -0.0004973900    0.0029773100
  -0.0006778800    0.0008794600    0.0026798100
   0.0005955000    0.0003538400    0.0032904600
  -0.0006113300    0.0003413500    0.0032839000
   0.0006678400    0.0008498400    0.0025824300
  -0.0000054200   -0.0005357000    0.0030130100
   0.0002292400   -0.0001440000    0.0027423500
  -0.0000182300   -0.0006976100    0.0032871900
  -0.0002349900   -0.0001239800    0.0027813200
   0.0003382100    0.0005600100    0.0021640200
  -0.0003595200    0.0005780700    0.0021141200
  -0.0011088200    0.0001392800    0.0026535200
   0.0010647000    0.0001628600    0.0026096100
   0.0006644100    0.0000155200    0.0021657500
  -0.0000039400   -0.0000004500    0.0011640400
  -0.0006692800    0.0000216900    0.0021120200
   0.0000731300    0.0011110500    0.0028474300
  -0.0004997500    0.0002847300    0.0030460500
   0.0003210000   -0.0005994400    0.0021405100
  -0.0003130200   -0.0005750200    0.0021377200
   0.0004272900    0.0002514100    0.0029811500

26   
  0.0063155149003714  -0.0000000000000000   0.0077533393801115
   0.0017720100   -0.0034312900    0.0158283300
   0.0471929300   -0.0228524100    0.0538321900
   0.0000567500   -0.0002313600    0.0039217900
   0.0000002000    0.0000907100    0.0031901400
   0.0006678500    0.0002946000    0.0028987300
   0.0076621300    0.0259994900    0.0351567400
   0.0001670300    0.0013866800    0.0053375000
  -0.0001475600    0.0003969500    0.0034976400
   0.0006196300   -0.0003938900    0.0027826300
   0.0000595400   -0.0013390900    0.0033817300
   0.0003292000    0.0003546000    0.0038686400
   0.0002495900   -0.0003627500    0.0034343900
  -0.0004469500   -0.0002385600    0.0034002400
  -0.0000746000    0.0001454700    0.0031098300
   0.0005243000   -0.0015012600    0.0030190600
   0.0000886000   -0.0000848500    0.0031970400
   0.0000089700    0.0008801900    0.0028264800
   0.0000698700   -0.0000263100    0.0032166200
   0.0004842600    0.0002458900    0.0032876000
  -0.0005283800    0.0003132400    0.0033205800
   0.0002909700   -0.0002036400    0.0031309600
  -0.0022474400   -0.0004023900    0.0042624700
  -0.0006538000    0.0010989700    0.0033046500
  -0.0000274700   -0.0005827700    0.0033087500
   0.0005023700    0.0003015700    0.0028459500
  -0.0657251100    0.0018366600   -0.0999827500
   0.0026653700    0.0031121000    0.0035078900
   0.0000234700    0.0017410700    0.0155998600
   0.0016597300    0.0030846700    0.0051256400
   0.0022186400    0.0022298200    0.0083167500
   0.0024385000   -0.0010949500    0.0032804800
  -0.0038809600   -0.0022351200    0.0113849500
   0.0038703100   -0.0021852100    0.0113965500
  -0.0020320500   -0.0029277600    0.0054099600
   0.0010839400   -0.0055294900    0.0126802500
   0.0015144300   -0.0008856300    0.0155466600
   0.0000510400    0.0044001100    0.0113894600
  -0.0015023900   -0.0009075800    0.0157128600
   0.0006199600    0.0011766900    0.0156761300
  -0.0005269400    0.0012549700    0.0158238700
   0.0035312200   -0.0001217400    0.0050827400
  -0.0035568700   -0.0001918600    0.0053257900
   0.0013276700   -0.0000895100    0.0156858000
   0.0000583800   -0.0000063200    0.0205803000
  -0.0012051700   -0.0000908500    0.0157480400
   0.0012402500   -0.0011264600    0.0086667000
  -0.0016414800   -0.0005295800    0.0132579500
   0.0007356700   -0.0010278000    0.0158191200
  -0.0006465500   -0.0010281400    0.0157483400
   0.0017996600    0.0010447200    0.0154351900
  -0.0004485500    0.0007911900    0.0050356300
  -0.0004374300    0.0063089500   -0.0020934100
   0.0000453600    0.0030755500   -0.0023099700
   0.0022718200    0.0046457900   -0.0033909900
  -0.0019156900    0.0011991000   -0.0062285700
   0.0038659400   -0.0036572900   -0.0032240000
  -0.0004188200   -0.0002390000   -0.0047662300
   0.0005307200   -0.0002918200   -0.0046097500
  -0.0028647700   -0.0043974500   -0.0036175600
  -0.0020051500   -0.0021755100   -0.0020290900
   0.0025536600   -0.0015381500   -0.0022971600
   0.0000252000    0.0005884100   -0.0045998600
  -0.0025696700   -0.0014941100   -0.0023162500
  -0.0009232400   -0.0008450200    0.0013943900
   0.0009480300   -0.0008812000    0.0012320000
   0.0051941800   -0.0003036600   -0.0033729200
  -0.0052436400   -0.0004124600   -0.0035766300
  -0.0012598600   -0.0004592500    0.0014002700
   0.0000448000    0.0000129200    0.0149934200
   0.0012763000   -0.0003311700    0.0014218900
  -0.0003141700   -0.0018326200   -0.0064236500
  -0.0030737000   -0.0014794200   -0.0010942800
  -0.0002046200    0.0011987000    0.0012171600
   0.0003625500    0.0012445800    0.0014207600
   0.0023026800    0.0013154800   -0.0027523600
   0.0060778800    0.0034927400   -0.0077220700
   0.0042369800    0.0077528900   -0.0064395500
  -0.0042228900    0.0077485700   -0.0064118400
  -0.0060007200    0.0034878900   -0.0077421200
   0.0000147200   -0.0020860000   -0.0053633400
   0.0088413500   -0.0002293500   -0.0064411300
   0.0000069900   -0.0000061100   -0.0082672800
  -0.0088051300   -0.0002063600   -0.0064117600
  -0.0100410300   -0.0006994300   -0.0081153200
   0.0100756800   -0.0006958900   -0.0080952700
   0.0046087000   -0.0075426000   -0.0064101700
  -0.0045719500   -0.0075324700   -0.0064145800
  -0.0066841800   -0.0038634300   -0.0080151300
   0.0000261900    0.0014063200   -0.0060693200
   0.0067241900   -0.0038732400   -0.0080269900
   0.0000358800   -0.0069440000   -0.0077486400
  -0.0056171400   -0.0083556700   -0.0081187100
   0.0012373700   -0.0006942700   -0.0060663700
  -0.0011957700   -0.0006997000   -0.0060659800
   0.0056594000   -0.0083623400   -0.0081150000
  -0.0017867500    0.0010339500   -0.0053745800
   0.0044452400    0.0090651900   -0.0081024200
   0.0000160500    0.0077452000   -0.0080217000
  -0.0044049500    0.0090672500   -0.0081105300
   0.0018363600    0.0010560300   -0.0053796900
   0.0049828800    0.0028683600   -0.0076506000
   0.0025739900    0.0055031700   -0.0131784200
  -0.0025363700    0.0055011800   -0.0131742600
  -0.0049498200    0.0028713300   -0.0076615100
   0.0000244600   -0.0031242600   -0.0087996400
   0.0060602300   -0.0005351900   -0.0131806400
   0.0000184900    0.0000022300   -0.0117715500
  -0.0060207900   -0.0005330600   -0.0131746000
  -0.0082719800   -0.0001696200   -0.0058678800
   0.0083119900   -0.0001666600   -0.0058680800
   0.0035043000   -0.0049611900   -0.0131724600
  -0.0034641900   -0.0049614000   -0.0131747000
  -0.0045312000   -0.0026237500   -0.0075676400
   0.0000198700    0.0027263000   -0.0077503000
   0.0045696300   -0.0026269500   -0.0075689700
   0.0000197700   -0.0057333100   -0.0076629900
  -0.0042748400   -0.0070926300   -0.0058692300
   0.0023791900   -0.0013587300   -0.0077517000
  -0.0023389900   -0.0013588800   -0.0077517800
   0.0043170400   -0.0070936600   -0.0058664000
  -0.0026877900    0.0015707900   -0.0088021300
   0.0040205400    0.0072683100   -0.0058702000
   0.0000194600    0.0052560000   -0.0075698700
  -0.0039786600    0.0072725400   -0.0058683900
   0.0027262800    0.0015644600   -0.0088072100
  -0.0007978400   -0.0004691000    0.0028163600
   0.0003960900   -0.0008989100    0.0028023300
   0.0000213000    0.0002640700    0.0028707200
  -0.0003625500   -0.0009090600    0.0027606300
   0.0008565900   -0.0004746200    0.0028799800
  -0.0005768500    0.0007749500    0.0028039600
   0.0006443900    0.0003575800    0.0034175400
  -0.0005956200    0.0003567000    0.0033961500
   0.0006130900    0.0007904900    0.0027594100
   0.0000302700   -0.0005007400    0.0029276500
   0.0002377200   -0.0001206100    0.0028637100
   0.0000179000   -0.0007065000    0.0033953600
  -0.0001992800   -0.0001206300    0.0028619400
   0.0003704700    0.0005753500    0.0022313800
  -0.0003307300    0.0005764500    0.0022430700
  -0.0009639400    0.0001282200    0.0027560900
   0.0010048000    0.0001199600    0.0027692700
   0.0006828500    0.0000162500    0.0022351400
   0.0000238300    0.0000025600    0.0012197100
  -0.0006573000    0.0000253700    0.0022264700
   0.0000287400    0.0009617100    0.0028843700
  -0.0004106100    0.0002537300    0.0029312000
   0.0003321600   -0.0005871400    0.0022408300
  -0.0002974500   -0.0005946100    0.0022329900
   0.0004434000    0.0002448300    0.0029123400

26   
 -0.0063155149003714   0.0000000000000000  -0.0077533393801115
  -0.0016040600    0.0034879300   -0.0126645900
  -0.0453996800    0.0217582900   -0.0464451000
   0.0001660900    0.0002624300    0.0024209900
  -0.0000726300   -0.0000621400    0.0031506500
  -0.0004894700   -0.0003269400    0.0025591100
  -0.0076776000   -0.0254823800   -0.0292166500
  -0.0014917000   -0.0021490600    0.0005010200
   0.0002028800    0.0005800300    0.0033113500
   0.0007811300   -0.0003644900    0.0030273100
   0.0000930900    0.0012448200    0.0020357100
  -0.0001744600   -0.0002037100    0.0024740500
   0.0006354100   -0.0001005500    0.0033739100
  -0.0003330100   -0.0002260800    0.0034105700
   0.0000552300   -0.0000198600    0.0032284500
  -0.0004785100    0.0002545900    0.0025724600
  -0.0000844000   -0.0000155800    0.0031437300
   0.0000480000    0.0006941100    0.0029817700
   0.0000409500   -0.0000720700    0.0031202800
   0.0005980700    0.0003648900    0.0032612800
  -0.0004389000    0.0002983600    0.0032265200
  -0.0002111900    0.0003559400    0.0023167400
   0.0022410500    0.0005868900    0.0011716000
  -0.0003908500   -0.0004538000    0.0022774700
   0.0000848800   -0.0005827900    0.0032372900
   0.0006615200    0.0003553400    0.0027307000
   0.0621303400   -0.0000665500    0.1052096800
  -0.0057614900    0.0032317200    0.0069960400
   0.0000360000    0.0018527200    0.0158571800
   0.0016283900    0.0032724500    0.0054199300
  -0.0091021400    0.0017751600    0.0141619800
   0.0014675600   -0.0048388300    0.0072307400
  -0.0036513800   -0.0021300600    0.0114508200
   0.0037782300   -0.0021778700    0.0114483800
  -0.0017864000   -0.0030181700    0.0051358800
  -0.0010217900    0.0009268100    0.0180622800
   0.0016369800   -0.0008839200    0.0159100500
   0.0000085400    0.0043838400    0.0114572400
  -0.0015365300   -0.0008618600    0.0157452400
   0.0004829200    0.0011063000    0.0158654100
  -0.0004574300    0.0010266800    0.0157188400
   0.0036301500   -0.0002371100    0.0054636600
  -0.0034887300   -0.0001674900    0.0052211100
   0.0012157700   -0.0001261200    0.0158562600
  -0.0000014500    0.0000247300    0.0206343700
  -0.0012219000   -0.0001214900    0.0157959100
  -0.0011758800   -0.0068023100    0.0137960900
  -0.0022996900    0.0028440200    0.0174634500
   0.0007639900   -0.0009911700    0.0157231300
  -0.0007384400   -0.0009919800    0.0157978000
   0.0022452500    0.0012759300    0.0153230100
   0.0032099300    0.0008044900   -0.0162439700
  -0.0039650600    0.0032258000   -0.0046855800
   0.0000154300    0.0029438500   -0.0023490600
   0.0022543200    0.0049003000   -0.0034087400
  -0.0007408900    0.0003817000   -0.0051435600
   0.0021730800   -0.0049555100   -0.0035862400
  -0.0005271000   -0.0003231500   -0.0044982000
   0.0005413500   -0.0002746500   -0.0046613300
  -0.0030963500   -0.0042180100   -0.0031763900
   0.0020524500   -0.0029629800   -0.0031725700
   0.0026978200   -0.0014415000   -0.0023617600
   0.0000344000    0.0006015100   -0.0046718200
  -0.0025689500   -0.0014876500   -0.0023443800
  -0.0008577700   -0.0009711100    0.0014009700
   0.0009512900   -0.0009361900    0.0015640100
   0.0053487600   -0.0005751500   -0.0034260300
  -0.0051854400   -0.0004686700   -0.0032215000
  -0.0011916200   -0.0002025300    0.0013968300
   0.0000120600    0.0000047500    0.0149433400
   0.0012909500   -0.0003252900    0.0013742600
   0.0003690200   -0.0012840600   -0.0049477300
  -0.0013454600    0.0040320200   -0.0040782100
  -0.0004071200    0.0013304500    0.0015782900
   0.0003655400    0.0012833100    0.0013732900
   0.0022174300    0.0012784600   -0.0024514000
   0.0060426500    0.0034886700   -0.0077739200
   0.0042929400    0.0077714000   -0.0064363700
  -0.0041906200    0.0077728000   -0.0064622800
  -0.0060096100    0.0034965900   -0.0077538500
   0.0000463300   -0.0020951700   -0.0054654400
   0.0088817300   -0.0001670300   -0.0064343000
   0.0000485500    0.0000238500   -0.0083092000
  -0.0087996000   -0.0001898700   -0.0064634300
  -0.0100348200   -0.0006810200   -0.0081308300
   0.0101136600   -0.0006810600   -0.0081503200
   0.0046398200   -0.0075291800   -0.0064649900
  -0.0045599700   -0.0075408900   -0.0064613700
  -0.0066732900   -0.0038629500   -0.0080611600
   0.0000334400    0.0014215000   -0.0061013500
   0.0067452500   -0.0038548900   -0.0080481300
   0.0000207300   -0.0069680100   -0.0077493200
  -0.0056013400   -0.0083632100   -0.0081264600
   0.0012539000   -0.0006914700   -0.0061038700
  -0.0011806200   -0.0006867000   -0.0061041300
   0.0056758900   -0.0083560000   -0.0081304500
  -0.0017931800    0.0010851400   -0.0054513000
   0.0044697900    0.0090857100   -0.0081423200
   0.0000417300    0.0077597800   -0.0080535500
  -0.0043938300    0.0090859100   -0.0081312600
   0.0018572700    0.0010590800   -0.0054491700
   0.0050128800    0.0028861400   -0.0076946800
   0.0025953800    0.0055167500   -0.0132007700
  -0.0025159900    0.0055150000   -0.0132063200
  -0.0049355200    0.0028866100   -0.0076863700
   0.0000368200   -0.0031067000   -0.0088484500
   0.0060816100   -0.0005192500   -0.0131987700
   0.0000367600    0.0000153400   -0.0117988400
  -0.0060018200   -0.0005209600   -0.0132048800
  -0.0082571900   -0.0001558100   -0.0058965900
   0.0083311500   -0.0001554800   -0.0058973100
   0.0035228800   -0.0049473200   -0.0132057400
  -0.0034462500   -0.0049486200   -0.0132034600
  -0.0045148800   -0.0026132500   -0.0075986100
   0.0000396900    0.0027373700   -0.0077801000
   0.0045886200   -0.0026123200   -0.0075991300
   0.0000372200   -0.0057254800   -0.0076824400
  -0.0042566100   -0.0070826800   -0.0058968100
   0.0023943100   -0.0013452900   -0.0077788900
  -0.0023203400   -0.0013458300   -0.0077785300
   0.0043317300   -0.0070811500   -0.0058992300
  -0.0026670700    0.0015733500   -0.0088486200
   0.0040347000    0.0072839800   -0.0058952300
   0.0000381300    0.0052710000   -0.0075979100
  -0.0039604300    0.0072819500   -0.0059013800
   0.0027431000    0.0015759300   -0.0088410400
  -0.0007772300   -0.0004568000    0.0028828500
   0.0004192200   -0.0008960300    0.0027249900
   0.0000390600    0.0002509400    0.0028620900
  -0.0003385900   -0.0008863900    0.0027653000
   0.0008331400   -0.0004520300    0.0028176500
  -0.0005562500    0.0008076900    0.0027245900
   0.0006399500    0.0003677900    0.0033873700
  -0.0005704000    0.0003660800    0.0034076400
   0.0006332600    0.0007909100    0.0027666700
   0.0000273800   -0.0004677500    0.0028669500
   0.0002507700   -0.0001106400    0.0028691000
   0.0000380600   -0.0006911400    0.0034088800
  -0.0001737800   -0.0001075600    0.0028712500
   0.0004009600    0.0005936600    0.0022218400
  -0.0003238900    0.0005953500    0.0022128500
  -0.0009296100    0.0001394700    0.0027686600
   0.0010050100    0.0001474300    0.0027582400
   0.0007280400    0.0000441700    0.0022194500
   0.0000363700    0.0000147900    0.0011915400
  -0.0006405400    0.0000354600    0.0022271600
   0.0000307200    0.0009420400    0.0028130100
  -0.0003857900    0.0002581800    0.0028634300
   0.0003655000   -0.0005903600    0.0022134200
  -0.0002845200   -0.0005789600    0.0022202600
   0.0004666800    0.0002676800    0.0028800600

51   
  0.0063155149003714  -0.0000000000000000   0.0077533393801115
   0.0454183600    0.0218173800    0.0503806300
   0.0013844500    0.0035502200    0.0170752100
   0.0005964200   -0.0001924200    0.0033420200
  -0.0000338000   -0.0000672400    0.0031158900
   0.0000120500    0.0002827400    0.0033976800
   0.0075821200   -0.0256242600    0.0344686200
  -0.0005673000    0.0009603500    0.0033744200
  -0.0000318300    0.0005342700    0.0032084700
   0.0004988300   -0.0002950300    0.0029109500
   0.0008519900   -0.0017833300    0.0049900400
   0.0005511200    0.0007724800    0.0034388000
   0.0004061400   -0.0003225400    0.0032881400
  -0.0004526400   -0.0002330200    0.0033433800
  -0.0002327700    0.0002100600    0.0030955100
   0.0001379900   -0.0008814600    0.0033654500
  -0.0000824400   -0.0000035600    0.0031123900
   0.0000394500    0.0007400200    0.0028899800
   0.0000233900   -0.0001940100    0.0029949500
   0.0005974800    0.0003355300    0.0032236000
  -0.0005110600    0.0002760000    0.0032335400
  -0.0000055900   -0.0006354100    0.0032433700
  -0.0022307300    0.0004845300    0.0040959100
  -0.0003677800    0.0004989000    0.0031152800
  -0.0000754000   -0.0005404400    0.0032395000
   0.0005263400    0.0003131500    0.0027429400
   0.0016455400    0.0019966300    0.0217128900
  -0.0021470000    0.0027963800    0.0046120300
   0.0000210500    0.0019114400    0.0156561500
   0.0016450400    0.0031053300    0.0052026200
  -0.0017173900    0.0005097400    0.0124740800
  -0.0000108700   -0.0033658200    0.0057762800
  -0.0036889400   -0.0021320200    0.0111458100
   0.0038064800   -0.0021829400    0.0113618800
  -0.0018741900   -0.0030003100    0.0050445300
   0.0007998900   -0.0029261600    0.0154625700
   0.0015227900   -0.0009581900    0.0156400500
   0.0000203900    0.0043875900    0.0113514600
  -0.0015276600   -0.0008835700    0.0156787100
   0.0004657600    0.0011844300    0.0157194600
  -0.0005359200    0.0010810100    0.0155103500
   0.0035361800   -0.0000552100    0.0051860100
  -0.0035374700   -0.0002029700    0.0050203100
   0.0011852900   -0.0002453100    0.0157156000
  -0.0000004600    0.0000027900    0.0205501800
  -0.0012167900   -0.0001180600    0.0157114200
  -0.0008094400   -0.0013027300    0.0126794700
  -0.0023266400    0.0013622700    0.0145068700
   0.0007701800   -0.0010482900    0.0155339300
  -0.0007126200   -0.0009957600    0.0157135500
   0.0021458700    0.0012563200    0.0150918800
  -0.0658687300   -0.0001801000   -0.1052682000
   0.0039245500    0.0045753300   -0.0063933400
   0.0000057800    0.0030750500   -0.0025585100
   0.0022477700    0.0048192600   -0.0036329200
   0.0032805000    0.0007942900   -0.0074644000
   0.0041601400   -0.0009252700   -0.0061566600
  -0.0006398900   -0.0003691000   -0.0046342100
   0.0005594700   -0.0002860400   -0.0047642300
  -0.0030779100   -0.0042624900   -0.0035335900
   0.0006179100   -0.0046078100   -0.0046164300
   0.0026612500   -0.0015355800   -0.0025187500
   0.0000268100    0.0006106500   -0.0047643400
  -0.0025684600   -0.0015081200   -0.0024592800
  -0.0009503100   -0.0009284200    0.0011251000
   0.0009288400   -0.0010089600    0.0013311400
   0.0053106900   -0.0004624900   -0.0035919600
  -0.0052343800   -0.0004028600   -0.0034668700
  -0.0012877500   -0.0003587000    0.0011298100
   0.0000280600   -0.0000068000    0.0148421900
   0.0012811000   -0.0003144600    0.0012681200
   0.0004381000    0.0003645200   -0.0078319600
  -0.0009090500   -0.0017880600   -0.0052237700
  -0.0005220800    0.0013753300    0.0013555500
   0.0003888700    0.0012614500    0.0012693300
   0.0022167400    0.0012835600   -0.0026949700
   0.0077914200    0.0046375100   -0.0051624300
   0.0042244800    0.0077823900   -0.0066023000
  -0.0042244100    0.0077573100   -0.0065248000
  -0.0059896000    0.0034797300   -0.0078256800
  -0.0007220600   -0.0018010500   -0.0052753700
   0.0088369600   -0.0002176600   -0.0065628700
   0.0000152600    0.0000151100   -0.0083686100
  -0.0088243000   -0.0002013900   -0.0065131400
  -0.0100426200   -0.0007267400   -0.0082392800
   0.0100719800   -0.0006378400   -0.0083567100
   0.0045968400   -0.0075309700   -0.0065259800
  -0.0045912700   -0.0075431700   -0.0065160500
  -0.0067016600   -0.0038674100   -0.0081273400
   0.0000139000    0.0014188300   -0.0061819200
   0.0067061700   -0.0038658500   -0.0081273400
   0.0000120800   -0.0069292600   -0.0078320700
  -0.0056628500   -0.0083437800   -0.0082813500
   0.0012396900   -0.0006882400   -0.0061896900
  -0.0012089500   -0.0006943200   -0.0061762100
   0.0056510800   -0.0083570800   -0.0082048300
  -0.0020430700   -0.0003730600   -0.0040592500
   0.0045183500    0.0090260100   -0.0083270100
   0.0000072100    0.0077363600   -0.0081394400
  -0.0044182900    0.0090772800   -0.0082066900
   0.0018168200    0.0010530900   -0.0056776400
   0.0049378300    0.0028480100   -0.0077036000
   0.0025490900    0.0054941300   -0.0132780900
  -0.0025472700    0.0055093800   -0.0132545400
  -0.0049827600    0.0028806000   -0.0077374500
   0.0000527100   -0.0031355500   -0.0089177700
   0.0060269700   -0.0005369500   -0.0132815600
   0.0000158100    0.0000126200   -0.0118503700
  -0.0060379100   -0.0005246200   -0.0132544000
  -0.0083001400   -0.0001455600   -0.0059422000
   0.0082751100   -0.0002243300   -0.0059939300
   0.0034937100   -0.0049557400   -0.0132479900
  -0.0034756500   -0.0049646600   -0.0132539200
  -0.0045466300   -0.0026211900   -0.0076510300
   0.0000137500    0.0027249900   -0.0078186200
   0.0045546900   -0.0026365300   -0.0076466900
   0.0000029000   -0.0057254000   -0.0077512400
  -0.0042791600   -0.0070912100   -0.0059563700
   0.0023547200   -0.0013416700   -0.0078261500
  -0.0023539800   -0.0013533300   -0.0078356300
   0.0043071200   -0.0070813300   -0.0059378500
  -0.0026885500    0.0016184700   -0.0088878000
   0.0039401400    0.0072987700   -0.0059905800
  -0.0000113000    0.0052697100   -0.0076487900
  -0.0039861200    0.0072727500   -0.0059353400
   0.0027541700    0.0016078400   -0.0089385000
  -0.0006229200   -0.0004640600    0.0023388900
   0.0003947200   -0.0009614000    0.0029935800
   0.0000099900    0.0002061100    0.0027943000
  -0.0003736400   -0.0008677100    0.0026679600
   0.0008028800   -0.0006915800    0.0029452200
  -0.0006066400    0.0009187800    0.0031371100
   0.0005504400    0.0003521500    0.0032650200
  -0.0006227300    0.0003577700    0.0033437900
   0.0005938500    0.0007616500    0.0026487400
   0.0002254200   -0.0004426200    0.0028511100
   0.0002140000   -0.0000970900    0.0027855300
  -0.0000020400   -0.0007061400    0.0033392400
  -0.0002147400   -0.0001079100    0.0028135700
   0.0003747300    0.0005771100    0.0021400500
  -0.0003655000    0.0006457000    0.0021085200
  -0.0009551700    0.0001081600    0.0026703800
   0.0009313600    0.0001704000    0.0026380200
   0.0007172600    0.0000638300    0.0021512500
   0.0000019900    0.0000032900    0.0011388600
  -0.0006731700    0.0000297400    0.0021619700
  -0.0001845600    0.0009405300    0.0031546700
  -0.0003472600    0.0003844600    0.0029171400
   0.0004033900   -0.0006454800    0.0021480100
  -0.0003123500   -0.0005854300    0.0021618400
   0.0004064400    0.0002510900    0.0027380700

51   
 -0.0063155149003714   0.0000000000000000  -0.0077533393801115
  -0.0473043900   -0.0228843100   -0.0491875200
  -0.0016405500   -0.0035358400   -0.0116433000
  -0.0004237200    0.0002134600    0.0028513600
  -0.0000791600    0.0000961800    0.0030871500
   0.0001210300   -0.0003070800    0.0019072700
  -0.0077173000    0.0261459100   -0.0296601300
  -0.0007452300   -0.0017204300    0.0023206800
   0.0000486500    0.0004472100    0.0034674200
   0.0008671400   -0.0004728000    0.0027661000
  -0.0006903700    0.0016862300    0.0002836100
  -0.0004552500   -0.0006371600    0.0027521500
   0.0004447300   -0.0001410400    0.0033881400
  -0.0003655500   -0.0002330200    0.0033347000
   0.0001790300   -0.0000890500    0.0031099900
  -0.0001467400   -0.0003549600    0.0020715400
   0.0000420600   -0.0000982600    0.0030918100
  -0.0000261300    0.0008338000    0.0027876700
   0.0000442100    0.0000948900    0.0032103100
   0.0004412900    0.0002717700    0.0031870000
  -0.0004995600    0.0003318200    0.0031768000
   0.0000531200    0.0007973000    0.0020576500
   0.0022321000   -0.0003026400    0.0012154800
  -0.0007114500    0.0001361600    0.0023205800
   0.0000886000   -0.0006276700    0.0031712900
   0.0005970100    0.0003445600    0.0026974300
   0.0052861600    0.0019978400    0.0004764500
  -0.0010845400    0.0035456200    0.0058157700
  -0.0000085400    0.0016809900    0.0156737100
   0.0015904500    0.0032498900    0.0052121900
  -0.0051671700    0.0034742800    0.0098459600
   0.0039120000   -0.0025822300    0.0046369700
  -0.0038877700   -0.0022349100    0.0115642800
   0.0037932600   -0.0021810900    0.0113529100
  -0.0019974600   -0.0029385600    0.0053699300
  -0.0007494700   -0.0016583700    0.0151768500
   0.0015857600   -0.0008129100    0.0156894700
  -0.0000063600    0.0043932300    0.0113634200
  -0.0015560100   -0.0008888500    0.0156520100
   0.0005901400    0.0011019200    0.0156946000
  -0.0004943100    0.0012041500    0.0159063700
   0.0035809700   -0.0003101800    0.0052299100
  -0.0035520100   -0.0001595100    0.0053937200
   0.0013148600    0.0000321400    0.0156975100
   0.0000134600    0.0000146500    0.0205364600
  -0.0012563200   -0.0000980900    0.0157051500
   0.0008363300   -0.0066797500    0.0096248800
  -0.0016419100    0.0009749800    0.0161356000
   0.0006878600   -0.0009754900    0.0158809600
  -0.0007191800   -0.0010250600    0.0157042200
   0.0018518400    0.0010624500    0.0155375200
   0.0684312400   -0.0002254400    0.1010547900
  -0.0083166200    0.0049798800   -0.0005504000
   0.0000030300    0.0029427800   -0.0022329700
   0.0022315100    0.0047246600   -0.0032967300
  -0.0060661200    0.0007868800   -0.0039786300
   0.0018666200   -0.0077104300   -0.0007624300
  -0.0003609600   -0.0002023800   -0.0047668100
   0.0004639100   -0.0002814100   -0.0046376800
  -0.0029263600   -0.0043532800   -0.0033907400
  -0.0005727800   -0.0005268800   -0.0006813900
   0.0025459100   -0.0014507200   -0.0022702800
  -0.0000128100    0.0005763400   -0.0046379900
  -0.0026145700   -0.0014762500   -0.0023353200
  -0.0008761800   -0.0008901400    0.0015410800
   0.0009250100   -0.0008114200    0.0013354500
   0.0051889200   -0.0004201100   -0.0033366700
  -0.0052384100   -0.0004767400   -0.0034631100
  -0.0012083000   -0.0002979500    0.0015376900
  -0.0000155500    0.0000240300    0.0149643100
   0.0012403000   -0.0003456700    0.0013966500
  -0.0004073300   -0.0035005900   -0.0036168400
  -0.0035463400    0.0043866300   -0.0001092700
  -0.0001368400    0.0011519800    0.0013076000
   0.0002920700    0.0012646100    0.0013941900
   0.0022613100    0.0013111800   -0.0026387900
   0.0043305200    0.0023761800   -0.0103910200
   0.0042619200    0.0077405300   -0.0064077700
  -0.0042345200    0.0077624800   -0.0064829200
  -0.0060643800    0.0035024900   -0.0078029200
   0.0007423900   -0.0023827200   -0.0057037100
   0.0088421200   -0.0001803500   -0.0064461200
  -0.0000038600    0.0000012300   -0.0083425700
  -0.0088250700   -0.0001961600   -0.0064951500
  -0.0100763500   -0.0006548300   -0.0081376600
   0.0100727500   -0.0007409000   -0.0080240100
   0.0046072900   -0.0075423700   -0.0064829300
  -0.0045850500   -0.0075319800   -0.0064932100
  -0.0066997300   -0.0038606300   -0.0080816600
   0.0000009800    0.0014075300   -0.0061210500
   0.0067196600   -0.0038639200   -0.0080813000
   0.0000007100   -0.0069843300   -0.0077991100
  -0.0056000400   -0.0083762600   -0.0080961700
   0.0012074100   -0.0006987400   -0.0061141300
  -0.0012121500   -0.0006938200   -0.0061264900
   0.0056402800   -0.0083629600   -0.0081733800
  -0.0015867100    0.0024711200   -0.0068878800
   0.0043536000    0.0091224100   -0.0080539100
   0.0000059200    0.0077674200   -0.0080700500
  -0.0044241200    0.0090739100   -0.0081685000
   0.0018317500    0.0010607200   -0.0052856500
   0.0050141500    0.0029049400   -0.0077701700
   0.0025755500    0.0055224800   -0.0132311700
  -0.0025501300    0.0055051800   -0.0132558900
  -0.0049464900    0.0028757300   -0.0077403300
  -0.0000357800   -0.0030963400   -0.0088608200
   0.0060688800   -0.0005190100   -0.0132281900
  -0.0000043800    0.0000037100   -0.0118491100
  -0.0060289100   -0.0005308400   -0.0132553100
  -0.0082731600   -0.0001812300   -0.0059533400
   0.0083234500   -0.0001004700   -0.0059020200
   0.0034890800   -0.0049542000   -0.0132607100
  -0.0034791700   -0.0049470900   -0.0132548200
  -0.0045432900   -0.0026177200   -0.0076458000
   0.0000010800    0.0027373800   -0.0078427000
   0.0045597300   -0.0026043700   -0.0076517400
   0.0000096800   -0.0057348200   -0.0077245300
  -0.0042965800   -0.0070850500   -0.0059402500
   0.0023747800   -0.0013638700   -0.0078350100
  -0.0023496000   -0.0013529700   -0.0078253600
   0.0042974900   -0.0070949400   -0.0059584400
  -0.0027099400    0.0015239900   -0.0088923100
   0.0040701400    0.0072524700   -0.0059049700
   0.0000244300    0.0052561600   -0.0076490700
  -0.0039968500    0.0072795900   -0.0059640600
   0.0026705100    0.0015314300   -0.0088402000
  -0.0009922100   -0.0004629900    0.0032278900
   0.0003788800   -0.0008327600    0.0024070600
   0.0000067200    0.0003083000    0.0028068700
  -0.0003713600   -0.0009289200    0.0027260900
   0.0008429100   -0.0002380700    0.0026199300
  -0.0005676000    0.0006666700    0.0022680400
   0.0006893800    0.0003714200    0.0034078500
  -0.0005872300    0.0003630300    0.0033277800
   0.0006093400    0.0008179100    0.0027442900
  -0.0002114100   -0.0005280300    0.0028097200
   0.0002302300   -0.0001361800    0.0028151800
   0.0000144100   -0.0006931700    0.0033326900
  -0.0002027400   -0.0001215600    0.0027874600
   0.0003531800    0.0005911200    0.0021812800
  -0.0003346100    0.0005260100    0.0022143100
  -0.0009825400    0.0001574900    0.0027221000
   0.0010359500    0.0000968000    0.0027564600
   0.0006497300   -0.0000044700    0.0021702700
   0.0000139200    0.0000116400    0.0011394500
  -0.0006704000    0.0000298200    0.0021588000
   0.0001980300    0.0009602400    0.0024153100
  -0.0004945000    0.0001236800    0.0027448600
   0.0002504000   -0.0005358300    0.0021742400
  -0.0003133600   -0.0005910800    0.0021592500
   0.0004586300    0.0002609700    0.0029206800

76   
  0.0063155149003714  -0.0000000000000000   0.0077533393801115
   0.0002412400    0.0001020200    0.0021198500
  -0.0000018200   -0.0001964400    0.0022362700
  -0.0000331200    0.0000921700    0.0033914700
  -0.0000414700   -0.0000260400    0.0030648600
   0.0001092000   -0.0000325800    0.0026372500
  -0.0002186400    0.0000729500    0.0019857300
  -0.0005255200   -0.0003563400    0.0026695700
   0.0000207700    0.0005282700    0.0033542300
   0.0006836600   -0.0003870600    0.0028662300
   0.0000414900    0.0000020900    0.0027123900
   0.0000925000   -0.0001423900    0.0035222600
   0.0004707400   -0.0002470900    0.0033675900
  -0.0004084400   -0.0002411500    0.0033686100
  -0.0000248500    0.0000509300    0.0031046100
  -0.0000666100   -0.0006572700    0.0027674200
  -0.0000208800   -0.0000438400    0.0030814800
   0.0000180700    0.0007690900    0.0028732000
   0.0000339400   -0.0000642000    0.0031181000
   0.0005290300    0.0002909600    0.0032276900
  -0.0004779100    0.0002912700    0.0031713500
   0.0000321400    0.0000805900    0.0026422400
   0.0000119100    0.0000329100    0.0027036600
  -0.0005921100    0.0002724300    0.0027460600
   0.0000403400   -0.0005805500    0.0031617400
   0.0005640600    0.0003158400    0.0027431700
   0.0034544200    0.0019758600    0.0112260400
  -0.0015709600    0.0031558200    0.0052367200
   0.0000156000    0.0017920600    0.0156886500
   0.0016188200    0.0031697800    0.0052338400
  -0.0034348700    0.0019730200    0.0111624800
   0.0019638800   -0.0029681900    0.0052453900
  -0.0037686700   -0.0021837500    0.0113905100
   0.0038035200   -0.0022003100    0.0113799200
  -0.0019176400   -0.0029924000    0.0052212500
   0.0000021000   -0.0023003800    0.0153489300
   0.0015727400   -0.0008940800    0.0156740500
   0.0000089000    0.0043777000    0.0113763800
  -0.0015333300   -0.0008961000    0.0156861900
   0.0005478100    0.0011326700    0.0157260500
  -0.0004997600    0.0011437800    0.0157092600
   0.0035679500   -0.0001946300    0.0052351500
  -0.0035371100   -0.0001851400    0.0052243800
   0.0012634500   -0.0001143400    0.0157264900
   0.0000125000   -0.0000012000    0.0205784500
  -0.0012267500   -0.0001164800    0.0157348300
   0.0000046200   -0.0039845100    0.0111710100
  -0.0019885300    0.0011368700    0.0153437800
   0.0007429200   -0.0010183600    0.0157214000
  -0.0007073700   -0.0010197300    0.0157413800
   0.0020039300    0.0011394900    0.0153312300
   0.0033368700    0.0020420100   -0.0033295400
  -0.0031928500    0.0051919300   -0.0030185800
   0.0000743400    0.0030156600   -0.0024065100
   0.0022528400    0.0047623200   -0.0034578600
  -0.0013923500    0.0008203400   -0.0057949300
   0.0028003600   -0.0060154200   -0.0020257400
  -0.0004876900   -0.0002947200   -0.0048795100
   0.0005299300   -0.0002806700   -0.0047033400
  -0.0029992300   -0.0043162900   -0.0034659000
   0.0000881000   -0.0026219600   -0.0027744500
   0.0026502800   -0.0014723600   -0.0024069100
   0.0000397000    0.0005882000   -0.0047080700
  -0.0025828100   -0.0015024100   -0.0023941300
  -0.0009033600   -0.0009205000    0.0013346000
   0.0008706000   -0.0008820900    0.0012868400
   0.0052561800   -0.0004449500   -0.0034648300
  -0.0052234700   -0.0004711400   -0.0034733800
  -0.0012430100   -0.0003484500    0.0013379800
   0.0000127100   -0.0000080000    0.0149071300
   0.0012643600   -0.0003387300    0.0013467800
   0.0000158400   -0.0016212800   -0.0057822900
  -0.0022192700    0.0013293900   -0.0028062100
  -0.0003050700    0.0011803400    0.0013109200
   0.0003567800    0.0012455800    0.0013436700
   0.0022518900    0.0012863600   -0.0026472800
  -0.0691380000    0.0041809900   -0.1198339300
   0.0091705100    0.0076897700   -0.0078964000
  -0.0041841400    0.0077649100   -0.0066807200
  -0.0059910600    0.0034122000   -0.0079809000
   0.0066372200   -0.0018456800   -0.0082841000
   0.0095133300    0.0018601000   -0.0081790400
  -0.0000638300   -0.0000636500   -0.0083916800
  -0.0087845000   -0.0002068000   -0.0065535400
  -0.0101763100   -0.0006159700   -0.0080918500
   0.0114810400   -0.0044153700   -0.0107156400
   0.0045951800   -0.0075558400   -0.0066984700
  -0.0045601500   -0.0075409900   -0.0065561900
  -0.0066780800   -0.0038862200   -0.0081518200
   0.0000399600    0.0014472500   -0.0063019000
   0.0067478400   -0.0037841500   -0.0080736500
  -0.0000062100   -0.0069039200   -0.0080035000
  -0.0055984500   -0.0083972600   -0.0081570700
   0.0012639900   -0.0007550800   -0.0063084600
  -0.0011818400   -0.0007123800   -0.0062039500
   0.0056665300   -0.0083592300   -0.0082369500
  -0.0002337800    0.0043451700   -0.0078615000
   0.0049422500    0.0072073100   -0.0100108900
  -0.0000080300    0.0077699200   -0.0080935300
  -0.0043795400    0.0090593300   -0.0082385700
   0.0016509700    0.0009270900   -0.0054292900
   0.0035249800    0.0028671600    0.0035703200
   0.0043447200    0.0071427100   -0.0120306500
  -0.0025411400    0.0055907600   -0.0132333100
  -0.0049250500    0.0027457300   -0.0077097700
  -0.0004020300   -0.0028198700   -0.0094454500
   0.0068606200   -0.0000044400   -0.0132367900
   0.0000634000    0.0000161300   -0.0120376100
  -0.0060314900   -0.0005407400   -0.0132189700
  -0.0081425600   -0.0002442600   -0.0062248000
   0.0063261300    0.0002092100   -0.0053079100
   0.0034273400   -0.0050382400   -0.0132231300
  -0.0034678500   -0.0049706100   -0.0132079400
  -0.0045315800   -0.0026251100   -0.0076224400
  -0.0000177400    0.0027816400   -0.0078107100
   0.0045717800   -0.0025255200   -0.0078936600
  -0.0000437200   -0.0055774200   -0.0077031300
  -0.0042656400   -0.0070469900   -0.0061814100
   0.0023243700   -0.0014905200   -0.0078138000
  -0.0023220400   -0.0013480900   -0.0078006800
   0.0042942200   -0.0070936900   -0.0059082600
  -0.0029865400    0.0015040300   -0.0097530700
   0.0031083100    0.0044215400   -0.0044094500
   0.0001841000    0.0051579600   -0.0079135000
  -0.0039896600    0.0072428100   -0.0059137500
   0.0027074200    0.0015486700   -0.0091139400
  -0.0005329700   -0.0042025600    0.0173075100
   0.0518341100   -0.0267375600    0.0567366900
  -0.0001070200    0.0001206200    0.0035701300
  -0.0002881800   -0.0008423700    0.0027256300
   0.0015003700   -0.0001097400    0.0030636200
   0.0061347300    0.0300945300    0.0367461500
   0.0024673300    0.0027352600    0.0060982400
  -0.0007108700    0.0003071300    0.0034603200
   0.0005957800    0.0007433200    0.0026062700
  -0.0004476900   -0.0015445200    0.0035748000
   0.0005517000    0.0000599200    0.0035108900
  -0.0001175200   -0.0008359900    0.0033794800
  -0.0002149700   -0.0001267800    0.0028041800
   0.0003568200    0.0006510800    0.0021496900
   0.0001674400   -0.0004332500    0.0025019400
  -0.0008848900    0.0001224300    0.0027317200
   0.0010048200    0.0002420700    0.0026320100
   0.0007232600    0.0000231400    0.0022567900
  -0.0000269600   -0.0000711900    0.0011591500
  -0.0006847600    0.0000508300    0.0022467800
   0.0003607700    0.0006857200    0.0032480900
  -0.0026970000   -0.0010811000    0.0045797900
   0.0000688600    0.0002334200    0.0027456800
  -0.0003328800   -0.0005952300    0.0022339500
   0.0003568700    0.0002093200    0.0029286100

76   
 -0.0063155149003714   0.0000000000000000  -0.0077533393801115
  -0.0002260800   -0.0001224100    0.0010285000
  -0.0001333000    0.0001476100    0.0030934000
   0.0001818800   -0.0000949400    0.0028270400
  -0.0000741100    0.0000242000    0.0031584400
   0.0000656400   -0.0000226000    0.0026918200
   0.0001234500   -0.0002071600    0.0033497300
  -0.0007969200   -0.0004426300    0.0030202700
  -0.0000049100    0.0004231900    0.0033398600
   0.0006821600   -0.0004021300    0.0028281800
   0.0000934900   -0.0001264400    0.0026132900
   0.0000007400    0.0002429300    0.0026941000
   0.0003864800   -0.0002472400    0.0033280300
  -0.0004094800   -0.0002524500    0.0033262300
  -0.0000282700    0.0000432200    0.0031186600
   0.0000813300   -0.0006338700    0.0026938100
  -0.0000082400   -0.0000893400    0.0031425300
  -0.0000013000    0.0007707900    0.0028208500
   0.0000361600   -0.0000709200    0.0031039900
   0.0005195300    0.0002821500    0.0032028400
  -0.0005325800    0.0002883700    0.0032582200
   0.0000326900    0.0000571900    0.0026839500
  -0.0000377300    0.0001096700    0.0026216900
  -0.0004938400    0.0003568600    0.0027135400
  -0.0000212500   -0.0006165400    0.0032677800
   0.0005595000    0.0003080000    0.0027174600
   0.0034540100    0.0019878600    0.0111446100
  -0.0016329700    0.0031646200    0.0052116000
   0.0000007600    0.0017707900    0.0156783000
   0.0016220800    0.0031560000    0.0052081200
  -0.0034323000    0.0019955600    0.0112068300
   0.0019299200   -0.0030103800    0.0051944500
  -0.0037969800   -0.0022112100    0.0113563600
   0.0038018100   -0.0021951700    0.0113692300
  -0.0019372500   -0.0029880100    0.0052252900
   0.0000141500   -0.0023110100    0.0153160400
   0.0015463800   -0.0009066300    0.0156820900
   0.0000102200    0.0043717000    0.0113714900
  -0.0015465300   -0.0009042400    0.0156738100
   0.0005190900    0.0011205900    0.0157212600
  -0.0005308300    0.0011131200    0.0157405300
   0.0035524000   -0.0001938100    0.0052143400
  -0.0035442400   -0.0002042300    0.0052261600
   0.0012402400   -0.0001334100    0.0157168600
   0.0000096200   -0.0000116000    0.0205407800
  -0.0012429500   -0.0001295400    0.0157128100
   0.0000127400   -0.0039846200    0.0112022300
  -0.0019797600    0.0011494800    0.0153129600
   0.0007227100   -0.0010295300    0.0157266600
  -0.0007176500   -0.0010318900    0.0157046600
   0.0020018900    0.0011421100    0.0153242300
  -0.0006196700   -0.0005072500   -0.0081764700
  -0.0012560300    0.0043238500   -0.0038561800
  -0.0000602900    0.0029720800   -0.0023537500
   0.0022318500    0.0047529100   -0.0034297200
  -0.0013188600    0.0007477200   -0.0056523700
   0.0032463200   -0.0026195700   -0.0048704600
  -0.0005036700   -0.0003044100   -0.0044861900
   0.0004989900   -0.0003178400   -0.0046637700
  -0.0029972300   -0.0043353500   -0.0034256500
  -0.0000716100   -0.0025444400   -0.0025253300
   0.0025686300   -0.0015407800   -0.0023430400
  -0.0000209300    0.0005677600   -0.0046581700
  -0.0025960100   -0.0015106000   -0.0023600000
  -0.0009118400   -0.0009289300    0.0013673500
   0.0009815600   -0.0009632500    0.0014130500
   0.0052477600   -0.0004622400   -0.0034298400
  -0.0052428700   -0.0004373100   -0.0034224400
  -0.0012465900   -0.0003437700    0.0013678700
   0.0000091100   -0.0000047300    0.0149353700
   0.0012603100   -0.0003517700    0.0013547700
   0.0000010200   -0.0015486100   -0.0056691400
  -0.0022293300    0.0012358800   -0.0024877800
  -0.0003416800    0.0013201700    0.0013906400
   0.0003304500    0.0012495800    0.0013589300
   0.0022338300    0.0012727400   -0.0026469600
   0.0763599700    0.0053603800    0.1022798800
  -0.0006185500    0.0077849300   -0.0051252200
  -0.0042692500    0.0077268100   -0.0063026300
  -0.0060483500    0.0035394400   -0.0076253200
  -0.0066854100   -0.0023625600   -0.0026331500
   0.0081353900   -0.0022896800   -0.0048312100
   0.0000833100    0.0000488900   -0.0082981100
  -0.0088597900   -0.0002216700   -0.0064295700
  -0.0099353900   -0.0007985900   -0.0082612100
   0.0086872900    0.0029821800   -0.0056414900
   0.0046136700   -0.0075492900   -0.0062885100
  -0.0046111000   -0.0075628300   -0.0064258300
  -0.0067174200   -0.0038728400   -0.0080336000
  -0.0000180900    0.0013474800   -0.0059776700
   0.0066859700   -0.0039783200   -0.0081112400
   0.0000262500   -0.0070381400   -0.0076045300
  -0.0056596300   -0.0083517700   -0.0081945100
   0.0011910800   -0.0006651600   -0.0059720300
  -0.0012345700   -0.0007076000   -0.0060746700
   0.0056292800   -0.0083893900   -0.0081177800
  -0.0033792500   -0.0022534900   -0.0030728600
   0.0039159800    0.0109302800   -0.0063759800
   0.0000248900    0.0077069700   -0.0080938100
  -0.0044550800    0.0090604100   -0.0081144900
   0.0020069000    0.0011597000   -0.0055058300
   0.0064087400    0.0028585500   -0.0188415900
   0.0007925900    0.0038313400   -0.0144211900
  -0.0025502900    0.0053969800   -0.0132345800
  -0.0049938900    0.0029798300   -0.0077274300
   0.0004390700   -0.0034542100   -0.0083058400
   0.0052027900   -0.0010846000   -0.0132491900
  -0.0000352000   -0.0000259500   -0.0116207900
  -0.0060308800   -0.0005448900   -0.0132507600
  -0.0084239800   -0.0001124900   -0.0056272600
   0.0102666200   -0.0005657300   -0.0065461000
   0.0035598300   -0.0049013700   -0.0132426100
  -0.0034815000   -0.0049702500   -0.0132614200
  -0.0045522700   -0.0026448300   -0.0076335400
   0.0000364500    0.0026520200   -0.0078109000
   0.0045530000   -0.0027435600   -0.0073643800
   0.0000628000   -0.0059132200   -0.0077311700
  -0.0043046300   -0.0071609500   -0.0056746900
   0.0024115400   -0.0012504300   -0.0078064300
  -0.0023768700   -0.0013908400   -0.0078212600
   0.0043145100   -0.0071108000   -0.0059488900
  -0.0024053800    0.0016252000   -0.0080012500
   0.0048957900    0.0100530100   -0.0074130300
  -0.0001672400    0.0053418500   -0.0073435500
  -0.0039847800    0.0072782000   -0.0059441700
   0.0027201400    0.0015584500   -0.0086240300
  -0.0009697300    0.0032896700   -0.0118672300
  -0.0489866500    0.0237189700   -0.0491842000
   0.0001662600    0.0003644300    0.0020512900
  -0.0004533300   -0.0009870500    0.0026900200
   0.0001156400   -0.0008507600    0.0025297400
  -0.0072886400   -0.0278569900   -0.0307835300
  -0.0012435700   -0.0020257500    0.0006205100
  -0.0004990700    0.0003808100    0.0032303400
   0.0006115300    0.0008064600    0.0028069400
   0.0004546500    0.0005370100    0.0020826600
  -0.0000810600   -0.0002960800    0.0021106400
   0.0001311500   -0.0005952000    0.0033111700
  -0.0001979700   -0.0001344200    0.0028164300
   0.0003751700    0.0004879400    0.0021898800
  -0.0008775100    0.0015842700    0.0018486900
  -0.0010467200    0.0001126700    0.0026817100
   0.0009657600   -0.0000048400    0.0027799200
   0.0006505600    0.0000074600    0.0020815400
   0.0000474500    0.0000591400    0.0011392300
  -0.0006505700   -0.0000220200    0.0020942500
  -0.0003577300    0.0011646700    0.0023394700
   0.0018239300    0.0015743200    0.0010940400
   0.0005961200   -0.0014580200    0.0015995600
  -0.0002881200   -0.0006091400    0.0021058200
   0.0005125400    0.0002711500    0.0027519000

101  
  0.0063155149003714  -0.0000000000000000   0.0077533393801115
   0.0000320600   -0.0000046900    0.0016536100
  -0.0000503700   -0.0000477800    0.0026640700
   0.0001054100   -0.0000040500    0.0031714000
  -0.0000396700    0.0000025100    0.0031410700
   0.0001129400   -0.0000291300    0.0026871500
  -0.0000436100   -0.0000546000    0.0026661100
  -0.0006107200   -0.0003756500    0.0028448500
   0.0000276400    0.0004826400    0.0033838900
   0.0007033100   -0.0004016400    0.0028654000
   0.0000956700   -0.0000417800    0.0026903000
   0.0000661500    0.0000596000    0.0031770100
   0.0004541200   -0.0002491100    0.0033674800
  -0.0003951600   -0.0002470800    0.0033753300
   0.0000070000    0.0000442200    0.0031397800
   0.0000212800   -0.0006520400    0.0027744400
   0.0000028100   -0.0000643400    0.0031388700
   0.0000192400    0.0007796900    0.0028622900
   0.0000559800   -0.0000524300    0.0031391800
   0.0005555400    0.0002957700    0.0032364300
  -0.0004800600    0.0002916700    0.0032399700
   0.0000519200    0.0000791400    0.0026864400
   0.0000220700    0.0000741500    0.0026781100
  -0.0005279900    0.0003192700    0.0027782900
   0.0000300700   -0.0005915800    0.0032436600
   0.0005835200    0.0003164700    0.0027509200
   0.0034748600    0.0019855700    0.0112293400
  -0.0015793500    0.0031633900    0.0052768900
   0.0000311000    0.0017824700    0.0157213500
   0.0016412300    0.0031679500    0.0052614900
  -0.0034122000    0.0019851900    0.0112183300
   0.0019682600   -0.0029838900    0.0052685200
  -0.0037569300   -0.0021909800    0.0114124600
   0.0038264900   -0.0021920200    0.0114138000
  -0.0019067900   -0.0029861400    0.0052639300
   0.0000295900   -0.0023014100    0.0153736300
   0.0015796000   -0.0008947200    0.0157139900
   0.0000348500    0.0043806400    0.0114135200
  -0.0015168700   -0.0008962500    0.0157178700
   0.0005557200    0.0011306000    0.0157638600
  -0.0004904000    0.0011353000    0.0157612300
   0.0035839600   -0.0001907100    0.0052656200
  -0.0035191600   -0.0001934900    0.0052655500
   0.0012734600   -0.0001206300    0.0157602300
   0.0000333000   -0.0000018000    0.0206003100
  -0.0012125900   -0.0001168600    0.0157631300
   0.0000274400   -0.0039802300    0.0112219100
  -0.0019629800    0.0011448600    0.0153685000
   0.0007587500   -0.0010185600    0.0157614600
  -0.0006885400   -0.0010223100    0.0157628400
   0.0020238800    0.0011427700    0.0153681300
   0.0014413400    0.0008041500   -0.0057129300
  -0.0022356700    0.0047858400   -0.0033676000
   0.0000302300    0.0029986200   -0.0023495700
   0.0022655700    0.0047685200   -0.0033986300
  -0.0013649600    0.0007618700   -0.0056884400
   0.0030517300   -0.0043653800   -0.0033971100
  -0.0004879200   -0.0002898100   -0.0046410300
   0.0005398400   -0.0002969200   -0.0046226500
  -0.0029914100   -0.0043229000   -0.0034055100
   0.0000229200   -0.0025890200   -0.0026991900
   0.0026312000   -0.0014845500   -0.0023465700
   0.0000325500    0.0005837700   -0.0046256300
  -0.0025684900   -0.0015026000   -0.0023383100
  -0.0008910800   -0.0009050500    0.0013948100
   0.0009542500   -0.0008962700    0.0013870300
   0.0052809400   -0.0004516400   -0.0034014000
  -0.0052147000   -0.0004570000   -0.0034007600
  -0.0012145800   -0.0003498700    0.0014080700
   0.0000282600   -0.0000060600    0.0149649400
   0.0012863400   -0.0003398800    0.0013941700
  -0.0000054000   -0.0015969200   -0.0056965900
  -0.0022271500    0.0012910700   -0.0026505300
  -0.0002981400    0.0012551000    0.0013866600
   0.0003702400    0.0012506300    0.0013885200
   0.0022679100    0.0012828700   -0.0025989200
   0.0046295800    0.0034803400    0.0033559300
   0.0038469200    0.0073256900   -0.0070318400
  -0.0041866100    0.0078639500   -0.0064383800
  -0.0059923600    0.0033854600   -0.0077760400
   0.0017850800   -0.0038114100   -0.0042356700
   0.0068102600   -0.0005547000   -0.0059001100
   0.0001361900    0.0000554500   -0.0086484900
  -0.0088086300   -0.0002031700   -0.0064413000
  -0.0099842100   -0.0007297300   -0.0083341100
   0.0109789900   -0.0011763700   -0.0080662000
   0.0045839400   -0.0076168300   -0.0064560800
  -0.0045545100   -0.0075579100   -0.0064564200
  -0.0066789600   -0.0038722600   -0.0080272200
  -0.0000323900    0.0014715300   -0.0060960700
   0.0067518300   -0.0039390200   -0.0083101900
  -0.0000136700   -0.0068334500   -0.0077797900
  -0.0056037400   -0.0084002500   -0.0084062300
   0.0011923400   -0.0008596200   -0.0060836000
  -0.0011962600   -0.0007084100   -0.0060865400
   0.0056860000   -0.0083831400   -0.0081266300
  -0.0027329600    0.0038831800   -0.0039976000
   0.0042602900    0.0091541500   -0.0089602900
   0.0000656200    0.0077293400   -0.0082754300
  -0.0044012400    0.0090796000   -0.0081249100
   0.0019941100    0.0011224400   -0.0057231900
  -0.0696340500    0.0035259400   -0.1203717200
   0.0091894100    0.0052402400   -0.0162608900
  -0.0024699000    0.0055775100   -0.0133718300
  -0.0048919000    0.0028723500   -0.0078452800
   0.0045516800   -0.0030122900   -0.0102233500
   0.0075356100    0.0031662600   -0.0158853600
  -0.0000741500   -0.0000710700   -0.0116782500
  -0.0059636100   -0.0005465800   -0.0132421700
  -0.0083527400   -0.0001158500   -0.0059120000
   0.0089208400   -0.0020739700   -0.0076497000
   0.0035694600   -0.0050013500   -0.0133368800
  -0.0034389800   -0.0049478300   -0.0132305800
  -0.0044927900   -0.0026412700   -0.0076469500
   0.0000070100    0.0027201800   -0.0079698900
   0.0045947000   -0.0027311000   -0.0075459200
   0.0000814000   -0.0057089700   -0.0078159300
  -0.0042523900   -0.0070906400   -0.0058461900
   0.0023705000   -0.0014490100   -0.0079752900
  -0.0023205400   -0.0013877500   -0.0078119900
   0.0043612600   -0.0070918500   -0.0059409100
  -0.0022034500    0.0031544000   -0.0106839100
   0.0056173600    0.0040003800   -0.0084855000
  -0.0001549900    0.0053672200   -0.0075402600
  -0.0039194900    0.0072806200   -0.0059358000
   0.0027237200    0.0015448900   -0.0087928000
   0.0488511100    0.0241877500    0.0557084300
   0.0004369600    0.0030641100    0.0178837500
   0.0007505200   -0.0001015000    0.0029781200
  -0.0002465500   -0.0009836800    0.0027384600
   0.0007074500   -0.0003464600    0.0035266600
   0.0063509100   -0.0280676200    0.0369669900
   0.0004122400    0.0015202800    0.0044192100
  -0.0006157900    0.0003506300    0.0032617900
   0.0005436500    0.0008409200    0.0028357700
   0.0017047100   -0.0027602300    0.0056314200
   0.0008087200    0.0009183600    0.0030021000
  -0.0000030800   -0.0007801500    0.0033358400
  -0.0002168200   -0.0001267500    0.0028184300
   0.0002757000    0.0006524900    0.0022246900
  -0.0000021900    0.0003673300    0.0028795500
  -0.0009714800    0.0001963100    0.0027349000
   0.0010485400    0.0001205800    0.0028041700
   0.0007175200   -0.0000523800    0.0021188300
   0.0001316200   -0.0000035800    0.0011821400
  -0.0006948300    0.0000057000    0.0022579900
  -0.0002437600    0.0000651200    0.0032684600
  -0.0026490300    0.0013476500    0.0047766500
   0.0006869200   -0.0003453700    0.0025978300
  -0.0003701300   -0.0005797600    0.0022637400
   0.0003979000    0.0002384100    0.0029231100

101  
 -0.0063155149003714   0.0000000000000000  -0.0077533393801115
   0.0000075800    0.0000211000    0.0015555700
  -0.0000696200    0.0000288900    0.0027094800
   0.0000576400    0.0000350700    0.0030982200
  -0.0000632100    0.0000285600    0.0031276100
   0.0000769500    0.0000062900    0.0026886200
  -0.0000402300   -0.0000432900    0.0027076300
  -0.0006966700   -0.0003895800    0.0028948700
   0.0000026900    0.0004987700    0.0033561000
   0.0006782500   -0.0003543200    0.0028749200
   0.0000528000   -0.0000456500    0.0026813500
   0.0000417200    0.0000694900    0.0030917100
   0.0004182100   -0.0002124200    0.0033720000
  -0.0004082400   -0.0002126900    0.0033653300
  -0.0000431300    0.0000816100    0.0031299100
   0.0000057700   -0.0006065200    0.0027327100
  -0.0000161400   -0.0000345300    0.0031311600
   0.0000127900    0.0007949200    0.0028775000
   0.0000268800   -0.0000495000    0.0031287500
   0.0005093300    0.0003076000    0.0032403000
  -0.0005161000    0.0003194700    0.0032358400
   0.0000284200    0.0000893500    0.0026859100
  -0.0000334500    0.0000988600    0.0026918100
  -0.0005431800    0.0003448500    0.0027276800
   0.0000038900   -0.0005711600    0.0032322700
   0.0005547000    0.0003406500    0.0027555100
   0.0034502200    0.0020116500    0.0111834700
  -0.0016080400    0.0031901400    0.0052173000
  -0.0000005900    0.0018131300    0.0156915100
   0.0016127600    0.0031908900    0.0052235900
  -0.0034406500    0.0020193300    0.0111940700
   0.0019419200   -0.0029626000    0.0052161300
  -0.0037943000   -0.0021721200    0.0113797500
   0.0037930900   -0.0021718600    0.0113785200
  -0.0019320300   -0.0029619100    0.0052294500
   0.0000000600   -0.0022766300    0.0153391900
   0.0015545400   -0.0008734700    0.0156841200
  -0.0000014700    0.0044040800    0.0113783800
  -0.0015467200   -0.0008711600    0.0156852700
   0.0005270900    0.0011540300    0.0157294900
  -0.0005268000    0.0011544300    0.0157341200
   0.0035533200   -0.0001639400    0.0052307300
  -0.0035488700   -0.0001633800    0.0052318100
   0.0012448000   -0.0000943600    0.0157254600
   0.0000043500    0.0000219300    0.0205623100
  -0.0012434500   -0.0000953900    0.0157288000
   0.0000040500   -0.0039590400    0.0111963100
  -0.0019918200    0.0011743300    0.0153335800
   0.0007218000   -0.0009949200    0.0157318200
  -0.0007205000   -0.0009964700    0.0157284000
   0.0019971600    0.0011690400    0.0153333300
   0.0013285300    0.0007934600   -0.0056936400
  -0.0021953500    0.0047583700   -0.0034844600
  -0.0000001700    0.0030213700   -0.0023710100
   0.0022318700    0.0047800600   -0.0034455400
  -0.0013321500    0.0008433300   -0.0057171500
   0.0030007500   -0.0042532200   -0.0034460100
  -0.0004874900   -0.0002764600   -0.0046824900
   0.0005031500   -0.0002700100   -0.0047011900
  -0.0029895400   -0.0042960200   -0.0034467400
   0.0000069900   -0.0025446700   -0.0025666700
   0.0026029000   -0.0014961900   -0.0023591600
   0.0000004300    0.0006074600   -0.0046976900
  -0.0025943300   -0.0014774800   -0.0023725600
  -0.0009085300   -0.0009129200    0.0013468900
   0.0009105300   -0.0009160000    0.0013521800
   0.0052402300   -0.0004221100   -0.0034536400
  -0.0052382500   -0.0004192500   -0.0034550700
  -0.0012606300   -0.0003095500    0.0013414700
   0.0000091000    0.0000263200    0.0149206500
   0.0012519500   -0.0003168100    0.0013493500
   0.0000376300   -0.0015432500   -0.0057143100
  -0.0022085400    0.0013065600   -0.0026034500
  -0.0003328800    0.0012786000    0.0013551400
   0.0003329100    0.0012775100    0.0013557200
   0.0022330900    0.0013064400   -0.0026551900
   0.0074950600    0.0035051900   -0.0190831300
   0.0046404800    0.0081809500   -0.0058963800
  -0.0042543300    0.0076600300   -0.0064984100
  -0.0060401900    0.0036002300   -0.0077886300
  -0.0017566200   -0.0003773000   -0.0066761400
   0.0108959300    0.0001600700   -0.0070440500
  -0.0001010800   -0.0000354700   -0.0079975400
  -0.0088225100   -0.0001924800   -0.0064986200
  -0.0101229000   -0.0006461700   -0.0079796600
   0.0092256700   -0.0002068800   -0.0082271500
   0.0046406100   -0.0074558900   -0.0064848100
  -0.0046028600   -0.0075134400   -0.0064827000
  -0.0067028000   -0.0038536200   -0.0081152200
   0.0000673000    0.0013622600   -0.0061403000
   0.0066943100   -0.0037865500   -0.0078301600
   0.0000493300   -0.0070808100   -0.0077846800
  -0.0056408100   -0.0083185400   -0.0079032800
   0.0012786700   -0.0005268800   -0.0061521600
  -0.0012058800   -0.0006785200   -0.0061473900
   0.0056238000   -0.0083331900   -0.0081828000
  -0.0008574800   -0.0018109000   -0.0069300300
   0.0046305700    0.0090210200   -0.0073336300
  -0.0000315800    0.0077770900   -0.0078692700
  -0.0044197000    0.0090736700   -0.0081833600
   0.0016751000    0.0009963800   -0.0051680200
   0.0765684900   -0.0001151900    0.1018750100
  -0.0039814600    0.0057799000   -0.0101864600
  -0.0026151300    0.0054413300   -0.0130568800
  -0.0050149900    0.0028862500   -0.0075470800
  -0.0045818400   -0.0032288100   -0.0074389600
   0.0045641100   -0.0042403300   -0.0105373000
   0.0001076100    0.0000885000   -0.0119398900
  -0.0060859900   -0.0005065400   -0.0131853300
  -0.0081978300   -0.0002105000   -0.0058961900
   0.0077308100    0.0017495400   -0.0041394200
   0.0034307400   -0.0049119200   -0.0130864900
  -0.0034969400   -0.0049602900   -0.0131963500
  -0.0045772400   -0.0025950500   -0.0075673200
   0.0000280000    0.0027472600   -0.0076068200
   0.0045429600   -0.0025099100   -0.0076687300
  -0.0000459900   -0.0057502800   -0.0075740700
  -0.0043045700   -0.0070813000   -0.0059693100
   0.0023811700   -0.0012537100   -0.0076035200
  -0.0023642300   -0.0013177300   -0.0077666000
   0.0042620300   -0.0070803100   -0.0058729500
  -0.0031563100    0.0000005300   -0.0069807500
   0.0024073800    0.0105642900   -0.0033305100
   0.0001834900    0.0051667200   -0.0076743300
  -0.0040415600    0.0072729900   -0.0058791300
   0.0027217500    0.0015984900   -0.0089049200
  -0.0525199300   -0.0263093100   -0.0522251900
   0.0002439500   -0.0048085900   -0.0122883500
  -0.0006800800    0.0006141100    0.0026704100
  -0.0004757000   -0.0008135100    0.0027138100
   0.0009182300   -0.0005751600    0.0020957100
  -0.0075195800    0.0303404200   -0.0320565000
   0.0008647900   -0.0007985800    0.0023356000
  -0.0005748800    0.0003755800    0.0034686700
   0.0006828200    0.0007361600    0.0026177100
  -0.0016494900    0.0018050700    0.0000608100
  -0.0003299300   -0.0011351900    0.0026454700
   0.0000385100   -0.0006174000    0.0033953600
  -0.0001770000   -0.0001020300    0.0028421600
   0.0004785900    0.0005189700    0.0021554200
  -0.0006991800    0.0008303900    0.0014983500
  -0.0009471600    0.0000748600    0.0027143400
   0.0009378900    0.0001502200    0.0026498900
   0.0006713900    0.0001159600    0.0022616900
  -0.0000973300    0.0000211700    0.0011525700
  -0.0006261000    0.0000563700    0.0021204800
   0.0002731200    0.0018234400    0.0023499100
   0.0018613900   -0.0008247100    0.0009484100
   0.0000042900   -0.0008517200    0.0017767900
  -0.0002317900   -0.0005951300    0.0021170600
   0.0004908500    0.0002773000    0.0027961800

126  
  0.0063155149003714  -0.0000000000000000   0.0077533393801115
   0.0001898800    0.0001579100    0.0016444800
  -0.0002080400    0.0000180800    0.0024895800
   0.0001069400   -0.0000215500    0.0032145500
  -0.0000533900    0.0000393600    0.0031605200
   0.0000537700   -0.0000838000    0.0027142400
  -0.0001367300   -0.0002370600    0.0026074000
  -0.0005951100   -0.0003455200    0.0026434800
  -0.0000071600    0.0005229100    0.0033781700
   0.0006670200   -0.0003457800    0.0028810500
   0.0000508700   -0.0000424600    0.0025205100
   0.0000289100    0.0001127000    0.0032782300
   0.0004501000   -0.0002656900    0.0033708300
  -0.0004164500   -0.0002333400    0.0033328500
  -0.0000689000    0.0000551000    0.0031528600
   0.0000462300   -0.0005757900    0.0027168600
  -0.0000002000   -0.0000579400    0.0031478100
   0.0000385200    0.0007668800    0.0028720400
   0.0000015500   -0.0000762900    0.0031505300
   0.0004923000    0.0002763800    0.0032775300
  -0.0004996800    0.0003066100    0.0032746300
  -0.0000364000    0.0000781600    0.0028026700
  -0.0000192100    0.0000360000    0.0024892900
  -0.0004895100    0.0003251900    0.0027420000
   0.0000104300   -0.0005818300    0.0032667000
   0.0005539900    0.0003168000    0.0027978800
   0.0034461100    0.0019950500    0.0111343600
  -0.0016037100    0.0031789100    0.0052551800
  -0.0000051200    0.0017843000    0.0156705900
   0.0016155600    0.0031699300    0.0052097500
  -0.0034277300    0.0020007800    0.0111966500
   0.0019432300   -0.0029838900    0.0052457800
  -0.0037939700   -0.0021902800    0.0113763100
   0.0037983100   -0.0021953000    0.0113674200
  -0.0019402900   -0.0029716200    0.0052247300
   0.0000007200   -0.0022978700    0.0153516200
   0.0015325600   -0.0008908200    0.0156667500
  -0.0000047900    0.0043941700    0.0113661700
  -0.0015369500   -0.0008826400    0.0156731800
   0.0005249700    0.0011416200    0.0157083300
  -0.0005142400    0.0011284000    0.0157184900
   0.0035474600   -0.0001641900    0.0052172200
  -0.0035429400   -0.0001840100    0.0052281800
   0.0012461400   -0.0001123100    0.0157049300
   0.0000040500    0.0000080300    0.0205393200
  -0.0012467900   -0.0001106500    0.0157058800
   0.0000113200   -0.0039637400    0.0112029300
  -0.0019926800    0.0011499300    0.0153545900
   0.0007190900   -0.0010014600    0.0157130500
  -0.0007238900   -0.0010143900    0.0157039000
   0.0020131300    0.0011570400    0.0153250800
   0.0015510000    0.0007957500   -0.0061619000
  -0.0023152100    0.0049134800   -0.0032193200
  -0.0000145000    0.0029867200   -0.0023896200
   0.0022469800    0.0047822400   -0.0034500700
  -0.0012848600    0.0011502700   -0.0054707800
   0.0031262400   -0.0045575900   -0.0033111400
  -0.0005250200   -0.0002902200   -0.0047657100
   0.0005076400   -0.0002862400   -0.0046720600
  -0.0029317100   -0.0043657000   -0.0034474700
  -0.0002328000   -0.0027170100   -0.0023048300
   0.0026158300   -0.0014765600   -0.0023897200
  -0.0000006400    0.0005934000   -0.0046694700
  -0.0026006100   -0.0014958200   -0.0023676100
  -0.0008799500   -0.0009499300    0.0013521900
   0.0008643100   -0.0008932900    0.0012993600
   0.0052504800   -0.0004691200   -0.0034634700
  -0.0052573600   -0.0003861100   -0.0034907300
  -0.0012553300   -0.0002763000    0.0013533500
   0.0000042700    0.0000160500    0.0149410800
   0.0012417700   -0.0003358100    0.0013674200
   0.0003580900   -0.0016061600   -0.0055810600
  -0.0023877400    0.0012203100   -0.0023103900
  -0.0003556600    0.0012467200    0.0013254200
   0.0003186800    0.0012539100    0.0013697100
   0.0021840900    0.0012917800   -0.0027219600
   0.0077493000    0.0006011000    0.0055237000
   0.0041971000    0.0071667300   -0.0056427700
  -0.0041586400    0.0077681500   -0.0064711600
  -0.0054590500    0.0042592200   -0.0076330200
   0.0478992200   -0.0258511500    0.0477377200
   0.0087951300   -0.0001324400   -0.0057173400
  -0.0000369400   -0.0000027700   -0.0082886300
  -0.0089014800   -0.0001738200   -0.0063930600
  -0.0099518100   -0.0013877200   -0.0079252100
   0.0077940900   -0.0021070200   -0.0064352200
   0.0046228200   -0.0075102900   -0.0064255900
  -0.0046173100   -0.0075584300   -0.0064154200
  -0.0066965800   -0.0039063300   -0.0081213900
   0.0001230200    0.0013646800   -0.0061246500
   0.0066319600   -0.0040086400   -0.0080920200
   0.0006451800   -0.0070720200   -0.0073659100
  -0.0054601800   -0.0078055700   -0.0075812200
   0.0011152100   -0.0005662300   -0.0060850800
  -0.0012294200   -0.0006972800   -0.0061430400
   0.0056003300   -0.0082255100   -0.0082157600
   0.0049180500    0.0278532900    0.0279672700
   0.0038876100    0.0080679900   -0.0073782800
  -0.0001938900    0.0078195700   -0.0080460500
  -0.0043570800    0.0089278700   -0.0082087800
   0.0037184500    0.0034602500   -0.0027917100
   0.0551686500    0.0278901200    0.0484140500
   0.0031973600    0.0046276300   -0.0131391900
  -0.0024552900    0.0055029200   -0.0132364700
  -0.0050116900    0.0034236900   -0.0069570900
   0.0015535400   -0.0000227700    0.0050442300
   0.0061017900    0.0002307300   -0.0130468800
  -0.0000764500   -0.0000111800   -0.0117649300
  -0.0061068500   -0.0005192900   -0.0131868500
  -0.0082872400   -0.0001763500   -0.0052666300
   0.0060338700    0.0010688700   -0.0040253200
   0.0035202500   -0.0049199600   -0.0132870800
  -0.0035318300   -0.0049519600   -0.0131776200
  -0.0045109100   -0.0026575200   -0.0075765200
  -0.0000641600    0.0028450800   -0.0078342300
   0.0046697500   -0.0025395000   -0.0076248700
   0.0001394300   -0.0062637100   -0.0071994600
  -0.0035353700   -0.0069821600   -0.0056035500
   0.0023256300   -0.0014624200   -0.0078554300
  -0.0023926500   -0.0013565400   -0.0078346900
   0.0041815800   -0.0072394900   -0.0059047800
   0.0041893400   -0.0263587100    0.0259576700
   0.0058011200    0.0049232600   -0.0032451300
   0.0000744600    0.0053762800   -0.0076586100
  -0.0041843700    0.0072185900   -0.0059179700
   0.0023619700    0.0026695400   -0.0077395600
  -0.1354380000   -0.0017230000   -0.1986564100
   0.0021484100    0.0050378100   -0.0009930600
   0.0010674300    0.0000725500    0.0032263800
   0.0006238700   -0.0006711600    0.0031560700
   0.0026474700   -0.0063743900   -0.0012363200
   0.0015221800   -0.0054385200   -0.0011234700
   0.0010376600   -0.0000062800    0.0032561300
  -0.0006448600    0.0003704700    0.0033400500
   0.0009649300    0.0011779800    0.0026717500
   0.0022430500    0.0055667900   -0.0010587100
   0.0003016700    0.0006660200    0.0032508900
   0.0000463600   -0.0007475700    0.0033605800
  -0.0001888700   -0.0000841800    0.0027855300
   0.0003726900   -0.0001822700    0.0025938900
   0.0006945400    0.0006186300    0.0021093300
  -0.0009152100    0.0004567100    0.0031622300
   0.0020278600    0.0001001400    0.0026449300
   0.0007194200   -0.0003705200    0.0025769200
   0.0000128100    0.0000306900    0.0011351500
  -0.0006169300   -0.0000263400    0.0021741600
   0.0022215400    0.0067666600   -0.0012027900
   0.0017072900   -0.0053350300   -0.0008959000
   0.0007518600   -0.0002329800    0.0020942700
  -0.0003504700   -0.0005629700    0.0021660800
   0.0007890400   -0.0001428000    0.0027935600

126  
 -0.0063155149003714   0.0000000000000000  -0.0077533393801115
  -0.0001925900   -0.0001613500    0.0015093600
   0.0000492300   -0.0000566200    0.0028357500
   0.0000154000    0.0000341300    0.0030068800
  -0.0000897200   -0.0000277600    0.0030593200
   0.0000945400    0.0000419500    0.0026131900
   0.0000119200    0.0001211900    0.0027132100
  -0.0007536500   -0.0004411500    0.0030501200
  -0.0000023500    0.0004385700    0.0033137700
   0.0006763000   -0.0004300600    0.0028108000
   0.0000589600   -0.0000654800    0.0028082100
   0.0000379600   -0.0000014300    0.0029436300
   0.0003818100   -0.0002141500    0.0033205100
  -0.0004268400   -0.0002452500    0.0033598900
  -0.0000069700    0.0000498300    0.0030688500
  -0.0000579000   -0.0007011200    0.0027429500
  -0.0000546700   -0.0000583100    0.0030740100
  -0.0000473300    0.0007900600    0.0028192400
   0.0000407900   -0.0000445400    0.0030693800
   0.0005342100    0.0003086100    0.0031494800
  -0.0005358800    0.0002868400    0.0031528800
   0.0000752700    0.0000704200    0.0025209100
  -0.0000328800    0.0001217300    0.0028367100
  -0.0006219800    0.0003219200    0.0027151200
  -0.0000149900   -0.0005996900    0.0031607500
   0.0005438900    0.0003200400    0.0026605700
   0.0034393100    0.0019827200    0.0112289400
  -0.0016242500    0.0031552200    0.0051926400
  -0.0000048200    0.0017920700    0.0156950700
   0.0015981500    0.0031706100    0.0052279200
  -0.0034653600    0.0019857000    0.0111686100
   0.0019269500   -0.0029815800    0.0051908600
  -0.0037973600   -0.0021917900    0.0113675000
   0.0037815300   -0.0021865000    0.0113785600
  -0.0019388300   -0.0029955500    0.0052215700
  -0.0000118800   -0.0022989900    0.0153144100
   0.0015616400   -0.0008951700    0.0156835000
  -0.0000006800    0.0043708900    0.0113783100
  -0.0015676700   -0.0009037200    0.0156833100
   0.0005178400    0.0011232400    0.0157364000
  -0.0005439800    0.0011435500    0.0157300300
   0.0035488100   -0.0002096400    0.0052316700
  -0.0035648100   -0.0001916700    0.0052215100
   0.0012308700   -0.0001211500    0.0157328100
  -0.0000049100   -0.0000069000    0.0205764600
  -0.0012494800   -0.0001214000    0.0157403600
  -0.0000196100   -0.0039950700    0.0111677400
  -0.0020023600    0.0011508400    0.0153007900
   0.0007214200   -0.0010307400    0.0157334200
  -0.0007256800   -0.0010231700    0.0157398200
   0.0019677300    0.0011359100    0.0153277500
   0.0011712100    0.0007835000   -0.0052990200
  -0.0021560300    0.0046114600   -0.0036802800
   0.0000041800    0.0030141000   -0.0023776900
   0.0022100100    0.0047483200   -0.0034405800
  -0.0014445100    0.0004414600   -0.0059731800
   0.0028863300   -0.0040838200   -0.0035765300
  -0.0004906400   -0.0002948600   -0.0046036800
   0.0004957100   -0.0002989200   -0.0046988900
  -0.0030890000   -0.0042730400   -0.0034512500
   0.0002220300   -0.0024422600   -0.0030012300
   0.0025784100   -0.0015215600   -0.0023624200
  -0.0000055700    0.0005780500   -0.0047004500
  -0.0026032100   -0.0015034000   -0.0023904600
  -0.0009595500   -0.0008873600    0.0013442700
   0.0009595400   -0.0009373100    0.0013935900
   0.0052298500   -0.0004236100   -0.0034383100
  -0.0052357700   -0.0005071800   -0.0034108100
  -0.0012606800   -0.0004012800    0.0013501500
  -0.0000056300   -0.0000149900    0.0148976900
   0.0012563900   -0.0003409800    0.0013276400
  -0.0003583300   -0.0015507100   -0.0058696100
  -0.0020902700    0.0013590600   -0.0029866500
  -0.0003166400    0.0012683700    0.0013700100
   0.0003438800    0.0012556700    0.0013279500
   0.0022780100    0.0012789000   -0.0025778100
   0.0042259400    0.0063068800   -0.0211427700
   0.0042486600    0.0083252000   -0.0073510500
  -0.0043223500    0.0077368500   -0.0065118800
  -0.0066201000    0.0027163600   -0.0079887200
  -0.0498146000    0.0228095800   -0.0606911700
   0.0088471900   -0.0002859500   -0.0072571100
   0.0000342200    0.0000052400   -0.0084006800
  -0.0087695000   -0.0002403600   -0.0065942500
  -0.0101930100   -0.0000264300   -0.0084493800
   0.0123152200    0.0007058700   -0.0099258900
   0.0045612700   -0.0075809400   -0.0065627100
  -0.0045801800   -0.0075344100   -0.0065722700
  -0.0067232900   -0.0038385600   -0.0080662900
  -0.0001298500    0.0014508200   -0.0061570400
   0.0067749200   -0.0037365800   -0.0080959800
  -0.0006522500   -0.0068624700   -0.0082296700
  -0.0058386200   -0.0089077200   -0.0087811400
   0.0013160100   -0.0008378600   -0.0061980800
  -0.0012123900   -0.0007089700   -0.0061362900
   0.0056690100   -0.0085101000   -0.0081389000
  -0.0085035000   -0.0265265100   -0.0395644300
   0.0049290600    0.0100649900   -0.0089898800
   0.0001848100    0.0076699400   -0.0081454300
  -0.0045059400    0.0092065900   -0.0081464500
  -0.0001328900   -0.0013851900   -0.0081610900
  -0.0433132200   -0.0209887100   -0.0618442700
   0.0019171700    0.0063825700   -0.0133154300
  -0.0026638500    0.0054966800   -0.0132379500
  -0.0049129200    0.0023042100   -0.0084719600
  -0.0014866900   -0.0062742900   -0.0227743400
   0.0059787600   -0.0013188500   -0.0134029000
   0.0000717500    0.0000110800   -0.0118967800
  -0.0059845100   -0.0005500100   -0.0132835200
  -0.0082905200   -0.0001732200   -0.0066019400
   0.0105626900   -0.0014136100   -0.0078303200
   0.0034406700   -0.0050061500   -0.0131856900
  -0.0034422900   -0.0049779200   -0.0132918700
  -0.0045990500   -0.0025994600   -0.0076805000
   0.0000595500    0.0026052300   -0.0077901300
   0.0044288400   -0.0027149300   -0.0076328900
  -0.0001294300   -0.0051925000   -0.0082246600
  -0.0050641000   -0.0072115100   -0.0062701600
   0.0023893200   -0.0012640400   -0.0077707500
  -0.0023332600   -0.0013682800   -0.0077905900
   0.0044026700   -0.0069487300   -0.0059533900
  -0.0096568500    0.0286970200   -0.0430432900
   0.0022275800    0.0095888800   -0.0086006600
  -0.0000769900    0.0051377900   -0.0075991400
  -0.0038132100    0.0073145100   -0.0059404600
   0.0030691600    0.0004512000   -0.0099937700
   0.1347294300    0.0000119500    0.2054398200
  -0.0011142000   -0.0068084300    0.0064428600
  -0.0010625000    0.0004247100    0.0023986000
  -0.0013996000   -0.0011444600    0.0022430800
  -0.0013010000    0.0054720600    0.0067602200
  -0.0026613100    0.0071232900    0.0064617800
   0.0001813400    0.0007052800    0.0034314900
  -0.0005874900    0.0003370000    0.0033437700
   0.0002215400    0.0003775100    0.0027300300
  -0.0023038400   -0.0064358700    0.0067891500
   0.0001233900   -0.0009155000    0.0023670700
  -0.0000514400   -0.0006694000    0.0033238600
  -0.0002484400   -0.0001635100    0.0028289300
   0.0003317300    0.0013336600    0.0017361300
  -0.0014145700    0.0005233400    0.0022261700
  -0.0010406400   -0.0002078200    0.0022363400
  -0.0000812800    0.0001540600    0.0027618100
   0.0006257200    0.0004116700    0.0017624900
  -0.0000167000   -0.0000307400    0.0011543800
  -0.0007449100    0.0000692400    0.0021619600
  -0.0023023800   -0.0049540200    0.0066623400
  -0.0024933100    0.0057553700    0.0066725100
  -0.0001210400   -0.0009581700    0.0022574600
  -0.0002933100   -0.0006313200    0.0021701500
   0.0000608700    0.0006431600    0.0028656000
