   3   48
1 1
    26.957620513180913    -0.000000000000003     0.000000000000000
    -0.000000000000003    26.957620513180917     0.000000000000000
     0.000000000000000     0.000000000000000    29.184045436253555
1 2
    -1.064524070548398    -0.975229535513366     0.000000000000000
     0.975229535513317    -0.425865939507221     0.000000000000000
     0.000000000000000     0.000000000000000     0.669107080833914
1 3
    -0.294992876122104    -0.000000000000007     0.000000000000000
    -0.000000000000007     0.084161800792639     0.000000000000000
     0.000000000000000     0.000000000000000    -0.141052490972615
1 4
    -1.064524070548398     0.975229535513317     0.000000000000000
    -0.975229535513366    -0.425865939507221     0.000000000000000
     0.000000000000000     0.000000000000000     0.669107080833914
1 5
    -0.585530472267494     0.698682452605750     0.000000000000000
    -1.251776618420933    -0.904859537788129     0.000000000000000
     0.000000000000000     0.000000000000000     0.669107080833913
1 6
    -0.071807274233813     0.073736096720069     0.000000000000000
     0.073736096720069    -0.156950384814470     0.000000000000000
     0.000000000000000     0.000000000000000    -0.018319258197120
1 7
    -0.071807274233817    -0.073736096720073     0.000000000000000
    -0.073736096720072    -0.156950384814472     0.000000000000000
     0.000000000000000     0.000000000000000    -0.018319258197120
1 8
    -0.585530472267531    -0.698682452605712     0.000000000000000
     1.251776618420972    -0.904859537788089     0.000000000000000
     0.000000000000000     0.000000000000000     0.669107080833913
1 9
    -0.010626868436046    -0.164178791085924     0.000000000000000
    -0.164178791085924    -0.200204206893429     0.000000000000000
     0.000000000000000     0.000000000000000    -0.141052490972615
1 10
    -0.199521940104806     0.000000000000001     0.000000000000000
     0.000000000000001    -0.029235718943492     0.000000000000000
     0.000000000000000     0.000000000000000    -0.018319258197120
1 11
    -0.010626868436060     0.164178791085933     0.000000000000000
     0.164178791085933    -0.200204206893421     0.000000000000000
     0.000000000000000     0.000000000000000    -0.141052490972615
1 12
    -0.199521940104806     0.000000000000001     0.000000000000000
     0.000000000000001    -0.029235718943492     0.000000000000000
     0.000000000000000     0.000000000000000    -0.018319258197120
1 13
    -0.585530472267494    -1.251776618420933     0.000000000000000
     0.698682452605750    -0.904859537788129     0.000000000000000
     0.000000000000000     0.000000000000000     0.669107080833913
1 14
    -0.585530472267531     1.251776618420972     0.000000000000000
    -0.698682452605712    -0.904859537788089     0.000000000000000
     0.000000000000000     0.000000000000000     0.669107080833913
1 15
    -0.071807274233817    -0.073736096720072     0.000000000000000
    -0.073736096720073    -0.156950384814472     0.000000000000000
     0.000000000000000     0.000000000000000    -0.018319258197120
1 16
    -0.071807274233813     0.073736096720069     0.000000000000000
     0.073736096720069    -0.156950384814470     0.000000000000000
     0.000000000000000     0.000000000000000    -0.018319258197120
1 17
    -4.572292874828547    -1.780025398850296     3.351747392309288
    -1.780025398850298    -2.516896588447946     1.935132259205564
     3.359446359598683     1.939577260042578    -5.006975517717523
1 18
    -0.081190045317975     0.101356549873238    -0.000899298187594
    -0.028079801181157    -0.024500021521756    -0.010902401567601
     0.054067158057152    -0.014093036609400    -0.076698090715160
1 19
    -0.081190045317975    -0.101356549873242     0.000899298187594
     0.028079801181154    -0.024500021521759    -0.010902401567601
    -0.054067158057152    -0.014093036609402    -0.076698090715160
1 20
    -4.572292874828638     1.780025398850092    -3.351747392309322
     1.780025398850092    -2.516896588447761     1.935132259205404
    -3.359446359598717     1.939577260042418    -5.006975517717517
1 21
    -0.006942764533775    -0.070946488728513    -0.009891405813598
     0.058489862325882    -0.098747302305964     0.004672385707767
     0.014828651308370     0.053870050692625    -0.076698090715160
1 22
     0.024876530422350     0.000000000000000     0.000000000000000
     0.000000000000000     0.024876530422351     0.000000000000000
     0.000000000000000     0.000000000000000    -0.028383567182146
1 23
    -0.006942764533775     0.070946488728513     0.009891405813598
    -0.058489862325882    -0.098747302305964     0.004672385707767
    -0.014828651308371     0.053870050692624    -0.076698090715160
1 24
     0.447140879801872     0.000000000000010     0.000000000000000
     0.000000000000010    -0.314135202557778     0.173414585814716
     0.000000000000000     0.212193112690676    -0.284122605579059
1 25
    -0.070402290407847     0.021851487979838    -0.008992107626004
    -0.107584863074557    -0.035287776431889     0.006230015859834
    -0.039238506748781    -0.039777014083223    -0.076698090715160
1 26
    -0.070402290407849    -0.021851487979839     0.008992107626004
     0.107584863074556    -0.035287776431887     0.006230015859834
     0.039238506748782    -0.039777014083223    -0.076698090715160
1 27
    -0.006739782213161    -0.002726969282185    -0.015143789758837
    -0.002726969282185    -0.003590949314879    -0.008743271093817
    -0.007762522997501    -0.004481694742199     0.009686343928203
1 28
    -0.006739782213162     0.002726969282185     0.015143789758837
     0.002726969282185    -0.003590949314879    -0.008743271093816
     0.007762522997502    -0.004481694742198     0.009686343928203
1 29
    -1.489198445257224     0.000000000000045     0.000000000000042
     0.000000000000045    -5.599991018019405    -3.870264518410922
     0.000000000000042    -3.879154520084950    -5.006975517717518
1 30
    -0.123816181967847     0.329642213308475     0.150181436702294
     0.329642213308474     0.256821859212001    -0.086707292907354
     0.183764626098212    -0.106096556345334    -0.284122605579059
1 31
    -0.002016532865738     0.000000000000000    -0.000000000000000
     0.000000000000000    -0.008314198662303     0.017486542187632
    -0.000000000000000     0.008963389484397     0.009686343928203
1 32
    -0.123816181967835    -0.329642213308482    -0.150181436702293
    -0.329642213308482     0.256821859211981    -0.086707292907357
    -0.183764626098210    -0.106096556345336    -0.284122605579059
1 33
    -4.572292874828822    -1.780025398850212    -3.351747392309384
    -1.780025398850212    -2.516896588447729    -1.935132259205454
    -3.359446359598778    -1.939577260042468    -5.006975517717518
1 34
    -0.081190045317981     0.101356549873239     0.000899298187594
    -0.028079801181156    -0.024500021521755     0.010902401567600
    -0.054067158057154     0.014093036609400    -0.076698090715160
1 35
    -0.081190045317980    -0.101356549873240    -0.000899298187594
     0.028079801181155    -0.024500021521756     0.010902401567600
     0.054067158057153     0.014093036609401    -0.076698090715160
1 36
    -4.572292874829000     1.780025398850178     3.351747392309462
     1.780025398850178    -2.516896588447628    -1.935132259205377
     3.359446359598857    -1.939577260042391    -5.006975517717518
1 37
    -0.006942764533775    -0.070946488728511     0.009891405813598
     0.058489862325884    -0.098747302305957    -0.004672385707767
    -0.014828651308370    -0.053870050692623    -0.076698090715160
1 38
     0.024876530422351    -0.000000000000000     0.000000000000000
    -0.000000000000000     0.024876530422350     0.000000000000000
     0.000000000000000     0.000000000000000    -0.028383567182146
1 39
    -0.006942764533775     0.070946488728515    -0.009891405813598
    -0.058489862325880    -0.098747302305957    -0.004672385707767
     0.014828651308372    -0.053870050692623    -0.076698090715160
1 40
     0.447140879801903     0.000000000000008     0.000000000000002
     0.000000000000008    -0.314135202557756    -0.173414585814710
     0.000000000000002    -0.212193112690668    -0.284122605579059
1 41
    -0.070402290407851     0.021851487979840     0.008992107626005
    -0.107584863074555    -0.035287776431885    -0.006230015859833
     0.039238506748782     0.039777014083222    -0.076698090715160
1 42
    -0.070402290407855    -0.021851487979838    -0.008992107626004
     0.107584863074557    -0.035287776431885    -0.006230015859833
    -0.039238506748784     0.039777014083222    -0.076698090715160
1 43
    -0.006739782213162    -0.002726969282185     0.015143789758838
    -0.002726969282185    -0.003590949314879     0.008743271093816
     0.007762522997502     0.004481694742198     0.009686343928203
1 44
    -0.006739782213162     0.002726969282185    -0.015143789758838
     0.002726969282185    -0.003590949314879     0.008743271093816
    -0.007762522997502     0.004481694742198     0.009686343928203
1 45
    -1.489198445257328     0.000000000000130    -0.000000000000088
     0.000000000000130    -5.599991018019015     3.870264518410787
    -0.000000000000089     3.879154520084815    -5.006975517717518
1 46
    -0.123816181967863     0.329642213308473    -0.150181436702300
     0.329642213308473     0.256821859211975     0.086707292907353
    -0.183764626098219     0.106096556345332    -0.284122605579059
1 47
    -0.002016532865738     0.000000000000000     0.000000000000000
     0.000000000000000    -0.008314198662303    -0.017486542187632
     0.000000000000000    -0.008963389484396     0.009686343928203
1 48
    -0.123816181967836    -0.329642213308484     0.150181436702297
    -0.329642213308484     0.256821859211971     0.086707292907352
     0.183764626098216     0.106096556345330    -0.284122605579059
17 1
    -4.572292874828547    -1.780025398850298     3.359446359598683
    -1.780025398850296    -2.516896588447946     1.939577260042578
     3.351747392309288     1.935132259205564    -5.006975517717523
17 2
    -4.572292874828638     1.780025398850092    -3.359446359598717
     1.780025398850092    -2.516896588447761     1.939577260042418
    -3.351747392309322     1.935132259205404    -5.006975517717517
17 3
    -0.081190045317975     0.028079801181154    -0.054067158057152
    -0.101356549873242    -0.024500021521759    -0.014093036609402
     0.000899298187594    -0.010902401567601    -0.076698090715160
17 4
    -0.081190045317975    -0.028079801181157     0.054067158057152
     0.101356549873238    -0.024500021521756    -0.014093036609400
    -0.000899298187594    -0.010902401567601    -0.076698090715160
17 5
    -1.489198445257224     0.000000000000045     0.000000000000042
     0.000000000000045    -5.599991018019405    -3.879154520084950
     0.000000000000042    -3.870264518410922    -5.006975517717518
17 6
    -0.123816181967835    -0.329642213308482    -0.183764626098210
    -0.329642213308482     0.256821859211981    -0.106096556345336
    -0.150181436702293    -0.086707292907357    -0.284122605579059
17 7
    -0.002016532865738     0.000000000000000    -0.000000000000000
     0.000000000000000    -0.008314198662303     0.008963389484397
    -0.000000000000000     0.017486542187632     0.009686343928203
17 8
    -0.123816181967847     0.329642213308474     0.183764626098212
     0.329642213308475     0.256821859212001    -0.106096556345334
     0.150181436702294    -0.086707292907354    -0.284122605579059
17 9
    -0.070402290407847    -0.107584863074557    -0.039238506748781
     0.021851487979838    -0.035287776431889    -0.039777014083223
    -0.008992107626004     0.006230015859834    -0.076698090715160
17 10
    -0.006739782213162     0.002726969282185     0.007762522997502
     0.002726969282185    -0.003590949314879    -0.004481694742198
     0.015143789758837    -0.008743271093816     0.009686343928203
17 11
    -0.006739782213161    -0.002726969282185    -0.007762522997501
    -0.002726969282185    -0.003590949314879    -0.004481694742199
    -0.015143789758837    -0.008743271093817     0.009686343928203
17 12
    -0.070402290407849     0.107584863074556     0.039238506748782
    -0.021851487979839    -0.035287776431887    -0.039777014083223
     0.008992107626004     0.006230015859834    -0.076698090715160
17 13
    -0.006942764533775     0.058489862325882     0.014828651308370
    -0.070946488728513    -0.098747302305964     0.053870050692625
    -0.009891405813598     0.004672385707767    -0.076698090715160
17 14
     0.447140879801872     0.000000000000010     0.000000000000000
     0.000000000000010    -0.314135202557778     0.212193112690676
     0.000000000000000     0.173414585814716    -0.284122605579059
17 15
    -0.006942764533775    -0.058489862325882    -0.014828651308371
     0.070946488728513    -0.098747302305964     0.053870050692624
     0.009891405813598     0.004672385707767    -0.076698090715160
17 16
     0.024876530422350     0.000000000000000     0.000000000000000
     0.000000000000000     0.024876530422351     0.000000000000000
     0.000000000000000     0.000000000000000    -0.028383567182146
17 17
    12.479025762226287     0.000000000000145     0.000000000000000
     0.000000000000145    12.479025762227161     0.000000000000000
     0.000000000000000     0.000000000000000    15.673786717566124
17 18
    -0.791878135392353     0.041906256249034    -0.158147163101467
    -0.041906256249071     0.075399603372290    -0.023241765718662
     0.158147163101467    -0.023241765718655     0.370447848261425
17 19
    -0.002343115389823    -0.000000000000000     0.000000000000000
    -0.000000000000000    -0.006509769537183     0.008404424645769
     0.000000000000000     0.008404424645769     0.064017529104437
17 20
    -0.791878135392353    -0.041906256249071     0.158147163101467
     0.041906256249034     0.075399603372290    -0.023241765718655
    -0.158147163101467    -0.023241765718662     0.370447848261425
17 21
    -0.141419831318872    -0.417448533202520    -0.099201541091896
    -0.333636020704414    -0.575058700701256    -0.125338577922990
     0.058945622009570     0.148580343641647     0.370447848261424
17 22
     0.017304610918715     0.011831690453353     0.006930356531529
     0.011831690453353     0.003642551582294     0.004001243209059
    -0.002435942772312    -0.001406392215325     0.001728415414796
17 23
     0.017304610918716    -0.011831690453352    -0.006930356531529
    -0.011831690453352     0.003642551582293     0.004001243209058
     0.002435942772312    -0.001406392215325     0.001728415414796
17 24
    -0.141419831318889     0.417448533202528     0.099201541091899
     0.333636020704423    -0.575058700701227    -0.125338577922987
    -0.058945622009574     0.148580343641644     0.370447848261424
17 25
    -0.005468106000342     0.001804214170199     0.007278445247427
     0.001804214170199    -0.003384778926663    -0.004202212322884
     0.007278445247427    -0.004202212322884     0.064017529104437
17 26
    -0.003188478085918    -0.000000000000000     0.000000000000000
    -0.000000000000000     0.024135640586928    -0.008002486418117
    -0.000000000000000     0.002812784430650     0.001728415414796
17 27
    -0.005468106000342    -0.001804214170199    -0.007278445247427
    -0.001804214170199    -0.003384778926663    -0.004202212322884
    -0.007278445247427    -0.004202212322884     0.064017529104437
17 28
    -0.003188478085918    -0.000000000000000    -0.000000000000000
    -0.000000000000000     0.024135640586928     0.002812784430650
     0.000000000000000    -0.008002486418117     0.001728415414796
17 29
    -0.141419831318872    -0.333636020704414     0.058945622009570
    -0.417448533202520    -0.575058700701256     0.148580343641647
    -0.099201541091896    -0.125338577922990     0.370447848261424
17 30
    -0.141419831318889     0.333636020704423    -0.058945622009574
     0.417448533202528    -0.575058700701227     0.148580343641644
     0.099201541091899    -0.125338577922987     0.370447848261424
17 31
     0.017304610918716    -0.011831690453352     0.002435942772312
    -0.011831690453352     0.003642551582293    -0.001406392215325
    -0.006930356531529     0.004001243209058     0.001728415414796
17 32
     0.017304610918715     0.011831690453353    -0.002435942772312
     0.011831690453353     0.003642551582294    -0.001406392215325
     0.006930356531529     0.004001243209059     0.001728415414796
17 33
     0.227353910607701     0.000000000000000     0.000000000000000
     0.000000000000000     0.227353910607701     0.000000000000000
     0.000000000000000     0.000000000000000    -1.829091417508039
17 34
    -0.171501096395088    -0.161517345504041    -0.169651417039969
     0.161517345504034     0.218268028594397     0.162802114879078
    -0.169651417039969    -0.162802114879085    -0.023324722178128
17 35
    -0.012848797617980    -0.000000000000000    -0.000000000000000
    -0.000000000000000     0.032699079909266    -0.004656678788101
     0.000000000000000     0.004656678788101    -0.009823987433691
17 36
    -0.171501096395088     0.161517345504034     0.169651417039969
    -0.161517345504041     0.218268028594397     0.162802114879085
     0.169651417039969    -0.162802114879078    -0.023324722178128
17 37
     0.120825747347022    -0.007257636421822     0.056165058755132
    -0.330292327429897    -0.074058815147727    -0.228323494384185
    -0.225816475795099    -0.065521379505107    -0.023324722178128
17 38
    -0.007999667414209    -0.003862760244332    -0.015439419337494
    -0.003862760244332    -0.003539336080450    -0.008913952910634
     0.001151036249168     0.000664551088304     0.038737045919894
17 39
    -0.007999667414209     0.003862760244332     0.015439419337494
     0.003862760244332    -0.003539336080449    -0.008913952910634
    -0.001151036249168     0.000664551088304     0.038737045919894
17 40
     0.120825747347012     0.007257636421825    -0.056165058755125
     0.330292327429901    -0.074058815147722    -0.228323494384184
     0.225816475795104    -0.065521379505104    -0.023324722178128
17 41
     0.021312110527454    -0.019722809513528    -0.004032802127760
    -0.019722809513528    -0.001461828236169     0.002328339394051
     0.004032802127760    -0.002328339394050    -0.009823987433691
17 42
    -0.001309170413569     0.000000000000000    -0.000000000000000
     0.000000000000000    -0.010229833081089     0.017827905821268
     0.000000000000000    -0.001329102176608     0.038737045919894
17 43
     0.021312110527453     0.019722809513528     0.004032802127760
     0.019722809513528    -0.001461828236169     0.002328339394050
    -0.004032802127760    -0.002328339394050    -0.009823987433691
17 44
    -0.001309170413569     0.000000000000000    -0.000000000000000
     0.000000000000000    -0.010229833081089     0.001329102176608
     0.000000000000000    -0.017827905821268     0.038737045919894
17 45
     0.120825747347024    -0.330292327429897     0.225816475795102
    -0.007257636421822    -0.074058815147725     0.065521379505106
    -0.056165058755132     0.228323494384179    -0.023324722178128
17 46
     0.120825747347011     0.330292327429900    -0.225816475795106
     0.007257636421825    -0.074058815147725     0.065521379505106
     0.056165058755122     0.228323494384176    -0.023324722178128
17 47
    -0.007999667414210     0.003862760244332     0.001151036249168
     0.003862760244332    -0.003539336080449    -0.000664551088304
    -0.015439419337495     0.008913952910634     0.038737045919894
17 48
    -0.007999667414209    -0.003862760244332    -0.001151036249168
    -0.003862760244332    -0.003539336080449    -0.000664551088304
     0.015439419337495     0.008913952910634     0.038737045919894
33 1
    -4.572292874828822    -1.780025398850212    -3.359446359598778
    -1.780025398850212    -2.516896588447729    -1.939577260042468
    -3.351747392309384    -1.935132259205454    -5.006975517717518
33 2
    -4.572292874829000     1.780025398850178     3.359446359598857
     1.780025398850178    -2.516896588447628    -1.939577260042391
     3.351747392309462    -1.935132259205377    -5.006975517717518
33 3
    -0.081190045317980     0.028079801181155     0.054067158057153
    -0.101356549873240    -0.024500021521756     0.014093036609401
    -0.000899298187594     0.010902401567600    -0.076698090715160
33 4
    -0.081190045317981    -0.028079801181156    -0.054067158057154
     0.101356549873239    -0.024500021521755     0.014093036609400
     0.000899298187594     0.010902401567600    -0.076698090715160
33 5
    -1.489198445257328     0.000000000000130    -0.000000000000089
     0.000000000000130    -5.599991018019015     3.879154520084815
    -0.000000000000088     3.870264518410787    -5.006975517717518
33 6
    -0.123816181967836    -0.329642213308484     0.183764626098216
    -0.329642213308484     0.256821859211971     0.106096556345330
     0.150181436702297     0.086707292907352    -0.284122605579059
33 7
    -0.002016532865738     0.000000000000000     0.000000000000000
     0.000000000000000    -0.008314198662303    -0.008963389484396
     0.000000000000000    -0.017486542187632     0.009686343928203
33 8
    -0.123816181967863     0.329642213308473    -0.183764626098219
     0.329642213308473     0.256821859211975     0.106096556345332
    -0.150181436702300     0.086707292907353    -0.284122605579059
33 9
    -0.070402290407851    -0.107584863074555     0.039238506748782
     0.021851487979840    -0.035287776431885     0.039777014083222
     0.008992107626005    -0.006230015859833    -0.076698090715160
33 10
    -0.006739782213162     0.002726969282185    -0.007762522997502
     0.002726969282185    -0.003590949314879     0.004481694742198
    -0.015143789758838     0.008743271093816     0.009686343928203
33 11
    -0.006739782213162    -0.002726969282185     0.007762522997502
    -0.002726969282185    -0.003590949314879     0.004481694742198
     0.015143789758838     0.008743271093816     0.009686343928203
33 12
    -0.070402290407855     0.107584863074557    -0.039238506748784
    -0.021851487979838    -0.035287776431885     0.039777014083222
    -0.008992107626004    -0.006230015859833    -0.076698090715160
33 13
    -0.006942764533775     0.058489862325884    -0.014828651308370
    -0.070946488728511    -0.098747302305957    -0.053870050692623
     0.009891405813598    -0.004672385707767    -0.076698090715160
33 14
     0.447140879801903     0.000000000000008     0.000000000000002
     0.000000000000008    -0.314135202557756    -0.212193112690668
     0.000000000000002    -0.173414585814710    -0.284122605579059
33 15
    -0.006942764533775    -0.058489862325880     0.014828651308372
     0.070946488728515    -0.098747302305957    -0.053870050692623
    -0.009891405813598    -0.004672385707767    -0.076698090715160
33 16
     0.024876530422351    -0.000000000000000     0.000000000000000
    -0.000000000000000     0.024876530422350     0.000000000000000
     0.000000000000000     0.000000000000000    -0.028383567182146
33 17
     0.227353910607701     0.000000000000000     0.000000000000000
     0.000000000000000     0.227353910607701     0.000000000000000
     0.000000000000000     0.000000000000000    -1.829091417508039
33 18
    -0.171501096395088    -0.161517345504041     0.169651417039969
     0.161517345504034     0.218268028594397    -0.162802114879078
     0.169651417039969     0.162802114879085    -0.023324722178128
33 19
    -0.012848797617980    -0.000000000000000     0.000000000000000
    -0.000000000000000     0.032699079909266     0.004656678788101
    -0.000000000000000    -0.004656678788101    -0.009823987433691
33 20
    -0.171501096395088     0.161517345504034    -0.169651417039969
    -0.161517345504041     0.218268028594397    -0.162802114879085
    -0.169651417039969     0.162802114879078    -0.023324722178128
33 21
     0.120825747347024    -0.007257636421822    -0.056165058755132
    -0.330292327429897    -0.074058815147725     0.228323494384179
     0.225816475795102     0.065521379505106    -0.023324722178128
33 22
    -0.007999667414209    -0.003862760244332     0.015439419337495
    -0.003862760244332    -0.003539336080449     0.008913952910634
    -0.001151036249168    -0.000664551088304     0.038737045919894
33 23
    -0.007999667414210     0.003862760244332    -0.015439419337495
     0.003862760244332    -0.003539336080449     0.008913952910634
     0.001151036249168    -0.000664551088304     0.038737045919894
33 24
     0.120825747347011     0.007257636421825     0.056165058755122
     0.330292327429900    -0.074058815147725     0.228323494384176
    -0.225816475795106     0.065521379505106    -0.023324722178128
33 25
     0.021312110527454    -0.019722809513528     0.004032802127760
    -0.019722809513528    -0.001461828236169    -0.002328339394050
    -0.004032802127760     0.002328339394051    -0.009823987433691
33 26
    -0.001309170413569     0.000000000000000     0.000000000000000
     0.000000000000000    -0.010229833081089    -0.017827905821268
    -0.000000000000000     0.001329102176608     0.038737045919894
33 27
     0.021312110527453     0.019722809513528    -0.004032802127760
     0.019722809513528    -0.001461828236169    -0.002328339394050
     0.004032802127760     0.002328339394050    -0.009823987433691
33 28
    -0.001309170413569     0.000000000000000     0.000000000000000
     0.000000000000000    -0.010229833081089    -0.001329102176608
    -0.000000000000000     0.017827905821268     0.038737045919894
33 29
     0.120825747347022    -0.330292327429897    -0.225816475795099
    -0.007257636421822    -0.074058815147727    -0.065521379505107
     0.056165058755132    -0.228323494384185    -0.023324722178128
33 30
     0.120825747347012     0.330292327429901     0.225816475795104
     0.007257636421825    -0.074058815147722    -0.065521379505104
    -0.056165058755125    -0.228323494384184    -0.023324722178128
33 31
    -0.007999667414209     0.003862760244332    -0.001151036249168
     0.003862760244332    -0.003539336080449     0.000664551088304
     0.015439419337494    -0.008913952910634     0.038737045919894
33 32
    -0.007999667414209    -0.003862760244332     0.001151036249168
    -0.003862760244332    -0.003539336080450     0.000664551088304
    -0.015439419337494    -0.008913952910634     0.038737045919894
33 33
    12.479025762227161    -0.000000000000149     0.000000000000000
    -0.000000000000149    12.479025762226293     0.000000000000000
     0.000000000000000     0.000000000000000    15.673786717566124
33 34
    -0.791878135392408     0.041906256249043     0.158147163101472
    -0.041906256249062     0.075399603372285     0.023241765718659
    -0.158147163101472     0.023241765718656     0.370447848261424
33 35
    -0.002343115389823     0.000000000000000     0.000000000000000
     0.000000000000000    -0.006509769537182    -0.008404424645768
     0.000000000000000    -0.008404424645768     0.064017529104437
33 36
    -0.791878135392408    -0.041906256249062    -0.158147163101472
     0.041906256249043     0.075399603372285     0.023241765718656
     0.158147163101472     0.023241765718659     0.370447848261424
33 37
    -0.141419831318873    -0.417448533202511     0.099201541091898
    -0.333636020704406    -0.575058700701207     0.125338577922984
    -0.058945622009570    -0.148580343641641     0.370447848261424
33 38
     0.017304610918716     0.011831690453353    -0.006930356531529
     0.011831690453353     0.003642551582293    -0.004001243209059
     0.002435942772312     0.001406392215325     0.001728415414796
33 39
     0.017304610918717    -0.011831690453353     0.006930356531529
    -0.011831690453353     0.003642551582293    -0.004001243209058
    -0.002435942772312     0.001406392215325     0.001728415414796
33 40
    -0.141419831318908     0.417448533202536    -0.099201541091904
     0.333636020704431    -0.575058700701196     0.125338577922984
     0.058945622009578    -0.148580343641639     0.370447848261424
33 41
    -0.005468106000343     0.001804214170199    -0.007278445247428
     0.001804214170199    -0.003384778926663     0.004202212322884
    -0.007278445247428     0.004202212322884     0.064017529104437
33 42
    -0.003188478085919    -0.000000000000001    -0.000000000000000
    -0.000000000000001     0.024135640586926     0.008002486418117
     0.000000000000000    -0.002812784430650     0.001728415414796
33 43
    -0.005468106000343    -0.001804214170198     0.007278445247428
    -0.001804214170198    -0.003384778926662     0.004202212322884
     0.007278445247428     0.004202212322884     0.064017529104437
33 44
    -0.003188478085919    -0.000000000000001     0.000000000000000
    -0.000000000000001     0.024135640586926    -0.002812784430650
    -0.000000000000000     0.008002486418117     0.001728415414796
33 45
    -0.141419831318873    -0.333636020704406    -0.058945622009570
    -0.417448533202511    -0.575058700701207    -0.148580343641641
     0.099201541091898     0.125338577922984     0.370447848261424
33 46
    -0.141419831318908     0.333636020704431     0.058945622009578
     0.417448533202536    -0.575058700701196    -0.148580343641639
    -0.099201541091904     0.125338577922984     0.370447848261424
33 47
     0.017304610918717    -0.011831690453353    -0.002435942772312
    -0.011831690453353     0.003642551582293     0.001406392215325
     0.006930356531529    -0.004001243209058     0.001728415414796
33 48
     0.017304610918716     0.011831690453353     0.002435942772312
     0.011831690453353     0.003642551582293     0.001406392215325
    -0.006930356531529    -0.004001243209059     0.001728415414796