48   
3    

1    
  0.0053812510684905   0.0000000000000000   0.0084286497695580
  -0.1320411814   -0.0002209130   -0.2219234690
   0.0057584746    0.0055887200   -0.0059009883
   0.0009899091    0.0000012800    0.0010369147
   0.0054471247   -0.0055811300   -0.0059776448
   0.0026175404   -0.0037616493   -0.0059733249
   0.0002132820   -0.0004524537    0.0003743275
   0.0002113938    0.0004498213    0.0003753319
   0.0025563578    0.0039270088   -0.0059075381
  -0.0001199214    0.0006442567    0.0010375249
   0.0009905442   -0.0000018001    0.0003748848
  -0.0001344614   -0.0006503567    0.0010349949
   0.0009890542   -0.0000010199    0.0003737648
   0.0025275878    0.0072685112   -0.0060108881
   0.0026467004   -0.0073805207   -0.0058689349
   0.0002104720    0.0004515937    0.0003820475
   0.0002110138   -0.0004477013    0.0003670519
  -0.0027197789   -0.0066837967    0.0234305671
  -0.0000590460   -0.0004468509    0.0006978472
   0.0008461637    0.0004806882    0.0008113334
   0.0468603077   -0.0219518979    0.0530314616
  -0.0001853156   -0.0000216802    0.0007364913
  -0.0000787273   -0.0000022396    0.0001347213
   0.0002375120   -0.0007840023    0.0007747713
  -0.0022764434   -0.0018177472    0.0019066415
   0.0005219824    0.0002807429    0.0007964109
   0.0000398415    0.0004902312    0.0007186453
   0.0000114022    0.0000287850   -0.0000261081
  -0.0000296216   -0.0000069825   -0.0002175743
   0.0088492076    0.0287282483    0.0383476609
  -0.0013459812   -0.0005444619    0.0016856185
  -0.0000409159   -0.0000228598   -0.0001239655
   0.0018069340    0.0023505843    0.0021311937
   0.0487430822    0.0230349876    0.0548266647
   0.0008603152   -0.0004680454    0.0008105488
  -0.0000345575    0.0004375893    0.0006944837
  -0.0027366480    0.0066800028    0.0235394545
   0.0002505184    0.0007726154    0.0007881328
  -0.0000798254   -0.0000022995    0.0001267468
  -0.0001716748    0.0000128567    0.0007149882
  -0.0022439460    0.0018217220    0.0019049152
   0.0000524016   -0.0004711319    0.0007266986
   0.0005254324   -0.0002847253    0.0007720890
  -0.0000239651    0.0000051343   -0.0002313533
   0.0000083124   -0.0000251562   -0.0000349581
   0.0088405979   -0.0296101866    0.0390571981
   0.0018421673   -0.0023663415    0.0021217047
  -0.0000351793    0.0000194544   -0.0001310314
  -0.0013084829    0.0005331059    0.0016839470

17   
  0.0053812510684905   0.0000000000000000   0.0084286497695580
  -0.0012963280   -0.0058532028    0.0224875645
   0.0473529922   -0.0222247077    0.0557830747
   0.0004966852   -0.0001637446    0.0010297088
   0.0002750525    0.0001699907    0.0004566637
   0.0088506879    0.0279023666    0.0389679981
   0.0005542073    0.0016470815    0.0029153447
  -0.0000584393   -0.0001770544   -0.0001428414
  -0.0001303429   -0.0012504659    0.0008720370
   0.0003229524    0.0006260353    0.0008932790
  -0.0001895151    0.0000733557   -0.0001557833
   0.0001224724    0.0001009062   -0.0001312081
   0.0002086116   -0.0004366782    0.0005920686
  -0.0000408348   -0.0003370067    0.0006068682
  -0.0022987260   -0.0003883120    0.0018909352
   0.0000622184    0.0001538946    0.0008785628
  -0.0001016154   -0.0000007805    0.0001182968
  -0.0598794599    0.0001685120   -0.1207956201
   0.0027341934    0.0000861800   -0.0029145146
  -0.0000828399   -0.0000990300   -0.0005256543
   0.0043280274    0.0004486200   -0.0039270679
   0.0002301584    0.0011377699   -0.0030233408
  -0.0000759086   -0.0000335339   -0.0000934405
  -0.0001701483    0.0000885430    0.0000314028
   0.0005945445   -0.0028220338   -0.0038311925
  -0.0000697231   -0.0000084346   -0.0005821143
  -0.0000174221   -0.0000546175   -0.0000318487
   0.0001050769    0.0001075946   -0.0004753043
  -0.0000156721    0.0001110975   -0.0000321887
   0.0010568745    0.0021951338   -0.0035269825
  -0.0002284616   -0.0010457599   -0.0033221808
  -0.0000268686    0.0000069139   -0.0000629105
  -0.0002168583   -0.0001155530   -0.0000002772
  -0.0015518084    0.0000010500    0.0155859585
   0.0022880486    0.0019625000    0.0012131918
   0.0000621081   -0.0000964000    0.0000472324
  -0.0005546513    0.0004196100   -0.0006258679
   0.0010968563    0.0007283232    0.0000799863
   0.0000349736    0.0000222566   -0.0001881548
   0.0000249969   -0.0000160792   -0.0002925797
  -0.0023869751    0.0005411219    0.0005014414
  -0.0001781704    0.0001386657    0.0001028649
  -0.0000032303   -0.0000043468   -0.0002389577
  -0.0000087104   -0.0000405457   -0.0000050051
  -0.0000010903    0.0000991668   -0.0002413677
  -0.0003107951   -0.0001884219   -0.0008340086
  -0.0009657037   -0.0034847132    0.0014270563
   0.0001138836   -0.0000653166   -0.0002388548
  -0.0000552831   -0.0000299408   -0.0002422697

17   
 -0.0053812510684905   0.0000000000000000  -0.0084286497695580
   0.0013657890    0.0058660067   -0.0226002171
  -0.0453471077    0.0211150779   -0.0538336916
  -0.0004348837    0.0001639218   -0.0009930134
  -0.0002863840   -0.0001706591   -0.0004161071
  -0.0087845376   -0.0271473183   -0.0383762409
  -0.0005758240   -0.0016497543   -0.0028500537
   0.0000735359    0.0001750398    0.0001709855
   0.0001298912    0.0012446119   -0.0008673885
  -0.0002858824   -0.0005875429   -0.0008602009
   0.0001953516   -0.0000715975    0.0001807543
  -0.0001039722   -0.0001044150    0.0001585781
  -0.0002109015    0.0004573088   -0.0005511453
   0.0000408556    0.0003139202   -0.0005720213
   0.0022833334    0.0004075272   -0.0018620315
  -0.0000342020   -0.0001809577   -0.0008397013
   0.0001145673   -0.0000018504   -0.0000839113
   0.0572067147    0.0002275910    0.1169402552
  -0.0026701175   -0.0000926700    0.0028949979
   0.0001035399    0.0001008300    0.0005544543
  -0.0043486433   -0.0004463400    0.0039718246
  -0.0002366545   -0.0011256739    0.0030124025
   0.0000901783    0.0000330830    0.0001218272
   0.0001854586   -0.0000871539    0.0000017705
  -0.0005841183    0.0028095398    0.0038410908
   0.0000870431    0.0000077746    0.0006100143
   0.0000332421    0.0000514225    0.0000628887
  -0.0000911169   -0.0001135746    0.0004978743
   0.0000326721   -0.0001138025    0.0000635387
  -0.0010480483   -0.0021883798    0.0035533508
   0.0002308255    0.0010355039    0.0033061625
   0.0000400583   -0.0000062430    0.0000931172
   0.0002374086    0.0001170139    0.0000338105
   0.0015292144   -0.0000023500   -0.0153182870
  -0.0022611171   -0.0019700100   -0.0011612260
  -0.0000422826    0.0000972900   -0.0000208814
   0.0005962335   -0.0004413600    0.0006391735
  -0.0011185633   -0.0007287295   -0.0000597379
  -0.0000132750   -0.0000196418    0.0002105296
  -0.0000111432    0.0000185287    0.0003210262
   0.0023943066   -0.0005446856   -0.0004675331
   0.0001931488   -0.0001369385   -0.0000739689
   0.0000205213   -0.0000006866    0.0002650976
   0.0000215088    0.0000360985    0.0000301211
   0.0000201813   -0.0000988934    0.0002618976
   0.0003222366    0.0002184156    0.0008458769
   0.0009672767    0.0034373895   -0.0013625579
  -0.0000985750    0.0000675218    0.0002607196
   0.0000722768    0.0000298213    0.0002657862
