150  
12   

1    
  0.0064823693271719   0.0000000000000000   0.0076143869028400
  -0.0919396200   -0.0004170000   -0.1669482100
  -0.0029585200    0.0047622300   -0.0021127200
   0.0019887800   -0.0000150900    0.0011529200
   0.0019790000   -0.0003270100    0.0009664000
  -0.0052978700   -0.0057723000   -0.0008136800
   0.0015373000   -0.0071483100   -0.0020144400
  -0.0031861600   -0.0018236500    0.0019940800
   0.0000296300    0.0009329600   -0.0003055500
   0.0014701100   -0.0008168600    0.0018166300
   0.0012256400    0.0097296100   -0.0009267000
   0.0002854000    0.0008223400    0.0010605700
   0.0009115700   -0.0005122000   -0.0003288100
  -0.0006915000   -0.0004175900   -0.0002842700
   0.0006074400   -0.0006506200    0.0010611100
   0.0000237900   -0.0027974200    0.0015750700
   0.0002819200    0.0011235200    0.0009667700
   0.0000181800    0.0026634700    0.0019027300
   0.0006005200   -0.0009468700    0.0011563200
   0.0005490500    0.0002974500    0.0000373800
  -0.0003002100    0.0001994500    0.0002059300
   0.0004346100    0.0013599000   -0.0013560700
   0.0023202100   -0.0028092400   -0.0015716200
  -0.0033029600    0.0018825300    0.0017319300
   0.0000404100   -0.0005011600    0.0001246900
   0.0015829000    0.0008750200    0.0014167300
  -0.0037665400   -0.0045105000    0.0095740000
   0.0001933600    0.0080300400    0.0003373600
   0.0001560100   -0.0053615400   -0.0035136300
   0.0002348300    0.0092938500   -0.0013071500
   0.0448586200   -0.0235185500    0.0492775600
   0.0075086600   -0.0038935500   -0.0003293700
  -0.0041207600   -0.0024987400    0.0014240400
   0.0043170600   -0.0023751000    0.0013884100
  -0.0074629400   -0.0048122100   -0.0006232200
  -0.0014450500   -0.0020397800    0.0014879900
  -0.0047305100    0.0028197500   -0.0036587500
   0.0002061200    0.0048749600    0.0014060500
   0.0045532400    0.0025347900   -0.0033740000
  -0.0050670400    0.0031589600    0.0012069500
   0.0050447700    0.0033272200    0.0010489900
   0.0077791600   -0.0046873800   -0.0011381000
  -0.0072463600   -0.0039375600    0.0002034600
   0.0003654200   -0.0059731900    0.0007693600
  -0.0002087100   -0.0000011900   -0.0007764100
  -0.0002050600   -0.0060187200    0.0014712900
   0.0040762500    0.0281760300    0.0296405600
  -0.0014969500    0.0000474100    0.0009355000
   0.0054239000    0.0026233300    0.0006942300
  -0.0052488200    0.0028846800    0.0015543900
   0.0020075400    0.0019992800    0.0020444100
   0.0400550200    0.0209722300    0.0486824000
  -0.0002085700    0.0039883300    0.0000115400
   0.0001442900   -0.0037721300    0.0013565800
   0.0004113600    0.0049658000    0.0014801000
   0.0008885700    0.0016831800    0.0084334400
   0.0037914500   -0.0022404800    0.0006442100
  -0.0029558700   -0.0018050400   -0.0013792600
   0.0032980300   -0.0018073200   -0.0013982800
  -0.0036352700   -0.0027746400    0.0008353600
  -0.0014129500    0.0030578400    0.0030247700
  -0.0034071200    0.0020478100    0.0014778800
   0.0001688400    0.0036149000   -0.0013897800
   0.0031237800    0.0017143000    0.0012364500
  -0.0032589500    0.0053407600    0.0028571200
   0.0032146200    0.0055782900    0.0029026600
   0.0043053300   -0.0023257800    0.0013606400
  -0.0037447400   -0.0016188100    0.0000905900
   0.0031628600   -0.0055168200    0.0032267300
  -0.0001439300   -0.0000010900    0.0034543600
  -0.0030669100   -0.0055475000    0.0025432900
   0.0037589000   -0.0225019300    0.0283393400
   0.0030234100   -0.0025426300    0.0036748600
   0.0064532400   -0.0000562200    0.0032460600
  -0.0062481300    0.0001960800    0.0025195700
  -0.0022988200   -0.0005034400    0.0023593300
   0.0027212800    0.0014553700   -0.0101076800
  -0.0030824600   -0.0005140700    0.0004418200
  -0.0001739900   -0.0040797200   -0.0015851800
   0.0030994600   -0.0000498500    0.0009395700
  -0.0027850600    0.0016817400   -0.0103137400
  -0.0017779800   -0.0026005700    0.0007291300
  -0.0021885100   -0.0014106300    0.0014063400
   0.0024272900   -0.0012272700    0.0012798000
   0.0017313800   -0.0024759000    0.0006925200
  -0.0001572100    0.0056911400   -0.0030222700
  -0.0033617800    0.0018849400   -0.0015803300
   0.0002630400    0.0026956300    0.0013297000
   0.0035757400    0.0022034100   -0.0016178600
  -0.0041128000    0.0016368400   -0.0024913500
   0.0039718000    0.0015772900   -0.0021255000
   0.0015846000    0.0027309500    0.0009806400
  -0.0010865200    0.0028735400    0.0003987700
  -0.0007130100   -0.0041920100   -0.0025063400
  -0.0001155400    0.0000196000   -0.0116377200
   0.0005862300   -0.0043441700   -0.0022012600
   0.0001657600   -0.0032003500   -0.0102424300
   0.0050386200   -0.0030012700   -0.0031168800
   0.0033028700    0.0026565300   -0.0023448300
  -0.0035495700    0.0027392400   -0.0023511800
  -0.0048281800   -0.0026995800   -0.0030186400
   0.0004771200   -0.0000309600    0.0007693500
  -0.0004363700   -0.0005574000    0.0023349300
   0.0007296000   -0.0000634700    0.0022471100
  -0.0007138500   -0.0001746400    0.0020225700
   0.0008290200   -0.0003873300    0.0019924800
  -0.0008111700   -0.0002690300    0.0022954800
   0.0002422500    0.0000944600    0.0010714300
  -0.0001449000   -0.0016931600   -0.0001502800
  -0.0003843500    0.0002308200    0.0006979900
   0.0005980800   -0.0004154200    0.0019615700
   0.0003340200    0.0006359700    0.0021209100
  -0.0014631300    0.0008241800   -0.0001510100
   0.0013187000    0.0009093700   -0.0001084800
  -0.0002676300    0.0006900400    0.0020227100
   0.0000554300    0.0001424500    0.0006446100
  -0.0004057100   -0.0005361300    0.0020393900
   0.0000624400   -0.0003730300    0.0009610200
   0.0003709300   -0.0005737600    0.0021712300
  -0.0016727300   -0.0008884600   -0.0002211100
   0.0016608800   -0.0010159800   -0.0002281700
  -0.0000091500    0.0009494900    0.0021815100
   0.0001200300    0.0005667500    0.0022073800
   0.0002474200   -0.0000496700    0.0007514800
  -0.0001266300    0.0019778900   -0.0001619500
  -0.0000450500   -0.0000103200    0.0006618700
  -0.0000064200   -0.0000282200    0.0039302000
  -0.0012102100    0.0004178600   -0.0008665000
  -0.0009528100   -0.0000234500    0.0013542800
   0.0008425000    0.0000289300    0.0013534700
   0.0011137000    0.0002433400   -0.0009383700
  -0.0001401700   -0.0011691300   -0.0008901200
  -0.0023919400   -0.0013214500   -0.0033734500
  -0.0000195700   -0.0003683800   -0.0008816200
   0.0023867900   -0.0014719800   -0.0031886600
   0.0004168700   -0.0012264700   -0.0008566100
  -0.0004745400   -0.0007782800    0.0013945700
  -0.0002771200    0.0002100400   -0.0009132100
   0.0002118600    0.0001949300   -0.0008803400
   0.0003369200   -0.0008307400    0.0014338700
   0.0001432900   -0.0028204300   -0.0031767800
   0.0004539400    0.0007703800    0.0013705500
  -0.0001199200    0.0027474300   -0.0033445000
  -0.0005999400    0.0008008300    0.0014041400
  -0.0002709700   -0.0001229400   -0.0008149200
   0.0002693700   -0.0001727600   -0.0008346000
   0.0008347700    0.0006959400   -0.0009718900
  -0.0009436200    0.0009448500   -0.0008828700
  -0.0024196500    0.0015387800   -0.0033478800
  -0.0000531800    0.0003665200   -0.0008838800
   0.0024150200    0.0013598100   -0.0031050500

1    
 -0.0064823693271719   0.0000000000000000  -0.0076143869028400
   0.0907188100   -0.0003230100    0.1672640000
   0.0037826100   -0.0052561000    0.0037789300
  -0.0017448700   -0.0001996500    0.0003943700
  -0.0021971600    0.0000927900    0.0005773700
   0.0045012900    0.0053061100    0.0024551400
  -0.0015223300    0.0081705600    0.0036172000
  -0.0010879900   -0.0006005500    0.0017414300
  -0.0000420700    0.0007235800   -0.0000943300
   0.0028299600   -0.0016124900    0.0018714000
  -0.0012386400   -0.0087738400    0.0026063200
  -0.0003773700   -0.0005166500    0.0004762500
   0.0005024900   -0.0003163000   -0.0000668300
  -0.0007353900   -0.0003986400   -0.0001189000
  -0.0004892800    0.0009573500    0.0004889800
   0.0000003300   -0.0025825300    0.0014757700
  -0.0006027700   -0.0012015800    0.0005757800
  -0.0000014500    0.0022419700    0.0018071400
  -0.0002737200    0.0008756800    0.0004079700
   0.0002574300    0.0001743900    0.0004094000
  -0.0004645100    0.0002550700    0.0002532200
  -0.0010935000   -0.0017647700    0.0029624700
  -0.0016670200    0.0024171500    0.0032769500
  -0.0013962600    0.0007668100    0.0013337200
  -0.0000305800   -0.0004353500    0.0003351500
   0.0031257100    0.0017699900    0.0016225300
  -0.0043745400   -0.0002199500   -0.0062959100
   0.0006834300    0.0090277700   -0.0012269500
  -0.0001540200   -0.0053811800   -0.0033731600
  -0.0011070800    0.0078016500    0.0003865400
  -0.0383660200    0.0198844700   -0.0478512700
   0.0077048000   -0.0038905000   -0.0005526400
  -0.0042913500   -0.0023656800    0.0011438300
   0.0041161500   -0.0024961700    0.0011806600
  -0.0077626700   -0.0029888700   -0.0002846000
   0.0014481000   -0.0008740800   -0.0018130600
  -0.0045525900    0.0025405000   -0.0032441200
  -0.0002005500    0.0048581100    0.0011603100
   0.0047583400    0.0028347700   -0.0035156900
  -0.0051600400    0.0034623700    0.0010479400
   0.0051918900    0.0032874400    0.0012018900
   0.0065794800   -0.0046090900    0.0002721900
  -0.0071028400   -0.0053605200   -0.0010802700
   0.0002654800   -0.0061850800    0.0014841800
   0.0002118800   -0.0000012800   -0.0006252500
  -0.0004090700   -0.0061480200    0.0007599900
  -0.0039652800   -0.0195125900   -0.0268464400
  -0.0010201100    0.0014392500   -0.0012199000
   0.0054233800    0.0029232200    0.0015666100
  -0.0055977800    0.0026634500    0.0006872500
   0.0004642200   -0.0005585900   -0.0023864600
  -0.0397652600   -0.0207084900   -0.0457992900
  -0.0009149200    0.0049842200    0.0011713000
  -0.0001338300   -0.0037980900    0.0013671700
   0.0007307700    0.0039832800   -0.0002490000
   0.0004227500   -0.0024600200   -0.0073363600
   0.0034092000   -0.0032330700    0.0005562500
  -0.0032869100   -0.0018081600   -0.0018808900
   0.0029758400   -0.0018160800   -0.0018374700
  -0.0035200500   -0.0026755200    0.0003696800
   0.0014270300    0.0013440500    0.0006579700
  -0.0031377300    0.0017311900    0.0012470500
  -0.0001626900    0.0036165900   -0.0018647100
   0.0034401800    0.0020583300    0.0014925600
  -0.0032706100    0.0054780600    0.0026346300
   0.0033272000    0.0052570200    0.0025904100
   0.0040156100   -0.0011747400   -0.0001865600
  -0.0045476500   -0.0018936200    0.0010552000
   0.0029601000   -0.0055648800    0.0022476800
   0.0001509500   -0.0000057500    0.0033099000
  -0.0030501000   -0.0055242500    0.0029679500
  -0.0038723000    0.0233070800   -0.0267807500
   0.0008639600    0.0003413000   -0.0000300600
   0.0062169200    0.0003001400    0.0022216600
  -0.0063890200    0.0000414500    0.0029860200
  -0.0014872200   -0.0016696700    0.0013012500
   0.0026013700    0.0014068000   -0.0114466700
  -0.0028846300    0.0004528800    0.0011982300
  -0.0000053200   -0.0039896500   -0.0013751900
   0.0027295500    0.0000575800    0.0009452500
  -0.0021980300    0.0011531600   -0.0111867200
  -0.0010758900   -0.0026432500    0.0010259400
  -0.0024811900   -0.0013146200    0.0015702900
   0.0020680000   -0.0013667200    0.0017477400
   0.0011528800   -0.0025719700    0.0011623700
   0.0003597000    0.0058424800   -0.0011206000
  -0.0035745200    0.0020799300   -0.0014023600
  -0.0002611400    0.0026485000    0.0016744600
   0.0033403600    0.0020066300   -0.0013705200
  -0.0039562700    0.0018942800   -0.0016482700
   0.0041646600    0.0017371600   -0.0020286100
   0.0015266400    0.0023916500    0.0008553800
  -0.0018077700    0.0023785100    0.0012977500
  -0.0004562700   -0.0043077400   -0.0017623300
  -0.0000216800    0.0000171400   -0.0116553300
   0.0006031400   -0.0043852000   -0.0019310800
   0.0000587100   -0.0028220700   -0.0113363300
   0.0050005000   -0.0027509700   -0.0012498600
   0.0035279900    0.0026742900   -0.0020146900
  -0.0035193400    0.0026106700   -0.0018004600
  -0.0050209200   -0.0031281900   -0.0010877000
  -0.0003013900   -0.0000644600    0.0026097000
  -0.0013049500    0.0003392500    0.0009768000
   0.0004294300   -0.0000343400    0.0019907200
  -0.0007328000    0.0001645400    0.0018877200
   0.0010695600    0.0001163700    0.0009354400
  -0.0000834900   -0.0013671600    0.0007503200
   0.0003462100    0.0000982200    0.0005431400
   0.0000238600   -0.0017732000   -0.0002232800
  -0.0002167500    0.0001448200    0.0005839600
   0.0004535500   -0.0011395700    0.0009162900
   0.0003242000    0.0004455900    0.0018903200
  -0.0014356900    0.0008659500   -0.0001689100
   0.0015792300    0.0009239900   -0.0002773000
  -0.0004578400    0.0005187600    0.0018680800
   0.0000428900    0.0000970500    0.0004328000
  -0.0001125200   -0.0005975900    0.0019252600
   0.0000524200   -0.0002381100    0.0006613800
   0.0002271200   -0.0003916300    0.0020033000
  -0.0017575900   -0.0008764900   -0.0002609600
   0.0016084400   -0.0009566200   -0.0003330800
   0.0008828100    0.0006803200    0.0009333600
  -0.0008105900    0.0010439700    0.0011040500
  -0.0000910700    0.0000470300    0.0007397300
  -0.0000989200    0.0019363500   -0.0002652900
  -0.0000437500   -0.0000277700    0.0004421000
   0.0001662400   -0.0000632200    0.0056598800
  -0.0006465500   -0.0004502300   -0.0014654100
  -0.0008341500   -0.0001396300    0.0012736800
   0.0006687600   -0.0001142200    0.0015095400
   0.0008823600   -0.0003495900   -0.0011321200
  -0.0006555100   -0.0006334400   -0.0012561300
  -0.0022688400   -0.0014946000   -0.0035739600
  -0.0001001300   -0.0002867400   -0.0010215700
   0.0022619400   -0.0011892100   -0.0035368800
   0.0005531000   -0.0004900400   -0.0011576000
  -0.0004016900   -0.0006573400    0.0014101500
  -0.0001997400    0.0000811700   -0.0010109000
   0.0002488600    0.0002276000   -0.0010090800
   0.0004841200   -0.0004919100    0.0014456300
  -0.0000374700   -0.0026042800   -0.0035350700
   0.0004353200    0.0006780200    0.0014750800
   0.0002131500    0.0026983700   -0.0036052500
  -0.0002161400    0.0008225100    0.0012731300
  -0.0004424900   -0.0000879100   -0.0009500500
   0.0003023400   -0.0002429000   -0.0008629900
   0.0002231400    0.0009394900   -0.0012396700
   0.0000548600    0.0006830500   -0.0014450400
  -0.0023302400    0.0012868600   -0.0036680400
  -0.0001565200    0.0004176200   -0.0009183900
   0.0023932400    0.0014222400   -0.0036240100

26   
  0.0064823693271719   0.0000000000000000   0.0076143869028400
  -0.0028472500   -0.0039864600    0.0136052400
   0.0461621400   -0.0242987900    0.0476935700
  -0.0006119400   -0.0008204300    0.0011668000
   0.0000459300   -0.0003060000    0.0007427500
   0.0007320500   -0.0001998300    0.0004524300
   0.0040649300    0.0283211300    0.0293764800
  -0.0011683100    0.0001528600    0.0039721300
   0.0005938000    0.0009625600   -0.0000882800
   0.0016992800   -0.0010156800    0.0018197500
  -0.0004289200   -0.0001618800    0.0020446900
  -0.0005284400    0.0000982400    0.0010567400
   0.0011994600    0.0000684100   -0.0001416300
  -0.0009215200   -0.0004085500   -0.0002369500
  -0.0002948500    0.0003505300    0.0007859300
   0.0010707900   -0.0039227500    0.0012545000
  -0.0003915500    0.0001621200    0.0007486600
  -0.0000987300    0.0018066000    0.0018419200
   0.0002271000   -0.0005204700    0.0008629700
   0.0004932300    0.0001709100    0.0001865900
  -0.0001894300    0.0001927400    0.0003694700
  -0.0001659900    0.0001668300    0.0007303400
  -0.0010675200   -0.0010597300    0.0024940900
  -0.0024499100    0.0028493800    0.0016403300
   0.0000880800   -0.0004170400    0.0003807200
   0.0024330200    0.0012616100    0.0016740100
  -0.0747522500   -0.0001238900   -0.0924355800
   0.0080940100    0.0082149700   -0.0011251100
   0.0001197100   -0.0052435700   -0.0033853200
  -0.0004397700    0.0084441600   -0.0002683200
   0.0129753800   -0.0023480700   -0.0001283700
   0.0087794900   -0.0004587900   -0.0015199800
  -0.0043655400   -0.0025634400    0.0013301800
   0.0041706000   -0.0024227600    0.0015145700
  -0.0073358000   -0.0040331900   -0.0003595600
   0.0021247800   -0.0059838000   -0.0015787100
  -0.0045306800    0.0025990100   -0.0033446300
   0.0000313700    0.0048113200    0.0015421600
   0.0046376000    0.0026904900   -0.0032378600
  -0.0051368800    0.0034433300    0.0012404000
   0.0051698300    0.0033104700    0.0011720300
   0.0072310700   -0.0045965400   -0.0002719500
  -0.0071251500   -0.0044047600   -0.0003812900
   0.0003609100   -0.0062823200    0.0011816000
  -0.0000104100    0.0000038400   -0.0005009200
  -0.0002856400   -0.0061304700    0.0013651200
   0.0018763600    0.0090132500    0.0000493200
   0.0001674200   -0.0023009900   -0.0010181800
   0.0054771200    0.0027650500    0.0013581400
  -0.0054614500    0.0027876200    0.0013490600
   0.0013217600    0.0007079400   -0.0002730600
  -0.0021006000   -0.0003759900    0.0061297300
   0.0010781700    0.0059642400    0.0020745200
  -0.0001167200   -0.0035547700    0.0010437800
   0.0005404200    0.0044332400    0.0003667800
   0.0000597200    0.0001068500    0.0002033800
   0.0046435500   -0.0022772700    0.0009843500
  -0.0032252900   -0.0018808900   -0.0019115000
   0.0030333500   -0.0018235900   -0.0019926300
  -0.0030941800   -0.0030151900    0.0001912000
  -0.0017775700    0.0026289200    0.0026294400
  -0.0032161700    0.0016167900    0.0010020400
  -0.0000000600    0.0035445700   -0.0020113500
   0.0032855000    0.0019383900    0.0010001000
  -0.0033688100    0.0054786700    0.0025824900
   0.0033199400    0.0054371300    0.0025104400
   0.0042591000   -0.0016590600    0.0002607200
  -0.0041430700   -0.0014147800    0.0002367300
   0.0029219800   -0.0056775900    0.0025320500
  -0.0000298300    0.0000164400    0.0030071100
  -0.0030530000   -0.0056093000    0.0024002400
  -0.0000572200    0.0002737800   -0.0000183600
   0.0012254100   -0.0036050200    0.0035106800
   0.0065575500    0.0000076900    0.0022294000
  -0.0064150200    0.0001350900    0.0023772500
  -0.0017062800   -0.0010375800    0.0018226900
   0.0026633900    0.0013806400   -0.0106632600
  -0.0030354100   -0.0000230300    0.0009198100
  -0.0000314300   -0.0040555100   -0.0013462900
   0.0029269400   -0.0000348400    0.0010596800
  -0.0024596000    0.0013843000   -0.0106238900
  -0.0014232600   -0.0027355400    0.0010376900
  -0.0023719400   -0.0014291300    0.0015963800
   0.0021961500   -0.0014216700    0.0016906600
   0.0014783200   -0.0026206900    0.0011079700
   0.0000646800    0.0056340300   -0.0019644800
  -0.0034580800    0.0019826800   -0.0013364400
  -0.0000649300    0.0026522000    0.0016238400
   0.0035020200    0.0020971600   -0.0012736300
  -0.0040586300    0.0017314400   -0.0018613700
   0.0040554600    0.0016531100   -0.0017796500
   0.0015030500    0.0025976100    0.0009925200
  -0.0014592300    0.0026999200    0.0010130300
  -0.0005813700   -0.0042907300   -0.0019381900
  -0.0000452600    0.0000337000   -0.0114760800
   0.0005947000   -0.0043226300   -0.0018517900
   0.0001100300   -0.0028944300   -0.0106024000
   0.0049398700   -0.0028113700   -0.0020968700
   0.0034142100    0.0027012300   -0.0018931800
  -0.0035018500    0.0026773900   -0.0019128200
  -0.0049386100   -0.0028732600   -0.0018098900
   0.0000871000   -0.0000539000    0.0016285700
  -0.0009523900   -0.0000779700    0.0015015800
   0.0006145800   -0.0000355700    0.0019641300
  -0.0007312700    0.0000723200    0.0018313600
   0.0009554300   -0.0000434300    0.0012348500
  -0.0004214200   -0.0009393100    0.0013570100
   0.0003596800    0.0000740400    0.0006127700
  -0.0000123400   -0.0017314300   -0.0002784300
  -0.0002726100    0.0001810500    0.0005597800
   0.0004690900   -0.0008255500    0.0012863700
   0.0003988400    0.0005159200    0.0017517100
  -0.0013493200    0.0008004700   -0.0002982000
   0.0014287800    0.0008669400   -0.0003883400
  -0.0003717500    0.0005212800    0.0017894600
   0.0000133300    0.0000566900    0.0002030400
  -0.0001493400   -0.0006170500    0.0017616100
   0.0001375200   -0.0003256700    0.0006867600
   0.0002461000   -0.0004839300    0.0019258300
  -0.0017583600   -0.0009036700   -0.0004638900
   0.0015950000   -0.0009962000   -0.0005769300
   0.0005006300    0.0007690000    0.0013318200
  -0.0003285500    0.0007593300    0.0015172800
   0.0000527800    0.0000384000    0.0005227500
  -0.0001378400    0.0019893800   -0.0004196700
  -0.0000571500    0.0000370600    0.0002952000
   0.0000842700   -0.0000761200    0.0048913300
  -0.0009193300   -0.0000305100   -0.0010621500
  -0.0008134800   -0.0001216000    0.0013287000
   0.0007377200    0.0000039300    0.0014626800
   0.0009488500   -0.0000623500   -0.0009469100
  -0.0003440000   -0.0009632100   -0.0009306400
  -0.0022512900   -0.0014170500   -0.0034036100
  -0.0000195900   -0.0003436100   -0.0009780000
   0.0023083800   -0.0013080500   -0.0033589900
   0.0003581800   -0.0008682300   -0.0009252900
  -0.0004016100   -0.0007030300    0.0014863500
  -0.0001600400    0.0001204700   -0.0009454700
   0.0002153600    0.0001650200   -0.0009030800
   0.0003596300   -0.0007231200    0.0014827300
   0.0000567000   -0.0026497300   -0.0032102600
   0.0005280200    0.0006825000    0.0015164000
   0.0001101500    0.0026761000   -0.0034474100
  -0.0004561400    0.0007972100    0.0013682400
  -0.0003737300   -0.0001050700   -0.0007900000
   0.0002467600   -0.0002191600   -0.0007423000
   0.0005205400    0.0007867600   -0.0010140100
  -0.0004335900    0.0007183600   -0.0011120500
  -0.0022964200    0.0014168200   -0.0034491900
  -0.0001179700    0.0004111300   -0.0008542500
   0.0024167500    0.0014557800   -0.0032788700

26   
 -0.0064823693271719   0.0000000000000000  -0.0076143869028400
   0.0029257300    0.0040232500   -0.0077654200
  -0.0435397700    0.0228228900   -0.0440574600
   0.0008675900    0.0006125100    0.0003967900
  -0.0002860000    0.0000817100    0.0008224700
  -0.0016543500   -0.0001566300    0.0012514200
  -0.0040251400   -0.0267795400   -0.0271713700
  -0.0030579100   -0.0025795200   -0.0002264200
  -0.0006236300    0.0006341300   -0.0003079100
   0.0025156200   -0.0014475000    0.0019046700
   0.0003289800    0.0010609400   -0.0004292400
   0.0004988700    0.0002261800    0.0004937500
   0.0001623200   -0.0008907500   -0.0002653300
  -0.0005154700   -0.0004061900   -0.0001563600
   0.0003695500   -0.0000654300    0.0007636900
  -0.0010967800   -0.0014301300    0.0018405600
   0.0000946300   -0.0003008600    0.0008182500
   0.0000747900    0.0030436700    0.0018840200
   0.0000517700    0.0004247800    0.0006985700
   0.0003138300    0.0002813000    0.0002787400
  -0.0006325400    0.0002554800    0.0000812500
  -0.0005908600   -0.0008074200    0.0009397200
   0.0018009900    0.0004986300   -0.0008495600
  -0.0022056100   -0.0002111600    0.0014406700
  -0.0000851100   -0.0005523400    0.0000721100
   0.0021693300    0.0013905200    0.0013910400
   0.0666602500   -0.0017166500    0.0879962900
  -0.0072138200    0.0087350100   -0.0000630200
  -0.0001152200   -0.0055113500   -0.0037532900
  -0.0004178400    0.0086036800   -0.0008706700
  -0.0049431600   -0.0023491300    0.0031859100
   0.0062989300   -0.0073629500    0.0003184500
  -0.0040448100   -0.0022930700    0.0009570700
   0.0042696200   -0.0024850200    0.0008043600
  -0.0078916600   -0.0037715700   -0.0007569600
  -0.0020757700    0.0029631400    0.0009956300
  -0.0047630600    0.0027426000   -0.0038078300
  -0.0000622600    0.0049187000    0.0007818300
   0.0046715900    0.0026502400   -0.0039206900
  -0.0051187100    0.0031587800    0.0007595400
   0.0050450600    0.0032774400    0.0007847300
   0.0071181400   -0.0046306100   -0.0008601500
  -0.0072484500   -0.0048723200   -0.0007806100
   0.0002595500   -0.0058891100    0.0008172800
  -0.0000240200   -0.0000352900   -0.0011740300
  -0.0003331600   -0.0060251400    0.0006009300
  -0.0019020300    0.0003511700    0.0030287800
  -0.0027314800    0.0038366200    0.0004488800
   0.0053228600    0.0027721700    0.0006258300
  -0.0053654100    0.0027630200    0.0006393000
   0.0012406500    0.0007245000   -0.0002858800
   0.0008281000   -0.0003614200   -0.0048386500
  -0.0023050600    0.0028713900   -0.0006839800
   0.0001270700   -0.0040305100    0.0018611000
   0.0006065300    0.0044824000    0.0010128300
   0.0012208600   -0.0008768300    0.0010407400
   0.0023843500   -0.0032171800    0.0004143700
  -0.0030067900   -0.0017086100   -0.0011249900
   0.0032474800   -0.0018302300   -0.0010635800
  -0.0040878400   -0.0024667400    0.0011869300
   0.0017949100    0.0017003100    0.0012441000
  -0.0033360700    0.0021456300    0.0019211700
  -0.0000317200    0.0036873000   -0.0010489700
   0.0032802500    0.0018105800    0.0019319200
  -0.0031871300    0.0053410100    0.0031024300
   0.0031990900    0.0053630500    0.0032248800
   0.0040466900   -0.0017779800    0.0011048700
  -0.0042057800   -0.0020781900    0.0011479300
   0.0032004500   -0.0054142700    0.0031383500
   0.0000028700   -0.0000523500    0.0039778200
  -0.0030598700   -0.0054590900    0.0033148200
  -0.0000069000    0.0012050000    0.0012033200
   0.0025556300    0.0014361000    0.0003145000
   0.0060509300    0.0002228700    0.0034548000
  -0.0062105800    0.0001076500    0.0033149700
  -0.0020694300   -0.0011847700    0.0020178600
   0.0025378700    0.0014816200   -0.0109991800
  -0.0029451400    0.0000094900    0.0008244100
  -0.0000955400   -0.0040226000   -0.0016206600
   0.0030325500    0.0000868300    0.0007460000
  -0.0026516000    0.0014992800   -0.0109083500
  -0.0014286200   -0.0025350100    0.0007224500
  -0.0022988900   -0.0013024000    0.0013823500
   0.0023715100   -0.0012082000    0.0012986300
   0.0014337400   -0.0025718200    0.0006886100
  -0.0000644300    0.0057847300   -0.0021679000
  -0.0034744800    0.0019400800   -0.0016596300
   0.0000990700    0.0026990800    0.0013121700
   0.0033861300    0.0019624600   -0.0017108600
  -0.0040562300    0.0015991400   -0.0022486600
   0.0040083300    0.0016350600   -0.0023619400
   0.0016173200    0.0025449400    0.0007538600
  -0.0015564800    0.0024932500    0.0007023900
  -0.0006299900   -0.0043040400   -0.0022804300
  -0.0000273800   -0.0000023200   -0.0118893900
   0.0005233100   -0.0043334800   -0.0022736600
  -0.0000335600   -0.0030616800   -0.0109463700
   0.0049819700   -0.0028943500   -0.0021265900
   0.0034277300    0.0026671700   -0.0023676600
  -0.0035047800    0.0026397300   -0.0022703500
  -0.0049232000   -0.0028348300   -0.0022949300
   0.0000292300    0.0000931200    0.0020561600
  -0.0008771300   -0.0000113000    0.0020333500
   0.0005289900   -0.0000934600    0.0025293700
  -0.0007700100   -0.0001143100    0.0023137200
   0.0010508400   -0.0001787200    0.0019661200
  -0.0004731600   -0.0008202800    0.0019341300
   0.0002789200    0.0001209500    0.0012655300
  -0.0000449400   -0.0016855900    0.0002782500
  -0.0003612400    0.0003356000    0.0010899900
   0.0004136400   -0.0008016100    0.0019409800
   0.0001918500    0.0005773000    0.0025129700
  -0.0014009800    0.0009038700    0.0003568900
   0.0012768000    0.0008919600    0.0004052500
  -0.0004578300    0.0004747400    0.0023383200
   0.0002052700    0.0001567800    0.0010484900
  -0.0002177900   -0.0005908200    0.0023490200
  -0.0000281200   -0.0004493400    0.0013027400
   0.0001929400   -0.0005260200    0.0024175700
  -0.0016490200   -0.0008651000    0.0000379800
   0.0015668800   -0.0011536900    0.0001462500
   0.0003156900    0.0007914400    0.0019942000
  -0.0004103700    0.0007168700    0.0019593700
   0.0001996100    0.0000470900    0.0010807400
  -0.0001055100    0.0020066300    0.0002201900
  -0.0000930400    0.0000894900    0.0009592000
   0.0000228000    0.0001149600    0.0044855800
  -0.0010253100    0.0000931300   -0.0014496700
  -0.0009879300   -0.0000748300    0.0010581900
   0.0007281400   -0.0001232000    0.0012248600
   0.0011601900   -0.0000131200   -0.0013041400
  -0.0004763300   -0.0009559900   -0.0014007800
  -0.0023737100   -0.0014079900   -0.0037865000
  -0.0000412500   -0.0002620000   -0.0012564700
   0.0023182300   -0.0012242000   -0.0036574200
   0.0004553500   -0.0009307300   -0.0013725700
  -0.0005496600   -0.0007227500    0.0010766500
  -0.0001798500    0.0001817500   -0.0013486400
   0.0000710300    0.0001857900   -0.0013642900
   0.0003670100   -0.0007995700    0.0012049300
   0.0001584000   -0.0028024500   -0.0036671000
   0.0005039100    0.0007068100    0.0011962000
  -0.0000182400    0.0026263800   -0.0038620000
  -0.0005074400    0.0007829000    0.0011471000
  -0.0003255700   -0.0001113600   -0.0010401000
   0.0002274500   -0.0003644900   -0.0011004600
   0.0004722800    0.0007955800   -0.0013263900
  -0.0005025100    0.0007876500   -0.0013465500
  -0.0023688400    0.0014882900   -0.0036921800
  -0.0001077300    0.0004513800   -0.0011772000
   0.0023542400    0.0014918800   -0.0035719700

51   
  0.0064823693271719   0.0000000000000000   0.0076143869028400
   0.0423130000    0.0221959700    0.0463165400
  -0.0026255500    0.0038019000    0.0114324100
   0.0010705600    0.0000188000    0.0006055200
   0.0000141200    0.0000699000    0.0006778500
  -0.0012172700    0.0004391800    0.0010980200
   0.0039171500   -0.0258767900    0.0280214200
  -0.0025712800   -0.0006530800    0.0023501300
  -0.0003538200    0.0005515800   -0.0001718200
   0.0026254600   -0.0013842500    0.0019211900
   0.0010607500   -0.0009795900    0.0025491600
   0.0009860000    0.0011088900    0.0007108500
   0.0003318300   -0.0005138100   -0.0001981200
  -0.0008592100   -0.0003988300   -0.0002194200
   0.0004898200   -0.0002546400    0.0008627100
  -0.0004792500   -0.0024772000    0.0016949000
  -0.0001570700    0.0000388500    0.0006877000
  -0.0000049300    0.0028670500    0.0018803200
   0.0001007100    0.0005150700    0.0008494100
   0.0001123400   -0.0000019100    0.0001206900
  -0.0002493200    0.0002214300    0.0003731400
  -0.0004270200   -0.0016838100    0.0009860200
  -0.0010367200    0.0006359000    0.0019417400
  -0.0021354100    0.0008838500    0.0014797000
   0.0001381800   -0.0004557400    0.0003760600
   0.0024880600    0.0013487300    0.0016773400
  -0.0055074800   -0.0023371300    0.0073257200
  -0.0001315900    0.0081454300   -0.0006474600
  -0.0000604700   -0.0053382700   -0.0035414700
  -0.0005517400    0.0083035700   -0.0005895400
   0.0056392200   -0.0037197300    0.0033636400
   0.0059351100   -0.0043801700    0.0005593800
  -0.0037287400   -0.0021685700    0.0011535700
   0.0041007900   -0.0024175400    0.0010546900
  -0.0076930100   -0.0038155000   -0.0005115900
   0.0009390700   -0.0019436900    0.0003327400
  -0.0047592500    0.0026113200   -0.0034723400
  -0.0000159900    0.0048225100    0.0010725700
   0.0046134300    0.0027417600   -0.0036947600
  -0.0050783300    0.0035608000    0.0009034000
   0.0051198700    0.0032170600    0.0009333100
   0.0070341000   -0.0044964200   -0.0004904900
  -0.0071372600   -0.0049528400   -0.0005410200
   0.0003775100   -0.0061414000    0.0009320700
  -0.0000119700    0.0000751400   -0.0009404900
  -0.0003187500   -0.0061291800    0.0009080500
  -0.0005823500    0.0070600400    0.0036245600
  -0.0013938000    0.0010936500   -0.0006144700
   0.0055063000    0.0027336200    0.0011737000
  -0.0055385200    0.0027823900    0.0009012400
   0.0015355600    0.0008855300   -0.0005747000
  -0.0670101400   -0.0014194400   -0.0897775300
   0.0083152200    0.0045915500   -0.0009683400
  -0.0000406200   -0.0037683500    0.0014110300
   0.0006219800    0.0043796700    0.0005634500
   0.0088010600   -0.0003805400   -0.0004824200
   0.0054103200    0.0014209700   -0.0007856800
  -0.0029392200   -0.0017399400   -0.0017183400
   0.0030105200   -0.0018466500   -0.0015409400
  -0.0036860900   -0.0026152200    0.0004871800
   0.0014607100   -0.0014705100    0.0006505400
  -0.0033251900    0.0018275700    0.0013622800
  -0.0000248300    0.0035711500   -0.0015442400
   0.0033276100    0.0020019900    0.0014446900
  -0.0031996200    0.0054626000    0.0027689700
   0.0033548600    0.0054160000    0.0026462900
   0.0041521400   -0.0016126500    0.0005467300
  -0.0040706800   -0.0018938400    0.0004861800
   0.0030805000   -0.0055118600    0.0028024700
   0.0000178100    0.0000919700    0.0034982300
  -0.0030449600   -0.0055995400    0.0027870900
   0.0015347500    0.0044880600   -0.0005938700
   0.0036466500   -0.0054224100    0.0003577200
   0.0063559200    0.0001589600    0.0025199500
  -0.0064426600    0.0001257000    0.0028178400
  -0.0018468800   -0.0011130400    0.0018341000
   0.0017786700    0.0014603700   -0.0089332600
  -0.0024034600    0.0002953100    0.0012442800
  -0.0000197300   -0.0039103500   -0.0014149000
   0.0030869400   -0.0000283600    0.0008228500
  -0.0027335100    0.0017598900   -0.0099109400
  -0.0011274100   -0.0023192700    0.0016501200
  -0.0022535000   -0.0012849700    0.0019189100
   0.0023732100   -0.0012879100    0.0015726300
   0.0014993100   -0.0025683300    0.0009777900
  -0.0005353500    0.0058671500   -0.0016015200
  -0.0034958100    0.0019705900   -0.0015303500
  -0.0000213000    0.0027173800    0.0015665800
   0.0034365400    0.0019629800   -0.0014916200
  -0.0040447500    0.0016210900   -0.0020483300
   0.0040116400    0.0015839300   -0.0020305500
   0.0015106900    0.0027106700    0.0007459200
  -0.0014755000    0.0025847700    0.0011108200
  -0.0006864200   -0.0043624700   -0.0019823200
  -0.0000178400    0.0000164800   -0.0116549400
   0.0005570400   -0.0043214900   -0.0020577200
   0.0000595400   -0.0032076100   -0.0097959600
   0.0048983200   -0.0035623400   -0.0018776800
   0.0033363100    0.0027162900   -0.0019440200
  -0.0034874500    0.0026591300   -0.0020611900
  -0.0048720600   -0.0028023400   -0.0021147800
   0.0001788000    0.0001554400    0.0015233100
   0.0008809200   -0.0012048900    0.0033874100
   0.0003959500    0.0001224200    0.0019146900
  -0.0007038600    0.0000093400    0.0019216800
   0.0007256400   -0.0000677800    0.0015523500
  -0.0006554400    0.0001515400    0.0023367000
   0.0002429400   -0.0000820500    0.0004894300
  -0.0000298900   -0.0018207500   -0.0003286000
  -0.0002872100    0.0001120100    0.0006928800
   0.0007716000   -0.0007189200    0.0012206700
   0.0003861000    0.0004497300    0.0019181200
  -0.0015579800    0.0008937700   -0.0003271900
   0.0015376100    0.0008888200   -0.0002563900
  -0.0003275000    0.0006028200    0.0019540100
  -0.0000528200    0.0000806000    0.0004974600
  -0.0003321400   -0.0005466800    0.0018948800
  -0.0000310400   -0.0002527900    0.0006820900
   0.0003513100   -0.0004984100    0.0019422500
  -0.0017001700   -0.0009084000   -0.0003471900
   0.0016360700   -0.0009131400   -0.0003732600
   0.0003707800    0.0007026900    0.0015742400
  -0.0000504900    0.0010035800    0.0013189100
  -0.0001208100    0.0001066300    0.0005112700
  -0.0000319900    0.0019399700   -0.0003199100
  -0.0000987100   -0.0000243900    0.0004901000
   0.0000504100   -0.0000595100    0.0041782900
  -0.0011349600    0.0001495500   -0.0020060200
  -0.0008990400    0.0000203300    0.0012017400
   0.0008001300   -0.0000272800    0.0014148200
   0.0011225100    0.0000776700   -0.0011189300
  -0.0003681500   -0.0009810900   -0.0018302700
  -0.0024036200   -0.0013161100   -0.0036778500
  -0.0000814600   -0.0003425700   -0.0010314200
   0.0023581500   -0.0013541000   -0.0034375400
   0.0004329700   -0.0009164600   -0.0013263600
  -0.0004296900   -0.0008665100    0.0013098800
  -0.0002719200    0.0000852900   -0.0009859200
   0.0002845700    0.0001852400   -0.0009419000
   0.0004483800   -0.0006723700    0.0013514500
  -0.0000173500   -0.0028403700   -0.0034581600
   0.0003765600    0.0007622100    0.0014494200
   0.0000769200    0.0027609300   -0.0034537900
  -0.0003830600    0.0008156300    0.0012892500
  -0.0003440300   -0.0001443100   -0.0008579100
   0.0003327000   -0.0001905200   -0.0008746300
   0.0006802200    0.0009711800   -0.0011459800
  -0.0006456200    0.0008519600   -0.0013763100
  -0.0024453400    0.0014026500   -0.0035888800
  -0.0000893500    0.0004385000   -0.0009014400
   0.0023963100    0.0013863200   -0.0034284000

51   
 -0.0064823693271719   0.0000000000000000  -0.0076143869028400
  -0.0440437300   -0.0232620400   -0.0424589800
   0.0034403000   -0.0041098700   -0.0097908000
  -0.0008277800   -0.0001937800    0.0008818400
  -0.0002729100   -0.0002642800    0.0008245700
   0.0002943400   -0.0007991700    0.0005063900
  -0.0037199300    0.0274634000   -0.0269628700
  -0.0016950400   -0.0017870100    0.0013589900
   0.0003236600    0.0010800800   -0.0002658900
   0.0015684500   -0.0010331800    0.0017436400
  -0.0011725200    0.0019442200   -0.0009706300
  -0.0010363700   -0.0007913600    0.0007717300
   0.0010524800   -0.0002959100   -0.0002410100
  -0.0005691000   -0.0004022400   -0.0002192000
  -0.0004215800    0.0005801100    0.0006316200
   0.0004471700   -0.0028129200    0.0013092200
  -0.0001479000   -0.0001253700    0.0008117400
  -0.0000146000    0.0020131600    0.0017942700
   0.0001971600   -0.0005821100    0.0006556900
   0.0006893900    0.0004894900    0.0002816400
  -0.0005818000    0.0002587200    0.0000320300
  -0.0003339900    0.0010977900    0.0006055600
   0.0017880900   -0.0011596400   -0.0003180800
  -0.0024971700    0.0017660900    0.0015270500
  -0.0001538600   -0.0004808700    0.0000329800
   0.0021290100    0.0013286600    0.0013310400
  -0.0025802500   -0.0023392600   -0.0041830200
   0.0009323100    0.0088868600   -0.0002907100
   0.0000470000   -0.0053969800   -0.0034292100
  -0.0002971700    0.0087694000   -0.0003825600
   0.0024588100   -0.0009503300   -0.0001280600
   0.0092363000   -0.0034080400   -0.0015362100
  -0.0047066200   -0.0026832400    0.0013380200
   0.0043335100   -0.0024529700    0.0014270300
  -0.0075133000   -0.0039722000   -0.0004379800
  -0.0009271300   -0.0010070600   -0.0007071800
  -0.0045543300    0.0027673300   -0.0035122500
  -0.0000019600    0.0049414400    0.0014047000
   0.0046863000    0.0026433300   -0.0032847900
  -0.0051626700    0.0030595700    0.0012582500
   0.0050963100    0.0033926300    0.0012192500
   0.0073132300   -0.0047187100   -0.0004744800
  -0.0072261200   -0.0042870200   -0.0004178000
   0.0002237900   -0.0059955400    0.0012354200
  -0.0000071000   -0.0000655200   -0.0005712100
  -0.0003012600   -0.0060039800    0.0012415500
   0.0005628900    0.0022813100   -0.0003865900
  -0.0011645300    0.0004295400    0.0002660600
   0.0053030500    0.0028382400    0.0009860300
  -0.0052976600    0.0027898900    0.0012540100
   0.0010306900    0.0005954800    0.0001958400
   0.0691251100   -0.0008354200    0.0935083100
  -0.0094216800    0.0043526200    0.0020779400
   0.0000238400   -0.0037947700    0.0012777300
   0.0005340400    0.0045666400    0.0005939400
  -0.0076485900   -0.0003406400    0.0015184400
   0.0016875800   -0.0069135100    0.0019327700
  -0.0033329800   -0.0018591800   -0.0015791200
   0.0032599000   -0.0017708100   -0.0017331800
  -0.0034659900   -0.0028516500    0.0006544100
  -0.0014487300    0.0058403500    0.0029848600
  -0.0032477000    0.0019615800    0.0013388500
   0.0000065400    0.0036885800   -0.0017314100
   0.0032275800    0.0017945200    0.0012487100
  -0.0033459500    0.0053685900    0.0026976300
   0.0031672700    0.0054125900    0.0028232900
   0.0041549600   -0.0018035900    0.0005983300
  -0.0042591600   -0.0015428900    0.0006426500
   0.0030174100   -0.0055349200    0.0026523700
  -0.0000317400   -0.0000862500    0.0032639600
  -0.0030714900   -0.0054449900    0.0026855800
  -0.0015448500   -0.0030039400    0.0015909100
   0.0001010300    0.0032700800    0.0032148000
   0.0062630000    0.0001030000    0.0029283900
  -0.0061947400    0.0001371400    0.0026474900
  -0.0019321800   -0.0010665900    0.0017623800
   0.0032986900    0.0014662900   -0.0125132700
  -0.0036318300   -0.0003139100    0.0006136300
  -0.0000068800   -0.0041628800   -0.0014443300
   0.0029335600    0.0000426400    0.0010743600
  -0.0023361600    0.0011644100   -0.0115559100
  -0.0018922700   -0.0029079400    0.0002399200
  -0.0024183200   -0.0014116800    0.0012397700
   0.0022675500   -0.0013990300    0.0015579400
   0.0014947700   -0.0026203400    0.0008971100
   0.0005347400    0.0055803200   -0.0024686300
  -0.0035227500    0.0020773500   -0.0013268600
   0.0000048100    0.0026285800    0.0014736200
   0.0035896100    0.0021172500   -0.0013839100
  -0.0040434900    0.0017573600   -0.0020292700
   0.0040293600    0.0017476800   -0.0020370900
   0.0014896900    0.0025492600    0.0011083600
  -0.0014914100    0.0026798100    0.0007424300
  -0.0004751000   -0.0042579600   -0.0021356400
  -0.0000510300   -0.0000036700   -0.0115399500
   0.0005790600   -0.0043101600   -0.0020233500
  -0.0000468500   -0.0026178900   -0.0117231400
   0.0050180000   -0.0021434200   -0.0022596900
   0.0035108600    0.0026177100   -0.0021355600
  -0.0034537700    0.0026890300   -0.0020010700
  -0.0050055600   -0.0028750800   -0.0019471100
  -0.0000725100   -0.0001628100    0.0018243600
  -0.0026238200    0.0010394800   -0.0001198400
   0.0007785900   -0.0000987100    0.0021884000
  -0.0006943700    0.0000939200    0.0019596100
   0.0011267800   -0.0000887300    0.0013981400
  -0.0002601100   -0.0017579300    0.0007112800
   0.0002777900    0.0002963200    0.0010296400
  -0.0000631400   -0.0016561500   -0.0001039700
  -0.0002854600    0.0002340500    0.0006323600
   0.0002172100   -0.0008245000    0.0017053300
   0.0002982500    0.0005763200    0.0019971100
  -0.0014214700    0.0007848800   -0.0001298200
   0.0014169800    0.0008811100   -0.0002341000
  -0.0004280900    0.0005165100    0.0019128400
   0.0000870400    0.0000992900    0.0004943600
  -0.0002184600   -0.0006110700    0.0019385800
   0.0001017700   -0.0003238400    0.0007455100
   0.0002126000   -0.0005446800    0.0020493600
  -0.0017491000   -0.0009366100   -0.0003315000
   0.0016671300   -0.0010514500   -0.0003624100
   0.0004749000    0.0009836300    0.0014322800
  -0.0006811200    0.0006678500    0.0018258000
   0.0002206600   -0.0000673200    0.0007472300
  -0.0001486100    0.0020328200   -0.0003054100
   0.0000056000    0.0000224900    0.0005082600
   0.0000713200    0.0000571400    0.0053037500
  -0.0007775000   -0.0001124700   -0.0004097600
  -0.0008745200   -0.0000627900    0.0013821200
   0.0007467900    0.0000511600    0.0013305900
   0.0008287600   -0.0000859300   -0.0010984200
  -0.0004563800   -0.0008158800   -0.0004529900
  -0.0023161500   -0.0014816400   -0.0033479300
  -0.0000155000   -0.0003181900   -0.0009721100
   0.0023105200   -0.0013246900   -0.0034622500
   0.0004794500   -0.0007885300   -0.0008612400
  -0.0004206300   -0.0006212700    0.0014116700
  -0.0002741900    0.0001903200   -0.0009927400
   0.0002250600    0.0001785100   -0.0010201600
   0.0003376500   -0.0007234800    0.0013927600
   0.0000575600   -0.0026455100   -0.0033455700
   0.0004806200    0.0006691000    0.0013355100
  -0.0000138700    0.0027139500   -0.0035107000
  -0.0004677700    0.0007341700    0.0013694500
  -0.0003939300   -0.0001397300   -0.0009179900
   0.0002724800   -0.0002168600   -0.0008574300
   0.0003467600    0.0007189200   -0.0011074800
  -0.0002758800    0.0008270800   -0.0009675600
  -0.0023665400    0.0014680700   -0.0034069600
  -0.0000861500    0.0004077000   -0.0009075000
   0.0024193700    0.0014396100   -0.0033794400

76   
  0.0064823693271719   0.0000000000000000   0.0076143869028400
   0.0000409200   -0.0000247400    0.0037341400
   0.0002236400    0.0000383200    0.0012817000
   0.0003694400    0.0001875300    0.0007175400
  -0.0002031100   -0.0000393300    0.0007306700
  -0.0006336400    0.0000235900    0.0006327800
   0.0001840100    0.0003538500    0.0014625100
  -0.0020754000   -0.0010345500    0.0009883000
  -0.0001201600    0.0010368800   -0.0003611300
   0.0020749100   -0.0009905000    0.0016219600
   0.0000211600    0.0003267600   -0.0000599600
   0.0004815600    0.0003837500    0.0004865000
   0.0007903500   -0.0004757300   -0.0003640500
  -0.0007712200   -0.0003693800   -0.0001459200
  -0.0001674100    0.0000311100    0.0005351400
  -0.0000990000   -0.0026493400    0.0015572100
   0.0000166000   -0.0001601200    0.0007129100
   0.0000941200    0.0023775700    0.0016626700
  -0.0001256500   -0.0000474000    0.0005785100
   0.0005105800    0.0003707000    0.0001981100
  -0.0001720100    0.0001556100    0.0000993100
  -0.0003019300   -0.0007588100    0.0004756400
   0.0001468500   -0.0002315100   -0.0000503100
  -0.0024057500    0.0012413000    0.0016314500
   0.0000541000   -0.0003459700    0.0001096500
   0.0025570900    0.0013569300    0.0013934200
  -0.0040239100   -0.0023149600    0.0018168300
   0.0004651200    0.0086240700   -0.0002845000
  -0.0000111800   -0.0053696000   -0.0033057200
  -0.0004211000    0.0085359400   -0.0002961900
   0.0040340300   -0.0022400400    0.0016853600
   0.0076626500   -0.0038922700   -0.0003397000
  -0.0042193500   -0.0024212000    0.0015335800
   0.0042256700   -0.0024296800    0.0014617000
  -0.0076032500   -0.0038563600   -0.0002097500
  -0.0000919900   -0.0014464200   -0.0001011300
  -0.0046851200    0.0026981400   -0.0033413900
  -0.0000002300    0.0049036000    0.0014525700
   0.0046852400    0.0027285800   -0.0032738400
  -0.0051066400    0.0033586100    0.0012722200
   0.0050969000    0.0033851800    0.0012705400
   0.0071709800   -0.0045472000   -0.0003185300
  -0.0071556900   -0.0045916800   -0.0002040400
   0.0003320700   -0.0060384800    0.0012754500
  -0.0000142900    0.0000717000   -0.0004802000
  -0.0003739200   -0.0060506100    0.0012811100
   0.0000486200    0.0046672700    0.0017244000
  -0.0013106600    0.0006772000   -0.0000157500
   0.0054407600    0.0027828000    0.0013325200
  -0.0054970200    0.0027809100    0.0013253900
   0.0012276700    0.0007390700   -0.0000245900
  -0.0013751000   -0.0003284800    0.0021447900
  -0.0000850100    0.0049301200    0.0006529000
  -0.0000482900   -0.0038617800    0.0011738800
   0.0007164100    0.0043677600    0.0003518900
   0.0005541300   -0.0000666400    0.0012960300
   0.0040208600   -0.0025153600    0.0010649100
  -0.0032524200   -0.0018399900   -0.0016984800
   0.0031329100   -0.0017538300   -0.0018052400
  -0.0034672200   -0.0027670400    0.0004121400
  -0.0004438900    0.0021794800    0.0022422400
  -0.0034677700    0.0018656200    0.0012025300
   0.0000255000    0.0036274900   -0.0018210900
   0.0032632000    0.0019092300    0.0011997200
  -0.0031560900    0.0054480300    0.0025275100
   0.0032829400    0.0052455000    0.0028178800
   0.0041190800   -0.0014569300    0.0003756000
  -0.0041636800   -0.0015683200    0.0004485300
   0.0031321600   -0.0054558100    0.0025324500
  -0.0001132600   -0.0000674700    0.0032103200
  -0.0030349000   -0.0054942500    0.0026339400
   0.0000860800    0.0004970000    0.0012983600
   0.0016703600   -0.0016529500    0.0018407700
   0.0061889600    0.0002357400    0.0027280600
  -0.0062749500    0.0002338500    0.0025832200
  -0.0016757800   -0.0009566200    0.0018961400
  -0.0748861300   -0.0026024700   -0.0412200000
   0.0089559000    0.0026709500   -0.0108809200
  -0.0003986900   -0.0034831100   -0.0018221500
   0.0023453800   -0.0004176300    0.0007650900
   0.0072413600   -0.0012748200   -0.0206286600
   0.0022757100   -0.0000492100   -0.0103704900
  -0.0024358900   -0.0018973800    0.0004775800
   0.0018524800   -0.0013714700    0.0016891500
   0.0018824100   -0.0024166800    0.0000956200
   0.0028868800    0.0047825300   -0.0123248000
  -0.0031293800    0.0012463200   -0.0016979100
   0.0003396700    0.0022034700    0.0017938300
   0.0038711200    0.0025385200   -0.0013623300
  -0.0039345400    0.0026629100   -0.0022045000
   0.0048984300    0.0018277600   -0.0029782200
   0.0016778100    0.0025780600    0.0007062400
  -0.0007093000    0.0030071200   -0.0001094800
  -0.0003634800   -0.0043884000   -0.0023647000
   0.0003284500    0.0004952300   -0.0114623100
   0.0011321000   -0.0047533200   -0.0018686700
   0.0026483700    0.0032698100   -0.0211890100
   0.0088359200   -0.0106845500   -0.0133977800
   0.0036912400    0.0030517700   -0.0029154300
  -0.0038142400    0.0028598800   -0.0019529000
  -0.0048955800   -0.0032659300   -0.0032515600
   0.0111162000    0.0036033800    0.0260580200
   0.0077115200   -0.0023616000    0.0054981300
   0.0007057500    0.0005929000    0.0021208900
  -0.0004950800    0.0000456700    0.0019828400
   0.0000876300    0.0000538100    0.0020231000
   0.0042705200   -0.0023620500    0.0156577000
   0.0005983200   -0.0001652500    0.0015738700
  -0.0001707600   -0.0017602800   -0.0001085800
  -0.0001972300    0.0001798500    0.0006188400
  -0.0003414900    0.0000107500    0.0021229800
   0.0008056400    0.0013995200    0.0019632800
  -0.0017203100    0.0009282600   -0.0001546500
   0.0014492000    0.0009126200   -0.0003186500
  -0.0005960800    0.0002888300    0.0018218700
  -0.0007068800   -0.0002581500    0.0007334500
  -0.0002509500   -0.0003457400    0.0019228100
  -0.0001315800   -0.0000270300    0.0008084800
  -0.0001036800   -0.0004356200    0.0020441500
  -0.0017726400   -0.0009674000   -0.0004185300
   0.0014967600   -0.0010558900   -0.0004861700
  -0.0004595000   -0.0001144100    0.0019577700
   0.0002983100    0.0002329700    0.0024416900
  -0.0010165500   -0.0001216900    0.0008257900
  -0.0001490200    0.0020077000   -0.0003943100
   0.0002301900    0.0003239700    0.0005873300
   0.0080066600    0.0021895100    0.0054915300
   0.0117063400   -0.0050227700    0.0247822600
  -0.0018411500   -0.0002483300    0.0019873700
   0.0009086200    0.0000221900    0.0014708200
   0.0012677200   -0.0001409900   -0.0012112700
   0.0036259100    0.0016666200    0.0121508600
  -0.0031804400   -0.0024921400   -0.0014943800
  -0.0000336100   -0.0004345000   -0.0005958100
   0.0020984600   -0.0013452500   -0.0030348500
   0.0008847100   -0.0006434200    0.0011677300
  -0.0013001200   -0.0002511300    0.0020579300
  -0.0005772700    0.0005080400   -0.0006381500
   0.0001454500    0.0002140100   -0.0010151700
  -0.0000389600   -0.0007872300    0.0019164400
  -0.0000186100   -0.0040526200   -0.0032372300
   0.0003358000    0.0009704800    0.0014855000
  -0.0004260100    0.0028215600   -0.0031930500
  -0.0007799500    0.0006817200    0.0018091500
  -0.0005658000   -0.0002348100   -0.0006810200
   0.0000469200   -0.0000245200   -0.0006299700
  -0.0004405500    0.0011312900   -0.0009748700
   0.0004685500    0.0016363600    0.0008859400
  -0.0037236300    0.0024707000   -0.0030752800
   0.0000449700    0.0002647900   -0.0007952900
   0.0024320500    0.0016405000   -0.0032110800

76   
 -0.0064823693271719   0.0000000000000000  -0.0076143869028400
  -0.0000239900    0.0000342600    0.0019122800
   0.0006448200   -0.0003406500    0.0001775700
  -0.0001326400   -0.0003353000    0.0006321600
  -0.0000338900   -0.0001206600    0.0006037600
  -0.0002287200   -0.0003422000    0.0008148900
  -0.0000124000    0.0006252000    0.0000028900
  -0.0021158500   -0.0013509600    0.0025170100
   0.0001139100    0.0006512900   -0.0002587000
   0.0021261400   -0.0013885400    0.0018675600
  -0.0001379700    0.0006677300    0.0015139300
  -0.0005186300   -0.0000225100    0.0008582900
   0.0006286200   -0.0002942300   -0.0002639900
  -0.0006443400   -0.0003851900   -0.0004769900
   0.0002311700    0.0003404500    0.0007860400
   0.0001074300   -0.0026428500    0.0012748100
  -0.0002942600    0.0000938900    0.0006212700
  -0.0000857500    0.0025199100    0.0018365700
   0.0004181700   -0.0000008800    0.0007585500
   0.0002971000    0.0001451800    0.0000240600
  -0.0006322600    0.0003580300    0.0001302900
  -0.0004230600    0.0002143900    0.0009835400
   0.0006319100   -0.0003008800    0.0015025500
  -0.0022418200    0.0014700500    0.0012210800
  -0.0000463500   -0.0005565900    0.0001181700
   0.0020728300    0.0013506000    0.0014441700
  -0.0040572400   -0.0023297000    0.0021827700
   0.0003652900    0.0084456800    0.0000524400
   0.0000160500   -0.0053298500   -0.0029249600
  -0.0004191600    0.0085726200    0.0000421900
   0.0040920300   -0.0024008900    0.0022603100
   0.0075102800   -0.0038757100    0.0000683600
  -0.0041940500   -0.0023996300    0.0016657700
   0.0042258200   -0.0024219600    0.0017459400
  -0.0075817100   -0.0039051300   -0.0000439800
   0.0001067800   -0.0014677400    0.0004103100
  -0.0045981700    0.0027066000   -0.0029357900
  -0.0000092000    0.0048938100    0.0017442200
   0.0046367800    0.0026782700   -0.0030117400
  -0.0051186400    0.0033028200    0.0016067100
   0.0051367300    0.0032637900    0.0015739700
   0.0071989900   -0.0046230600    0.0000737100
  -0.0071981200   -0.0046042000   -0.0000703800
   0.0003043200   -0.0060483500    0.0016238800
   0.0000072400   -0.0000262200   -0.0003042900
  -0.0002282500   -0.0060393600    0.0015728800
  -0.0000656000    0.0047394900    0.0022621400
  -0.0012194400    0.0008571900    0.0003786100
   0.0053826800    0.0028170700    0.0015815400
  -0.0053173400    0.0028229800    0.0015600800
   0.0013532800    0.0007589800    0.0003555600
   0.0001269400   -0.0003455100   -0.0018651800
  -0.0010997100    0.0040172100   -0.0001926200
   0.0000579100   -0.0036604300    0.0008281600
   0.0004546600    0.0046263300    0.0001701900
   0.0007531700   -0.0006062700   -0.0009245100
   0.0030875000   -0.0029204200   -0.0005486600
  -0.0029905600   -0.0017146500   -0.0022420200
   0.0031650900   -0.0018376500   -0.0021203800
  -0.0036758200   -0.0026592100    0.0001226800
   0.0004600100    0.0022110500    0.0007679100
  -0.0030765100    0.0019585300    0.0008534400
  -0.0000302500    0.0036666100   -0.0021062100
   0.0033207500    0.0019031900    0.0008794300
  -0.0033751400    0.0054153800    0.0023189400
   0.0032542400    0.0056059900    0.0020481200
   0.0042079900   -0.0019272100    0.0001071600
  -0.0041581700   -0.0018440700    0.0000542200
   0.0029992100   -0.0055560900    0.0022563300
   0.0001098900    0.0001028100    0.0029072500
  -0.0030555400   -0.0055275200    0.0022159100
  -0.0000966100    0.0010306300   -0.0010006300
   0.0021229600   -0.0004670500    0.0010640600
   0.0064393600    0.0000553500    0.0020326400
  -0.0063487200    0.0000643100    0.0022272200
  -0.0020746200   -0.0011997400    0.0010567300
   0.0788641500   -0.0005047900    0.0204683200
  -0.0148608300   -0.0025466500    0.0129204500
   0.0003832500   -0.0045488500   -0.0007801000
   0.0035999500    0.0004071200    0.0015491500
  -0.0123841200    0.0042808900   -0.0002553000
  -0.0052717900   -0.0054180200    0.0126830400
  -0.0022606800   -0.0008937000    0.0029313100
   0.0027262900   -0.0013374200    0.0017669600
   0.0011238400   -0.0028172300    0.0022204500
  -0.0027310100    0.0064388700    0.0087439600
  -0.0038473100    0.0028129500   -0.0007802200
  -0.0003794200    0.0031469400    0.0016384500
   0.0031359100    0.0015961700   -0.0011076200
  -0.0041252200    0.0007958600   -0.0013507200
   0.0031935500    0.0016062500   -0.0006958500
   0.0013055700    0.0027281900    0.0014897400
  -0.0022419500    0.0023811400    0.0022609800
  -0.0007564700   -0.0041383500   -0.0013306500
  -0.0003107600   -0.0003575100   -0.0113544800
  -0.0000250700   -0.0037664400   -0.0017897500
  -0.0026490000   -0.0090475200    0.0002191200
   0.0012084500    0.0051036400    0.0094751600
   0.0031937800    0.0023497400   -0.0010177100
  -0.0031233400    0.0025370300   -0.0018164300
  -0.0050480600   -0.0024015700   -0.0004126100
  -0.0119701000   -0.0043430500   -0.0242036100
  -0.0094142000    0.0021839100   -0.0026628300
   0.0005272400   -0.0006635600    0.0015763700
  -0.0009694400    0.0000265300    0.0014157200
   0.0017173900   -0.0002961000    0.0003416100
  -0.0050151800    0.0010950900   -0.0134557700
   0.0001652900    0.0003228100   -0.0006138800
   0.0000912300   -0.0017288500   -0.0008007500
  -0.0004760100    0.0001655700    0.0000709500
   0.0012329600   -0.0015642400    0.0000217400
  -0.0000679700   -0.0001942800    0.0012502000
  -0.0011432700    0.0007731800   -0.0008245800
   0.0013992800    0.0008668800   -0.0007358200
  -0.0001787200    0.0008917700    0.0012936400
   0.0007943300    0.0005951600   -0.0005202600
  -0.0002126200   -0.0006918500    0.0013798500
   0.0002479200   -0.0005021100    0.0001709900
   0.0006118800   -0.0004424400    0.0014024900
  -0.0016912000   -0.0007060000   -0.0008573100
   0.0018291600   -0.0007896900   -0.0008422600
   0.0012452300    0.0017459700    0.0005435400
  -0.0009055200    0.0013335200    0.0002268000
   0.0012129300    0.0002727800    0.0000120300
  -0.0000601600    0.0020940700   -0.0006485400
  -0.0002969300   -0.0002238300   -0.0000508200
  -0.0078431000   -0.0022171600    0.0041359400
  -0.0124546800    0.0042287500   -0.0261128500
   0.0001327000    0.0001772800    0.0007763100
   0.0005868700   -0.0000303400    0.0015223300
   0.0006459700   -0.0000315700   -0.0007060200
  -0.0045304300   -0.0030780900   -0.0140147200
  -0.0012946900   -0.0003120000   -0.0052589200
  -0.0000415500   -0.0002334100   -0.0011654200
   0.0024701200   -0.0013324500   -0.0035180200
  -0.0001138400   -0.0010972900   -0.0029342200
   0.0005043100   -0.0010755100    0.0010480300
   0.0001484600   -0.0001965200   -0.0010598800
   0.0002646900    0.0001700500   -0.0006520200
   0.0008025900   -0.0005367500    0.0012568900
   0.0001013700   -0.0012272400   -0.0031230600
   0.0006160000    0.0005801200    0.0015903000
   0.0005327300    0.0026976600   -0.0035472000
  -0.0001198000    0.0010215900    0.0011357700
  -0.0001921300    0.0001117300   -0.0007902500
   0.0005991600   -0.0002703200   -0.0007837600
   0.0013766000    0.0005471700   -0.0010294800
  -0.0013525900   -0.0000860900   -0.0029984300
  -0.0010276800    0.0004225000   -0.0037259600
  -0.0002359800    0.0006998800   -0.0008031700
   0.0024241400    0.0012713800   -0.0033894700

101  
  0.0064823693271719   0.0000000000000000   0.0076143869028400
   0.0004494100   -0.0000195700    0.0013034800
   0.0004570000    0.0000435600    0.0005108300
   0.0001212200   -0.0000957100    0.0001979900
  -0.0000140500   -0.0001037800    0.0003490800
  -0.0001715100   -0.0002247800    0.0010583000
   0.0001329900    0.0004557000    0.0003759600
  -0.0019868400   -0.0011285400    0.0012564900
  -0.0000335600    0.0008250000   -0.0007395400
   0.0021393100   -0.0012324800    0.0014137700
  -0.0000882800    0.0001561100    0.0011987700
  -0.0000430400    0.0000982900    0.0001600200
   0.0007016100   -0.0004181800   -0.0007309200
  -0.0007461600   -0.0003901400   -0.0007249100
   0.0000468800    0.0001376200    0.0003736400
   0.0000294300   -0.0028212200    0.0010782500
  -0.0000585500    0.0000726900    0.0002354400
  -0.0000544000    0.0023841800    0.0013460700
   0.0001841700   -0.0000868300    0.0003041000
   0.0003750600    0.0002668700   -0.0003700700
  -0.0004927300    0.0002306000   -0.0002944100
  -0.0003794100   -0.0001817500    0.0006225000
   0.0000455100   -0.0003070600    0.0009279300
  -0.0025211400    0.0014667700    0.0010345500
  -0.0000865500   -0.0005210800   -0.0003124900
   0.0024271700    0.0013728600    0.0011123700
  -0.0039911900   -0.0023149300    0.0050846100
   0.0003768900    0.0084231600    0.0028343500
  -0.0000014200   -0.0053639200   -0.0001240700
  -0.0004377300    0.0086042200    0.0027282100
   0.0039656300   -0.0022693200    0.0048899500
   0.0075152700   -0.0038785500    0.0027978100
  -0.0041579600   -0.0023849700    0.0045479200
   0.0042150800   -0.0024783200    0.0045468600
  -0.0076296100   -0.0039374100    0.0027774200
   0.0000234900   -0.0014693800    0.0030980000
  -0.0046308700    0.0026359100   -0.0001508200
  -0.0000510500    0.0048587900    0.0045436600
   0.0046879900    0.0026617700   -0.0002130100
  -0.0051546600    0.0033764800    0.0044078200
   0.0051559900    0.0033338200    0.0043742900
   0.0072190200   -0.0045520600    0.0028186100
  -0.0072087300   -0.0046198900    0.0027216500
   0.0003895200   -0.0061098800    0.0044485200
  -0.0000093300   -0.0000253500    0.0025236200
  -0.0003346400   -0.0060536200    0.0043504600
  -0.0001005700    0.0045836100    0.0050150200
  -0.0011801900    0.0007561900    0.0032007100
   0.0054452600    0.0027825800    0.0044513700
  -0.0054040400    0.0027695700    0.0043756500
   0.0012987500    0.0006522300    0.0031149300
  -0.0008057400   -0.0003662300   -0.0021499500
  -0.0007322500    0.0043464100   -0.0021970200
  -0.0000066900   -0.0037923100   -0.0013744800
   0.0002725800    0.0046259500   -0.0019918400
   0.0027171700   -0.0016214600   -0.0005802200
   0.0034512500   -0.0027610500   -0.0020825100
  -0.0030854500   -0.0017419100   -0.0043823600
   0.0031687600   -0.0018694500   -0.0042443600
  -0.0037919300   -0.0025728400   -0.0020683400
   0.0003411600    0.0021090700   -0.0010293400
  -0.0032737500    0.0018461900   -0.0013638700
  -0.0000688600    0.0036354400   -0.0042823800
   0.0033166100    0.0018693900   -0.0012476400
  -0.0033418100    0.0054766500    0.0001404900
   0.0033080100    0.0055063300    0.0001014100
   0.0041763800   -0.0018043800   -0.0020567500
  -0.0041792600   -0.0017977100   -0.0020993400
   0.0031290600   -0.0055859500    0.0000523000
   0.0000158100   -0.0000290900    0.0007943900
  -0.0031421400   -0.0055711500    0.0001320000
  -0.0002587500    0.0020180400   -0.0014180300
   0.0020094000   -0.0009030400   -0.0011077400
   0.0063834100    0.0001063800    0.0000278800
  -0.0063673000    0.0001219900    0.0001704000
  -0.0017028100   -0.0012650200   -0.0011448400
   0.0260385900    0.0119727100    0.0066649900
  -0.0030524600   -0.0008658900    0.0020887500
  -0.0002953900   -0.0040054600   -0.0000390600
   0.0020783500    0.0007137700    0.0033017300
  -0.0045081500    0.0053476700    0.0040599700
  -0.0021800800   -0.0024623100    0.0026933600
  -0.0023604400   -0.0013227100    0.0030154300
   0.0020285100   -0.0012876900    0.0028670700
   0.0003589900   -0.0023615500    0.0028139000
   0.0009253300    0.0056203400    0.0005139400
  -0.0035443900    0.0018755600    0.0000699000
  -0.0001264400    0.0025523800    0.0030070500
   0.0032719600    0.0020836000    0.0000792900
  -0.0042813400    0.0016772300   -0.0003774700
   0.0038253000    0.0017612700   -0.0003731500
   0.0014478000    0.0024082900    0.0032947700
  -0.0014105500    0.0023879700    0.0022448000
  -0.0010311400   -0.0040941600   -0.0005021500
  -0.0001249500    0.0002080700   -0.0100753600
   0.0002689200   -0.0042713800   -0.0003871800
   0.0050247900   -0.0174261400    0.0051572900
   0.0047924200   -0.0022206600   -0.0003341000
   0.0030894300    0.0028014000   -0.0005658900
  -0.0038216000    0.0026084300   -0.0004800500
  -0.0050981700   -0.0034781700    0.0009213300
  -0.0328143400   -0.0004685100   -0.0823497300
   0.0040883900   -0.0002190400   -0.0017153900
   0.0002747800    0.0003257700   -0.0005089300
  -0.0008537100    0.0002389300   -0.0016930300
   0.0064384500   -0.0006798500   -0.0040643000
   0.0010474400    0.0006048400   -0.0028746800
   0.0002676400   -0.0002898400   -0.0016794800
  -0.0004623800   -0.0016388200   -0.0031467700
  -0.0007880900    0.0004306600   -0.0029211800
   0.0024984200   -0.0029616600   -0.0037308300
   0.0005218600    0.0001304600   -0.0010178000
  -0.0014477200    0.0003791000   -0.0032283900
   0.0013787400    0.0008879000   -0.0035206100
  -0.0005458100    0.0007390500   -0.0018064100
   0.0003945800    0.0003265900   -0.0030403700
   0.0000734800   -0.0005779100   -0.0014647500
   0.0003249400   -0.0002259500   -0.0024037800
   0.0002627000   -0.0004029600   -0.0009986800
  -0.0020231900   -0.0005806200   -0.0037954500
   0.0016634400   -0.0012382800   -0.0038551500
   0.0022470700    0.0036625000   -0.0034950100
   0.0012946500   -0.0007742000   -0.0020065500
  -0.0002146200    0.0002803400   -0.0019791800
  -0.0005971400    0.0021194100   -0.0037690700
  -0.0001829100   -0.0002359300   -0.0031959400
  -0.0076914300   -0.0003228800    0.0331831800
   0.0015449200   -0.0024074500    0.0020160600
  -0.0013450700    0.0001714400    0.0024196700
   0.0003811300    0.0002764800    0.0033871500
   0.0012679400    0.0004664600    0.0014385900
  -0.0007913800    0.0027757500    0.0030487200
  -0.0020020100   -0.0015787200   -0.0024435200
  -0.0004863900   -0.0002358200    0.0004208000
   0.0023399200   -0.0013663900   -0.0015211600
   0.0002475000   -0.0022281000    0.0010622800
  -0.0001590200   -0.0010849200    0.0029178900
  -0.0002335000   -0.0003106800    0.0004285100
   0.0001735800    0.0002214800    0.0006946800
   0.0002756100   -0.0004295500    0.0033730700
   0.0005415900   -0.0025222700   -0.0015522000
   0.0007668500    0.0004062600    0.0032981100
   0.0003245800    0.0028717400   -0.0019445500
  -0.0003685700    0.0011166400    0.0027287200
  -0.0005796900    0.0001871400    0.0009718400
   0.0003911000   -0.0004678500    0.0009571000
  -0.0010098400   -0.0000099400    0.0023054800
   0.0002978000    0.0010621400    0.0009075300
  -0.0022253300    0.0015226700   -0.0024496200
  -0.0005249200    0.0005458700    0.0008732200
   0.0027354000    0.0013459100   -0.0013678300

101  
 -0.0064823693271719   0.0000000000000000  -0.0076143869028400
  -0.0004167900   -0.0000036900    0.0039388600
   0.0003686400   -0.0003993000    0.0005497200
   0.0001085300   -0.0001049800    0.0007637300
  -0.0002221100   -0.0001132300    0.0006067900
  -0.0007231900   -0.0001989800    0.0000007300
   0.0000046000    0.0004492600    0.0006927200
  -0.0022425600   -0.0012675900    0.0018806100
   0.0000239400    0.0007982800   -0.0002637600
   0.0020595000   -0.0012130900    0.0017071600
  -0.0000357200    0.0007946400   -0.0001421500
   0.0000203100    0.0002390500    0.0007925900
   0.0006536300   -0.0003583000   -0.0002711800
  -0.0007163500   -0.0004168900   -0.0002611000
   0.0000337900    0.0001780500    0.0005758100
  -0.0000026900   -0.0025010700    0.0013926700
  -0.0002271300   -0.0001860300    0.0007164500
  -0.0000294600    0.0024824300    0.0017887100
   0.0001284900    0.0000065100    0.0006565600
   0.0004493400    0.0002013600    0.0002158900
  -0.0002909300    0.0002341300    0.0001500300
  -0.0003865700   -0.0004247500    0.0004126400
   0.0006795800   -0.0002366000    0.0001343300
  -0.0021287900    0.0012053900    0.0014400300
   0.0001135700   -0.0004397600    0.0001835000
   0.0022259900    0.0012863800    0.0013468700
  -0.0040657900   -0.0023641700    0.0018471900
   0.0004099400    0.0085316800   -0.0001938800
  -0.0000026500   -0.0053725100   -0.0032162400
  -0.0004503000    0.0084852800   -0.0001416300
   0.0041775200   -0.0024083400    0.0018526100
   0.0075833400   -0.0039190600   -0.0002092000
  -0.0042228600   -0.0024424800    0.0015154500
   0.0042279800   -0.0024430500    0.0015324000
  -0.0075934400   -0.0038445400   -0.0001516600
   0.0000167600   -0.0015227200    0.0000494000
  -0.0046506300    0.0026902600   -0.0032400800
   0.0000019500    0.0048764700    0.0015146300
   0.0046548600    0.0026934100   -0.0032023100
  -0.0051261100    0.0032740800    0.0013693600
   0.0050896000    0.0032677900    0.0013119600
   0.0071444900   -0.0046138700   -0.0001842000
  -0.0071459100   -0.0046376800   -0.0001635700
   0.0002622100   -0.0060285800    0.0013700700
  -0.0000543300    0.0000006900   -0.0004250400
  -0.0002860200   -0.0060851000    0.0013340100
   0.0000247900    0.0047638900    0.0018529000
  -0.0013326700    0.0007768700    0.0000654100
   0.0053411400    0.0027736600    0.0013387300
  -0.0054240600    0.0028078600    0.0013612300
   0.0013081500    0.0007531700    0.0000714100
  -0.0004542200   -0.0003457000    0.0001933300
  -0.0004863800    0.0044861600    0.0003847500
   0.0000386300   -0.0037840900    0.0011371300
   0.0008760700    0.0043311800    0.0003604700
  -0.0014859700    0.0009442700   -0.0012278700
   0.0035767100   -0.0026823000    0.0003501900
  -0.0031169800   -0.0018141600   -0.0018129000
   0.0031394100   -0.0017948000   -0.0018829200
  -0.0033793700   -0.0028951500    0.0004317100
  -0.0003213100    0.0022203600    0.0018667300
  -0.0032750400    0.0019182600    0.0011637900
   0.0000266500    0.0036087300   -0.0018401800
   0.0032852900    0.0018766400    0.0011285800
  -0.0032338800    0.0053610100    0.0024703100
   0.0032363600    0.0053163400    0.0025784300
   0.0041356700   -0.0015556200    0.0003298400
  -0.0041599200   -0.0016811900    0.0004183000
   0.0030288200   -0.0054866100    0.0024665000
  -0.0000506100   -0.0000031100    0.0031198400
  -0.0029767400   -0.0054662300    0.0025453800
   0.0001545500   -0.0005910400   -0.0005252500
   0.0017974500   -0.0012270800    0.0017263100
   0.0062452300    0.0001275700    0.0025177700
  -0.0062369900    0.0001379000    0.0024926200
  -0.0020389600   -0.0009841600    0.0019442900
  -0.0191794700   -0.0083988000   -0.0260546100
  -0.0028298300    0.0007188000    0.0009196200
  -0.0002202200   -0.0040246100   -0.0015442100
   0.0035634300   -0.0006351600    0.0002287100
  -0.0003359300   -0.0025443200   -0.0238494700
  -0.0005709600   -0.0030227500    0.0004777700
  -0.0023660800   -0.0015528800    0.0013858600
   0.0023066300   -0.0012125500    0.0016811000
   0.0024638500   -0.0027119100    0.0007527800
  -0.0006537200    0.0057888100   -0.0029234400
  -0.0033034700    0.0018465900   -0.0015474700
   0.0002224800    0.0027322400    0.0015177200
   0.0034543200    0.0021392000   -0.0014883600
  -0.0038807700    0.0019064600   -0.0020611500
   0.0043219600    0.0015699100   -0.0021912100
   0.0018971200    0.0026426600    0.0001014300
  -0.0014943500    0.0028197400    0.0011000600
  -0.0003280700   -0.0042420700   -0.0022666700
  -0.0000855300    0.0000558700   -0.0115828900
   0.0007765300   -0.0044582800   -0.0021097000
  -0.0046774400    0.0110231100   -0.0251157500
   0.0053711700   -0.0034335900   -0.0025553100
   0.0035627700    0.0027213700   -0.0023087400
  -0.0035885400    0.0026954900   -0.0020275100
  -0.0047752100   -0.0023222000   -0.0033399300
   0.0331862800   -0.0002395700    0.0794551000
  -0.0052391300   -0.0000614900    0.0020070000
   0.0005427200   -0.0001299700    0.0017740900
  -0.0010819900    0.0000023300    0.0019443100
  -0.0047052800    0.0003989300    0.0029204300
  -0.0013823300   -0.0022842700    0.0022977400
   0.0004949700    0.0002111900    0.0004681500
   0.0000425100   -0.0018214400   -0.0002860100
  -0.0002777800    0.0001095800    0.0003959200
  -0.0014332700    0.0014568800    0.0024509500
   0.0003051700    0.0007045000    0.0015860700
  -0.0014769200    0.0009434500   -0.0003256600
   0.0014480200    0.0008702200   -0.0002645700
  -0.0004807300    0.0007157300    0.0018550900
  -0.0001090000    0.0000778000    0.0001640300
  -0.0004081200   -0.0008252300    0.0017257200
  -0.0000727500   -0.0004317000    0.0004975100
   0.0003332900   -0.0004550200    0.0018034700
  -0.0016997300   -0.0009285200   -0.0003835600
   0.0015336600   -0.0008902500   -0.0005500600
  -0.0010351700   -0.0021369300    0.0028861100
  -0.0017011900    0.0024929400    0.0020755900
   0.0001618800   -0.0001024800    0.0002873900
   0.0000141900    0.0019558600   -0.0003515800
  -0.0000069700    0.0001919000    0.0002823000
   0.0078603400   -0.0000416200   -0.0211801300
  -0.0029119800    0.0022681900   -0.0028895500
  -0.0007677100   -0.0000495200    0.0015306200
   0.0007053500   -0.0001333400    0.0013723700
   0.0006650800   -0.0005854000   -0.0012495600
   0.0004455400   -0.0045669300   -0.0031986800
  -0.0025156300   -0.0014924900   -0.0032584500
   0.0000806100   -0.0003993300   -0.0009063600
   0.0018741400   -0.0011476100   -0.0032162600
   0.0007322800    0.0005082800   -0.0008101500
  -0.0005542900   -0.0005678000    0.0016137200
  -0.0002796900    0.0002752600   -0.0008170300
   0.0002073700    0.0001309400   -0.0009842700
   0.0002606200   -0.0006578000    0.0015072900
  -0.0002335000   -0.0027548600   -0.0030534000
   0.0002882200    0.0008089400    0.0014980600
  -0.0001165500    0.0025446400   -0.0032844000
  -0.0004562000    0.0006076300    0.0015682400
  -0.0003908100   -0.0001688800   -0.0008286500
   0.0001474800   -0.0001032600   -0.0006700900
   0.0023574200    0.0015850000   -0.0024720900
  -0.0009640600    0.0006805600   -0.0016842000
  -0.0027188600    0.0014769700   -0.0030732600
   0.0000006800    0.0003911800   -0.0008377100
   0.0020210700    0.0014242800   -0.0031944900

126  
  0.0064823693271719   0.0000000000000000   0.0076143869028400
  -0.0000426500   -0.0000061500    0.0021143800
   0.0002534600   -0.0003534000    0.0011806200
   0.0000580900   -0.0001634200    0.0007991000
  -0.0000461300   -0.0001195600    0.0007110300
  -0.0003866400   -0.0000961900    0.0009269800
  -0.0001040600    0.0003169100    0.0013617400
  -0.0020442600   -0.0012378400    0.0020657800
   0.0000450600    0.0007887700   -0.0001985900
   0.0020379100   -0.0011083500    0.0020346400
  -0.0000496700    0.0004636300    0.0007402400
  -0.0001509100    0.0001605300    0.0008209400
   0.0007048400   -0.0003756700   -0.0002298600
  -0.0006591400   -0.0003959300   -0.0001649300
   0.0000352800    0.0000717400    0.0006835500
  -0.0001504200   -0.0026095300    0.0016680200
  -0.0001850200    0.0000486100    0.0007823100
   0.0001074100    0.0023572900    0.0020514000
   0.0000970400    0.0000008800    0.0007327600
   0.0004074100    0.0002197400    0.0003016100
  -0.0004485300    0.0002784900    0.0002556400
  -0.0002431000   -0.0001975600    0.0012288900
   0.0004510800   -0.0001540800    0.0008709900
  -0.0022460800    0.0012012300    0.0016909800
   0.0000327400   -0.0005022800    0.0002800100
   0.0022869400    0.0014018400    0.0016480000
  -0.0040483900   -0.0023591500    0.0015074800
   0.0004388300    0.0085057800   -0.0006668300
   0.0000094800   -0.0053738500   -0.0036368700
  -0.0004327700    0.0085116000   -0.0006164300
   0.0040769300   -0.0023356500    0.0015171200
   0.0076018500   -0.0038813000   -0.0006935700
  -0.0041910400   -0.0024222900    0.0010542500
   0.0042450900   -0.0024594900    0.0010547400
  -0.0075741100   -0.0038736600   -0.0005925900
   0.0000121900   -0.0014865600   -0.0003557300
  -0.0046392200    0.0026782300   -0.0036516500
  -0.0000053500    0.0048736200    0.0010474200
   0.0046754000    0.0026828600   -0.0036535600
  -0.0051207600    0.0032978100    0.0009064600
   0.0051503200    0.0033025200    0.0009012700
   0.0071688500   -0.0046243000   -0.0006577100
  -0.0071455600   -0.0046295800   -0.0006429700
   0.0003102700   -0.0060865300    0.0008986400
   0.0000257500   -0.0000033700   -0.0008961400
  -0.0002854400   -0.0060832700    0.0009129800
   0.0000120200    0.0046904100    0.0015158900
  -0.0012742500    0.0007551200   -0.0003610900
   0.0054325200    0.0027986000    0.0009046000
  -0.0053986900    0.0027895000    0.0009188100
   0.0012865000    0.0007216200   -0.0003209600
  -0.0005508600   -0.0003702100   -0.0000056000
  -0.0004757500    0.0045312300    0.0006698300
   0.0000251800   -0.0037681600    0.0014856100
   0.0005995300    0.0044287900    0.0005813200
   0.0004266400   -0.0001859500   -0.0000871100
   0.0036672000   -0.0026838700    0.0007052400
  -0.0031411700   -0.0018301000   -0.0015360200
   0.0031554600   -0.0018062200   -0.0015512800
  -0.0035499600   -0.0027113000    0.0005725200
  -0.0001501700    0.0021482900    0.0017395100
  -0.0032592900    0.0018888400    0.0014914900
   0.0000270600    0.0036376000   -0.0015358100
   0.0032806000    0.0018672900    0.0015263600
  -0.0032545600    0.0054502200    0.0027904900
   0.0033459700    0.0053880900    0.0028529100
   0.0041521700   -0.0017417300    0.0006377100
  -0.0041476200   -0.0018080400    0.0006249700
   0.0030949700   -0.0055413600    0.0027856200
   0.0000041800   -0.0000097600    0.0034873600
  -0.0030093200   -0.0055864100    0.0028313000
   0.0000750000    0.0005611800   -0.0000593300
   0.0018359500   -0.0011371100    0.0016608800
   0.0063353800    0.0001524000    0.0028034800
  -0.0063391400    0.0001349000    0.0027921100
  -0.0018877000   -0.0010192100    0.0017495600
  -0.0018431800   -0.0035443500    0.0007194800
  -0.0037105100   -0.0007368900    0.0017309600
   0.0000820100   -0.0041094300   -0.0014076400
   0.0030644300    0.0009249200    0.0006823900
   0.0212883900   -0.0099331500    0.0039035400
  -0.0026535200   -0.0025316800    0.0013827200
  -0.0021909200   -0.0011531100    0.0015846100
   0.0022619000   -0.0014821500    0.0017265000
   0.0004913300   -0.0035642100    0.0011129500
   0.0009630200    0.0059149600    0.0000120000
  -0.0037087900    0.0021715800   -0.0013783900
  -0.0002449500    0.0026007100    0.0016742000
   0.0033652100    0.0019074700   -0.0013976500
  -0.0043265400    0.0015218800   -0.0016817900
   0.0035996600    0.0019846200   -0.0017446600
   0.0014159300    0.0029087800    0.0008304800
  -0.0022972600    0.0029308300    0.0015959400
  -0.0008712600   -0.0043525700   -0.0017909900
  -0.0000482800    0.0000587100   -0.0117162800
   0.0000676600   -0.0041399100   -0.0017083300
   0.0041551500    0.0135520900    0.0024170600
   0.0049514500   -0.0022689200    0.0005783000
   0.0033974200    0.0025164300   -0.0018357600
  -0.0036172200    0.0026197300   -0.0016403300
  -0.0053521600   -0.0036102700   -0.0005504200
  -0.0077264700   -0.0000735200    0.0278334900
  -0.0005510600   -0.0004716200    0.0022129800
   0.0006792300   -0.0001022500    0.0024745200
  -0.0009180300    0.0000621700    0.0020682000
   0.0029997600    0.0024612800    0.0033095800
  -0.0005201600    0.0002799900    0.0017046300
   0.0008061700    0.0001719000    0.0008623500
  -0.0000823800   -0.0018131800    0.0000769200
  -0.0001582200    0.0002139800    0.0006197400
  -0.0006890700   -0.0046150100    0.0034782100
   0.0005276200    0.0005529300    0.0021666200
  -0.0013433600    0.0007682300    0.0000539600
   0.0015250000    0.0009727000   -0.0000128500
  -0.0003482500    0.0007404400    0.0019444900
   0.0002128100    0.0001835400    0.0004831000
  -0.0000899700   -0.0008112900    0.0020268200
   0.0003096700   -0.0005015900    0.0007874500
   0.0004749700   -0.0004656800    0.0022072700
  -0.0015624200   -0.0006903900   -0.0001066200
   0.0015082500   -0.0010281700   -0.0001308900
   0.0012667400    0.0006500300    0.0024650300
  -0.0023487800    0.0014625400    0.0031193400
   0.0005116100   -0.0000587300    0.0009747100
  -0.0002614800    0.0019160200    0.0000515900
   0.0002428300    0.0001966900    0.0004365100
  -0.0330960500   -0.0002240700   -0.0712756500
   0.0055353600   -0.0007193000   -0.0029131000
  -0.0005047000   -0.0002106400    0.0010444900
   0.0006771100   -0.0002791700    0.0016402600
   0.0057370800   -0.0001982900   -0.0013700700
   0.0013361000    0.0025359400   -0.0026813800
  -0.0021634500   -0.0015519900   -0.0037476500
  -0.0001047500   -0.0004137800   -0.0012662800
   0.0022694900   -0.0011658300   -0.0034679100
   0.0020317100   -0.0025526200   -0.0013334300
  -0.0002832300   -0.0005573300    0.0012841200
  -0.0001075500    0.0000507600   -0.0012406000
   0.0003510000    0.0003115800   -0.0012298800
   0.0006140800   -0.0003217900    0.0017505500
   0.0003502000   -0.0025984100   -0.0034482800
   0.0004675100    0.0006820300    0.0015340300
   0.0003407800    0.0026112900   -0.0036589300
   0.0000328100    0.0006718700    0.0014079400
  -0.0002381800    0.0000458400   -0.0010884300
   0.0003192200   -0.0003119600   -0.0011166800
   0.0014107700    0.0023349800   -0.0020668700
   0.0019551300   -0.0016478600   -0.0022444500
  -0.0021680600    0.0015536800   -0.0038060600
  -0.0002133800    0.0004537500   -0.0012456700
   0.0023961800    0.0013464400   -0.0034289800

126  
 -0.0064823693271719   0.0000000000000000  -0.0076143869028400
   0.0000593000    0.0000009500    0.0037310000
   0.0006388700    0.0000049600    0.0004720300
   0.0001936200   -0.0000308200    0.0007499400
  -0.0001830700   -0.0000941900    0.0008413500
  -0.0004781800   -0.0002750200    0.0007394600
   0.0002561100    0.0006248100    0.0002824300
  -0.0021361600   -0.0011743500    0.0016568500
  -0.0000472700    0.0008418800   -0.0002019100
   0.0021797600   -0.0013198700    0.0016810000
  -0.0000682500    0.0004743500    0.0009208700
   0.0001192100    0.0001493000    0.0007172300
   0.0007071500   -0.0004365700   -0.0001740100
  -0.0007531700   -0.0004082600   -0.0002360300
   0.0000393300    0.0002347000    0.0008638600
   0.0001746600   -0.0027180100    0.0013849600
  -0.0000949400   -0.0001601900    0.0007671400
  -0.0001021800    0.0024914600    0.0016666700
   0.0001982200   -0.0001015300    0.0008194500
   0.0004280300    0.0002550400    0.0001446700
  -0.0003478900    0.0001971000    0.0001868800
  -0.0004949500   -0.0003929200    0.0004129400
   0.0002992600   -0.0004374800    0.0007917200
  -0.0023672800    0.0014657000    0.0013685800
  -0.0000085900   -0.0004476700    0.0001677300
   0.0023393100    0.0012527300    0.0014072400
  -0.0040373400   -0.0023285700    0.0015423400
   0.0003921300    0.0085222600   -0.0005252500
  -0.0000015200   -0.0053678800   -0.0035683400
  -0.0003926700    0.0085529300   -0.0005899400
   0.0040572500   -0.0023481300    0.0014905500
   0.0075760700   -0.0039281900   -0.0005143100
  -0.0042276400   -0.0024489000    0.0011845000
   0.0042161400   -0.0024295400    0.0011917300
  -0.0076060600   -0.0039318200   -0.0006021200
   0.0000078700   -0.0014784200   -0.0002755000
  -0.0046460300    0.0026790300   -0.0035713100
   0.0000103500    0.0048750100    0.0011879400
   0.0046500000    0.0026848000   -0.0035683900
  -0.0051012800    0.0033112500    0.0010263000
   0.0050878600    0.0032949900    0.0010079200
   0.0072043000   -0.0046009700   -0.0005468600
  -0.0071935600   -0.0046155600   -0.0005721800
   0.0003177500   -0.0060586600    0.0010428800
  -0.0000282700   -0.0000027600   -0.0008426700
  -0.0003122100   -0.0060584800    0.0009954600
  -0.0000123400    0.0046748300    0.0015158300
  -0.0012594300    0.0007354300   -0.0002406800
   0.0053939000    0.0027552400    0.0010315300
  -0.0054110900    0.0027662000    0.0010045900
   0.0012934700    0.0007403200   -0.0003032800
  -0.0007077500   -0.0003601000    0.0011656900
  -0.0007021900    0.0043781300    0.0006456800
  -0.0000059300   -0.0038002200    0.0013917200
   0.0005858400    0.0045118100    0.0007845200
   0.0008685800   -0.0005509600    0.0013057700
   0.0034645700   -0.0027911600    0.0006416000
  -0.0031072500   -0.0017826100   -0.0015445600
   0.0031454000   -0.0018307500   -0.0015203200
  -0.0035919100   -0.0027699800    0.0007878000
   0.0001700400    0.0022038000    0.0020818800
  -0.0032839700    0.0018899100    0.0014092000
  -0.0000234600    0.0036086900   -0.0015358800
   0.0032982000    0.0019060100    0.0013748000
  -0.0032713700    0.0053618900    0.0028724000
   0.0031995900    0.0054216400    0.0028274500
   0.0041780300   -0.0016848500    0.0007082900
  -0.0041643300   -0.0016430600    0.0007177900
   0.0030292800   -0.0055238800    0.0028480000
   0.0000011600   -0.0000042400    0.0034607300
  -0.0030778800   -0.0054660500    0.0028475100
  -0.0000890900    0.0009111400    0.0012360000
   0.0019563300   -0.0010281200    0.0020984500
   0.0063034300    0.0000964800    0.0028263700
  -0.0062618500    0.0001192900    0.0028682700
  -0.0018662900   -0.0011774000    0.0020588300
   0.0070402200    0.0063375200   -0.0221346600
  -0.0022495900    0.0006447000    0.0000980000
  -0.0001160500   -0.0040281300   -0.0014961700
   0.0029533200   -0.0009528600    0.0012699400
  -0.0276884100    0.0136583300   -0.0259309700
  -0.0002890400   -0.0027748200    0.0004892600
  -0.0024219800   -0.0016131000    0.0014966500
   0.0023969700   -0.0012208200    0.0013926800
   0.0025354900   -0.0016277300    0.0008664300
  -0.0009620800    0.0055283300   -0.0040950400
  -0.0032698200    0.0018342400   -0.0015175200
   0.0003353300    0.0027818100    0.0014378700
   0.0036952800    0.0022117700   -0.0015054100
  -0.0037156600    0.0018805800   -0.0024352200
   0.0044320700    0.0013905200   -0.0023254900
   0.0016965100    0.0023571300    0.0010598400
  -0.0006226000    0.0023313400    0.0002815500
  -0.0002237400   -0.0042476300   -0.0023710400
  -0.0000144200   -0.0000006900   -0.0115060700
   0.0010136200   -0.0044165600   -0.0023711500
  -0.0039891400   -0.0198917300   -0.0239078300
   0.0050378300   -0.0034419800   -0.0047274000
   0.0035193500    0.0027761400   -0.0023004200
  -0.0033679300    0.0027027600   -0.0024309500
  -0.0045522000   -0.0020508100   -0.0034754100
   0.0081120700    0.0000018300   -0.0246647300
  -0.0011388600    0.0003394500    0.0012919300
   0.0004942300   -0.0000332500    0.0020512600
  -0.0005553500   -0.0000885500    0.0020899000
  -0.0011494700   -0.0027364500   -0.0002674900
  -0.0003137200   -0.0019479500    0.0014917500
  -0.0002014700   -0.0000272300    0.0009543500
   0.0000084500   -0.0016941200   -0.0002201700
  -0.0004671400    0.0001680400    0.0008703100
   0.0016974100    0.0031248900   -0.0005191900
   0.0000864000    0.0004946000    0.0019554600
  -0.0014706000    0.0008869300   -0.0002326400
   0.0013426200    0.0008055300   -0.0001906900
  -0.0003942800    0.0003997700    0.0020914900
  -0.0001055800    0.0000958000    0.0006941500
  -0.0003737000   -0.0003239100    0.0019733000
  -0.0001984500   -0.0001701400    0.0009503400
   0.0001246700   -0.0005219800    0.0020714300
  -0.0018225900   -0.0010468900   -0.0002308800
   0.0016535400   -0.0009707500   -0.0003189800
  -0.0004049800    0.0010073400    0.0007504100
   0.0016790900    0.0001534900    0.0002691600
  -0.0002204100    0.0001176900    0.0006955300
   0.0000152900    0.0020734000   -0.0002014600
  -0.0004257100   -0.0000966600    0.0007935100
   0.0324245600   -0.0001622800    0.0765737000
  -0.0072589000    0.0007391900    0.0004262800
  -0.0012634100    0.0000080100    0.0013384900
   0.0008051500    0.0001881700    0.0010516700
  -0.0038586600    0.0000985700   -0.0007832200
  -0.0021074400   -0.0043269700    0.0004745100
  -0.0024772600   -0.0013220400   -0.0033708900
   0.0000261100   -0.0002733300   -0.0008115900
   0.0023490200   -0.0014820100   -0.0033802100
  -0.0011730500    0.0008781600   -0.0007875800
  -0.0006407800   -0.0009053300    0.0014322100
  -0.0002775000    0.0002057300   -0.0008249300
   0.0000763300    0.0000606900   -0.0008184200
   0.0001659400   -0.0010629700    0.0010360200
  -0.0002300900   -0.0027904900   -0.0033248900
   0.0004787300    0.0007704800    0.0012898900
  -0.0002349000    0.0027702400   -0.0034107600
  -0.0008582600    0.0009254000    0.0011787500
  -0.0004436100   -0.0002252700   -0.0007830300
   0.0001497800   -0.0001294800   -0.0006712900
  -0.0003979900   -0.0006790500   -0.0001572700
  -0.0028494700    0.0032237600   -0.0001856900
  -0.0024476100    0.0013327600   -0.0033565300
  -0.0000261500    0.0004112300   -0.0007910700
   0.0023489500    0.0015817500   -0.0033744300
