48   
3    

1    
  0.0053716419831071   0.0000000000000000   0.0084347769623933
  -0.1364254800   -0.0002213700   -0.2367090400
   0.0051340700    0.0050207400   -0.0057987500
   0.0012914200    0.0000032500    0.0011282500
   0.0048151200   -0.0050263300   -0.0058521700
   0.0028970300   -0.0037239600   -0.0058622000
   0.0003202000   -0.0003687200    0.0001493000
   0.0003212800    0.0003644300    0.0001486400
   0.0028438800    0.0038929200   -0.0057890500
  -0.0000390300    0.0007669800    0.0011269000
   0.0009555100    0.0000010000    0.0001479300
  -0.0000544100   -0.0007765700    0.0011286400
   0.0009553700   -0.0000064900    0.0001501400
   0.0028090100    0.0061841000   -0.0058895100
   0.0029295000   -0.0062892100   -0.0057633600
   0.0003205900    0.0003660300    0.0001583800
   0.0003204500   -0.0003668000    0.0001415100
  -0.0033050400   -0.0065417800    0.0237567000
  -0.0000707500   -0.0004331500    0.0006402500
   0.0007817800    0.0006347500    0.0006802300
   0.0497169000   -0.0240648800    0.0571467500
  -0.0001592400   -0.0000603400    0.0007239400
  -0.0001748700   -0.0000006700    0.0002154200
   0.0000931400   -0.0007872900    0.0006013100
  -0.0023962800   -0.0018031300    0.0023154300
   0.0006128500    0.0002061800    0.0007470400
   0.0000046300    0.0004308700    0.0005847300
   0.0000534300    0.0000510300   -0.0000059700
  -0.0000694100    0.0000163000   -0.0001761900
   0.0080311800    0.0307209100    0.0405823700
  -0.0010024700   -0.0008113600    0.0015599200
  -0.0000381600   -0.0000711200   -0.0000900100
   0.0021113700    0.0025962100    0.0030623300
   0.0517834300    0.0252810100    0.0591497600
   0.0007961700   -0.0006253400    0.0006793300
  -0.0000486900    0.0004194000    0.0006369300
  -0.0033050600    0.0065344700    0.0238139200
   0.0001005500    0.0007728300    0.0006101700
  -0.0001743000   -0.0000014000    0.0002029200
  -0.0001420200    0.0000528000    0.0007011100
  -0.0023724600    0.0018004000    0.0023025700
   0.0000197700   -0.0004139000    0.0005854800
   0.0006141000   -0.0002148600    0.0007172900
  -0.0000627100   -0.0000205600   -0.0001916900
   0.0000497500   -0.0000488900   -0.0000166000
   0.0080044900   -0.0316866300    0.0413410900
   0.0021565400   -0.0026203600    0.0030591600
  -0.0000315400    0.0000655100   -0.0001049300
  -0.0009715700    0.0008029900    0.0015536500

17   
  0.0053716419831071   0.0000000000000000   0.0084347769623933
  -0.0032217700   -0.0064995100    0.0236131100
   0.0518053600   -0.0252669100    0.0591949400
   0.0004294800   -0.0000204800    0.0008735600
   0.0003235100    0.0002523500    0.0003348100
   0.0080393200    0.0315732900    0.0412196800
   0.0017477300    0.0023980400    0.0032607600
  -0.0000285400   -0.0001573800   -0.0001542500
  -0.0006050400   -0.0010328100    0.0012442100
   0.0004474400    0.0005456900    0.0007946200
  -0.0001386000    0.0000633800   -0.0001933700
   0.0001340300    0.0000942100   -0.0001161400
   0.0001914700   -0.0005806700    0.0004161800
   0.0000550400   -0.0004006300    0.0005247900
  -0.0023994700   -0.0013562700    0.0022499100
  -0.0000993600    0.0002003800    0.0006848100
  -0.0001698800    0.0000003000    0.0001560800
  -0.0644988200    0.0002334600   -0.1273749700
   0.0027514900   -0.0000226600   -0.0023393500
  -0.0000099300   -0.0000753600   -0.0005927600
   0.0052618600    0.0004016000   -0.0039298800
   0.0001813000    0.0009395200   -0.0026319500
  -0.0000894900   -0.0000463800   -0.0001084600
  -0.0001392500    0.0000755000   -0.0000341400
   0.0011399600   -0.0033494700   -0.0036461900
  -0.0000567800    0.0000256100   -0.0006359000
  -0.0000084900   -0.0000296700   -0.0000693100
   0.0000711300    0.0000457500   -0.0005523800
  -0.0000075700    0.0000641400   -0.0000699200
   0.0014678600    0.0027303600   -0.0034276800
  -0.0001477100   -0.0007085600   -0.0028510900
  -0.0000571300    0.0000286800   -0.0000844800
  -0.0001688100   -0.0000928800   -0.0000524400
  -0.0012102300    0.0000010300    0.0159773600
   0.0022879600    0.0021809000    0.0009742600
   0.0000525900   -0.0000563300    0.0000160900
  -0.0004614500    0.0004395500   -0.0008000200
   0.0011570400    0.0005640900   -0.0002106600
   0.0000216700    0.0000195800   -0.0002983000
   0.0000094800   -0.0000114100   -0.0004479600
  -0.0024865700    0.0005024100    0.0003753300
  -0.0001797200    0.0001333000    0.0000493700
  -0.0000111700   -0.0000069600   -0.0003750600
  -0.0000842500   -0.0000798200   -0.0000162800
  -0.0000114600    0.0001391600   -0.0003755300
  -0.0002019700   -0.0000727400   -0.0010895900
  -0.0011112200   -0.0036459400    0.0012701800
   0.0001353300   -0.0000846500   -0.0003749300
  -0.0001063900   -0.0000548000   -0.0003770500

17   
 -0.0053716419831071   0.0000000000000000  -0.0084347769623933
   0.0032465400    0.0065175600   -0.0238461400
  -0.0496304600    0.0240191900   -0.0571259300
  -0.0004023800    0.0000209500   -0.0009433800
  -0.0003795900   -0.0002514200   -0.0004005400
  -0.0080355100   -0.0307164300   -0.0406615800
  -0.0017954200   -0.0023804100   -0.0033011700
   0.0000048500    0.0001523500    0.0000830400
   0.0005709800    0.0010211700   -0.0013426500
  -0.0004482100   -0.0005102100   -0.0008637700
   0.0001075800   -0.0000590500    0.0001194200
  -0.0001559300   -0.0000926900    0.0000457600
  -0.0002376200    0.0005976000   -0.0004779200
  -0.0000970400    0.0003761300   -0.0005928800
   0.0023336900    0.0013696700   -0.0023243100
   0.0000864000   -0.0002305100   -0.0007499500
   0.0001415900    0.0000004400   -0.0002212200
   0.0635430000    0.0001938800    0.1279772000
  -0.0027435200    0.0000096300    0.0022407900
  -0.0000106600    0.0000750500    0.0005321400
  -0.0053289300   -0.0004058300    0.0038949400
  -0.0002355900   -0.0009403700    0.0025428800
   0.0000623300    0.0000468000    0.0000471400
   0.0001151100   -0.0000766800   -0.0000236100
  -0.0011555900    0.0033344500    0.0035820600
   0.0000351600   -0.0000262100    0.0005731000
  -0.0000183700    0.0000284600    0.0000116800
  -0.0000953100   -0.0000491400    0.0004904000
  -0.0000172000   -0.0000678000    0.0000120700
  -0.0014993200   -0.0027210400    0.0033700800
   0.0001095200    0.0007200400    0.0027543100
   0.0000288200   -0.0000269300    0.0000303200
   0.0001484600    0.0000950100   -0.0000028800
   0.0011537800    0.0000002900   -0.0158000500
  -0.0023056200   -0.0021892500   -0.0010413100
  -0.0000739900    0.0000570700   -0.0001032300
   0.0004634300   -0.0004615400    0.0006993000
  -0.0012240600   -0.0005712200    0.0001090600
  -0.0000400600   -0.0000151800    0.0002077900
  -0.0000351400    0.0000135100    0.0003633900
   0.0024550300   -0.0005031100   -0.0004589000
   0.0001567000   -0.0001325200   -0.0001335300
  -0.0000130200    0.0000020400    0.0002856600
   0.0000581400    0.0000762900   -0.0000742600
  -0.0000123500   -0.0001383400    0.0002839800
   0.0001736500    0.0001039800    0.0009868500
   0.0010757400    0.0035956000   -0.0013210700
  -0.0001608100    0.0000854000    0.0002791000
   0.0000812300    0.0000533100    0.0002878100
