96   
12   

1    
  0.0054308656621598   0.0000000000000000   0.0083967671254819
  -0.1190607310   -0.0002677126   -0.2146426680
   0.0039616933    0.0057909800   -0.0034755502
   0.0020103679   -0.0000744800    0.0008599438
   0.0035043715   -0.0061207100   -0.0033947811
   0.0020179351   -0.0047718143   -0.0035971278
   0.0002267211   -0.0005141960    0.0001135134
   0.0002583418    0.0004915437    0.0001634043
   0.0021959598    0.0052461350   -0.0032750633
   0.0000383297    0.0011353763    0.0008161339
   0.0011150244    0.0000138566    0.0001388990
   0.0001713697   -0.0010642463    0.0009033439
   0.0011246644    0.0000383334    0.0001390790
   0.0018521598    0.0068567250   -0.0035564633
   0.0023459951   -0.0069216857   -0.0033148478
   0.0002867011    0.0004822560    0.0001541934
   0.0002110018   -0.0005293037    0.0001252243
  -0.0036575414   -0.0057708781    0.0193613958
  -0.0001620682   -0.0004242157    0.0006728059
   0.0008329679    0.0007627889    0.0001179597
   0.0452729774   -0.0224664858    0.0514463751
  -0.0000112611   -0.0001084731    0.0005497447
  -0.0001027891   -0.0000027478    0.0001670530
   0.0001981633   -0.0009288166    0.0002517386
  -0.0021252092   -0.0012179276    0.0017284506
   0.0007677328    0.0000584734    0.0002693969
  -0.0000215789    0.0006470553    0.0005301169
  -0.0000990742    0.0000209954   -0.0000354147
  -0.0000712736   -0.0000375249   -0.0000354041
   0.0063531358    0.0283367259    0.0355215863
  -0.0006587589   -0.0008563368    0.0012911694
  -0.0001361581    0.0000178768   -0.0000349509
   0.0014541333    0.0020609056    0.0021527897
   0.0470909084    0.0235731029    0.0535972516
   0.0007352877   -0.0005712184    0.0002071056
  -0.0001161558    0.0004211565    0.0006938169
  -0.0036149277    0.0057175899    0.0193691389
   0.0002439809    0.0007706252    0.0003723340
  -0.0000891855   -0.0000027477    0.0001259314
  -0.0000468917    0.0000363074    0.0005185915
  -0.0020920640    0.0012725603    0.0016305599
   0.0000367218   -0.0005760581    0.0006185046
   0.0005945738   -0.0000741709    0.0002738908
  -0.0000984180    0.0000079956   -0.0000785479
  -0.0000379249   -0.0000437639   -0.0000317878
   0.0062786307   -0.0291782507    0.0363544645
   0.0015520474   -0.0021131505    0.0020050744
  -0.0001133533    0.0000369352   -0.0000557965
  -0.0006487879    0.0008278621    0.0012682986
   0.0001955371    0.0001537475    0.0000992583
  -0.0000524209    0.0000720315    0.0000478886
   0.0000904888    0.0001119634    0.0001006698
  -0.0001626643    0.0000535942   -0.0001090481
   0.0000293300   -0.0001090246    0.0000300712
   0.0000155917   -0.0000003390    0.0001559829
  -0.0000565372   -0.0001060375    0.0001172003
   0.0000070369    0.0000711160   -0.0001483922
   0.0001358703    0.0000348282    0.0000576350
  -0.0000931112   -0.0000027067    0.0000914130
   0.0000067099    0.0000212979    0.0000051648
   0.0000081143   -0.0000225168    0.0001083375
  -0.0000699791   -0.0002054603   -0.0000047794
   0.0001067966   -0.0000567769   -0.0001766111
  -0.0000300310    0.0000016863    0.0000562533
  -0.0000158198   -0.0000119632   -0.0001179101
   0.0002227999    0.0001170917    0.0005346186
   0.0000285048    0.0000401681   -0.0000624107
  -0.0001285574    0.0000840794    0.0003283901
   0.0000436522   -0.0003502509   -0.0003796620
   0.0000460208   -0.0000088670   -0.0000839242
  -0.0000240616   -0.0000289363   -0.0000444437
  -0.0000177459    0.0000119518    0.0000428999
  -0.0000084635    0.0000389553    0.0001053054
   0.0000190228   -0.0002037139    0.0004273130
   0.0000077354   -0.0000145612    0.0000513688
  -0.0000062831   -0.0000014017   -0.0000094131
  -0.0000292919   -0.0000170324    0.0000989747
  -0.0003385031    0.0002217572   -0.0004733447
   0.0000199845   -0.0000168555    0.0000796141
  -0.0000223911    0.0000020498    0.0000666346
   0.0002649298    0.0001293489   -0.0002919351
   0.0000138290    0.0000078892    0.0000704444
   0.0000035834   -0.0000063115    0.0000111850
  -0.0000006806   -0.0000007385    0.0000754199
  -0.0000010532    0.0000061922   -0.0000224181
  -0.0000067549    0.0000070996    0.0000085588
   0.0000045793    0.0000020923    0.0000153607
   0.0000225859    0.0000067851    0.0000127101
  -0.0000160502    0.0000116902    0.0000216750
   0.0000002120   -0.0000098104    0.0000765416
   0.0000161755    0.0000151970    0.0000178108
   0.0000013955   -0.0000015901    0.0000215202
  -0.0000167834    0.0000104851    0.0000157147
   0.0000146610   -0.0000078633   -0.0000430023
  -0.0000028471   -0.0000197304    0.0000235037
   0.0000064898   -0.0000207174    0.0000109926
   0.0000006382    0.0000028311   -0.0000000031

1    
 -0.0054308656621598   0.0000000000000000  -0.0083967671254819
   0.1187414942   -0.0002533024    0.2119478303
  -0.0037178015   -0.0057530900    0.0036008511
  -0.0020070479    0.0000753400   -0.0007944638
  -0.0037404033    0.0061388600    0.0034065802
  -0.0019848498    0.0048802050    0.0036139533
  -0.0002404918    0.0005026037   -0.0000503443
  -0.0002488911   -0.0005035860   -0.0000984034
  -0.0022138151   -0.0051461543    0.0033958778
  -0.0000334597   -0.0011351363   -0.0007541739
  -0.0011192144   -0.0000056934   -0.0000739190
  -0.0001679197    0.0010594563   -0.0008363839
  -0.0011127444   -0.0000535666   -0.0000752590
  -0.0019340551   -0.0069168957    0.0035167778
  -0.0022790198    0.0068664750    0.0034902133
  -0.0002823218   -0.0004791937   -0.0000759843
  -0.0001910111    0.0005281060   -0.0000711234
   0.0036928995    0.0057787890   -0.0194535532
   0.0001395235    0.0004177216   -0.0006290693
  -0.0008384371   -0.0007540502   -0.0000937613
  -0.0470602032    0.0235336839   -0.0532920091
   0.0000039413    0.0000953770   -0.0004949409
   0.0001014519   -0.0000006077   -0.0001332279
  -0.0001945862    0.0009152568   -0.0002292226
   0.0021083670    0.0012243403   -0.0016850127
  -0.0007638122   -0.0000598275   -0.0002229419
   0.0000133517   -0.0006171859   -0.0004966514
   0.0001011717   -0.0000228626    0.0000769375
   0.0000707016    0.0000393261    0.0000902855
  -0.0063088428   -0.0292045009   -0.0362536954
   0.0006269022    0.0008530486   -0.0012610812
   0.0001386951   -0.0000153966    0.0000823951
  -0.0014933288   -0.0020839371   -0.0021169472
  -0.0453066835   -0.0225147250   -0.0516836692
  -0.0007232700    0.0005845268   -0.0001864447
   0.0001425707   -0.0004321106   -0.0006697631
   0.0036038496   -0.0057171491   -0.0192235624
  -0.0002332387   -0.0007861558   -0.0003406704
   0.0000848727   -0.0000008878   -0.0001021165
   0.0000676116   -0.0000439036   -0.0005148949
   0.0021135665   -0.0012663961   -0.0016162365
  -0.0000223944    0.0005987878   -0.0005865298
  -0.0005893746    0.0000767974   -0.0002728360
   0.0001032000   -0.0000157644    0.0000894165
   0.0000403974    0.0000515967    0.0000417251
  -0.0063060040    0.0283315561   -0.0355659866
  -0.0015165194    0.0020935880   -0.0019812040
   0.0001291562   -0.0000344251    0.0000661323
   0.0006765542   -0.0008345705   -0.0012437467
  -0.0001834985   -0.0001447530   -0.0001113071
   0.0000537958   -0.0000697286   -0.0000687438
  -0.0000877874   -0.0001069527   -0.0001205024
   0.0001623378   -0.0000498012    0.0000901791
  -0.0000264876    0.0001050941   -0.0000516141
  -0.0000160345   -0.0000018190   -0.0001762274
   0.0000613382    0.0001031901   -0.0001372090
   0.0000007523   -0.0000691116    0.0001240806
  -0.0001308906   -0.0000382294   -0.0000785650
   0.0000976739    0.0000041107   -0.0001109114
  -0.0000022133   -0.0000196658   -0.0000244546
  -0.0000082033    0.0000214644   -0.0001290041
   0.0000718729    0.0002018255   -0.0000110284
  -0.0000983004    0.0000578822    0.0001523785
   0.0000310383   -0.0000020412   -0.0000766122
   0.0000185930    0.0000116853    0.0000965657
  -0.0002212881   -0.0001197578   -0.0004871291
  -0.0000256088   -0.0000405915    0.0001078401
   0.0001345348   -0.0000870664   -0.0002821462
  -0.0000396016    0.0003456813    0.0004174917
  -0.0000423512    0.0000104700    0.0001308207
   0.0000261439    0.0000304562    0.0000810031
   0.0000217000   -0.0000098287    0.0000010788
   0.0000113482   -0.0000378883   -0.0000595091
  -0.0000157038    0.0002046012   -0.0003884786
  -0.0000034986    0.0000150207   -0.0000013844
   0.0000084925   -0.0000003016    0.0000532658
   0.0000336245    0.0000160750   -0.0000578077
   0.0003380638   -0.0002167358    0.0004993482
  -0.0000191248    0.0000175877   -0.0000343558
   0.0000267843    0.0000000116   -0.0000275713
  -0.0002609686   -0.0001270804    0.0003281697
  -0.0000106226   -0.0000084339   -0.0000442472
  -0.0000000011    0.0000056623    0.0000137573
   0.0000049469   -0.0000017302   -0.0000510070
   0.0000030482   -0.0000067342    0.0000452427
   0.0000098659   -0.0000044186    0.0000153136
  -0.0000016793   -0.0000003434    0.0000170705
  -0.0000181172   -0.0000047635    0.0000153125
   0.0000187906   -0.0000099859    0.0000028402
   0.0000023659    0.0000080644   -0.0000434927
  -0.0000117330   -0.0000147915    0.0000047564
   0.0000009655   -0.0000003201    0.0000049012
   0.0000207620   -0.0000119357    0.0000127966
  -0.0000101275    0.0000087380    0.0000695070
   0.0000048031    0.0000199890    0.0000014056
  -0.0000021800    0.0000226072    0.0000197182
   0.0000018326    0.0000001461    0.0000293791

17   
  0.0054308656621598   0.0000000000000000   0.0083967671254819
  -0.0042654595   -0.0061096290    0.0198504832
   0.0476617332   -0.0238728639    0.0531006391
  -0.0000917529   -0.0002593698    0.0007923713
   0.0007091865    0.0002724884    0.0001594893
   0.0063143728    0.0298230109    0.0363105954
   0.0010281788    0.0018483671    0.0024950572
  -0.0001744951   -0.0000093934    0.0000307649
  -0.0002889322   -0.0010806286    0.0011026112
   0.0001484022    0.0002202175    0.0007251919
  -0.0001322816   -0.0000254661    0.0000388145
  -0.0001113017    0.0000364626    0.0000221525
   0.0005362583   -0.0009286041    0.0002253814
   0.0002666587   -0.0000991070    0.0004087309
  -0.0021662270   -0.0007580803    0.0017953727
  -0.0001504838    0.0007987732    0.0005411326
  -0.0001369219    0.0000011877    0.0002406679
  -0.0569104804    0.0000869346   -0.1198808429
   0.0039814940   -0.0000547200   -0.0018706099
  -0.0000168426   -0.0001165500   -0.0001971507
   0.0056435014    0.0002281100   -0.0029460686
   0.0004403293    0.0016674545   -0.0020909522
  -0.0000936013   -0.0000448312    0.0000485617
  -0.0000757818    0.0000372391    0.0002053545
   0.0011604220   -0.0032403317   -0.0027303465
  -0.0001122774    0.0000550984   -0.0002639306
  -0.0000132159    0.0000104623    0.0001270182
   0.0000921826    0.0000618916   -0.0001307606
  -0.0000147859    0.0001350877    0.0001271882
   0.0013105220    0.0028781117   -0.0026272565
   0.0002953593   -0.0014747745   -0.0021929722
   0.0000329287   -0.0000257488    0.0001324017
  -0.0002002418   -0.0001066791    0.0001215745
  -0.0017392921    0.0000005900    0.0104232469
   0.0018256550    0.0015752100    0.0015096214
  -0.0000078563   -0.0000013000    0.0000418531
  -0.0009572305    0.0006628700   -0.0002609020
   0.0011131780    0.0007596281    0.0004468033
  -0.0000195939    0.0000175956   -0.0001395105
   0.0001591851   -0.0001175205   -0.0002126825
  -0.0022176809    0.0005342132    0.0007957065
  -0.0001086439    0.0000585959    0.0000397420
  -0.0000468806    0.0001047814   -0.0001754208
  -0.0001038739   -0.0000559559    0.0000432520
  -0.0000276906    0.0000354186   -0.0001641308
  -0.0002750709   -0.0007455632   -0.0004342235
  -0.0008294720   -0.0027974081    0.0016868533
   0.0000907161   -0.0000662856   -0.0002135105
   0.0000303851    0.0000342705   -0.0001135225
  -0.0000370336    0.0000008400   -0.0000045522
  -0.0000407145    0.0000039300    0.0000628215
  -0.0000374105    0.0000064700    0.0000304944
  -0.0000094037   -0.0000042500    0.0000495726
  -0.0000389517   -0.0000101245    0.0000611885
  -0.0000274079   -0.0000016995    0.0000330448
  -0.0000264937    0.0000042659    0.0000218594
  -0.0000213061   -0.0000122645    0.0000510740
  -0.0000401722   -0.0000000632    0.0000226938
  -0.0000207579    0.0000000842    0.0000265617
  -0.0000490122   -0.0000056068    0.0000376938
  -0.0000284679   -0.0000081042    0.0000485817
  -0.0000244261    0.0000232045    0.0000554140
  -0.0000377717    0.0000087545    0.0000568385
  -0.0000433679    0.0000093695    0.0000533448
  -0.0000296437    0.0000016241    0.0000448094
  -0.0000015081    0.0000123587    0.0001147563
  -0.0000440278   -0.0000046197    0.0000672864
  -0.0000324171   -0.0000026070    0.0000735002
  -0.0000470021    0.0000127721    0.0001378255
  -0.0000421864   -0.0000134645    0.0000656322
  -0.0000379233    0.0000017203    0.0000913607
  -0.0000309072    0.0000116609    0.0000742120
  -0.0000394874    0.0000110047    0.0000975666
  -0.0000258172    0.0000087095    0.0000677786
  -0.0000247001    0.0000045222    0.0000727346
  -0.0000315629    0.0000023701    0.0000777377
  -0.0000308985   -0.0000038800    0.0000687460
  -0.0000203267   -0.0000240703    0.0001255089
  -0.0000251402   -0.0000087957    0.0000872222
  -0.0000359304    0.0000025091    0.0000722926
  -0.0000389552    0.0000046896    0.0001075356
  -0.0000371806   -0.0000005861    0.0000700095
  -0.0000337566    0.0000011573    0.0000610954
  -0.0000318318   -0.0000033274    0.0000578298
  -0.0000331310   -0.0000024643    0.0000724908
  -0.0000335969   -0.0000001290    0.0000576471
  -0.0000344462    0.0000016800    0.0000616971
  -0.0000314960    0.0000040029    0.0000619682
  -0.0000326102    0.0000031603    0.0000634483
  -0.0000333722    0.0000007499    0.0000566293
  -0.0000317369    0.0000016464    0.0000623458
  -0.0000329524   -0.0000003158    0.0000605870
  -0.0000324286   -0.0000010349    0.0000592865
  -0.0000327266    0.0000045804    0.0000711901
  -0.0000328733   -0.0000000960    0.0000622381
  -0.0000329451    0.0000025606    0.0000604218
  -0.0000340551    0.0000038456    0.0000641386

17   
 -0.0054308656621598   0.0000000000000000  -0.0083967671254819
   0.0042960314    0.0060835281   -0.0197671258
  -0.0456987074    0.0227816058   -0.0509933151
   0.0001813621    0.0002548511   -0.0006760597
  -0.0007237418   -0.0002833543   -0.0000274559
  -0.0062421458   -0.0290123559   -0.0355375863
  -0.0010372933   -0.0018501256   -0.0023612997
   0.0002120981    0.0000065832    0.0000780709
   0.0003072389    0.0010782568   -0.0010177194
  -0.0000953128   -0.0001900734   -0.0006090869
   0.0001682536    0.0000334149    0.0000697841
   0.0001372942   -0.0000391354    0.0000878847
  -0.0005146611    0.0009386747   -0.0000950469
  -0.0002532089    0.0000703131   -0.0002879647
   0.0021664992    0.0007616676   -0.0016912606
   0.0001941567   -0.0008213034   -0.0004231686
   0.0001752391    0.0000078278   -0.0001236730
   0.0517958660    0.0003583547    0.1108158139
  -0.0038971914    0.0000366900    0.0019386286
   0.0000604426    0.0001099800    0.0003114107
  -0.0056409140   -0.0002277700    0.0030659599
  -0.0004385820   -0.0016668417    0.0021691665
   0.0001277918    0.0000478391    0.0000579955
   0.0001103913   -0.0000325312   -0.0000903017
  -0.0011102593    0.0032154645    0.0028280822
   0.0001482674   -0.0000559584    0.0003767006
   0.0000488959   -0.0000147477   -0.0000088082
  -0.0000570426   -0.0000747616    0.0002414706
   0.0000494259   -0.0001425223   -0.0000101982
  -0.0012660493   -0.0028588745    0.0027332822
  -0.0002788320    0.0014871217    0.0022628965
   0.0000034418    0.0000307009   -0.0000209645
   0.0002378913    0.0001117812   -0.0000037817
   0.0017477604   -0.0000026500   -0.0102165191
  -0.0017857358   -0.0015903000   -0.0014471699
   0.0000470061   -0.0000049500    0.0000019450
   0.0010086742   -0.0006846800    0.0002888407
  -0.0011170428   -0.0007591759   -0.0004158687
   0.0000658543   -0.0000081574    0.0001907650
  -0.0001265441    0.0001246469    0.0002624725
   0.0022451275   -0.0005313866   -0.0007465132
   0.0001423457   -0.0000598767    0.0000073441
   0.0000842381   -0.0001141533    0.0002196796
   0.0001362157    0.0000449767    0.0000006641
   0.0000641181   -0.0000396167    0.0002023596
   0.0003035375    0.0007732066    0.0004569568
   0.0008526272    0.0027632359   -0.0016067787
  -0.0000537057    0.0000724074    0.0002549750
   0.0000024459   -0.0000323669    0.0001547925
   0.0000744950   -0.0000011900    0.0000240275
   0.0000718858   -0.0000044800   -0.0000431402
   0.0000736644   -0.0000076200   -0.0000111803
   0.0000442770    0.0000048300   -0.0000301170
   0.0000750937    0.0000105854   -0.0000417551
   0.0000574826   -0.0000007971   -0.0000142273
   0.0000643835   -0.0000073356   -0.0000035587
   0.0000577496    0.0000120001   -0.0000307235
   0.0000710725   -0.0000076948   -0.0000036809
   0.0000584276   -0.0000006467   -0.0000093284
   0.0000858125    0.0000079048   -0.0000194909
   0.0000625776    0.0000005567   -0.0000299784
   0.0000629596   -0.0000188501   -0.0000365035
   0.0000779137   -0.0000089854   -0.0000375651
   0.0000704026   -0.0000105629   -0.0000339273
   0.0000640335    0.0000017056   -0.0000260387
   0.0000383380   -0.0000131833   -0.0000516103
   0.0000786059    0.0000020439   -0.0000044644
   0.0000701273   -0.0000076327   -0.0000069607
   0.0000753651   -0.0000174607   -0.0000731440
   0.0000753039    0.0000151375    0.0000000539
   0.0000682956   -0.0000013497   -0.0000391189
   0.0000680541   -0.0000068898   -0.0000154012
   0.0000758006   -0.0000090551   -0.0000354838
   0.0000582437   -0.0000145534   -0.0000123148
   0.0000640511   -0.0000025541   -0.0000041336
   0.0000614251   -0.0000093026   -0.0000151043
   0.0000674888   -0.0000035975   -0.0000083848
   0.0000603261    0.0000217546   -0.0000661291
   0.0000535942    0.0000068064   -0.0000235412
   0.0000728959    0.0000030693   -0.0000180388
   0.0000709054    0.0000036573   -0.0000482418
   0.0000745113    0.0000000467   -0.0000154660
   0.0000688075   -0.0000032971   -0.0000077839
   0.0000696514   -0.0000063225   -0.0000076101
   0.0000612999   -0.0000022452   -0.0000197001
   0.0000667974    0.0000019197   -0.0000076859
   0.0000657863   -0.0000011500    0.0000002232
   0.0000687163    0.0000004275   -0.0000054682
   0.0000695500   -0.0000010092   -0.0000110074
   0.0000658520   -0.0000064604    0.0000031409
   0.0000707870   -0.0000000272   -0.0000143050
   0.0000634026   -0.0000063943   -0.0000071066
   0.0000690185   -0.0000056849   -0.0000031164
   0.0000727262   -0.0000065716   -0.0000145280
   0.0000620643   -0.0000016048   -0.0000105058
   0.0000702353    0.0000026191   -0.0000008815
   0.0000661342    0.0000040039   -0.0000092489

33   
  0.0054308656621598   0.0000000000000000   0.0083967671254819
   0.0460385335    0.0229907550    0.0511203792
  -0.0045559996    0.0062042591    0.0199154624
   0.0006377293   -0.0001845094    0.0001999531
  -0.0001849400    0.0003145332    0.0007589547
   0.0062067940   -0.0293511161    0.0356779466
  -0.0001985942    0.0011368705    0.0009645167
  -0.0001885262    0.0000480751   -0.0000142423
   0.0009512794   -0.0017974680    0.0023611840
   0.0004910144    0.0007955222    0.0002972798
  -0.0000864374   -0.0000518567    0.0000063449
  -0.0001991200    0.0000062144   -0.0000320365
  -0.0000090654   -0.0001961474    0.0006622260
  -0.0001157213   -0.0007618242    0.0005744104
  -0.0021577365    0.0006538861    0.0016700365
   0.0001501184    0.0000061536    0.0003827449
  -0.0001476627    0.0000045278    0.0001609465
  -0.0017488504   -0.0000028800    0.0102378191
  -0.0009756542   -0.0006545100   -0.0002987907
  -0.0000476561   -0.0000106600    0.0000176750
   0.0017421258   -0.0015419800    0.0014918999
  -0.0022033875   -0.0005199666    0.0007738432
   0.0001040141    0.0001004069   -0.0002104725
  -0.0000617443   -0.0000017374   -0.0001680950
   0.0010535028   -0.0007419359    0.0004257487
  -0.0001474357    0.0000502067    0.0000172559
  -0.0000665881   -0.0000960333   -0.0001815196
  -0.0001399657   -0.0000581367    0.0000142859
  -0.0000846781   -0.0000685967   -0.0001966296
  -0.0008337772    0.0027117059    0.0016619887
  -0.0003172975    0.0007176266   -0.0004737568
  -0.0000214359   -0.0000340069   -0.0001436825
   0.0000835457    0.0001014074   -0.0002592850
  -0.0531266330    0.0003555487   -0.1172609810
   0.0059475640   -0.0001809900   -0.0030251299
  -0.0000745026    0.0000912600   -0.0002832307
   0.0042277614    0.0000100500   -0.0019119686
   0.0011827893    0.0033081445   -0.0027870622
  -0.0001392313   -0.0000573012    0.0000636217
  -0.0001158518    0.0000465991   -0.0000419255
   0.0005070820   -0.0017900217   -0.0021456365
   0.0000272126   -0.0000667416   -0.0002287706
  -0.0000367259    0.0000117623    0.0000022882
  -0.0001424774   -0.0000445384   -0.0003325206
  -0.0000336559   -0.0001001423    0.0000064082
   0.0003651520    0.0016722717   -0.0022299165
   0.0013191193   -0.0030328445   -0.0027040722
  -0.0002076913    0.0001025612    0.0000209317
  -0.0000482418   -0.0000042791   -0.0000006455
   0.0000534991   -0.0000009200   -0.0001045797
  -0.0000448712    0.0000109000    0.0003130635
  -0.0000356243   -0.0000301500   -0.0000244281
  -0.0001719867   -0.0001642800    0.0001963893
  -0.0000260819    0.0000900539    0.0004166937
  -0.0001010113    0.0000161813   -0.0000220584
  -0.0001080718   -0.0000155971   -0.0000313346
   0.0000403551    0.0000949095    0.0000932666
  -0.0000727852    0.0000131454   -0.0000271867
  -0.0001291746   -0.0000091307   -0.0000269607
  -0.0000199352    0.0000093546   -0.0000225667
  -0.0000887546    0.0000652307   -0.0000464807
  -0.0002203949   -0.0000697195    0.0003572866
  -0.0000223219    0.0000330261    0.0001515137
   0.0000132787   -0.0000639813   -0.0000013584
  -0.0001060918   -0.0000094529   -0.0000915946
   0.0014603558    0.0009936849    0.0024731945
  -0.0000630090    0.0000193587   -0.0000681943
  -0.0000354651   -0.0000103362    0.0000026117
  -0.0008090067    0.0003099905    0.0004459954
  -0.0000531698    0.0000011740   -0.0000375291
  -0.0000678845   -0.0000006662    0.0000478896
  -0.0000551662   -0.0000317240   -0.0000314852
  -0.0000849791    0.0000691687   -0.0001374702
  -0.0000635520    0.0000020314   -0.0000112380
  -0.0000902475    0.0000036683   -0.0000582901
  -0.0000494863    0.0000068429   -0.0000195155
  -0.0000747337   -0.0000019234    0.0000109800
  -0.0002608487   -0.0013074591    0.0014486439
   0.0000269823   -0.0000693137   -0.0000875764
  -0.0000662020   -0.0000148122   -0.0000098769
  -0.0000914962    0.0000021914   -0.0001894689
  -0.0000809246   -0.0000161435    0.0000956548
  -0.0000891932   -0.0000226396    0.0000196685
  -0.0000746936   -0.0000070162    0.0000402903
  -0.0000575941   -0.0000073011    0.0000039902
  -0.0000980101   -0.0000076150    0.0000221630
  -0.0000685486   -0.0000004096    0.0000398985
  -0.0000725229    0.0000081208    0.0000405628
  -0.0000865958   -0.0000630674   -0.0000020389
  -0.0000753798    0.0000059197    0.0000418982
  -0.0000613643    0.0000078822    0.0000221961
  -0.0000706961   -0.0000005793    0.0000545374
  -0.0000706176   -0.0000087127    0.0000480129
  -0.0000563668    0.0000148355    0.0000537295
  -0.0001372040    0.0000248625    0.0000001349
  -0.0000745627   -0.0000001291    0.0000553610
  -0.0000258778    0.0000404228   -0.0000001562

33   
 -0.0054308656621598   0.0000000000000000  -0.0083967671254819
  -0.0480112784   -0.0241000329   -0.0531324716
   0.0045120577   -0.0062298699   -0.0198904289
  -0.0006217842    0.0001715335   -0.0002215769
   0.0000871023   -0.0003226616   -0.0007681556
  -0.0062733707    0.0301658307   -0.0363453145
   0.0001759779   -0.0011395321   -0.0009508686
   0.0001603933   -0.0000453952    0.0000100365
  -0.0009553774    0.0017985805   -0.0023975944
  -0.0005220618   -0.0007741319   -0.0003135846
   0.0000669349    0.0000545039   -0.0000104922
   0.0001477980   -0.0000060356    0.0000299679
  -0.0000384938    0.0002274309   -0.0006743908
   0.0000604991    0.0007360848   -0.0005869040
   0.0021552940   -0.0006507003   -0.0016695399
  -0.0001700883   -0.0000338874   -0.0003979715
   0.0001205955    0.0000023777   -0.0001703314
   0.0017400121    0.0000010500   -0.0104035269
   0.0009171005    0.0006326100    0.0003058420
   0.0000082963    0.0000077100   -0.0000219231
  -0.0017870050    0.0015284500   -0.0015147714
   0.0021711609    0.0005219232   -0.0007870365
  -0.0001362551   -0.0000922805    0.0001995925
   0.0000094139    0.0000121256    0.0001621005
  -0.0010518280    0.0007402781   -0.0004169333
   0.0001127539   -0.0000596259   -0.0000202320
   0.0000270506    0.0000853314    0.0001810208
   0.0001002839    0.0000539459   -0.0000233920
   0.0000473306    0.0000658286    0.0001979808
   0.0008084120   -0.0027488881   -0.0017021733
   0.0002813809   -0.0006873332    0.0004888535
  -0.0000110351    0.0000348405    0.0001376225
  -0.0001231161   -0.0000971256    0.0002600105
   0.0584558817    0.0000842900    0.1246108631
  -0.0059494614    0.0001811400    0.0029498686
   0.0000313326   -0.0000949500    0.0002123107
  -0.0043101740   -0.0000284700    0.0018918999
  -0.0012370920   -0.0033319517    0.0027340965
   0.0001055818    0.0000632491   -0.0001352645
   0.0000750013   -0.0000419312   -0.0000263817
  -0.0005088393    0.0017860145    0.0021139822
  -0.0000648326    0.0000555816    0.0001603606
  -0.0000007441   -0.0000178477   -0.0000815582
   0.0000998974    0.0000399684    0.0002655206
  -0.0000010341    0.0000946577   -0.0000797882
  -0.0003821393   -0.0016561645    0.0022032522
  -0.0013693120    0.0030523817    0.0026410165
   0.0001707318   -0.0000982391   -0.0000920245
   0.0000086613    0.0000067112   -0.0000706317
  -0.0000850208    0.0000010200    0.0000061892
   0.0000073649   -0.0000069600   -0.0004096523
  -0.0000014351    0.0000295900   -0.0000757698
   0.0001336194    0.0001658100   -0.0002967906
  -0.0000045413   -0.0000895851   -0.0005102707
   0.0000578535   -0.0000193921   -0.0000782204
   0.0000747555    0.0000130515   -0.0000706902
  -0.0000773293   -0.0000946330   -0.0001948949
   0.0000336532   -0.0000212650   -0.0000735682
   0.0000950564    0.0000092439   -0.0000746943
  -0.0000153368   -0.0000074150   -0.0000787682
   0.0000490564   -0.0000718039   -0.0000552043
   0.0001865207    0.0000700230   -0.0004542149
  -0.0000110313   -0.0000350849   -0.0002521407
  -0.0000572565    0.0000623721   -0.0000997004
   0.0000669955    0.0000122385   -0.0000104502
  -0.0014522273   -0.0009640415   -0.0024588875
   0.0000260194   -0.0000213549    0.0000119760
   0.0000007999    0.0000004751   -0.0000555475
   0.0007663775   -0.0003146481   -0.0005145487
   0.0000156113    0.0000011250   -0.0000168168
   0.0000263591    0.0000013238   -0.0001160001
   0.0000209227    0.0000356496   -0.0000276061
   0.0000480052   -0.0000670749    0.0000776391
   0.0000244469   -0.0000083089   -0.0000513505
   0.0000565236   -0.0000018243    0.0000077139
   0.0000079029   -0.0000134303   -0.0000376959
   0.0000393295   -0.0000052324   -0.0000713165
   0.0002231347    0.0012845056   -0.0014927484
  -0.0000697640    0.0000670801    0.0000292803
   0.0000311391    0.0000198002   -0.0000550754
   0.0000516397    0.0000058808    0.0001271842
   0.0000471448    0.0000152910   -0.0001504941
   0.0000510673    0.0000194252   -0.0000807008
   0.0000404642   -0.0000024635   -0.0001033016
   0.0000132015    0.0000039273   -0.0000653125
   0.0000589300    0.0000095121   -0.0000855330
   0.0000272514    0.0000013404   -0.0000920065
   0.0000384592   -0.0000043997   -0.0000978224
   0.0000499565    0.0000649940   -0.0000598622
   0.0000358655   -0.0000113046   -0.0000965342
   0.0000279056   -0.0000055377   -0.0000877227
   0.0000295887   -0.0000059939   -0.0001143635
   0.0000352080    0.0000023358   -0.0001056817
   0.0000243670   -0.0000178475   -0.0001084862
   0.0000941578   -0.0000261194   -0.0000622574
   0.0000397997    0.0000051371   -0.0001096467
  -0.0000141447   -0.0000328367   -0.0000585605

49   
  0.0054308656621598   0.0000000000000000   0.0083967671254819
   0.0001695085    0.0001381230    0.0001405071
  -0.0001490078    0.0000471812   -0.0000817391
   0.0000603774   -0.0000376073    0.0001605524
  -0.0000147658   -0.0000856114    0.0000679838
  -0.0000689929   -0.0001883755    0.0000302284
   0.0000780170    0.0000433447   -0.0001450557
  -0.0000297183    0.0000870812    0.0000958722
   0.0000099604   -0.0000081022   -0.0000661385
  -0.0000077294    0.0000804194    0.0001897550
   0.0000814533   -0.0000651244    0.0000986841
  -0.0000720267   -0.0000272342    0.0000950846
   0.0000524661    0.0000399393    0.0000409414
  -0.0000865724   -0.0000065141    0.0001415041
  -0.0000025723   -0.0000457584   -0.0001040506
   0.0000565018   -0.0000098301    0.0000853890
   0.0000243245   -0.0000025710    0.0001946774
  -0.0000033050   -0.0000016700   -0.0000158975
  -0.0000020270    0.0000062400    0.0000531770
  -0.0000011044   -0.0000190800    0.0000135503
   0.0000212642   -0.0000023200    0.0000348202
   0.0000015904   -0.0000173599    0.0000480735
  -0.0000118235   -0.0000093756    0.0000387987
   0.0000072074   -0.0000011971    0.0000266373
   0.0000053663   -0.0000137246    0.0000400051
  -0.0000193825    0.0000081848    0.0000180609
   0.0000046824    0.0000044933    0.0000336484
   0.0000029275   -0.0000004048    0.0000112609
   0.0000113624   -0.0000100833    0.0000136684
   0.0000129163    0.0000131546    0.0000373851
  -0.0000048096   -0.0000023301    0.0000465635
   0.0000010665    0.0000042356    0.0000127287
   0.0000142474   -0.0000002429    0.0000169573
   0.0001206208   -0.0000011700   -0.0001018592
  -0.0001255694    0.0001720700    0.0002262606
   0.0000375351   -0.0000092700   -0.0000096402
   0.0000576851    0.0002957400    0.0003089623
   0.0001078993   -0.0002801430    0.0002030049
  -0.0000438655   -0.0000152985   -0.0000735998
   0.0001004665   -0.0000677621    0.0000107704
  -0.0002096887   -0.0001237951    0.0003318507
   0.0000250668    0.0000048950   -0.0000267418
  -0.0000168864    0.0000772739   -0.0000316157
   0.0000306968   -0.0000064550    0.0000052382
  -0.0000600364   -0.0000079539   -0.0000141857
   0.0003286113   -0.0000179049    0.0002463007
  -0.0001714107   -0.0000635870    0.0002927149
  -0.0000362155   -0.0000155715   -0.0000185398
  -0.0000259735    0.0000173521   -0.0000126496
  -0.1306134278   -0.0000456067   -0.2271149260
   0.0037141587    0.0047402300   -0.0061527187
   0.0007712991    0.0000303600    0.0010685825
   0.0037107303   -0.0046815000   -0.0064208304
   0.0025038212   -0.0040789130   -0.0062545666
   0.0004447631   -0.0002225135    0.0002106431
   0.0003292255    0.0002811275    0.0002331518
   0.0025374958    0.0039628972   -0.0063192325
  -0.0000737660    0.0004831591    0.0010830226
   0.0008280379   -0.0000694083    0.0002218574
  -0.0001374960   -0.0005254691    0.0010539226
   0.0008230179    0.0000112383    0.0002227174
   0.0025562158    0.0054553428   -0.0063880825
   0.0024783312   -0.0053416970   -0.0061870066
   0.0004048831    0.0002422735    0.0001930031
   0.0003706955   -0.0002618475    0.0002540418
  -0.0024792028   -0.0061110072    0.0221768922
  -0.0000988512   -0.0005498933    0.0008308683
   0.0007213545    0.0004178196    0.0009602149
   0.0479618723   -0.0230159947    0.0543290529
  -0.0002987797    0.0000110688    0.0009905685
  -0.0001194443   -0.0000026193    0.0002543131
   0.0002212873   -0.0006652754    0.0008037343
  -0.0022596614   -0.0020689148    0.0020063414
   0.0004139119    0.0002744040    0.0010503249
   0.0001106391    0.0004933869    0.0007467140
   0.0001164377    0.0000787812    0.0000507173
  -0.0000361523    0.0000013445   -0.0001581100
   0.0081042227    0.0292376128    0.0383808965
  -0.0013365135   -0.0005403732    0.0012655745
  -0.0000271569   -0.0000889535   -0.0000567406
   0.0022377988    0.0025922822    0.0027410792
   0.0504968712    0.0244180712    0.0572018363
   0.0007684851   -0.0005253729    0.0008693406
  -0.0000709375    0.0005080463    0.0007229769
  -0.0027499296    0.0063248133    0.0228741134
   0.0001560300    0.0006934803    0.0007327890
  -0.0001671438   -0.0000026293    0.0002289201
  -0.0002520190    0.0000316038    0.0008559894
  -0.0022080569    0.0018998789    0.0021578672
   0.0000977558   -0.0004443758    0.0006646392
   0.0005243657   -0.0002814515    0.0009216033
  -0.0000182168   -0.0000142605   -0.0001745164
   0.0000660262   -0.0000418650    0.0000153498
   0.0082071965   -0.0306163535    0.0398994859
   0.0021549488   -0.0025260127    0.0027837458
  -0.0000005960    0.0000476074   -0.0000769740
  -0.0011448251    0.0006091983    0.0015369287

49   
 -0.0054308656621598   0.0000000000000000  -0.0083967671254819
  -0.0001705271   -0.0001382775   -0.0000809483
   0.0001413343   -0.0000311542    0.0001523281
  -0.0000548588    0.0000308966   -0.0000895198
   0.0000347309    0.0000650085    0.0000038414
   0.0000782691    0.0001812803    0.0000360894
  -0.0000964402   -0.0000476868    0.0002163501
   0.0000362710   -0.0000932063   -0.0000274433
   0.0000153334   -0.0000083131    0.0001401611
   0.0000078597   -0.0000794782   -0.0001160950
  -0.0000887743    0.0000735568   -0.0000281575
   0.0000801701    0.0000257421   -0.0000249748
  -0.0000326888   -0.0000457033    0.0000340370
   0.0000806000    0.0000123146   -0.0000707912
  -0.0000072469    0.0000565740    0.0001783722
  -0.0000434928    0.0000087175   -0.0000154503
  -0.0000018917   -0.0000017610   -0.0001253329
   0.0000074836    0.0000012300    0.0000909322
   0.0000042737   -0.0000013300    0.0000225274
   0.0000079305    0.0000111400    0.0000509956
  -0.0000139455    0.0000001600    0.0000417685
   0.0000067461    0.0000077455    0.0000302360
   0.0000075337    0.0000078659    0.0000329006
   0.0000033379    0.0000025605    0.0000423252
   0.0000000317    0.0000088155    0.0000350515
   0.0000260922   -0.0000097168    0.0000507662
   0.0000009479   -0.0000067158    0.0000389183
   0.0000001622   -0.0000035132    0.0000571262
  -0.0000063321    0.0000128558    0.0000607583
  -0.0000065583   -0.0000140455    0.0000377615
   0.0000069061    0.0000012045    0.0000223960
   0.0000087837   -0.0000079159    0.0000606606
  -0.0000125621   -0.0000026205    0.0000620952
  -0.0001218191    0.0000016000    0.0001118497
   0.0001297167   -0.0001660700   -0.0001987993
  -0.0000318357    0.0000022000    0.0000442681
  -0.0000419988   -0.0002906100   -0.0002770235
  -0.0000968251    0.0002671295   -0.0001779566
   0.0000389418    0.0000138429    0.0001020646
  -0.0000903387    0.0000687013    0.0000199584
   0.0002133619    0.0001095139   -0.0002993537
  -0.0000178748   -0.0000072154    0.0000575267
   0.0000220146   -0.0000783907    0.0000604307
  -0.0000281148    0.0000032054    0.0000255367
   0.0000656246    0.0000111807    0.0000399607
  -0.0003137981    0.0000197561   -0.0002147537
   0.0001711349    0.0000617005   -0.0002575366
   0.0000455518    0.0000123771    0.0000450446
   0.0000278113   -0.0000210913    0.0000326984
   0.1301087978   -0.0003368867    0.2224853012
  -0.0033966303   -0.0047358400    0.0062128204
  -0.0007653691   -0.0000185100   -0.0010707325
  -0.0040170787    0.0046837400    0.0063432087
  -0.0024239858    0.0042632472    0.0061772025
  -0.0004458755    0.0002161075   -0.0002128918
  -0.0003216231   -0.0002886135   -0.0002397031
  -0.0025978612   -0.0037794630    0.0063774566
   0.0000969260   -0.0005005891   -0.0010845026
  -0.0008179479    0.0000712317   -0.0002256274
   0.0001230560    0.0005147191   -0.0010559226
  -0.0008214079   -0.0000303817   -0.0002244374
  -0.0026768112   -0.0055754870    0.0062456066
  -0.0023443958    0.0052196228    0.0063118825
  -0.0004043855   -0.0002375775   -0.0001785718
  -0.0003636431    0.0002689935   -0.0002698831
   0.0024607532    0.0060854473   -0.0221554969
   0.0000835822    0.0005347129   -0.0007808610
  -0.0007285532   -0.0004149129   -0.0009048436
  -0.0499443382    0.0241766891   -0.0561538432
   0.0002847419   -0.0000158876   -0.0009149117
   0.0001233525    0.0000003207   -0.0002109587
  -0.0002232756    0.0006584786   -0.0007651338
   0.0022376160    0.0020643233   -0.0019541834
  -0.0004148714   -0.0002820764   -0.0009818301
  -0.0001142270   -0.0004798245   -0.0006977395
  -0.0001114977   -0.0000801133    0.0000023123
   0.0000355061   -0.0000066927    0.0002095890
  -0.0080730898   -0.0301284955   -0.0390160161
   0.0013060128    0.0005331633   -0.0012193535
   0.0000266816    0.0000870479    0.0001037964
  -0.0022729942   -0.0026056722   -0.0026946934
  -0.0484885451   -0.0232456768   -0.0552609357
  -0.0007494761    0.0005335596   -0.0007940218
   0.0000952664   -0.0005231166   -0.0006501143
   0.0027713192   -0.0063461131   -0.0227730584
  -0.0001412916   -0.0007039170   -0.0006515794
   0.0001714957    0.0000003607   -0.0001500944
   0.0002747068   -0.0000343025   -0.0007984363
   0.0022398422   -0.0019020606   -0.0020898854
  -0.0000803779    0.0004536782   -0.0005748837
  -0.0005141963    0.0002747390   -0.0008756281
   0.0000279629    0.0000089622    0.0002393274
  -0.0000621662    0.0000414829    0.0000575306
  -0.0082220893    0.0297137008   -0.0391455061
  -0.0021115139    0.0025078929   -0.0027134222
   0.0000117914   -0.0000499530    0.0001503082
   0.0011790658   -0.0006141181   -0.0014602096

65   
  0.0054308656621598   0.0000000000000000   0.0083967671254819
   0.0002052981    0.0001061778    0.0005334891
   0.0000444916   -0.0001490813   -0.0003789317
  -0.0001041948    0.0000751764    0.0003087162
   0.0000398488   -0.0000463885   -0.0000668101
  -0.0001633438    0.0001212158   -0.0005693582
   0.0000964386    0.0000320004   -0.0001865297
  -0.0000022243    0.0000428384    0.0000547913
   0.0000207348    0.0000515923    0.0000851558
   0.0000246338   -0.0001791812    0.0004250586
   0.0000274555   -0.0000122450    0.0000594177
   0.0000029775    0.0000010516   -0.0000126958
  -0.0000414314   -0.0000478207    0.0000820344
  -0.0000198088    0.0000320900   -0.0000443507
   0.0000336218   -0.0000141917    0.0000738591
  -0.0000537300   -0.0000187413    0.0000663112
   0.0000594961    0.0000100438   -0.0000891731
   0.0000003920   -0.0000103167    0.0000963803
   0.0000340849   -0.0000082393    0.0000673840
   0.0000071327    0.0000039027    0.0000286207
  -0.0000009459   -0.0000172939    0.0000221044
   0.0000192239    0.0000203954    0.0000828191
   0.0000244946    0.0000145627    0.0000461618
   0.0000053741   -0.0000071193    0.0000274488
  -0.0000044242    0.0000038636    0.0000580012
   0.0000119263    0.0000017034    0.0000270748
   0.0000029112    0.0000012975    0.0000268848
   0.0000176249    0.0000071426    0.0000293443
   0.0000193189    0.0000123941    0.0000262836
  -0.0000034539   -0.0000032275    0.0000228561
   0.0000011094   -0.0000165749    0.0000513838
   0.0000127659    0.0000025898    0.0000289512
   0.0000052444    0.0000003797    0.0000494789
   0.0019130973    0.0012071515    0.0021281875
  -0.0011413874    0.0005559281    0.0007124487
   0.0000819901    0.0000062149   -0.0000400825
  -0.0000245994    0.0000343249   -0.0000569860
  -0.0001779447   -0.0017643856    0.0014222784
  -0.0000284497   -0.0000113508   -0.0001881642
   0.0000121009    0.0000315898   -0.0000151946
   0.0001250740   -0.0000753001   -0.0001100603
   0.0000452031    0.0000405689   -0.0000402195
   0.0000441505   -0.0000185576   -0.0000248835
  -0.0000083129   -0.0000116197   -0.0000068341
  -0.0000436936    0.0000324743   -0.0000590839
   0.0000137087   -0.0000414350   -0.0000478132
  -0.0000066352    0.0000883449   -0.0001482591
   0.0000327373   -0.0000717296   -0.0000502239
   0.0000143609    0.0000001962    0.0000420201
  -0.0022868733   -0.0060000674    0.0219680469
   0.0498912682   -0.0241157891    0.0563380632
   0.0004479832    0.0000724329    0.0011250736
   0.0002159878    0.0003431171    0.0005971910
   0.0081139898    0.0299256555    0.0389767661
   0.0016015743    0.0022319022    0.0031452134
  -0.0000166116   -0.0001874379   -0.0000908964
  -0.0006675628   -0.0009130733    0.0008038335
   0.0005103514    0.0005084564    0.0009591601
  -0.0001134061    0.0000570127   -0.0001396390
   0.0002101977    0.0001321333   -0.0000421223
   0.0000340970   -0.0005208655    0.0007669295
   0.0000968481   -0.0004736524    0.0006947317
  -0.0022564260   -0.0013092433    0.0019718634
  -0.0001500744    0.0000732614    0.0010306238
  -0.0001158825    0.0000002093    0.0002249087
  -0.0648074368    0.0001899759   -0.1311462064
   0.0028151349    0.0000840600   -0.0022600316
   0.0000271686   -0.0000175400   -0.0006066721
   0.0047423492    0.0004206100   -0.0034986815
   0.0002397803    0.0010670533   -0.0024299345
  -0.0000103845   -0.0000184544   -0.0001155013
  -0.0001341460    0.0000891523   -0.0000451836
   0.0007975552   -0.0030290439   -0.0033374995
  -0.0000041083    0.0000179951   -0.0006221120
   0.0000210292   -0.0000713915   -0.0000795023
   0.0000283417    0.0000008549   -0.0005950520
   0.0000190392    0.0000559815   -0.0000826723
   0.0012342352    0.0024417139   -0.0030489495
  -0.0001926497   -0.0009885633   -0.0027172745
  -0.0000257945    0.0000252044   -0.0001215513
  -0.0001204560   -0.0000808623   -0.0000427136
  -0.0011472740    0.0000008800    0.0181265911
   0.0022995079    0.0020618700    0.0009902181
   0.0000907913   -0.0001322600    0.0000865850
  -0.0002676252    0.0001945000   -0.0006778060
   0.0010293933    0.0005500039   -0.0001232216
   0.0000554863    0.0000052174   -0.0001860731
   0.0000353312    0.0000064182   -0.0002912950
  -0.0022065209    0.0005429628    0.0004261312
  -0.0002038490    0.0001706851    0.0001554780
   0.0000465388   -0.0000106460   -0.0002392239
   0.0000274610   -0.0000355551    0.0000186280
   0.0000444688    0.0001333760   -0.0002446739
  -0.0002566109    0.0001661372   -0.0009493488
  -0.0009389467   -0.0035434939    0.0012674884
   0.0001505463   -0.0000620374   -0.0002364831
  -0.0000782388   -0.0000712682   -0.0002524950

65   
 -0.0054308656621598   0.0000000000000000  -0.0083967671254819
  -0.0002044899   -0.0001077717   -0.0005478886
  -0.0000433022    0.0001649409    0.0003843320
   0.0001245374   -0.0000781494   -0.0003139401
  -0.0000135948    0.0000346319    0.0000671507
   0.0001825331   -0.0001297872    0.0005809047
  -0.0000995998   -0.0000324389    0.0001850751
   0.0000164411   -0.0000476898   -0.0000552346
   0.0000095555   -0.0000642945   -0.0000846641
  -0.0000134228    0.0001904239   -0.0004296530
  -0.0000263781    0.0000223424   -0.0000572647
   0.0000150231    0.0000014117    0.0000143231
   0.0000671946    0.0000459812   -0.0000805288
   0.0000279092   -0.0000273330    0.0000438042
  -0.0000316765    0.0000250047   -0.0000721554
   0.0000721659    0.0000182082   -0.0000669099
  -0.0000314084   -0.0000123937    0.0000898337
   0.0000138781    0.0000118813   -0.0000830663
  -0.0000227379    0.0000102179   -0.0000578255
   0.0000072071   -0.0000061530   -0.0000208002
   0.0000167178    0.0000161697   -0.0000113964
  -0.0000056033   -0.0000207497   -0.0000703789
  -0.0000135548   -0.0000142296   -0.0000400356
   0.0000100104    0.0000094909   -0.0000218326
   0.0000203102   -0.0000041843   -0.0000476822
   0.0000000472   -0.0000004895   -0.0000155286
   0.0000113785   -0.0000007900   -0.0000208360
  -0.0000034271   -0.0000078001   -0.0000203177
  -0.0000040199   -0.0000118922   -0.0000143346
   0.0000159364    0.0000049045   -0.0000122222
   0.0000122774    0.0000194753   -0.0000444266
   0.0000032872   -0.0000022309   -0.0000203020
   0.0000095133   -0.0000000203   -0.0000369507
  -0.0019345458   -0.0012340149   -0.0022260145
   0.0011565066   -0.0005507004   -0.0007408753
  -0.0000695549   -0.0000085838   -0.0000001917
   0.0000402690   -0.0000361387    0.0000134442
   0.0002029687    0.0017828391   -0.0014805239
   0.0000370062    0.0000105586    0.0001485689
   0.0000038820   -0.0000294878   -0.0000236431
  -0.0001098423    0.0000752037    0.0000707964
  -0.0000335480   -0.0000397114   -0.0000038620
  -0.0000295763    0.0000195834   -0.0000150200
   0.0000225963    0.0000110771   -0.0000344345
   0.0000599475   -0.0000311083    0.0000151701
  -0.0000016202    0.0000431661    0.0000041291
   0.0000198491   -0.0000854187    0.0001104602
  -0.0000165438    0.0000734540    0.0000091952
  -0.0000002455   -0.0000002938   -0.0000881196
   0.0023558228    0.0060245272   -0.0222274422
  -0.0477324223    0.0229058847   -0.0543826628
  -0.0003842145   -0.0000683196   -0.0011958749
  -0.0002276988   -0.0003386667   -0.0006672383
  -0.0080689227   -0.0291088128   -0.0384730665
  -0.0016172888   -0.0022212022   -0.0031838292
   0.0000329169    0.0001823335    0.0000158106
   0.0006766835    0.0009049132   -0.0008987545
  -0.0004738719   -0.0004742440   -0.0010290349
   0.0001256823   -0.0000518645    0.0000643300
  -0.0001929677   -0.0001290512   -0.0000323873
  -0.0000418191    0.0005359831   -0.0008303340
  -0.0000972703    0.0004526212   -0.0007651785
   0.0022372814    0.0013255548   -0.0020435914
   0.0001742927   -0.0001043346   -0.0010951643
   0.0001245843    0.0000000893   -0.0002929631
   0.0614181274    0.0001865277    0.1306900303
  -0.0027721292   -0.0000986200    0.0021991415
  -0.0000100086    0.0000211400    0.0005827721
  -0.0047698848   -0.0004205800    0.0034976016
  -0.0002587152   -0.0010661240    0.0023778195
   0.0000246460    0.0000161523    0.0000900536
   0.0001500245   -0.0000907044    0.0000299913
  -0.0007767003    0.0030146432    0.0033113945
   0.0000195783   -0.0000171951    0.0005904020
  -0.0000050892    0.0000732485    0.0000604223
  -0.0000149417   -0.0000021749    0.0005699520
  -0.0000050492   -0.0000595785    0.0000585023
  -0.0012270603   -0.0024337532    0.0030271845
   0.0001940448    0.0009990840    0.0026630195
   0.0000346260   -0.0000235623    0.0000997436
   0.0001397845    0.0000832844    0.0000192013
   0.0011303635    0.0000010100   -0.0178500630
  -0.0022777513   -0.0020707700   -0.0009799682
  -0.0000742405    0.0001362900   -0.0000939547
   0.0003078320   -0.0002099700    0.0006577508
  -0.0010567361   -0.0005563379    0.0001031092
  -0.0000352541   -0.0000038272    0.0001759048
  -0.0000223089   -0.0000049880    0.0002807131
   0.0022133939   -0.0005452938   -0.0004352313
   0.0002176468   -0.0001679902   -0.0001546717
  -0.0000297271    0.0000091845    0.0002277942
  -0.0000155732    0.0000347502   -0.0000305717
  -0.0000286571   -0.0001331345    0.0002357842
   0.0002724439   -0.0001393262    0.0009300687
   0.0009423439    0.0034931679   -0.0012467708
  -0.0001392641    0.0000630572    0.0002238348
   0.0000932211    0.0000699180    0.0002481331

81   
  0.0054308656621598   0.0000000000000000   0.0083967671254819
  -0.0000399174    0.0000001139    0.0000388072
  -0.0000432782   -0.0000277958   -0.0000582327
  -0.0000243769   -0.0000078498    0.0000282970
  -0.0000234989   -0.0000102423   -0.0000272573
  -0.0000602625    0.0000127720   -0.0000544170
  -0.0000083226    0.0000218039   -0.0000651891
  -0.0000454600   -0.0000027172   -0.0000210382
  -0.0000126731   -0.0000023890   -0.0000235156
  -0.0000374459    0.0000100556    0.0000338227
  -0.0000493020   -0.0000045643   -0.0000335566
  -0.0000317555    0.0000005001   -0.0000166412
  -0.0000261770   -0.0000131185   -0.0000078864
  -0.0000427859    0.0000067986   -0.0000316836
  -0.0000357806    0.0000178359   -0.0000344802
  -0.0000366128    0.0000075535   -0.0000088925
  -0.0000269607   -0.0000031766   -0.0000245205
  -0.0000417913   -0.0000008267   -0.0000030240
  -0.0000320099    0.0000021352    0.0000022201
  -0.0000390114   -0.0000059475   -0.0000159999
  -0.0000291675   -0.0000053429   -0.0000112661
  -0.0000343262    0.0000021516    0.0000031780
  -0.0000363242    0.0000016761   -0.0000124511
  -0.0000309653    0.0000023109   -0.0000123985
  -0.0000355643   -0.0000023452   -0.0000095742
  -0.0000405720   -0.0000009396   -0.0000128209
  -0.0000326285   -0.0000000351   -0.0000130036
  -0.0000364626    0.0000004643   -0.0000138434
  -0.0000258470    0.0000043572   -0.0000116950
  -0.0000369174    0.0000077103   -0.0000101241
  -0.0000355100   -0.0000029108   -0.0000130526
  -0.0000291363    0.0000046125   -0.0000096618
  -0.0000354463   -0.0000017100   -0.0000111332
   0.0000322452    0.0000347490   -0.0000219159
  -0.0000981515    0.0000469627   -0.0000011575
  -0.0000316242    0.0000046035   -0.0000213384
  -0.0000591073   -0.0000114952   -0.0000344692
  -0.0000224170   -0.0000785625   -0.0000147538
  -0.0000515053    0.0000020967   -0.0000226795
  -0.0000371697   -0.0000051771   -0.0000112333
  -0.0000380278   -0.0000099406   -0.0000943026
  -0.0000286455    0.0000184246   -0.0000314158
  -0.0000386980    0.0000001842   -0.0000119283
  -0.0000297887    0.0000077639   -0.0000073065
  -0.0000363356    0.0000151177   -0.0000257773
  -0.0000603900   -0.0000178721   -0.0000387270
  -0.0000515265    0.0000045060   -0.0000562478
  -0.0000379292   -0.0000040703   -0.0000241676
  -0.0000297814   -0.0000018104   -0.0000286635
   0.0480866251    0.0230523468    0.0553802656
  -0.0025169392    0.0061747132    0.0226775185
   0.0002062136   -0.0002887134    0.0004433043
   0.0003918461   -0.0000777096    0.0009859718
   0.0081696393   -0.0294063308    0.0392003561
  -0.0005096558    0.0010044581    0.0010273596
  -0.0000405114    0.0001631030   -0.0001567982
   0.0014311739   -0.0021153629    0.0031295122
   0.0000641079    0.0005455418    0.0005729937
   0.0001305262   -0.0000979129   -0.0001290906
  -0.0001533729   -0.0000650222   -0.0001822474
   0.0004747463   -0.0005302090    0.0008530081
  -0.0002011084   -0.0001189830    0.0008451294
  -0.0022409322    0.0011218806    0.0020809354
   0.0000204932    0.0004740825    0.0005813163
  -0.0001986857   -0.0000000307    0.0001452244
  -0.0011599035    0.0000003200    0.0177994630
  -0.0003233719   -0.0003253700   -0.0007162008
   0.0000445005    0.0001147900    0.0000448647
   0.0022390313   -0.0021399500    0.0009360482
  -0.0023354739   -0.0004990138    0.0003310913
  -0.0000207811   -0.0000123780   -0.0003633631
   0.0000069641   -0.0000010972   -0.0002114848
   0.0010815561   -0.0004889779   -0.0001020492
  -0.0000316968    0.0000429302   -0.0000332583
   0.0000027071    0.0000167545   -0.0002835442
  -0.0002313268   -0.0001597702    0.0001182217
   0.0000021471   -0.0000944845   -0.0002766842
  -0.0010345639    0.0035427879    0.0011479708
  -0.0001967039   -0.0001149362   -0.0009355387
  -0.0000801911    0.0000484180   -0.0002832231
   0.0000823541    0.0000480372   -0.0002730648
  -0.0580457747    0.0001710186   -0.1231652880
   0.0047715947   -0.0004110000   -0.0038029615
  -0.0000187513    0.0000663400   -0.0005786621
   0.0024513293   -0.0000634800   -0.0023006715
   0.0008499902    0.0030810632   -0.0035525345
  -0.0001727145   -0.0000863244   -0.0000026513
  -0.0000693560    0.0000286023   -0.0000813836
   0.0001304952   -0.0008732440   -0.0025420895
   0.0000412017   -0.0000360649   -0.0005359320
  -0.0000216608    0.0000590585   -0.0000448623
  -0.0000741083   -0.0000332851   -0.0006145220
  -0.0000221208   -0.0000753485   -0.0000438923
  -0.0002818748    0.0007597240   -0.0028002895
   0.0012604502   -0.0024952232   -0.0032935745
  -0.0001863745    0.0000958844   -0.0000109913
  -0.0000565660   -0.0000180423   -0.0000765736

81   
 -0.0054308656621598   0.0000000000000000  -0.0083967671254819
   0.0000109810    0.0000023008   -0.0000591544
   0.0000044232    0.0000451578    0.0000432681
   0.0000031806    0.0000051385   -0.0000486699
   0.0000144066   -0.0000041385    0.0000092250
   0.0000393290   -0.0000186967    0.0000393223
  -0.0000376082   -0.0000225411    0.0000474931
   0.0000215502   -0.0000023126    0.0000018274
   0.0000063771   -0.0000098896    0.0000069663
   0.0000103980   -0.0000038396   -0.0000524416
   0.0000112934    0.0000165349    0.0000147553
   0.0000116045    0.0000017301   -0.0000001202
   0.0000145745    0.0000103130   -0.0000063608
   0.0000109249   -0.0000005296    0.0000127112
  -0.0000038298   -0.0000058802    0.0000177650
   0.0000192841   -0.0000072151   -0.0000086101
   0.0000180007    0.0000003177    0.0000067193
   0.0000147106    0.0000026561   -0.0000103495
   0.0000077210    0.0000021243   -0.0000177308
   0.0000130718    0.0000021674   -0.0000051498
   0.0000088166    0.0000045727   -0.0000031354
   0.0000109066   -0.0000028504   -0.0000136501
   0.0000054851   -0.0000014656   -0.0000087986
   0.0000105651    0.0000022894   -0.0000065218
   0.0000126033   -0.0000006540   -0.0000076181
   0.0000135422    0.0000023301   -0.0000027993
   0.0000102086    0.0000001549   -0.0000058265
   0.0000087224   -0.0000009742   -0.0000045470
   0.0000054269   -0.0000018064   -0.0000028358
   0.0000110269   -0.0000039610   -0.0000031371
   0.0000099502    0.0000043097   -0.0000085283
   0.0000077060   -0.0000031929   -0.0000050282
   0.0000106862    0.0000005500   -0.0000033171
  -0.0000588854   -0.0000333465   -0.0000448548
   0.0000738741   -0.0000421689   -0.0000613202
   0.0000050236   -0.0000085038   -0.0000374103
   0.0000390832    0.0000113296   -0.0000319585
  -0.0000000532    0.0000775245   -0.0000531095
   0.0000201978   -0.0000021028   -0.0000370038
   0.0000168427    0.0000099291   -0.0000505810
   0.0000148840    0.0000067075    0.0000316351
   0.0000013898   -0.0000177597   -0.0000322182
   0.0000167176    0.0000002627   -0.0000496629
   0.0000016261   -0.0000084007   -0.0000537474
   0.0000159943   -0.0000121522   -0.0000392361
   0.0000356901    0.0000219250   -0.0000281930
   0.0000254458   -0.0000031926   -0.0000018611
   0.0000168329    0.0000059092   -0.0000409728
   0.0000045786    0.0000002996   -0.0000370385
  -0.0502503613   -0.0242621512   -0.0574870163
   0.0024365296   -0.0061470033   -0.0225855534
  -0.0002045326    0.0002904737   -0.0005414469
  -0.0004651151    0.0000820929   -0.0010846706
  -0.0082192065    0.0302186436   -0.0398559359
   0.0004938051   -0.0010113083   -0.0010970187
   0.0000154860   -0.0001676074    0.0000617940
  -0.0014293188    0.0021284727   -0.0032566258
  -0.0000705558   -0.0005293742   -0.0006773792
  -0.0001536062    0.0000993350    0.0000329102
   0.0001355468    0.0000707005    0.0000905964
  -0.0005226357    0.0005644915   -0.0009519833
   0.0001654700    0.0000908697   -0.0009476790
   0.0022509969   -0.0011095389   -0.0021747172
  -0.0000298410   -0.0004940138   -0.0006790994
   0.0001792638    0.0000001193   -0.0002444901
   0.0011662040    0.0000015100   -0.0181232911
   0.0002732752    0.0003027700    0.0006852560
  -0.0000729413   -0.0001128400   -0.0000866550
  -0.0022692779    0.0021290100   -0.0009985682
   0.0023122409    0.0004986728   -0.0003752212
  -0.0000007812    0.0000141482    0.0003185050
  -0.0000375963    0.0000067674    0.0001729531
  -0.0010627433    0.0004848139    0.0000716916
   0.0000073790   -0.0000452051   -0.0000126080
  -0.0000255988   -0.0000196460    0.0002464439
   0.0002050290    0.0001617551   -0.0001614480
  -0.0000295788    0.0000936060    0.0002372739
   0.0010212267   -0.0035872139   -0.0012244284
   0.0001751209    0.0001435372    0.0009065288
   0.0000526788   -0.0000484482    0.0002428350
  -0.0001063163   -0.0000452274    0.0002325531
   0.0624386467    0.0001804884    0.1297408935
  -0.0047533791    0.0004087300    0.0037690014
  -0.0000113687   -0.0000643400    0.0005669921
  -0.0025095249    0.0000507000    0.0023229417
  -0.0008800651   -0.0030917639    0.0035460594
   0.0001489660    0.0000856123   -0.0000109964
   0.0000447045   -0.0000264944    0.0000699813
  -0.0001250303    0.0008786333    0.0025563045
  -0.0000669217    0.0000328649    0.0005341720
  -0.0000002592   -0.0000597915    0.0000286323
   0.0000463583    0.0000343651    0.0006027320
  -0.0000029092    0.0000711215    0.0000311923
   0.0002699197   -0.0007527633    0.0028220345
  -0.0012751751    0.0025020439    0.0032780694
   0.0001551160   -0.0000919623   -0.0000048064
   0.0000353645    0.0000213944    0.0000650813
