   2   32
1 1
     7.036847086919011     0.000000000000000     0.000000000000000
     0.000000000000000     7.036847086919013     0.000000000000000
     0.000000000000000     0.000000000000000     2.053711532983580
1 2
    -0.127669679908303     0.021070042996297     0.088110126444098
    -0.021070042996297     0.173581307612360    -0.136341364068107
    -0.088110126444098    -0.136341364068107     0.089085687581444
1 3
    -0.004972857506770     0.000000000000000     0.000000000000000
     0.000000000000000     0.075968072514371    -0.074853745577191
     0.000000000000000    -0.074853745577191     0.081958247571066
1 4
    -0.127669679908303    -0.021070042996297    -0.088110126444098
     0.021070042996297     0.173581307612360    -0.136341364068107
     0.088110126444098    -0.136341364068107     0.089085687581444
1 5
     0.098268560732194    -0.151515547050318    -0.074020021647554
    -0.109375461057725    -0.052356933028137     0.144476289865302
    -0.162130148091653    -0.008134925797195     0.089085687581444
1 6
    -0.058771049360715    -0.017905807038722     0.009297756848843
    -0.017905807038722    -0.038095204332988     0.005368062419539
     0.017179016760811     0.009918309951268     0.025862496049223
1 7
    -0.058771049360715     0.017905807038722    -0.009297756848843
     0.017905807038722    -0.038095204332988     0.005368062419539
    -0.017179016760811     0.009918309951268     0.025862496049223
1 8
     0.098268560732194     0.151515547050318     0.074020021647554
     0.109375461057725    -0.052356933028137     0.144476289865302
     0.162130148091653    -0.008134925797195     0.089085687581444
1 9
     0.055732840009086    -0.035048450802123    -0.064825245238264
    -0.035048450802123     0.015262374998516     0.037426872788595
    -0.064825245238264     0.037426872788595     0.081958247571066
1 10
    -0.027757281819124     0.000000000000000     0.000000000000000
     0.000000000000000    -0.069108971874579    -0.010736124839078
     0.000000000000000    -0.019836619902535     0.025862496049223
1 11
     0.055732840009086     0.035048450802123     0.064825245238264
     0.035048450802123     0.015262374998516     0.037426872788595
     0.064825245238264     0.037426872788595     0.081958247571066
1 12
    -0.027757281819124     0.000000000000000     0.000000000000000
     0.000000000000000    -0.069108971874579    -0.019836619902535
     0.000000000000000    -0.010736124839078     0.025862496049223
1 13
     0.098268560732194    -0.109375461057725    -0.162130148091653
    -0.151515547050318    -0.052356933028137    -0.008134925797195
    -0.074020021647554     0.144476289865302     0.089085687581444
1 14
     0.098268560732194     0.109375461057725     0.162130148091653
     0.151515547050318    -0.052356933028137    -0.008134925797195
     0.074020021647554     0.144476289865302     0.089085687581444
1 15
    -0.058771049360715     0.017905807038722    -0.017179016760811
     0.017905807038722    -0.038095204332988     0.009918309951268
    -0.009297756848843     0.005368062419539     0.025862496049223
1 16
    -0.058771049360715    -0.017905807038722     0.017179016760811
    -0.017905807038722    -0.038095204332988     0.009918309951268
     0.009297756848843     0.005368062419539     0.025862496049223
1 17
    -3.243115956641468    -1.548675618390077     1.163901592061034
    -1.548675618390074    -1.454859386311631     0.671978897486671
     1.163901592061034     0.671978897486672    -0.713683145250235
1 18
     0.007194827850416     0.027817123952804    -0.024208593732937
     0.027817123952804    -0.080691588041179     0.090314557899310
    -0.024208593732937     0.090314557899310    -0.074975929119815
1 19
     0.007194827850416    -0.027817123952804     0.024208593732937
    -0.027817123952804    -0.080691588041179     0.090314557899310
     0.024208593732937     0.090314557899310    -0.074975929119815
1 20
    -3.243115956641470     1.548675618390075    -1.163901592061033
     1.548675618390075    -1.454859386311631     0.671978897486672
    -1.163901592061034     0.671978897486672    -0.713683145250234
1 21
    -0.034629648064932     0.051964496381245     0.066110404605895
     0.051964496381245    -0.038867112125832    -0.066122536112275
     0.066110404605895    -0.066122536112275    -0.074975929119815
1 22
     0.082147288373278     0.000000000000000     0.000000000000000
    -0.000000000000000     0.082147288373278     0.000000000000000
     0.000000000000000     0.000000000000000    -0.044134273919983
1 23
    -0.034629648064932    -0.051964496381245    -0.066110404605895
    -0.051964496381245    -0.038867112125832    -0.066122536112275
    -0.066110404605895    -0.066122536112275    -0.074975929119815
1 24
     0.000257723475063    -0.000000000000000     0.000000000000000
    -0.000000000000000     0.088519389656512    -0.028114328591583
     0.000000000000000    -0.028114328591583    -0.077538394715099
1 25
    -0.082810320071629     0.024147372428441     0.090318998338831
     0.024147372428441     0.009313559880866    -0.024192021787035
     0.090318998338831    -0.024192021787035    -0.074975929119815
1 26
    -0.082810320071629    -0.024147372428441    -0.090318998338831
    -0.024147372428441     0.009313559880866    -0.024192021787035
    -0.090318998338831    -0.024192021787035    -0.074975929119815
1 27
     0.013025690371085    -0.013040745836014     0.006729860924031
    -0.013040745836014     0.028083846608797     0.003885487016098
     0.006729860924031     0.003885487016098    -0.040540302981969
1 28
     0.013025690371085     0.013040745836014    -0.006729860924031
     0.013040745836014     0.028083846608797     0.003885487016098
    -0.006729860924031     0.003885487016098    -0.040540302981969
1 29
    -0.560731101146711    -0.000000000000000     0.000000000000000
    -0.000000000000000    -4.137244241806389    -1.343957794973343
     0.000000000000000    -1.343957794973343    -0.713683145250235
1 30
     0.066453973111150    -0.038218422546739    -0.024347722770654
    -0.038218422546739     0.022323140020425     0.014057164295791
    -0.024347722770654     0.014057164295791    -0.077538394715099
1 31
     0.035612924727653    -0.000000000000000     0.000000000000000
    -0.000000000000000     0.005496612252229    -0.007770974032196
     0.000000000000000    -0.007770974032196    -0.040540302981969
1 32
     0.066453973111150     0.038218422546739     0.024347722770654
     0.038218422546739     0.022323140020425     0.014057164295791
     0.024347722770654     0.014057164295791    -0.077538394715099
17 1
    -3.243115956641468    -1.548675618390074     1.163901592061034
    -1.548675618390077    -1.454859386311631     0.671978897486672
     1.163901592061034     0.671978897486671    -0.713683145250235
17 2
    -3.243115956641470     1.548675618390075    -1.163901592061034
     1.548675618390075    -1.454859386311631     0.671978897486672
    -1.163901592061033     0.671978897486672    -0.713683145250234
17 3
     0.007194827850416    -0.027817123952804     0.024208593732937
    -0.027817123952804    -0.080691588041179     0.090314557899310
     0.024208593732937     0.090314557899310    -0.074975929119815
17 4
     0.007194827850416     0.027817123952804    -0.024208593732937
     0.027817123952804    -0.080691588041179     0.090314557899310
    -0.024208593732937     0.090314557899310    -0.074975929119815
17 5
    -0.560731101146711    -0.000000000000000     0.000000000000000
    -0.000000000000000    -4.137244241806389    -1.343957794973343
     0.000000000000000    -1.343957794973343    -0.713683145250235
17 6
     0.066453973111150     0.038218422546739     0.024347722770654
     0.038218422546739     0.022323140020425     0.014057164295791
     0.024347722770654     0.014057164295791    -0.077538394715099
17 7
     0.035612924727653    -0.000000000000000     0.000000000000000
    -0.000000000000000     0.005496612252229    -0.007770974032196
     0.000000000000000    -0.007770974032196    -0.040540302981969
17 8
     0.066453973111150    -0.038218422546739    -0.024347722770654
    -0.038218422546739     0.022323140020425     0.014057164295791
    -0.024347722770654     0.014057164295791    -0.077538394715099
17 9
    -0.082810320071629     0.024147372428441     0.090318998338831
     0.024147372428441     0.009313559880866    -0.024192021787035
     0.090318998338831    -0.024192021787035    -0.074975929119815
17 10
     0.013025690371085     0.013040745836014    -0.006729860924031
     0.013040745836014     0.028083846608797     0.003885487016098
    -0.006729860924031     0.003885487016098    -0.040540302981969
17 11
     0.013025690371085    -0.013040745836014     0.006729860924031
    -0.013040745836014     0.028083846608797     0.003885487016098
     0.006729860924031     0.003885487016098    -0.040540302981969
17 12
    -0.082810320071629    -0.024147372428441    -0.090318998338831
    -0.024147372428441     0.009313559880866    -0.024192021787035
    -0.090318998338831    -0.024192021787035    -0.074975929119815
17 13
    -0.034629648064932     0.051964496381245     0.066110404605895
     0.051964496381245    -0.038867112125832    -0.066122536112275
     0.066110404605895    -0.066122536112275    -0.074975929119815
17 14
     0.000257723475063    -0.000000000000000     0.000000000000000
    -0.000000000000000     0.088519389656512    -0.028114328591583
     0.000000000000000    -0.028114328591583    -0.077538394715099
17 15
    -0.034629648064932    -0.051964496381245    -0.066110404605895
    -0.051964496381245    -0.038867112125832    -0.066122536112275
    -0.066110404605895    -0.066122536112275    -0.074975929119815
17 16
     0.082147288373278    -0.000000000000000     0.000000000000000
     0.000000000000000     0.082147288373278     0.000000000000000
     0.000000000000000     0.000000000000000    -0.044134273919983
17 17
     7.036847086919011    -0.000000000000000     0.000000000000000
    -0.000000000000000     7.036847086919013     0.000000000000000
     0.000000000000000     0.000000000000000     2.053711532983580
17 18
    -0.127669679908303    -0.021070042996297    -0.088110126444098
     0.021070042996297     0.173581307612360    -0.136341364068107
     0.088110126444098    -0.136341364068107     0.089085687581444
17 19
    -0.004972857506770     0.000000000000000     0.000000000000000
     0.000000000000000     0.075968072514371    -0.074853745577191
     0.000000000000000    -0.074853745577191     0.081958247571066
17 20
    -0.127669679908303     0.021070042996297     0.088110126444098
    -0.021070042996297     0.173581307612360    -0.136341364068107
    -0.088110126444098    -0.136341364068107     0.089085687581444
17 21
     0.098268560732194    -0.109375461057725    -0.162130148091653
    -0.151515547050318    -0.052356933028137    -0.008134925797195
    -0.074020021647554     0.144476289865302     0.089085687581444
17 22
    -0.058771049360715    -0.017905807038722     0.017179016760811
    -0.017905807038722    -0.038095204332988     0.009918309951268
     0.009297756848843     0.005368062419539     0.025862496049223
17 23
    -0.058771049360715     0.017905807038722    -0.017179016760811
     0.017905807038722    -0.038095204332988     0.009918309951268
    -0.009297756848843     0.005368062419539     0.025862496049223
17 24
     0.098268560732194     0.109375461057725     0.162130148091653
     0.151515547050318    -0.052356933028137    -0.008134925797195
     0.074020021647554     0.144476289865302     0.089085687581444
17 25
     0.055732840009086    -0.035048450802123    -0.064825245238264
    -0.035048450802123     0.015262374998516     0.037426872788595
    -0.064825245238264     0.037426872788595     0.081958247571066
17 26
    -0.027757281819124     0.000000000000000     0.000000000000000
     0.000000000000000    -0.069108971874579    -0.019836619902535
     0.000000000000000    -0.010736124839078     0.025862496049223
17 27
     0.055732840009086     0.035048450802123     0.064825245238264
     0.035048450802123     0.015262374998516     0.037426872788595
     0.064825245238264     0.037426872788595     0.081958247571066
17 28
    -0.027757281819124     0.000000000000000     0.000000000000000
     0.000000000000000    -0.069108971874579    -0.010736124839078
     0.000000000000000    -0.019836619902535     0.025862496049223
17 29
     0.098268560732194    -0.151515547050318    -0.074020021647554
    -0.109375461057725    -0.052356933028137     0.144476289865302
    -0.162130148091653    -0.008134925797195     0.089085687581444
17 30
     0.098268560732194     0.151515547050318     0.074020021647554
     0.109375461057725    -0.052356933028137     0.144476289865302
     0.162130148091653    -0.008134925797195     0.089085687581444
17 31
    -0.058771049360715     0.017905807038722    -0.009297756848843
     0.017905807038722    -0.038095204332988     0.005368062419539
    -0.017179016760811     0.009918309951268     0.025862496049223
17 32
    -0.058771049360715    -0.017905807038722     0.009297756848843
    -0.017905807038722    -0.038095204332988     0.005368062419539
     0.017179016760811     0.009918309951268     0.025862496049223