32   
2    

1    
  0.0068491000876789   0.0000000000000000   0.0072862766890201
  -0.0498733000   -0.0004542400   -0.0212529700
   0.0015892400    0.0008562300   -0.0055503900
   0.0000997500    0.0005499800   -0.0048925100
   0.0002901200    0.0011431000   -0.0043440700
   0.0005810900    0.0011020400   -0.0044388500
   0.0003423100    0.0000541000   -0.0045465200
   0.0005915200   -0.0001896300   -0.0044188800
  -0.0017906300   -0.0009728800   -0.0054531200
   0.0001563300   -0.0000287100   -0.0044480000
   0.0002557500    0.0001499100   -0.0044831200
  -0.0007878500   -0.0005084000   -0.0053351300
   0.0002549600    0.0000818300   -0.0044825600
  -0.0000681500   -0.0003021500   -0.0038316700
  -0.0011453700   -0.0017960800   -0.0060524200
   0.0005329500   -0.0001567700   -0.0043657000
   0.0004003300    0.0000877200   -0.0046004600
   0.0138050800    0.0057455800    0.0016044400
   0.0001937100   -0.0008452800    0.0051391200
  -0.0001596600   -0.0004643700    0.0048079000
   0.0303769700   -0.0152367000    0.0175203300
  -0.0001797700    0.0001303600    0.0045202600
  -0.0004954300    0.0000025700    0.0047471000
   0.0007832800    0.0008417800    0.0054241800
   0.0000636300    0.0002079600    0.0049896000
  -0.0000248600    0.0000151300    0.0043541900
   0.0012896500    0.0003431500    0.0055892700
  -0.0000739100    0.0000638100    0.0046756600
   0.0000264800   -0.0001139700    0.0047670100
   0.0039194600    0.0098272800    0.0096546900
  -0.0002090500    0.0001627100    0.0051574500
  -0.0001777300    0.0000625800    0.0047214400
  -0.0005669000   -0.0003586500    0.0048237700

1    
 -0.0068491000876789   0.0000000000000000  -0.0072862766890201
   0.0465188400    0.0003207700    0.0086748500
  -0.0014434800   -0.0008665800   -0.0030450100
   0.0000316300   -0.0005659900   -0.0036981900
  -0.0001749100   -0.0011576900   -0.0042530300
  -0.0004350300   -0.0011166900   -0.0041545100
  -0.0002127300   -0.0000715400   -0.0040418800
  -0.0004643300    0.0001750700   -0.0041693200
   0.0019184400    0.0009589500   -0.0031409700
  -0.0000251000    0.0000116400   -0.0041413000
  -0.0001250200   -0.0001642300   -0.0041059600
   0.0009204600    0.0004921500   -0.0032531300
  -0.0001247200   -0.0000995600   -0.0041059400
   0.0001989600    0.0002798000   -0.0047545200
   0.0012790400    0.0017826800   -0.0025332500
  -0.0004071400    0.0001417400   -0.0042242600
  -0.0002689200   -0.0001045400   -0.0039885900
  -0.0136540300   -0.0056988700    0.0071393000
  -0.0000605300    0.0008268600    0.0037149300
   0.0002916700    0.0004452800    0.0040468700
  -0.0310136100    0.0157470100   -0.0088144800
   0.0003090400   -0.0001465800    0.0043336400
   0.0006298400   -0.0000224900    0.0041039500
  -0.0006542300   -0.0008583900    0.0034256100
   0.0000671100   -0.0002267800    0.0038597100
   0.0001568200   -0.0000313800    0.0044991500
  -0.0011607400   -0.0003653600    0.0032591700
   0.0002026700   -0.0000832300    0.0041769300
   0.0001067400    0.0000962300    0.0040842000
  -0.0037615600   -0.0097861400   -0.0007459200
   0.0003464900   -0.0001809800    0.0036939400
   0.0003101200   -0.0000757900    0.0041306500
   0.0006982100    0.0003446200    0.0040273700
