96   
12   

1    
  0.0054133328157895   0.0000000000000000   0.0084080811024571
  -0.1356989669   -0.0002757340   -0.2315091015
   0.0044204355    0.0047305400   -0.0062285251
   0.0009513137   -0.0000220800    0.0011961420
   0.0038038576   -0.0048824100   -0.0060948758
   0.0026990578   -0.0037068392   -0.0062887528
   0.0003576286   -0.0003146417    0.0002825885
   0.0004401165    0.0002615127    0.0002751960
   0.0026182625    0.0042284839   -0.0060356681
  -0.0000623390    0.0005890141    0.0011802922
   0.0008948388    0.0000509613    0.0002777622
  -0.0000301890   -0.0005690541    0.0012145322
   0.0008984788   -0.0000127713    0.0002788522
   0.0024557725    0.0054952561   -0.0062251781
   0.0028612178   -0.0057942408   -0.0061015228
   0.0003935986    0.0002962917    0.0003134985
   0.0004022565   -0.0002851427    0.0002427560
   0.0001786143    0.0000603768    0.0001301584
  -0.0000026373   -0.0000181841    0.0000190074
   0.0000801081   -0.0000182436    0.0000797265
  -0.0001309951    0.0001147650   -0.0001475650
   0.0000353308   -0.0000474819    0.0000132542
  -0.0000209595   -0.0000008188    0.0001029928
   0.0001058431   -0.0000088106    0.0000871321
  -0.0000469194    0.0000158493    0.0000405758
   0.0000781721    0.0000274670    0.0000410919
   0.0000651542    0.0000637579    0.0000546607
   0.0000551013    0.0000189697    0.0000606252
   0.0000089051    0.0000095664    0.0000426863
   0.0000709450   -0.0001794607   -0.0000134221
   0.0000560815   -0.0000604999    0.0000396516
   0.0000238762   -0.0000267191    0.0000523132
   0.0000287844    0.0000436064    0.0000358834
  -0.0029678721   -0.0064421149    0.0232171137
  -0.0000581064   -0.0005131365    0.0007440558
   0.0008130762    0.0005630014    0.0008396361
   0.0492311260   -0.0236881900    0.0560879392
  -0.0002205702   -0.0000450977    0.0008790730
  -0.0001303466   -0.0000021690    0.0002396383
   0.0001777628   -0.0007435058    0.0007109975
  -0.0022454270   -0.0018875807    0.0022179539
   0.0005831596    0.0002755561    0.0009311410
   0.0000986407    0.0004646801    0.0006624851
   0.0001002891    0.0000455393    0.0000171691
  -0.0000016096    0.0000091113   -0.0001596844
   0.0081912005    0.0302510756    0.0397866904
  -0.0011107422   -0.0006578830    0.0015494997
   0.0000161434   -0.0000554695   -0.0000715073
   0.0021558961    0.0025303955    0.0028781980
   0.0504628705    0.0244774131    0.0573171118
   0.0007911177   -0.0004386977    0.0008710081
  -0.0000527252    0.0005068514    0.0007849392
  -0.0025908361    0.0061630197    0.0225516859
   0.0002428593    0.0007007307    0.0007539642
  -0.0000885122   -0.0000019989    0.0002338620
  -0.0002330232   -0.0000123761    0.0008960350
  -0.0022429584    0.0019953147    0.0020380660
   0.0001083799   -0.0004730626    0.0007064169
   0.0004658919   -0.0002815185    0.0009400370
  -0.0000122118   -0.0000185542   -0.0001776375
   0.0001500414   -0.0000790787    0.0000148463
   0.0080705515   -0.0305078921    0.0397906149
   0.0022784843   -0.0026133566    0.0027881664
   0.0000151472    0.0000969838   -0.0000811961
  -0.0011806068    0.0006029638    0.0012970469
   0.0001380686    0.0000002200   -0.0001872892
   0.0001277700   -0.0001591200    0.0003421337
   0.0000673925   -0.0000167600    0.0000059332
  -0.0000178019   -0.0000649900    0.0001958606
  -0.0000312319    0.0001071071    0.0003460295
   0.0000960008    0.0000441330    0.0000247629
   0.0000008275    0.0000091900   -0.0000283660
   0.0000897516    0.0001280781    0.0001906930
   0.0000225916    0.0000266958    0.0000024145
   0.0000180288   -0.0000545193   -0.0000001158
   0.0000509616   -0.0000091258    0.0000074145
  -0.0000013912    0.0000416693   -0.0000040258
  -0.0000408384   -0.0000028581    0.0002743030
   0.0002245681   -0.0000105871    0.0002619495
   0.0000421608   -0.0000248630   -0.0000195371
  -0.0000290325   -0.0000159000    0.0000161540
   0.0000307587   -0.0000002400   -0.0000478548
   0.0000272649    0.0000307300   -0.0000009681
   0.0000308914    0.0000176100   -0.0000146705
   0.0000376330    0.0000117800    0.0000053761
   0.0000462114   -0.0000148391   -0.0000039053
   0.0000246681    0.0000036019    0.0000016004
   0.0000298804   -0.0000078960   -0.0000063012
   0.0000142307   -0.0000175954    0.0000093918
   0.0000445870   -0.0000071773   -0.0000138810
   0.0000170129    0.0000033246   -0.0000044258
   0.0000129770   -0.0000101227   -0.0000131710
   0.0000281929   -0.0000030946   -0.0000038158
   0.0000433407   -0.0000004046   -0.0000032582
   0.0000004214   -0.0000120609    0.0000081247
   0.0000201581    0.0000048381   -0.0000076096
   0.0000261104   -0.0000010540   -0.0000050212

1    
 -0.0054133328157895   0.0000000000000000  -0.0084080811024571
   0.1351758931   -0.0001801547    0.2291568763
  -0.0041153176   -0.0047259000    0.0063930358
  -0.0009346637    0.0000344000   -0.0011042520
  -0.0041010555    0.0048922200    0.0061335451
  -0.0026157625    0.0038931339    0.0063219181
  -0.0003738365    0.0003359127   -0.0001861060
  -0.0004225786   -0.0002715217   -0.0001830885
  -0.0026800478   -0.0040640092    0.0062043528
   0.0001006090   -0.0006250041   -0.0010873522
  -0.0009053488   -0.0000505787   -0.0001869022
   0.0000185790    0.0005723941   -0.0011194222
  -0.0008858188   -0.0000192613   -0.0001868722
  -0.0025723278   -0.0056058908    0.0061915728
  -0.0027226925    0.0056773861    0.0063359881
  -0.0004124465   -0.0002949927   -0.0002098260
  -0.0003797186    0.0002972417   -0.0001691185
  -0.0001889503   -0.0000763512   -0.0002061233
   0.0000241566    0.0000055780   -0.0000978469
  -0.0000620364    0.0000132145   -0.0001648292
   0.0001232564   -0.0001193962    0.0000628294
  -0.0000191567    0.0000555249   -0.0000869429
   0.0000400366    0.0000066818   -0.0001912588
  -0.0001010730    0.0000006634   -0.0001714506
   0.0000250770   -0.0000200841   -0.0001259478
  -0.0000648135   -0.0000151792   -0.0001240009
  -0.0000667015   -0.0000647971   -0.0001429663
  -0.0000606037   -0.0000228887   -0.0001491233
   0.0000019060    0.0000075322   -0.0001187722
  -0.0000774306    0.0001666186   -0.0000718957
  -0.0000505959    0.0000495543   -0.0001233134
  -0.0000131066    0.0000316636   -0.0001295203
  -0.0000202624   -0.0000413044   -0.0001178391
   0.0029581218    0.0064180749   -0.0232210297
   0.0000395731    0.0005050354   -0.0007199864
  -0.0008084506   -0.0005671875   -0.0008178086
  -0.0512658406    0.0248768138   -0.0579630600
   0.0002184015    0.0000518673   -0.0008231343
   0.0001193738    0.0000093111   -0.0002106037
  -0.0001709749    0.0007349332   -0.0007004425
   0.0022204897    0.0018861527   -0.0021859700
  -0.0005856972   -0.0003021549   -0.0008748030
  -0.0001028585   -0.0004456561   -0.0006379885
  -0.0001022996   -0.0000497108    0.0000051711
   0.0000101626   -0.0000237715    0.0001950742
  -0.0081503076   -0.0311670781   -0.0404572710
   0.0010733377    0.0006481098   -0.0015255209
  -0.0000132517    0.0000592032    0.0000892431
  -0.0021940544   -0.0025303705   -0.0028540303
  -0.0484315862   -0.0232963893   -0.0553617613
  -0.0007785137    0.0004503315   -0.0008408858
   0.0000916286   -0.0005358225   -0.0007525986
   0.0026079964   -0.0061846998   -0.0225043300
  -0.0002207174   -0.0006988835   -0.0007280293
   0.0000743350    0.0000095510   -0.0002054066
   0.0002699519    0.0000094657   -0.0008835736
   0.0022725058   -0.0019991524   -0.0020098696
  -0.0000975321    0.0004662866   -0.0006750134
  -0.0004527043    0.0002828499   -0.0009466250
   0.0000145588    0.0000098240    0.0002072877
  -0.0001360509    0.0000668572    0.0000119035
  -0.0080756445    0.0295971297   -0.0390572946
  -0.0022435452    0.0025944813   -0.0027572334
  -0.0000008489   -0.0000924101    0.0001230502
   0.0012155112   -0.0005912971   -0.0012605657
  -0.0001320309   -0.0000056600    0.0001875568
  -0.0001267698    0.0001550400   -0.0003824163
  -0.0000575605    0.0000128300   -0.0000259505
   0.0000217733    0.0000639100   -0.0002139526
   0.0000280674   -0.0001151998   -0.0003927389
  -0.0000817870   -0.0000430726   -0.0000615803
   0.0000081662   -0.0000118956    0.0000168309
  -0.0000877165   -0.0001312214   -0.0002102520
  -0.0000096133   -0.0000203247   -0.0000353291
  -0.0000163872    0.0000527516   -0.0000156388
  -0.0000384033    0.0000067447   -0.0000236991
  -0.0000016872   -0.0000428916   -0.0000241388
   0.0000505135    0.0000052414   -0.0002850120
  -0.0002288326    0.0000155598   -0.0002881289
  -0.0000362970    0.0000212926   -0.0000020803
   0.0000367562    0.0000203556   -0.0000364591
  -0.0000278169   -0.0000064400    0.0001526582
  -0.0000201740   -0.0000371300    0.0001179684
  -0.0000223976   -0.0000209400    0.0001188845
  -0.0000346395   -0.0000130800    0.0000913995
  -0.0000490794    0.0000114697    0.0001285279
  -0.0000108635   -0.0000033987    0.0001185370
  -0.0000204406    0.0000059963    0.0001029220
  -0.0000124769    0.0000189509    0.0000917685
  -0.0000307867    0.0000146593    0.0001289540
  -0.0000157932   -0.0000031772    0.0001050291
  -0.0000024067    0.0000064807    0.0001121340
  -0.0000312932    0.0000008372    0.0001148291
  -0.0000347769   -0.0000015009    0.0000950385
  -0.0000006094    0.0000126203    0.0000928379
  -0.0000150835   -0.0000075913    0.0001111470
  -0.0000177406    0.0000046537    0.0001081320

17   
  0.0054133328157895   0.0000000000000000   0.0084080811024571
   0.0002317003    0.0000943512    0.0001546133
  -0.0001900164    0.0001470662   -0.0000382794
   0.0000778764   -0.0000369645    0.0001515492
  -0.0000138766   -0.0000391880    0.0000956669
   0.0000651106   -0.0002423886    0.0000608457
   0.0000375024    0.0000485144    0.0001014691
   0.0000163566   -0.0000162436    0.0001236203
   0.0000430559   -0.0000513343    0.0001187834
   0.0000567435    0.0000410892    0.0001279509
   0.0000137140    0.0000028778    0.0001090722
   0.0000427837    0.0000118287    0.0001385633
   0.0000767115    0.0000789471    0.0001193563
   0.0000104267   -0.0000423549    0.0000985429
  -0.0000515970    0.0000044241    0.0001104378
   0.0001248730   -0.0000008534    0.0001474806
  -0.0000287866   -0.0000022018    0.0001768488
  -0.1261761690    0.0003113001   -0.2358411397
   0.0028471355   -0.0053991300   -0.0034728951
   0.0024017837   -0.0000364000    0.0010887420
   0.0030235876    0.0053871000   -0.0037842758
   0.0022720178    0.0055746508   -0.0035147727
   0.0003776186   -0.0003768617   -0.0001352415
   0.0003582365    0.0003881227   -0.0001191740
   0.0024142825   -0.0058950361   -0.0037450281
   0.0003421010    0.0011883041    0.0010678322
   0.0010302188   -0.0000086887   -0.0001264378
   0.0004091010   -0.0011524641    0.0011052122
   0.0010292488    0.0000212387   -0.0001285078
   0.0024388625   -0.0049139339   -0.0036685181
   0.0022495678    0.0051848392   -0.0035870927
   0.0003880986    0.0003717017   -0.0001318415
   0.0003469965   -0.0003922927   -0.0001204940
   0.0000323767    0.0000008200   -0.0000379857
   0.0000309188    0.0000046000    0.0001048977
   0.0000185829    0.0000219600    0.0000694769
   0.0000218195    0.0000299000    0.0001138834
   0.0000306491   -0.0000022586    0.0000998347
   0.0000287771   -0.0000024597    0.0000810925
   0.0000108898    0.0000064251    0.0000878734
  -0.0000013854   -0.0000095638    0.0001231576
   0.0000362245   -0.0000065139    0.0000656274
   0.0000247954   -0.0000087950    0.0000812633
   0.0000050145   -0.0000090961    0.0000749874
   0.0000138854    0.0000036650    0.0000751333
   0.0000386846   -0.0000139362    0.0001062876
   0.0000166191   -0.0000141514    0.0001176947
   0.0000219271   -0.0000081103    0.0000715025
   0.0000199398   -0.0000014451    0.0000814434
   0.0002114575    0.0000002200   -0.0006297888
  -0.0000194212   -0.0000687100    0.0002611464
   0.0000404637    0.0000057900    0.0000213366
   0.0001552046   -0.0001654700    0.0003592668
  -0.0000497398    0.0000001137    0.0003604661
  -0.0000145815   -0.0000152270    0.0000210438
   0.0000086265   -0.0000044683   -0.0000448402
   0.0002435229   -0.0000370783    0.0002562513
   0.0000298696    0.0000103059    0.0000151824
   0.0000032840    0.0000151441   -0.0000082720
   0.0000262396   -0.0000092659    0.0000248724
   0.0000065940   -0.0000565241   -0.0000052020
  -0.0000354271    0.0001207083    0.0004067813
   0.0000829902    0.0001452763    0.0002083261
  -0.0000177915    0.0000110770   -0.0000492262
   0.0000846165    0.0000403883    0.0000362698
   0.0479582477    0.0245189249    0.0560637448
  -0.0045502665    0.0057795997    0.0195795614
  -0.0000086329    0.0004889113    0.0008132242
   0.0008552130   -0.0007737745    0.0001049431
   0.0054757956   -0.0304122033    0.0379543510
  -0.0004308631    0.0009440315    0.0011214934
  -0.0000360247    0.0000420541    0.0000310078
   0.0018355495   -0.0022460144    0.0030346316
   0.0000828906   -0.0005687675    0.0006094936
   0.0000338447   -0.0000408757    0.0000285424
  -0.0000410245   -0.0000033110    0.0000370687
   0.0007658549   -0.0000414031    0.0003234268
   0.0001980317    0.0008932449    0.0002493846
  -0.0020602247    0.0013108916    0.0020799805
   0.0000129283   -0.0000002049    0.0006739087
  -0.0000786437   -0.0000010740    0.0002773360
  -0.0047936338   -0.0059941828    0.0203353704
   0.0504927823   -0.0259477124    0.0587098705
   0.0009641230    0.0008484225    0.0000316340
  -0.0000437397   -0.0004742592    0.0007417183
   0.0055696771    0.0318151466    0.0393803527
   0.0017598862    0.0022119392    0.0030911491
  -0.0000257641   -0.0000169912    0.0000159349
  -0.0003026650   -0.0010147580    0.0014227804
   0.0008982898    0.0000916727    0.0002157866
  -0.0000268403   -0.0000002036    0.0000092556
   0.0000005682    0.0000148724    0.0000193287
   0.0000748231    0.0005889829    0.0005419035
   0.0000261867   -0.0000962519    0.0005762521
  -0.0020654817   -0.0011883723    0.0022556261
   0.0002054124   -0.0009608601    0.0001906848
  -0.0001171731   -0.0000008040    0.0002475909

17   
 -0.0054133328157895   0.0000000000000000  -0.0084080811024571
  -0.0002107843   -0.0000982668   -0.0000615884
   0.0002065151   -0.0001531250    0.0001407950
  -0.0000673581    0.0000418036   -0.0000467165
   0.0000297373    0.0000408041    0.0000071326
  -0.0000556450    0.0002446307    0.0000405721
  -0.0000104844   -0.0000531464   -0.0000038534
  -0.0000038162    0.0000185491   -0.0000213432
  -0.0000269015    0.0000567599   -0.0000198916
  -0.0000435721   -0.0000347870   -0.0000239619
   0.0000050749   -0.0000019764   -0.0000091563
  -0.0000274813   -0.0000207597   -0.0000378852
  -0.0000589742   -0.0000785679   -0.0000157907
   0.0000095692    0.0000379319    0.0000063658
   0.0000611594    0.0000003707   -0.0000099958
  -0.0001038831    0.0000043606   -0.0000406721
   0.0000428595   -0.0000053912   -0.0000748028
   0.1247260640    0.0003067894    0.2291184446
  -0.0025750576    0.0053955800    0.0035567358
  -0.0023897237    0.0000337100   -0.0010315620
  -0.0032670255   -0.0053945000    0.0038039951
  -0.0021782125   -0.0055253161    0.0036587281
  -0.0003631265    0.0003735927    0.0002017940
  -0.0003436286   -0.0003876117    0.0001601015
  -0.0024744178    0.0059488808    0.0036995927
  -0.0003335310   -0.0011850641   -0.0010087922
  -0.0010148188    0.0000152313    0.0001799478
  -0.0003884710    0.0011525541   -0.0010549922
  -0.0010164088   -0.0000288713    0.0001849578
  -0.0024430578    0.0048055892    0.0037847427
  -0.0022132625   -0.0052922039    0.0035771881
  -0.0003724565   -0.0003676827    0.0001878840
  -0.0003327186    0.0003967717    0.0001725315
  -0.0000207194    0.0000007900    0.0001897969
  -0.0000121732   -0.0000056400    0.0000424976
  -0.0000064161   -0.0000177400    0.0000818898
  -0.0000049091   -0.0000303600    0.0000318404
  -0.0000206436    0.0000007234    0.0000493765
  -0.0000090670   -0.0000029401    0.0000710468
   0.0000010163   -0.0000074424    0.0000646705
   0.0000202437    0.0000051330    0.0000270329
  -0.0000227148    0.0000126122    0.0000859803
  -0.0000122151    0.0000054129    0.0000656840
   0.0000124752    0.0000106678    0.0000779403
   0.0000027749   -0.0000041729    0.0000725940
  -0.0000264263    0.0000109370    0.0000459129
   0.0000019864    0.0000146266    0.0000336665
  -0.0000130970    0.0000041301    0.0000821668
  -0.0000006537   -0.0000044576    0.0000674805
  -0.0002057457   -0.0000001800    0.0006585319
   0.0000363583    0.0000671400   -0.0002224919
  -0.0000280252   -0.0000012900    0.0000120071
  -0.0001336084    0.0001645100   -0.0003145356
   0.0000574349   -0.0000043280   -0.0003192730
   0.0000354432    0.0000099537    0.0000134359
   0.0000031261    0.0000043793    0.0000786247
  -0.0002213084    0.0000291336   -0.0002184998
  -0.0000151850   -0.0000039367    0.0000157629
   0.0000096616   -0.0000191341    0.0000491165
  -0.0000095050    0.0000106667    0.0000070029
   0.0000095916    0.0000568441    0.0000422565
   0.0000503816   -0.0001195636   -0.0003691998
  -0.0000655251   -0.0001412620   -0.0001729230
   0.0000277932   -0.0000149637    0.0000807259
  -0.0000657739   -0.0000454893    0.0000002947
  -0.0498919610   -0.0256999464   -0.0581150351
   0.0045914857   -0.0057804249   -0.0196181982
  -0.0000021172   -0.0004794876   -0.0007617946
  -0.0008449882    0.0007604332   -0.0000607728
  -0.0054012789    0.0313528227   -0.0387250438
   0.0004203791   -0.0009450350   -0.0010675544
   0.0000430106   -0.0000396715    0.0000260770
  -0.0018659010    0.0022711398   -0.0029900759
  -0.0000884138    0.0005417463   -0.0005600473
  -0.0000140893    0.0000333510    0.0000271430
   0.0000497897    0.0000035481    0.0000262565
  -0.0007445967    0.0000424281   -0.0002514680
  -0.0001863880   -0.0008727969   -0.0002129548
   0.0020604705   -0.0013161958   -0.0020251865
  -0.0000101201    0.0000085539   -0.0006056372
   0.0000956020   -0.0000014640   -0.0002208998
   0.0047727546    0.0059846176   -0.0202065136
  -0.0485110888    0.0247576909   -0.0565756901
  -0.0009454276   -0.0008606638    0.0000080057
   0.0000837397    0.0004811628   -0.0007093980
  -0.0056132738   -0.0308589971   -0.0385228897
  -0.0017003250   -0.0021888341   -0.0030560951
   0.0000481082    0.0000190138    0.0000064703
   0.0003432591    0.0010152844   -0.0013979294
  -0.0008919481   -0.0000913077   -0.0002048854
   0.0000497551   -0.0000008693    0.0000074092
   0.0000120564   -0.0000211071    0.0000042459
  -0.0000397500   -0.0006164240   -0.0005087599
   0.0000006451    0.0001077709   -0.0005605536
   0.0020943558    0.0011835082   -0.0022301702
  -0.0001881460    0.0009799779   -0.0001464546
   0.0001336247   -0.0000012340   -0.0002225071

33   
  0.0054133328157895   0.0000000000000000   0.0084080811024571
  -0.0026423318   -0.0062204250    0.0228902798
   0.0509330906   -0.0247035939    0.0582631000
   0.0004356706    0.0000671875    0.0010483186
   0.0002457769    0.0002926746    0.0004873064
   0.0081393576    0.0307328581    0.0403921710
   0.0015108144    0.0022043405    0.0032538003
  -0.0000302683   -0.0001638732   -0.0001041631
  -0.0005533377   -0.0010050898    0.0011211209
   0.0004985272    0.0005462949    0.0009201830
  -0.0001461226    0.0000683215   -0.0001350042
   0.0001372196    0.0000973408   -0.0000698111
   0.0000904285   -0.0005683739    0.0006152985
   0.0000425385   -0.0004632273    0.0006381243
  -0.0023005097   -0.0011898226    0.0021851100
  -0.0001775051    0.0001277668    0.0008953025
  -0.0001886138    0.0000010789    0.0002160337
  -0.0000152106   -0.0000005800   -0.0001251069
  -0.0000149109   -0.0000144300    0.0000210296
  -0.0000261239   -0.0000083400   -0.0000170398
  -0.0000311168   -0.0000200800    0.0000313324
  -0.0000300437    0.0000249930    0.0000326871
  -0.0000172763    0.0000091676   -0.0000134905
  -0.0000370730    0.0000004699   -0.0000052968
  -0.0000101364    0.0000035134    0.0000170135
  -0.0000341252    0.0000060578   -0.0000069003
  -0.0000344449   -0.0000097471   -0.0000101640
  -0.0000210052    0.0000037122   -0.0000278903
  -0.0000222249    0.0000072171   -0.0000032640
  -0.0000518164   -0.0000054534    0.0000351935
  -0.0000158637    0.0000076370    0.0000127671
  -0.0000225963    0.0000011224   -0.0000066705
  -0.0000330930   -0.0000062999    0.0000006932
  -0.0619058435    0.0002091920   -0.1294644044
   0.0025637411    0.0000294500   -0.0022864243
  -0.0000061269   -0.0000648400   -0.0005162924
   0.0048672459    0.0004095100   -0.0037659691
   0.0001271977    0.0009000811   -0.0025316284
  -0.0000629391   -0.0000319398   -0.0000274961
  -0.0001615700    0.0000834682    0.0000579835
   0.0009334154   -0.0031591217   -0.0035269558
  -0.0000615511    0.0000328587   -0.0005556523
  -0.0000132304   -0.0000552901    0.0000142238
   0.0000565489    0.0000380113   -0.0004807123
  -0.0000125904    0.0000715301    0.0000137038
   0.0013095654    0.0025544117   -0.0032731958
  -0.0002474923   -0.0007439211   -0.0027846984
  -0.0000526291    0.0000189198   -0.0000149861
  -0.0001710700   -0.0000927182    0.0000478535
  -0.0011759196    0.0000019200    0.0175773152
   0.0022909044    0.0021617600    0.0009715631
   0.0000517403   -0.0000968100    0.0000501099
  -0.0003580197    0.0003217900   -0.0007208586
   0.0010979222    0.0005181001   -0.0001169204
   0.0000247949    0.0000047765   -0.0001975258
  -0.0000061322    0.0000086890   -0.0003548865
  -0.0023729684    0.0005282874    0.0003547537
  -0.0002104588    0.0001529705    0.0001203427
   0.0000113886   -0.0000149457   -0.0002749412
  -0.0000380988   -0.0000491305   -0.0000196273
   0.0000100386    0.0001071957   -0.0002795812
  -0.0002080984    0.0000706726   -0.0009539963
  -0.0010455378   -0.0036330601    0.0012082796
   0.0001010749   -0.0000561665   -0.0002740458
  -0.0000791522   -0.0000523890   -0.0002869165
  -0.0000109136    0.0000031963    0.0000029471
  -0.0000328962    0.0000087058    0.0000068221
  -0.0000627742    0.0000172774    0.0000011021
  -0.0000129950    0.0000083232    0.0000072496
  -0.0000180624   -0.0000127830    0.0000071067
  -0.0000455094   -0.0000094763   -0.0000477036
  -0.0000266497    0.0000113622    0.0000108212
  -0.0000200177   -0.0000044764    0.0000075391
  -0.0000275321   -0.0000246020    0.0000088880
  -0.0000124627   -0.0000079708    0.0000128988
  -0.0000329697   -0.0000030303    0.0000076719
  -0.0000238833   -0.0000310897    0.0000034092
  -0.0000141816    0.0000065313    0.0000109325
  -0.0000290146    0.0000149248   -0.0000204805
  -0.0000621742    0.0000256578   -0.0000030338
  -0.0000180267   -0.0000002904   -0.0000025048
  -0.0000220245    0.0000034673   -0.0000047635
  -0.0000257055   -0.0000015903   -0.0000042625
  -0.0000216112   -0.0000016863   -0.0000181548
  -0.0000225989   -0.0000012820   -0.0000169253
  -0.0000293452   -0.0000023270   -0.0000069380
  -0.0000291391   -0.0000004577   -0.0000250560
  -0.0000234858   -0.0000002914   -0.0000209646
  -0.0000219399   -0.0000029182   -0.0000195581
  -0.0000247479    0.0000019795   -0.0000199126
  -0.0000229032   -0.0000002842   -0.0000200198
  -0.0000236881    0.0000006556   -0.0000208294
  -0.0000215409    0.0000003769   -0.0000192776
  -0.0000242043    0.0000022093   -0.0000181478
  -0.0000281796    0.0000039360   -0.0000216121
  -0.0000216296    0.0000004824   -0.0000167023
  -0.0000210265   -0.0000002000   -0.0000210191

33   
 -0.0054133328157895   0.0000000000000000  -0.0084080811024571
   0.0026684821    0.0062486549   -0.0230538937
  -0.0488002160    0.0234760500   -0.0561970191
  -0.0004175262   -0.0000661214   -0.0010236561
  -0.0003077636   -0.0002933635   -0.0004615058
  -0.0081454405   -0.0299055556   -0.0397951304
  -0.0015657961   -0.0021923955   -0.0032025480
  -0.0000013634    0.0001576295    0.0001225673
   0.0005124322    0.0009980930   -0.0011272197
  -0.0005086096   -0.0005108561   -0.0008977510
   0.0001082396   -0.0000625313    0.0001533344
  -0.0001648691   -0.0000943093    0.0000920209
  -0.0001425107    0.0005879199   -0.0005859451
  -0.0000925598    0.0004413676   -0.0006172830
   0.0022371670    0.0012039807   -0.0021675439
   0.0001586972   -0.0001562442   -0.0008687075
   0.0001502566    0.0000020090   -0.0001851983
  -0.0000169867    0.0000030800    0.0001293457
  -0.0000206995    0.0000118500   -0.0000182734
  -0.0000062829    0.0000095800    0.0000191531
  -0.0000014388    0.0000211200   -0.0000254977
  -0.0000043246   -0.0000264138   -0.0000268676
  -0.0000181398   -0.0000093649    0.0000140266
   0.0000056129   -0.0000014297    0.0000096675
  -0.0000215791   -0.0000038786   -0.0000128247
   0.0000010355   -0.0000062961    0.0000068426
   0.0000013546    0.0000110850    0.0000107967
  -0.0000122845   -0.0000049339    0.0000290626
  -0.0000109054   -0.0000089250    0.0000060467
   0.0000185909    0.0000049486   -0.0000359947
  -0.0000156146   -0.0000068362   -0.0000112576
  -0.0000140498   -0.0000001151    0.0000092366
   0.0000001129    0.0000045197    0.0000014075
   0.0629045404    0.0002021024    0.1261888126
  -0.0025604561   -0.0000413500    0.0023604792
  -0.0000229431    0.0000676600    0.0006277724
  -0.0049422909   -0.0004141400    0.0038969742
  -0.0001937155   -0.0008994119    0.0026183558
   0.0000302000    0.0000248082    0.0001353665
   0.0001269191   -0.0000857498    0.0000529361
  -0.0009552276    0.0031437510    0.0036301283
   0.0000269211   -0.0000281887    0.0006610523
  -0.0000182196    0.0000571798    0.0000932762
  -0.0000883189   -0.0000343513    0.0005892723
  -0.0000183596   -0.0000772498    0.0000945262
  -0.0013516976   -0.0025475010    0.0033860183
   0.0002069645    0.0007480219    0.0028656758
   0.0000089000   -0.0000194582    0.0001319565
   0.0001466591    0.0000958998    0.0000656361
   0.0011082365    0.0000017900   -0.0173243027
  -0.0023145745   -0.0021711900   -0.0009769387
  -0.0000813180    0.0000998000   -0.0000765394
   0.0003508735   -0.0003460600    0.0006871406
  -0.0011760867   -0.0005255068    0.0000768344
  -0.0000500908   -0.0000076849    0.0001702585
  -0.0000307951   -0.0000077090    0.0003334941
   0.0023410697   -0.0005322174   -0.0003780759
   0.0001759067   -0.0001471049   -0.0001397065
  -0.0000417771    0.0000141534    0.0002532514
   0.0000042567    0.0000535349   -0.0000102665
  -0.0000388771   -0.0001080434    0.0002517314
   0.0001722697   -0.0000421026    0.0009166241
   0.0010066533    0.0035834868   -0.0012035056
  -0.0001410708    0.0000557049    0.0002386885
   0.0000508249    0.0000527390    0.0002603941
  -0.0000199589   -0.0000029825   -0.0000225888
   0.0000006052   -0.0000084925   -0.0000218232
   0.0000294484   -0.0000176031   -0.0000207041
  -0.0000201144   -0.0000079735   -0.0000294408
  -0.0000144773    0.0000116241   -0.0000193239
   0.0000135631    0.0000113431    0.0000337814
  -0.0000058932   -0.0000118902   -0.0000299568
  -0.0000126650    0.0000050704   -0.0000306755
  -0.0000063766    0.0000244777   -0.0000263244
  -0.0000194545    0.0000074541   -0.0000336448
   0.0000010401    0.0000041772   -0.0000274707
  -0.0000083511    0.0000310347   -0.0000178549
  -0.0000178622   -0.0000047325   -0.0000328520
  -0.0000045947   -0.0000154615    0.0000002398
   0.0000287942   -0.0000242551   -0.0000177159
  -0.0000135904   -0.0000005004   -0.0000158031
  -0.0000093267   -0.0000034478   -0.0000412759
  -0.0000068039    0.0000023897   -0.0000442742
  -0.0000116179    0.0000013161   -0.0000267938
  -0.0000109315    0.0000016518   -0.0000246750
  -0.0000032451    0.0000011081   -0.0000456401
  -0.0000036199    0.0000022485   -0.0000255817
  -0.0000089939   -0.0000007784   -0.0000232851
  -0.0000108509    0.0000030887   -0.0000217722
  -0.0000089220   -0.0000021488   -0.0000271567
  -0.0000093966   -0.0000002158   -0.0000230098
  -0.0000084820    0.0000006942   -0.0000226905
  -0.0000107893    0.0000000436   -0.0000298422
  -0.0000082361   -0.0000004497   -0.0000240023
  -0.0000061206   -0.0000047571   -0.0000223670
  -0.0000111199    0.0000005269   -0.0000275766
  -0.0000101033   -0.0000004900   -0.0000246307

49   
  0.0054133328157895   0.0000000000000000   0.0084080811024571
   0.0485860062    0.0234093693    0.0551741613
  -0.0028905964    0.0063194998    0.0227868200
   0.0002893014   -0.0003262175    0.0005586486
   0.0003829637   -0.0000342115    0.0010991358
   0.0080479345   -0.0299091198    0.0391499346
  -0.0006496812    0.0009303771    0.0009434157
  -0.0000062011    0.0001701801   -0.0000789402
   0.0016852852   -0.0022720013    0.0031390534
   0.0000820421    0.0005611534    0.0007082734
   0.0001962309   -0.0001129672   -0.0000199035
  -0.0000993288   -0.0000544840   -0.0001284277
   0.0004435043   -0.0004672199    0.0009451250
  -0.0001481726   -0.0001326665    0.0009815293
  -0.0022597158    0.0013510024    0.0020451896
   0.0001144181    0.0004023543    0.0006745536
  -0.0001112850   -0.0000000910    0.0002333966
   0.0002058557    0.0000005800   -0.0006789119
   0.0001255384    0.0001016600    0.0003152656
   0.0000254152   -0.0000080100   -0.0000249271
  -0.0000229183    0.0001732400    0.0002035319
   0.0001618584   -0.0000292464    0.0002226398
   0.0000833139    0.0000521193   -0.0000205447
  -0.0000480432    0.0000231037   -0.0000864759
  -0.0001454849    0.0000207420    0.0002959530
   0.0000044750    0.0000110667   -0.0000202929
  -0.0000079716   -0.0000772041   -0.0000525665
   0.0000206350   -0.0000039267   -0.0000271529
  -0.0000116416   -0.0000605359   -0.0000595865
   0.0001655651   -0.0000996320    0.0001731830
   0.0000010784   -0.0001644736    0.0003586598
  -0.0000697061    0.0000324507   -0.0000493547
   0.0000306768    0.0000241963   -0.0000646759
  -0.0011094165    0.0000024100    0.0173659327
  -0.0003246835   -0.0002552700   -0.0006611506
   0.0000835080    0.0001235400    0.0001195094
   0.0022866246   -0.0020902200    0.0010356287
  -0.0022513097   -0.0005493474    0.0004584159
   0.0000337851   -0.0000069090   -0.0002724541
   0.0000520908   -0.0000074449   -0.0001472585
   0.0010918467   -0.0005453968   -0.0000724444
   0.0000142133    0.0000418849    0.0000629165
   0.0000402271    0.0000121734   -0.0002109814
  -0.0001960467   -0.0001571349    0.0001736765
   0.0000424171   -0.0001436034   -0.0002068414
  -0.0009485833    0.0035146168    0.0012997456
  -0.0002318797   -0.0001071126   -0.0009276041
  -0.0000870749    0.0000686390   -0.0002137641
   0.0001668808    0.0000712349   -0.0001951285
  -0.0635564462    0.0002043717   -0.1290064854
   0.0049342010   -0.0004439800   -0.0035549942
   0.0000152431    0.0000188800   -0.0006338624
   0.0029094261   -0.0001225800   -0.0022429391
   0.0008387676    0.0030786911   -0.0033774184
  -0.0001262691   -0.0000983898   -0.0000832961
  -0.0000072601    0.0000248582   -0.0001318365
   0.0003523355   -0.0010874018   -0.0024143758
   0.0000329189   -0.0000081813   -0.0006209323
   0.0000373297    0.0000699298   -0.0001059462
   0.0000025089   -0.0000035587   -0.0006435923
   0.0000379197   -0.0000459898   -0.0001075362
  -0.0001427145    0.0010412818   -0.0027228058
   0.0013352176   -0.0024756011   -0.0030697284
  -0.0001111691    0.0000808698   -0.0000709161
  -0.0000257901   -0.0000365682   -0.0001481765
  -0.0009236416   -0.0004536730    0.0004859790
   0.0014887502   -0.0009408513    0.0019719217
  -0.0000242762    0.0000428246   -0.0000527327
   0.0000837399    0.0000565803   -0.0000160468
  -0.0001397802    0.0013923472    0.0012287782
   0.0001380760    0.0001341972   -0.0000943836
   0.0000170239    0.0000114402   -0.0000111386
  -0.0000901258   -0.0000016272   -0.0002169843
   0.0000264906   -0.0000704785   -0.0000274245
   0.0000240875   -0.0000038712    0.0000010311
   0.0000034344   -0.0000076260   -0.0000218403
  -0.0000023930   -0.0000725327   -0.0000355318
   0.0000959086    0.0000339918   -0.0000123894
  -0.0000939924   -0.0001319081   -0.0001578403
  -0.0000435073    0.0000109716   -0.0000565526
   0.0000085860   -0.0000007539    0.0000173021
   0.0000358632    0.0000155871    0.0000114018
  -0.0000257652    0.0000201437   -0.0000131958
  -0.0000006853    0.0000132973   -0.0000359913
  -0.0000051016    0.0000000675   -0.0000114630
   0.0000083961   -0.0000348814   -0.0000040289
  -0.0000565742   -0.0000327245   -0.0000581940
   0.0000033225   -0.0000010201   -0.0000153566
   0.0000594768   -0.0000334568   -0.0000414032
   0.0000129343   -0.0000048094   -0.0000264015
   0.0000071546   -0.0000024028   -0.0000160924
   0.0000082107    0.0000029637   -0.0000154821
   0.0000019516    0.0000014265   -0.0000271461
   0.0000039525   -0.0000083945   -0.0000111868
   0.0000005047    0.0000668023   -0.0000477560
  -0.0000050653   -0.0000008088   -0.0000370397
   0.0000128942   -0.0000005903   -0.0000228683

49   
 -0.0054133328157895   0.0000000000000000  -0.0084080811024571
  -0.0507223806   -0.0246347331   -0.0572248718
   0.0028638562   -0.0062953998   -0.0225751159
  -0.0002270448    0.0003255586   -0.0005410992
  -0.0004015677    0.0000359077   -0.0010839681
  -0.0080460315    0.0307394521   -0.0397226550
   0.0006910468   -0.0009396938   -0.0009011069
   0.0000382528   -0.0001731138    0.0000936461
  -0.0016249643    0.0022857266   -0.0031563264
  -0.0000310899   -0.0005425774   -0.0007007769
  -0.0001620614    0.0001167387    0.0000428237
   0.0001376718    0.0000584342    0.0001488975
  -0.0004332519    0.0005061985   -0.0009299170
   0.0001696707    0.0001014593   -0.0009696642
   0.0023280584   -0.0013355047   -0.0020255760
  -0.0000604968   -0.0004244539   -0.0006574650
   0.0001469022    0.0000012389   -0.0002190320
  -0.0001651075   -0.0000011300    0.0006372088
  -0.0000906146   -0.0000955400   -0.0003453768
   0.0000030363    0.0000075100   -0.0000084666
   0.0000569812   -0.0001728900   -0.0002379464
  -0.0001319329    0.0000237617   -0.0002549113
  -0.0000495765   -0.0000552583   -0.0000124998
   0.0000767915   -0.0000203370    0.0000513762
   0.0001789798   -0.0000193663   -0.0003289561
   0.0000260804   -0.0000111659   -0.0000139924
   0.0000418260    0.0000748441    0.0000181720
   0.0000145004    0.0000045059   -0.0000091124
   0.0000406160    0.0000588659    0.0000252420
  -0.0001275402    0.0001029563   -0.0002045961
   0.0000290171    0.0001600883   -0.0003858513
   0.0001034435   -0.0000348817    0.0000148502
  -0.0000005185   -0.0000244630    0.0000333762
   0.0011741596    0.0000015500   -0.0175462052
   0.0003328697    0.0002374200    0.0007659086
  -0.0000526403   -0.0001192600   -0.0000204299
  -0.0022647044    0.0020818600   -0.0009579630
   0.0022866485    0.0005468674   -0.0003617037
   0.0000042222    0.0000019590    0.0003661765
  -0.0000282049    0.0000101965    0.0002507058
  -0.0010164022    0.0005383502    0.0001837504
   0.0000149588   -0.0000361605    0.0000350173
  -0.0000056186   -0.0000148257    0.0003065312
   0.0002289488    0.0001633205   -0.0000766227
  -0.0000113986    0.0001402857    0.0003048712
   0.0009889378   -0.0035693602   -0.0012328096
   0.0002694185    0.0001317426    0.0010389363
   0.0001104122   -0.0000727390    0.0003127465
  -0.0001276949   -0.0000702865    0.0002996758
   0.0625263834    0.0002124895    0.1324495465
  -0.0048570560    0.0004404600    0.0034927591
   0.0000157569   -0.0000158800    0.0005903324
  -0.0029057711    0.0001079600    0.0022429742
  -0.0008190455   -0.0030928218    0.0033398858
   0.0001627201    0.0000912382    0.0000380765
   0.0000374891   -0.0000259198    0.0000889761
  -0.0002846977    0.0010844011    0.0023998684
  -0.0000047889    0.0000143513    0.0005828623
  -0.0000022797   -0.0000695202    0.0000653062
   0.0000285511    0.0000081887    0.0006006123
  -0.0000043697    0.0000406002    0.0000643662
   0.0001857023   -0.0010313511    0.0027153384
  -0.0012904155    0.0024827018    0.0030246858
   0.0001322101   -0.0000806382    0.0000238265
   0.0000671591    0.0000386498    0.0001022961
   0.0009536030    0.0004525102   -0.0005323075
  -0.0014205962    0.0009153705   -0.0019463916
   0.0000570232   -0.0000419292    0.0000183369
  -0.0000509235   -0.0000562583   -0.0000222007
   0.0001669687   -0.0013714074   -0.0012405309
  -0.0001041726   -0.0001314512    0.0000615122
   0.0000143049   -0.0000110178   -0.0000251535
   0.0001227692    0.0000015744    0.0001778260
   0.0000039960    0.0000695976   -0.0000047419
   0.0000103996    0.0000029495   -0.0000378126
   0.0000284716    0.0000086812   -0.0000135164
   0.0000364466    0.0000731600    0.0000035818
  -0.0000620215   -0.0000318070   -0.0000260837
   0.0001239070    0.0001310593    0.0001188622
   0.0000765506   -0.0000110954    0.0000212777
   0.0000239191   -0.0000001639   -0.0000523827
  -0.0000013089   -0.0000160782   -0.0000678413
   0.0000564442   -0.0000180879   -0.0000468932
   0.0000332932   -0.0000120617   -0.0000217479
   0.0000361716   -0.0000001580   -0.0000420683
   0.0000252542    0.0000337556   -0.0000594940
   0.0000878281    0.0000329131   -0.0000037959
   0.0000278930    0.0000007016   -0.0000401096
  -0.0000262359    0.0000337796   -0.0000131126
   0.0000175866    0.0000040714   -0.0000339685
   0.0000266476    0.0000012853   -0.0000394341
   0.0000240996   -0.0000016261   -0.0000398666
   0.0000310751   -0.0000005723   -0.0000329410
   0.0000285941    0.0000100333   -0.0000428832
   0.0000308686   -0.0000660915   -0.0000076214
   0.0000373029    0.0000000259   -0.0000203952
   0.0000198781   -0.0000002603   -0.0000346898

65   
  0.0054133328157895   0.0000000000000000   0.0084080811024571
   0.0000954509    0.0000060300   -0.0001749368
  -0.0001031833    0.0001026400    0.0002461626
   0.0000277205   -0.0000006200    0.0000304205
   0.0001326698    0.0000554200    0.0003389363
   0.0000665865   -0.0001115314    0.0002210120
  -0.0000095462    0.0000267844    0.0000011991
  -0.0000647430    0.0000134974    0.0000510303
   0.0000427426   -0.0001640198    0.0003794989
  -0.0000069167    0.0000164347    0.0000209491
  -0.0000391728   -0.0000297884    0.0000222288
   0.0000009933   -0.0000104347    0.0000387391
  -0.0000278528   -0.0000418816    0.0000257188
   0.0001127726    0.0000341998    0.0002614789
  -0.0001324235    0.0000984414    0.0003323420
  -0.0000327662    0.0000106456   -0.0000051209
   0.0000494570    0.0000469026    0.0000542603
   0.0523382010    0.0271003964    0.0564839451
  -0.0001282618    0.0002095268    0.0005128328
   0.0009105472   -0.0002991224   -0.0000390054
  -0.0069666057    0.0071634349    0.0208990982
  -0.0002433920   -0.0008698831    0.0002950748
  -0.0001137220    0.0000071540    0.0000484498
   0.0003805301    0.0000136561    0.0001814272
  -0.0021071605    0.0017223758    0.0018526965
   0.0006053438    0.0011096937    0.0000299073
   0.0001769067   -0.0001542381    0.0004563380
  -0.0000299097    0.0000221719   -0.0002222965
  -0.0000426507   -0.0000156610   -0.0001685730
   0.0054141989   -0.0340650227    0.0385178538
   0.0021756610   -0.0024665998    0.0026015259
  -0.0000678106   -0.0000053885   -0.0001926470
  -0.0008214491    0.0007401650    0.0011132244
  -0.0000114111   -0.0000065075    0.0001183988
  -0.0000192756    0.0000008035    0.0001338708
  -0.0000331084    0.0000195031    0.0000963841
  -0.0000076252    0.0000060825    0.0001089532
  -0.0000114078    0.0000012925    0.0001264720
  -0.0000085196    0.0000031604    0.0001044531
  -0.0000326742    0.0000096251    0.0000976359
  -0.0000214453    0.0000597315    0.0000886002
  -0.0000079634   -0.0000106177    0.0001110444
  -0.0000195489   -0.0000036947    0.0001175149
  -0.0000121601   -0.0000051172    0.0001118307
  -0.0000077755   -0.0000011441    0.0001299448
  -0.0000015627    0.0000048159    0.0001120239
   0.0000202550   -0.0000162304    0.0000960355
  -0.0000100068    0.0000103702    0.0001189568
  -0.0000708631   -0.0000271631    0.0000785986
  -0.0008688530   -0.0004154402    0.0005782175
   0.0000403335    0.0000359783    0.0001238807
  -0.0000231932    0.0000155192    0.0000612931
   0.0013603162   -0.0008685505    0.0020817215
   0.0000462815    0.0000284670    0.0001447037
  -0.0000145491    0.0000030639    0.0001481727
  -0.0000273906    0.0000099854    0.0000502423
  -0.0001184970   -0.0000996493   -0.0000273222
  -0.0000019560   -0.0000356876    0.0001055119
  -0.0000159966   -0.0000393900    0.0000819282
  -0.0000225016   -0.0000177812    0.0001132464
   0.0000106304   -0.0000050395    0.0001189526
  -0.0001494987    0.0012919375    0.0013340109
  -0.0000942892   -0.0000054144   -0.0000993260
   0.0000025851    0.0000272778    0.0001185535
   0.0000904826    0.0001230312    0.0000493478
  -0.0651206154   -0.0004669667   -0.1294719096
   0.0048117323    0.0000118300   -0.0014947397
   0.0000375880   -0.0000036200   -0.0002320025
   0.0067835751   -0.0002490300   -0.0027616288
   0.0004922867    0.0017552221   -0.0018871621
   0.0000150515   -0.0000240378    0.0001477710
  -0.0001222564    0.0001111052    0.0001472665
   0.0017295871   -0.0033908048   -0.0023686366
  -0.0000005386    0.0000328048   -0.0002334024
   0.0000531284   -0.0000753557    0.0001508489
  -0.0000010686   -0.0000229548   -0.0002339924
   0.0000603984   -0.0000008443    0.0001465689
   0.0015198471    0.0037761848   -0.0025171166
   0.0007067067   -0.0018884121   -0.0017430821
  -0.0000553285    0.0000738578    0.0001023210
  -0.0000577264   -0.0000608752    0.0001942565
  -0.0013694532    0.0000061200    0.0103448095
   0.0018306225   -0.0016599800    0.0013772967
   0.0000041322   -0.0000425100   -0.0000432691
  -0.0008561794   -0.0006178600   -0.0003697244
  -0.0008525201    0.0028621912    0.0016237522
   0.0001950213    0.0001221998   -0.0004271214
  -0.0000188411    0.0000085470   -0.0002896934
  -0.0002085504    0.0006328657   -0.0006172135
  -0.0001375106    0.0000910831   -0.0000122402
  -0.0000201125   -0.0001202906   -0.0003616767
  -0.0000689806   -0.0000435231   -0.0000727902
  -0.0000155325   -0.0001379694   -0.0003483467
  -0.0022001104   -0.0005343457    0.0007434465
   0.0011286899   -0.0006504312    0.0002602122
  -0.0000233387    0.0000105802   -0.0003031614
   0.0002092589    0.0001366030   -0.0003972234

65   
 -0.0054133328157895   0.0000000000000000  -0.0084080811024571
  -0.0000185886   -0.0000006500    0.0003648592
   0.0001801019   -0.0001016800   -0.0000551906
   0.0000561375    0.0000018500    0.0001627168
  -0.0000576100   -0.0000508700   -0.0001500237
   0.0000205584    0.0001132081   -0.0000173630
   0.0000841725   -0.0000189200    0.0001911160
   0.0001441692   -0.0000138070    0.0001483271
   0.0000305119    0.0001677671   -0.0001918995
   0.0000886284   -0.0000208658    0.0001724055
   0.0001196012    0.0000318407    0.0001684258
   0.0000816584    0.0000154658    0.0001549955
   0.0001012712    0.0000474693    0.0001708158
  -0.0000363181   -0.0000322471   -0.0000638595
   0.0002156684   -0.0000978281   -0.0001431730
   0.0001138125   -0.0000085700    0.0002005360
   0.0000310192   -0.0000398630    0.0001382271
  -0.0501309877   -0.0258668249   -0.0543360648
   0.0002530670   -0.0002083055   -0.0005833331
  -0.0008835871    0.0003082687   -0.0000316242
   0.0070328765   -0.0071331897   -0.0210183514
   0.0003287883    0.0008992751   -0.0003659246
   0.0001897637   -0.0000017560   -0.0001225460
  -0.0003204683    0.0000199349   -0.0002494587
   0.0021419847   -0.0017281716   -0.0019313805
  -0.0005523906   -0.0011371825   -0.0000880336
  -0.0000730249    0.0001138531   -0.0005252068
   0.0001109345   -0.0000220990    0.0001422713
   0.0001190153    0.0000149857    0.0000996276
  -0.0053257456    0.0331612033   -0.0378453010
  -0.0021079495    0.0024507144   -0.0026483716
   0.0001467447    0.0000036959    0.0001211722
   0.0008781131   -0.0007337615   -0.0012072234
   0.0000897636    0.0000032237    0.0001408729
   0.0000974550    0.0000002068    0.0001294004
   0.0001100642   -0.0000204874    0.0001627779
   0.0000877462   -0.0000030958    0.0001522879
   0.0000930416    0.0000027887    0.0001326575
   0.0000849167   -0.0000003996    0.0001559548
   0.0001154842   -0.0000063278    0.0001617938
   0.0000956646   -0.0000545748    0.0001713105
   0.0000862721    0.0000114220    0.0001486320
   0.0000967133    0.0000061097    0.0001449708
   0.0000936497   -0.0000003097    0.0001473481
   0.0000847327    0.0000027408    0.0001332012
   0.0000827224   -0.0000022270    0.0001470233
   0.0000532377    0.0000226264    0.0001624809
   0.0000924697   -0.0000060522    0.0001401588
   0.0001468494    0.0000279863    0.0001797736
   0.0009514916    0.0004114830   -0.0003344890
   0.0000371102   -0.0000333803    0.0001066568
   0.0001002062   -0.0000166046    0.0001746927
  -0.0013187602    0.0009002013   -0.0019096017
   0.0000364214   -0.0000252317    0.0000943694
   0.0000896040   -0.0000003161    0.0000879279
   0.0001096273   -0.0000067216    0.0001854026
   0.0001928024    0.0001059681    0.0002635503
   0.0000811493    0.0000347185    0.0001287945
   0.0000919230    0.0000412027    0.0001509618
   0.0001042656    0.0000122460    0.0001225703
   0.0000666225    0.0000068712    0.0001114689
   0.0002391302   -0.0013103172   -0.0011188182
   0.0001673858    0.0000129072    0.0003358843
   0.0000815661   -0.0000225202    0.0001169886
  -0.0000170860   -0.0001225272    0.0001900236
   0.0557172516   -0.0001003095    0.1116273140
  -0.0047014451    0.0000096800    0.0017202288
   0.0000465520   -0.0000010500    0.0004996525
  -0.0067428023    0.0002537400    0.0030424497
  -0.0004351371   -0.0017930148    0.0021166666
   0.0000677964    0.0000258152    0.0001195135
   0.0002049185   -0.0001066278    0.0001263090
  -0.0016464567    0.0033701821    0.0026404021
   0.0000819186   -0.0000205348    0.0004985324
   0.0000216316    0.0000785643    0.0001228711
   0.0000806986    0.0000193248    0.0004982924
   0.0000217416    0.0000046357    0.0001222011
  -0.0014131667   -0.0037455321    0.0027794521
  -0.0006675571    0.0019037248    0.0019797766
   0.0001408664   -0.0000686752    0.0001636635
   0.0001308985    0.0000628478    0.0000803290
   0.0014255031   -0.0000016200   -0.0101030167
  -0.0017491633    0.0016729100   -0.0012985935
   0.0000754087    0.0000363600    0.0001071976
   0.0009539854    0.0006339500    0.0004233229
   0.0009201490   -0.0028237153   -0.0015253803
  -0.0001119801   -0.0001215811    0.0004847378
   0.0000949617    0.0000001995    0.0003498327
   0.0002796303   -0.0006560101    0.0006549030
   0.0002130625   -0.0000798933    0.0000750266
   0.0000968400    0.0001186174    0.0004163461
   0.0001468725    0.0000404333    0.0001407266
   0.0001002200    0.0001469726    0.0004140461
   0.0022650403    0.0005309001   -0.0006710570
  -0.0010855110    0.0006552753   -0.0002114203
   0.0001196899   -0.0000116289    0.0003669678
  -0.0001385483   -0.0001384795    0.0004604627

81   
  0.0054133328157895   0.0000000000000000   0.0084080811024571
   0.0000069369    0.0000085300   -0.0001620282
   0.0000057695   -0.0000002500   -0.0001041395
   0.0000083876    0.0000045200   -0.0001276445
   0.0000118240   -0.0000116800   -0.0001167184
   0.0000049469    0.0000082709   -0.0000928185
  -0.0000175894    0.0000070063   -0.0001289220
   0.0000024935    0.0000056513   -0.0001313470
   0.0000118494    0.0000049097   -0.0001232879
   0.0000128167   -0.0000153593   -0.0001282240
   0.0000022632    0.0000019028   -0.0001289391
  -0.0000006133    0.0000040293   -0.0001444740
  -0.0000014168   -0.0000167628   -0.0001072591
  -0.0000061506    0.0000122103   -0.0001031279
   0.0000239269   -0.0000142109   -0.0001287885
  -0.0000180994   -0.0000048163   -0.0000977720
   0.0000238235    0.0000125987   -0.0001136170
  -0.0066826546   -0.0070701376    0.0212548336
   0.0010096503    0.0002830572   -0.0002280920
  -0.0001400224   -0.0001917462    0.0004405443
   0.0503354488   -0.0258435409    0.0550901801
   0.0004146849    0.0000031891    0.0000523836
  -0.0001317447   -0.0000000560   -0.0000165529
  -0.0002319440    0.0009385121    0.0001746646
  -0.0020660358   -0.0015030582    0.0019978502
   0.0002209281    0.0001306777    0.0003892954
   0.0007098400   -0.0011594260   -0.0001569301
  -0.0000196164    0.0000126471   -0.0002419759
  -0.0000343051   -0.0000104607   -0.0002617492
   0.0055745738    0.0330774771    0.0383487197
  -0.0006013491   -0.0008553644    0.0013493794
  -0.0000450882   -0.0000060438   -0.0002552703
   0.0020033450    0.0023469441    0.0026460351
   0.0000119967   -0.0000084022    0.0000163259
  -0.0000035685    0.0000080582    0.0000134150
   0.0000260079   -0.0000294961   -0.0000103862
  -0.0000066361   -0.0000058997    0.0000323842
   0.0000219461    0.0000089097    0.0000117923
  -0.0000230367    0.0000140500   -0.0000058193
   0.0000338499    0.0000162131   -0.0000072234
  -0.0000081094   -0.0000012529   -0.0000071730
   0.0000036520   -0.0000269412   -0.0000013433
   0.0000100293    0.0000037764    0.0000232022
  -0.0000047480   -0.0000239342   -0.0000191595
   0.0000168466   -0.0000048142    0.0000026998
   0.0000261551    0.0000055019    0.0000084101
  -0.0000230091    0.0000107713   -0.0000070278
   0.0000240639    0.0000070784   -0.0000272649
  -0.0000114501    0.0000252615   -0.0000102583
   0.0000255989   -0.0000019918    0.0000256013
  -0.0000014116    0.0000177280   -0.0000335017
  -0.0000027632   -0.0000149483   -0.0000069321
  -0.0000278442    0.0000088879   -0.0000313468
   0.0000299559    0.0000084767   -0.0000278268
  -0.0000215581    0.0000139803   -0.0000175002
   0.0000053171    0.0000325441   -0.0000139548
  -0.0000120386    0.0000077915   -0.0000381386
   0.0000036634   -0.0000473614   -0.0000141315
   0.0000057049   -0.0000165377   -0.0000456090
  -0.0000060696   -0.0000222239    0.0000049866
   0.0000167324   -0.0000071853   -0.0000176959
   0.0000299158   -0.0000147456    0.0000106640
  -0.0000199141    0.0000065304    0.0000007226
   0.0000203070    0.0000070184    0.0000127396
  -0.0000256281    0.0000200869   -0.0000743941
  -0.0013318331   -0.0000011000    0.0102205667
  -0.0008535854    0.0007152800   -0.0003220829
   0.0000133813    0.0000472100    0.0000137424
   0.0018520033    0.0017484100    0.0013928935
  -0.0001232103   -0.0006915901   -0.0005204630
   0.0000146283    0.0000099595   -0.0002251527
   0.0002044401   -0.0001102311   -0.0003821178
  -0.0008824590   -0.0028633153    0.0016064303
  -0.0000429625    0.0000353333   -0.0000085266
   0.0000045300    0.0001058674   -0.0002974961
  -0.0001407525   -0.0000955633    0.0000344334
   0.0000079300    0.0001266026   -0.0003181961
   0.0012500310    0.0006217153    0.0003493503
  -0.0022472603    0.0004948501    0.0007524170
   0.0002255983   -0.0001157995   -0.0003920827
  -0.0000166699   -0.0000114989   -0.0002461278
  -0.0642532395   -0.0001759706   -0.1126607420
   0.0068310623    0.0002934800   -0.0033414997
   0.0000800480   -0.0000506300   -0.0004795825
   0.0044349351   -0.0000856800   -0.0017921688
   0.0017719867    0.0033790021   -0.0029121021
  -0.0001509485   -0.0001199378   -0.0001087990
   0.0000841436   -0.0000077148   -0.0000707735
   0.0004478071   -0.0014610548   -0.0022298866
  -0.0000158386    0.0000603348   -0.0005045924
   0.0000614084    0.0001340143   -0.0000947511
   0.0000573014   -0.0000184748   -0.0004536724
   0.0000627084    0.0000335557   -0.0000840211
   0.0006272471    0.0017387348   -0.0021435066
   0.0015881667   -0.0038578021   -0.0030045821
   0.0000072315    0.0000405278   -0.0000171790
  -0.0000686864   -0.0000746652   -0.0001502035

81   
 -0.0054133328157895   0.0000000000000000  -0.0084080811024571
  -0.0000191787    0.0000049200   -0.0000900052
  -0.0000251230    0.0000165400   -0.0001339961
  -0.0000159414    0.0000046800   -0.0001131095
  -0.0000080749    0.0000147200   -0.0001351919
   0.0000040193   -0.0000063154   -0.0001463118
  -0.0000113604    0.0000039640   -0.0001371288
  -0.0000076881   -0.0000025481   -0.0001272404
  -0.0000134414   -0.0000206891   -0.0001226547
  -0.0000137770   -0.0000025427   -0.0001368090
  -0.0000115829    0.0000037046   -0.0001375342
  -0.0000153270    0.0000034327   -0.0001142090
  -0.0000009929    0.0000068254   -0.0001207042
  -0.0000026214   -0.0000079509   -0.0001484847
  -0.0000294207    0.0000100054   -0.0001299518
  -0.0000095304    0.0000035760   -0.0001204888
  -0.0000125981   -0.0000075219   -0.0001221204
   0.0066761838    0.0070867928   -0.0217768904
  -0.0009795603   -0.0002654108   -0.0003736083
   0.0000811270    0.0001948075   -0.0010188640
  -0.0524426023    0.0270569324   -0.0578551205
  -0.0004047167    0.0000239119   -0.0006412421
   0.0001200731    0.0000010240   -0.0005728109
   0.0002073676   -0.0009153599   -0.0007539448
   0.0020992017    0.0014883123   -0.0025632961
  -0.0002491898   -0.0001654827   -0.0009664266
  -0.0007081831    0.0011363571   -0.0004343835
   0.0000216518   -0.0000073524   -0.0003454687
   0.0000368003   -0.0000009764   -0.0003193056
  -0.0055890371   -0.0339564966   -0.0396438927
   0.0005996050    0.0008666180   -0.0018993604
   0.0000370841    0.0000078612   -0.0003327049
  -0.0019895162   -0.0023623192   -0.0032294991
  -0.0000119955   -0.0000132873   -0.0000806565
  -0.0000181011    0.0000014820   -0.0000541047
  -0.0000222688   -0.0000031637   -0.0000696552
  -0.0000118045    0.0000090103   -0.0000710175
  -0.0000054657    0.0000037907   -0.0000673722
  -0.0000234435    0.0000045800   -0.0000638009
  -0.0000086004    0.0000035176   -0.0000676977
  -0.0000223604    0.0000068340   -0.0000601079
  -0.0000136821   -0.0000061395   -0.0000655674
  -0.0000189091    0.0000026431   -0.0000580524
  -0.0000103919   -0.0000128156   -0.0000683406
  -0.0000185768    0.0000019342   -0.0000521002
  -0.0000015348    0.0000024770   -0.0000785120
  -0.0000266601    0.0000113882   -0.0000671019
  -0.0000029642    0.0000074614   -0.0000671254
  -0.0000193909   -0.0000011023   -0.0000612140
  -0.0000254932   -0.0000187571   -0.0001308418
  -0.0000214384   -0.0000067175   -0.0000973470
   0.0000080353   -0.0000192573   -0.0000840487
   0.0000096152   -0.0000055837   -0.0001016742
  -0.0000131425    0.0000041345   -0.0000846432
  -0.0000266742    0.0000045703   -0.0000866817
   0.0000214853   -0.0000132612   -0.0000839803
  -0.0000176747   -0.0000039323   -0.0000651640
  -0.0000142143    0.0000133194   -0.0000904885
  -0.0000150516    0.0000232235   -0.0000913539
  -0.0000101207   -0.0000157137   -0.0000881579
  -0.0000154046    0.0000030728   -0.0001055576
  -0.0000054461    0.0000231714   -0.0001153111
  -0.0000308068    0.0000173268   -0.0000961568
   0.0000026875    0.0000095201   -0.0000898034
  -0.0000049058    0.0000053945   -0.0000236360
   0.0013455032    0.0000022500   -0.0104291295
   0.0008312694   -0.0006844000    0.0002859344
  -0.0000298822   -0.0000644100   -0.0000475909
  -0.0018616425   -0.0017151700   -0.0014640167
   0.0001299604    0.0006607457    0.0005008535
  -0.0000390489   -0.0000094230    0.0001783134
  -0.0001954613    0.0001066898    0.0003493314
   0.0008740401    0.0028961512   -0.0016737622
   0.0000417206   -0.0000351031   -0.0000274098
  -0.0000257975   -0.0000913606    0.0002652467
   0.0001426106    0.0000933931   -0.0000733998
  -0.0000215775   -0.0001248994    0.0002665567
  -0.0012000699   -0.0006336812   -0.0003663822
   0.0022287804   -0.0004945257   -0.0008035865
  -0.0002193989    0.0001224430    0.0003429334
  -0.0000188113    0.0000083802    0.0001920714
   0.0670259280   -0.0003113895    0.1370668686
  -0.0067962151   -0.0002761800    0.0030110388
  -0.0001026580    0.0000371000    0.0001510325
  -0.0044785523    0.0001256300    0.0015264897
  -0.0017808371   -0.0034056248    0.0025942866
   0.0001226464    0.0001138352   -0.0002126065
  -0.0000756015    0.0000074022   -0.0002493310
  -0.0004457067    0.0014248421    0.0019395721
   0.0000109386   -0.0000587248    0.0001737424
  -0.0000779084   -0.0001145357   -0.0002313289
  -0.0000631114    0.0000172848    0.0001334924
  -0.0000716784   -0.0000355043   -0.0002299589
  -0.0005761767   -0.0017452521    0.0018499821
  -0.0016446271    0.0038884548    0.0026920266
  -0.0000031736   -0.0000319152   -0.0003022865
   0.0000456385    0.0000743378   -0.0001589610
