96   
6    

1    
  0.0057378761105553   0.0000000000000000   0.0081900413759589
  -0.0874032000   -0.0002685200   -0.1616542000
   0.0004649600    0.0052770400    0.0004083200
   0.0018957400    0.0000043400    0.0028864800
  -0.0001233000   -0.0053417000    0.0006755900
   0.0005283600   -0.0051998700    0.0004166400
   0.0002360200   -0.0004119900    0.0027363400
   0.0003468500    0.0003457700    0.0027102600
   0.0003577200    0.0057377700    0.0006689400
  -0.0000266200    0.0010976800    0.0028761200
   0.0009540100    0.0000705100    0.0027233400
  -0.0000129500   -0.0010906300    0.0028909500
   0.0009428000   -0.0000238800    0.0027223300
   0.0002772500    0.0049641700    0.0005496600
   0.0006243200   -0.0053551500    0.0005333200
   0.0002584000    0.0003725300    0.0027721400
   0.0003081300   -0.0003729200    0.0026733000
   0.0001481600    0.0001198100    0.0023736800
  -0.0000077400   -0.0000297800    0.0025202100
   0.0000368900   -0.0000137100    0.0025490200
  -0.0000962600    0.0000307700    0.0021946600
  -0.0000232700   -0.0000098800    0.0025081400
  -0.0000461000   -0.0000001900    0.0025833500
   0.0000516100    0.0000161100    0.0025634600
  -0.0000404000    0.0000492800    0.0025317800
   0.0000042200    0.0000284000    0.0025240800
   0.0000585800    0.0000206500    0.0025472500
   0.0000390300   -0.0000096500    0.0025164100
  -0.0000078300    0.0000243900    0.0024865700
  -0.0000533500   -0.0001355600    0.0022828200
   0.0000898700   -0.0000776700    0.0025575300
   0.0000434400   -0.0000363000    0.0024986300
   0.0000151100    0.0000257800    0.0025075300
  -0.0021998200   -0.0041405700    0.0064855000
  -0.0003943800   -0.0004334400   -0.0053600600
   0.0001908900    0.0008206300   -0.0060927200
   0.0382706700   -0.0192005600    0.0366784300
   0.0000217300   -0.0001574900   -0.0054180900
  -0.0000931800   -0.0000284100   -0.0058519900
  -0.0000107900   -0.0005348800   -0.0060043200
  -0.0014370400   -0.0007747200   -0.0048533100
   0.0006140700   -0.0003265200   -0.0058109800
   0.0000485200    0.0007087200   -0.0056315500
  -0.0001960100    0.0000513200   -0.0059403200
  -0.0001327200   -0.0001166200   -0.0060103100
   0.0050230900    0.0234293500    0.0217310900
  -0.0005149600   -0.0005762600   -0.0050796000
  -0.0003102500    0.0000433600   -0.0059942500
   0.0008842500    0.0013297900   -0.0046343600
   0.0383523900    0.0194243600    0.0572113000
   0.0000591800   -0.0006325400    0.0144494800
  -0.0002934900    0.0005323700    0.0152085900
  -0.0017233000    0.0037401200    0.0261222300
   0.0000434000    0.0003668900    0.0145524600
  -0.0000490400   -0.0000281900    0.0145882300
  -0.0000373900   -0.0000032700    0.0150747900
  -0.0014144900    0.0010658500    0.0153995900
   0.0001249500   -0.0005987200    0.0149570600
   0.0004490400    0.0004106100    0.0146876100
  -0.0001428100    0.0000873000    0.0144825700
  -0.0001581800   -0.0001064500    0.0145381200
   0.0047610200   -0.0230702400    0.0415129000
   0.0011075000   -0.0014992500    0.0157547400
  -0.0003187000   -0.0000024400    0.0145314800
  -0.0006838800    0.0004116200    0.0150532100
   0.0003525600    0.0000038600   -0.0175328700
   0.0001228400   -0.0001813600   -0.0160709500
   0.0000239500   -0.0000081400   -0.0163979100
  -0.0001044800   -0.0001143300   -0.0161306900
  -0.0000353900    0.0001040400   -0.0159460700
   0.0000656900    0.0000666300   -0.0164175700
  -0.0000641000    0.0000324300   -0.0164433100
   0.0000613900    0.0002356800   -0.0162541500
  -0.0000143300    0.0000105700   -0.0164037300
  -0.0000392000   -0.0000918300   -0.0164527200
   0.0000348000   -0.0000173200   -0.0163435600
  -0.0000379800    0.0000694300   -0.0164346700
  -0.0000884500   -0.0000134300   -0.0159787000
   0.0002831000   -0.0000272200   -0.0162353700
  -0.0000285900   -0.0000206100   -0.0165054900
  -0.0000951600   -0.0000480100   -0.0163715900
   0.0000196100    0.0000033900    0.0027240800
  -0.0000270700    0.0000704100    0.0028736100
   0.0000070500    0.0000202000    0.0028303700
  -0.0000087100    0.0000291100    0.0028329700
   0.0000516500   -0.0000636200    0.0028621700
  -0.0000001200    0.0000150600    0.0028537800
   0.0000041700    0.0000052100    0.0027973200
  -0.0000724600   -0.0000077800    0.0028438400
   0.0000003800   -0.0000080000    0.0028184700
  -0.0000171900   -0.0000142300    0.0028471500
   0.0000039200   -0.0000254700    0.0027901000
  -0.0000261700    0.0000322900    0.0028165600
   0.0000386500   -0.0000007600    0.0028426400
  -0.0000535500   -0.0000240600    0.0028751800
  -0.0000188500   -0.0000204100    0.0028216900
  -0.0000187000   -0.0000110400    0.0028172300

1    
 -0.0057378761105553   0.0000000000000000  -0.0081900413759589
   0.0874584000   -0.0002872900    0.1674947800
  -0.0003175300   -0.0052388800    0.0049601300
  -0.0018845700    0.0000222600    0.0024278200
  -0.0000304800    0.0054066100    0.0045851400
  -0.0005014800    0.0052952900    0.0048731800
  -0.0002158400    0.0004152700    0.0025738200
  -0.0003431800   -0.0003497200    0.0026002800
  -0.0004129300   -0.0056467600    0.0046714900
   0.0000344000   -0.0011059200    0.0024339100
  -0.0009468100   -0.0000686800    0.0025872000
   0.0000126400    0.0010858600    0.0024167300
  -0.0009555500    0.0000147800    0.0025881600
  -0.0002996800   -0.0050206300    0.0046880300
  -0.0005927500    0.0052862500    0.0048602900
  -0.0002731600   -0.0003931100    0.0025479900
  -0.0003066400    0.0003680300    0.0026271500
  -0.0001400800   -0.0001196800    0.0024614300
  -0.0000033900    0.0000519000    0.0022939700
  -0.0000207700    0.0000358500    0.0022681800
   0.0000864300   -0.0000187400    0.0026208200
   0.0000240000    0.0000050800    0.0023075100
   0.0000664400   -0.0000010800    0.0022381000
  -0.0000583200   -0.0000044000    0.0022576300
   0.0000233800   -0.0000342300    0.0022829500
  -0.0000240200   -0.0000302400    0.0022950800
  -0.0000325800   -0.0000470200    0.0022684600
  -0.0000416400   -0.0000059300    0.0023044900
  -0.0000002600   -0.0000143600    0.0023277900
   0.0000576500    0.0001478100    0.0025389400
  -0.0000985900    0.0000699700    0.0022596300
  -0.0000323700    0.0000079700    0.0023141300
  -0.0000229100   -0.0000368600    0.0023108700
   0.0021613300    0.0041268500   -0.0185550100
   0.0004162400    0.0004721300   -0.0066023800
  -0.0002008600   -0.0008078300   -0.0058811900
  -0.0397130000    0.0200978800   -0.0501465200
   0.0000075900    0.0001510500   -0.0065159800
   0.0000709300   -0.0000122300   -0.0061128400
   0.0000204700    0.0005273500   -0.0059436500
   0.0014029100    0.0007909800   -0.0071111900
  -0.0006378800    0.0003523000   -0.0061541600
  -0.0000224900   -0.0006574200   -0.0063204900
   0.0001896200   -0.0000728300   -0.0060126200
   0.0001278200    0.0000974800   -0.0059518300
  -0.0049617300   -0.0241029300   -0.0342093600
   0.0004596500    0.0005291800   -0.0069102700
   0.0003064500   -0.0000262300   -0.0059788500
  -0.0008879500   -0.0013568400   -0.0073446900
  -0.0369686500   -0.0185608000   -0.0267786100
  -0.0000200500    0.0006816100    0.0144442200
   0.0002956300   -0.0005330800    0.0136797600
   0.0017493800   -0.0037493300    0.0028206100
  -0.0000064700   -0.0003784900    0.0143246600
   0.0000262500   -0.0000122200    0.0142987400
   0.0000512000    0.0000073700    0.0137751800
   0.0014022300   -0.0010510900    0.0134905700
  -0.0001427300    0.0006382400    0.0139410100
  -0.0004143800   -0.0003803400    0.0141729600
   0.0001358300   -0.0001127700    0.0143914000
   0.0001565300    0.0000898700    0.0143497200
  -0.0047989700    0.0224187400   -0.0121092900
  -0.0011128200    0.0014372300    0.0131526800
   0.0003221000    0.0000212400    0.0143702600
   0.0007271300   -0.0004226400    0.0138622400
  -0.0003001400    0.0000044700   -0.0152251800
  -0.0001692100    0.0002221700   -0.0167323000
  -0.0000128200    0.0000210800   -0.0164126700
   0.0000867800    0.0001197200   -0.0166832000
   0.0000894600   -0.0001705900   -0.0168646600
  -0.0000664900   -0.0000501000   -0.0163746100
   0.0000973100   -0.0000100300   -0.0163013000
  -0.0001528600   -0.0002319900   -0.0165642700
  -0.0000056200   -0.0000226700   -0.0163801800
   0.0000413500    0.0000718800   -0.0163658900
  -0.0000015300   -0.0000217600   -0.0163898500
   0.0000199100    0.0000074900   -0.0163719100
   0.0001027900    0.0000276200   -0.0168357400
  -0.0003172300    0.0000335400   -0.0165944700
   0.0000356800   -0.0000259000   -0.0162959800
   0.0000992400    0.0000295200   -0.0164304100
   0.0000249600    0.0000042300    0.0029485100
  -0.0000090100   -0.0000317000    0.0028378600
   0.0000031500   -0.0000032300    0.0028967900
  -0.0000129300   -0.0000234000    0.0028925800
   0.0000081400    0.0000023900    0.0028564800
  -0.0000010100    0.0000006000    0.0028562300
   0.0000285200    0.0000161700    0.0028618000
  -0.0000227000    0.0000171900    0.0028885900
  -0.0000191600   -0.0000057300    0.0028795000
   0.0000181700   -0.0000056200    0.0028877700
   0.0000298400   -0.0000135900    0.0028552800
   0.0000075500    0.0000465100    0.0029050800
  -0.0000264700    0.0000105700    0.0028780300
   0.0000280100    0.0000244000    0.0028656100
   0.0000240900   -0.0000268400    0.0028945700
   0.0000231100   -0.0000081900    0.0028967600

33   
  0.0057378761105553   0.0000000000000000   0.0081900413759589
  -0.0035819400   -0.0049898700    0.0161936100
   0.0412988100   -0.0209398200    0.0458636400
  -0.0005975500   -0.0000880800    0.0031267800
   0.0004464300    0.0004176200    0.0027247700
   0.0050456100    0.0257727700    0.0308746800
   0.0005204000    0.0011030000    0.0042828900
  -0.0002588000   -0.0000499600    0.0026579900
  -0.0000829900   -0.0007530500    0.0033021100
   0.0002603600   -0.0001513400    0.0031262000
  -0.0001726600   -0.0000522000    0.0026823200
  -0.0000784300    0.0001001100    0.0026299400
   0.0004919700   -0.0009149300    0.0027235700
   0.0004439600   -0.0003369800    0.0029233700
  -0.0013905900   -0.0003419200    0.0037895500
  -0.0003660300    0.0010809500    0.0029220300
  -0.0000474400   -0.0000025700    0.0027776400
   0.0000338100   -0.0000014800    0.0022583200
   0.0000679900   -0.0000001400    0.0023525700
   0.0000364300   -0.0000017500    0.0023299900
   0.0000163900    0.0000125700    0.0023571400
   0.0000610200    0.0000341200    0.0023757300
   0.0000410400    0.0000069600    0.0023458300
   0.0000237100    0.0000038400    0.0023449100
   0.0000224500    0.0000076600    0.0023343400
   0.0000289700    0.0000018600    0.0023408700
   0.0000317200   -0.0000103900    0.0023463200
   0.0000358600    0.0000016100    0.0023192200
   0.0000291500    0.0000099600    0.0023285900
   0.0000292400   -0.0000324800    0.0023774300
   0.0000447900   -0.0000169800    0.0023319700
   0.0000262200   -0.0000013800    0.0023248500
   0.0000116500   -0.0000101700    0.0023319800
  -0.0568286400    0.0001523600   -0.0947676700
   0.0045669300   -0.0001767100   -0.0072266600
   0.0002272300   -0.0001165400   -0.0062139200
   0.0056254900   -0.0001213100   -0.0079937600
   0.0004803200    0.0020336000   -0.0075112800
   0.0000231400   -0.0000192000   -0.0061251800
   0.0001158400   -0.0000300200   -0.0059672300
   0.0013096100   -0.0028512000   -0.0077119000
  -0.0000297900    0.0001508500   -0.0062816600
   0.0000601400    0.0000499200   -0.0060477900
   0.0001730400   -0.0000354300   -0.0061421600
   0.0000545900    0.0001257200   -0.0060426000
   0.0010529100    0.0029599000   -0.0078933300
   0.0007501100   -0.0018427100   -0.0073308200
   0.0001782100   -0.0000694400   -0.0060139000
  -0.0000396500   -0.0000590000   -0.0060734900
  -0.0016025600    0.0000001600    0.0230675600
   0.0015047100    0.0012447700    0.0159272300
   0.0000995400    0.0000020400    0.0143177500
  -0.0005539700    0.0005025200    0.0144381300
   0.0008666100    0.0005827200    0.0150688300
   0.0000669000    0.0000196600    0.0143168500
   0.0003135900   -0.0001576000    0.0142654800
  -0.0016749500    0.0003268000    0.0152907600
  -0.0000030800    0.0000614500    0.0143226500
   0.0000370200    0.0001399300    0.0142923900
  -0.0000060800   -0.0000646100    0.0143072100
   0.0000485400   -0.0000305200    0.0142792600
  -0.0001563200   -0.0004508800    0.0143271900
  -0.0006420800   -0.0022147300    0.0160428800
   0.0001692100   -0.0000674700    0.0141866600
   0.0002219900    0.0000961700    0.0143750400
   0.0000708900    0.0000127200   -0.0164106000
  -0.0000131300    0.0000357400   -0.0164467400
   0.0000005800    0.0000246700   -0.0164064600
   0.0000558200    0.0000269500   -0.0164288800
   0.0000448700   -0.0000487100   -0.0164299000
   0.0000140400   -0.0000003700   -0.0164882800
   0.0000379800    0.0000009400   -0.0164019800
   0.0000353900   -0.0000132100   -0.0164181100
   0.0000448800   -0.0000342300   -0.0164135300
   0.0000406600   -0.0000015100   -0.0164039600
   0.0000343100   -0.0000004400   -0.0163981600
   0.0000284500   -0.0000395100   -0.0164245200
   0.0000675400    0.0000045700   -0.0164231300
   0.0000110600    0.0000121500   -0.0164523400
  -0.0000027500    0.0000199600   -0.0164143000
   0.0000438500    0.0000004100   -0.0163918600
   0.0000513400    0.0000133400    0.0028647200
   0.0000254400    0.0000028900    0.0028461500
   0.0000351000    0.0000032400    0.0028172300
   0.0000449400    0.0000047800    0.0028296900
   0.0000253100   -0.0000157200    0.0028565700
   0.0000268000   -0.0000029300    0.0028177100
   0.0000389800   -0.0000006600    0.0028204200
   0.0000465500   -0.0000102700    0.0028334100
   0.0000430500   -0.0000047300    0.0028214600
   0.0000385000    0.0000007900    0.0028183200
   0.0000341700   -0.0000008200    0.0028194000
   0.0000424200   -0.0000067000    0.0028275200
   0.0000470400    0.0000017200    0.0028264100
   0.0000274400    0.0000107500    0.0028241700
   0.0000382700    0.0000052200    0.0028225700
   0.0000401000    0.0000002400    0.0028233900

33   
 -0.0057378761105553   0.0000000000000000  -0.0081900413759589
   0.0035967400    0.0049767900   -0.0109125400
  -0.0397107500    0.0200262200   -0.0389346600
   0.0006311000    0.0001021300    0.0021780500
  -0.0004589200   -0.0004293400    0.0025974000
  -0.0050241200   -0.0251399200   -0.0250694000
  -0.0005573100   -0.0011173300    0.0010359800
   0.0002618100    0.0000433700    0.0026411800
   0.0000845100    0.0007511400    0.0019777000
  -0.0002208900    0.0001610600    0.0021764000
   0.0001593500    0.0000546500    0.0026141300
   0.0000858400   -0.0001050700    0.0026662600
  -0.0004923900    0.0009247100    0.0025968000
  -0.0004476800    0.0003142100    0.0023862100
   0.0013835400    0.0003588700    0.0015033200
   0.0003751700   -0.0011006200    0.0023860000
   0.0000546400   -0.0000021000    0.0025269000
  -0.0000183500   -0.0000021400    0.0024493800
  -0.0000673700    0.0000053300    0.0023559200
  -0.0000286600    0.0000059700    0.0023770800
  -0.0000082900   -0.0000131400    0.0023507600
  -0.0000472300   -0.0000453800    0.0023313400
  -0.0000353400   -0.0000134100    0.0023648000
  -0.0000187300   -0.0000059700    0.0023621400
  -0.0000143700   -0.0000122100    0.0023746600
  -0.0000213500   -0.0000092300    0.0023670700
  -0.0000201000    0.0000054800    0.0023632500
  -0.0000307200   -0.0000043800    0.0023882700
  -0.0000212000   -0.0000115100    0.0023786000
  -0.0000155100    0.0000350600    0.0023299500
  -0.0000398500    0.0000209800    0.0023780900
  -0.0000198600   -0.0000010700    0.0023828700
  -0.0000044000    0.0000101500    0.0023765100
   0.0545709000    0.0003780900    0.0868858900
  -0.0044998600    0.0001583100   -0.0047937400
  -0.0002084000    0.0001211200   -0.0057716000
  -0.0056468800    0.0001301900   -0.0039949400
  -0.0005040400   -0.0020355100   -0.0045067500
  -0.0000107800    0.0000190400   -0.0058595600
  -0.0001098000    0.0000274200   -0.0060126300
  -0.0012907900    0.0028346600   -0.0042830400
   0.0000446300   -0.0001425900   -0.0057001200
  -0.0000517800   -0.0000554400   -0.0059400800
  -0.0001559000    0.0000172000   -0.0058428700
  -0.0000600400   -0.0001319300   -0.0059390200
  -0.0010409100   -0.0029450300   -0.0040996200
  -0.0007519500    0.0018455200   -0.0046872200
  -0.0001653400    0.0000654600   -0.0059785900
   0.0000550800    0.0000529200   -0.0059052300
   0.0015899900   -0.0000005300    0.0058699800
  -0.0014955900   -0.0012540800    0.0129049000
  -0.0000847200    0.0000028200    0.0145021900
   0.0005787600   -0.0005151600    0.0143639400
  -0.0008906300   -0.0005902500    0.0137401700
  -0.0000428500   -0.0000123200    0.0145022100
  -0.0003085800    0.0001549900    0.0145548700
   0.0016751100   -0.0003221800    0.0135199200
   0.0000159500   -0.0000548200    0.0144931500
  -0.0000294900   -0.0001507200    0.0145325500
   0.0000200400    0.0000481700    0.0145084800
  -0.0000528500    0.0000271800    0.0145324800
   0.0001503000    0.0004717200    0.0144674400
   0.0006405700    0.0021874400    0.0128001100
  -0.0001554200    0.0000637300    0.0146346500
  -0.0002104500   -0.0001038300    0.0144373200
  -0.0000571700   -0.0000137800   -0.0164476800
   0.0000175700   -0.0000355700   -0.0164020000
   0.0000125100   -0.0000207900   -0.0164436400
  -0.0000570400   -0.0000213200   -0.0164286100
  -0.0000405100    0.0000421100   -0.0164233100
  -0.0000019500   -0.0000036400   -0.0163696300
  -0.0000343900   -0.0000100700   -0.0164525800
  -0.0000255700    0.0000147600   -0.0164430500
  -0.0000245100    0.0000353500   -0.0164444400
  -0.0000373600   -0.0000011400   -0.0164475500
  -0.0000286100    0.0000013500   -0.0164628000
  -0.0000289200    0.0000317500   -0.0164344000
  -0.0000594100   -0.0000166100   -0.0164331400
   0.0000011800   -0.0000163100   -0.0164062100
   0.0000078100   -0.0000244400   -0.0164413400
  -0.0000407100    0.0000005600   -0.0164746900
  -0.0000378800   -0.0000137200    0.0027589900
  -0.0000210300   -0.0000025600    0.0027708300
  -0.0000221500    0.0000017800    0.0028030500
  -0.0000460200    0.0000006900    0.0027944700
  -0.0000216100    0.0000088300    0.0027616900
  -0.0000145300   -0.0000017000    0.0028086200
  -0.0000364100   -0.0000088300    0.0028033000
  -0.0000356200    0.0000114100    0.0027945100
  -0.0000223100    0.0000062300    0.0028050200
  -0.0000352400   -0.0000034500    0.0028004300
  -0.0000284400    0.0000022400    0.0028096900
  -0.0000422900   -0.0000010300    0.0027980200
  -0.0000390000   -0.0000139600    0.0027975700
  -0.0000151500   -0.0000144300    0.0028016200
  -0.0000331200   -0.0000092500    0.0028013000
  -0.0000357300    0.0000007000    0.0028103200

49   
  0.0057378761105553   0.0000000000000000   0.0081900413759589
   0.0389178800    0.0196703600    0.0425809900
  -0.0036062600    0.0048800900    0.0157977700
   0.0005179600   -0.0003915500    0.0030171800
  -0.0006274500    0.0001679800    0.0032693500
   0.0048515600   -0.0246762600    0.0293297800
  -0.0002305900    0.0006414100    0.0030886500
  -0.0002068500    0.0000268300    0.0028411600
   0.0007995900   -0.0012199400    0.0043429900
   0.0005455600    0.0009035500    0.0030348100
  -0.0000357100   -0.0000983700    0.0028390900
  -0.0000827200    0.0000773200    0.0028426600
   0.0001721500    0.0001807400    0.0032509700
  -0.0003034500   -0.0011128400    0.0031638900
  -0.0013166900    0.0005843600    0.0037201900
   0.0004572500    0.0002424500    0.0031275900
   0.0000455600    0.0000015400    0.0029238100
   0.0004060700    0.0000037200    0.0013244700
   0.0001608300    0.0001787400    0.0028876600
   0.0000921700   -0.0000217700    0.0024994900
   0.0000726800    0.0002793300    0.0027135700
   0.0003230700   -0.0001161000    0.0027443400
   0.0001210400    0.0000376100    0.0024948800
   0.0000296300    0.0000102900    0.0023998300
  -0.0001101200   -0.0000382500    0.0028554100
   0.0000600700    0.0000154800    0.0024941100
   0.0000526500   -0.0000552200    0.0024475800
   0.0001070000    0.0000067500    0.0025055400
   0.0000575700   -0.0001154000    0.0024505200
   0.0003606900   -0.0001421800    0.0026588100
   0.0000170000   -0.0001489200    0.0029443200
  -0.0000827500    0.0000849800    0.0024709100
   0.0001144400    0.0000374600    0.0024319600
  -0.0015353900   -0.0000025900    0.0026736900
  -0.0005620400   -0.0004296900   -0.0058119400
   0.0001427800    0.0000231100   -0.0059600400
   0.0015665500   -0.0011614300   -0.0043797900
  -0.0015647600   -0.0003843700   -0.0049272100
   0.0003826100    0.0001658800   -0.0059734900
   0.0000930700   -0.0000042900   -0.0060124000
   0.0008721500   -0.0006445700   -0.0052611000
   0.0000483500    0.0000456200   -0.0059557300
   0.0000899200   -0.0001630500   -0.0059991400
   0.0000291000   -0.0000602300   -0.0059603200
   0.0000808800   -0.0000444200   -0.0059857300
  -0.0005053800    0.0021705300   -0.0042208500
  -0.0001843900    0.0004577900   -0.0059711200
   0.0001892000   -0.0000725300   -0.0059031800
   0.0002621400    0.0001099400   -0.0060795800
  -0.0602947700    0.0000607700   -0.0859916900
   0.0058341400    0.0000814100    0.0128574600
   0.0001618800    0.0000608800    0.0142146200
   0.0051486700   -0.0001177800    0.0133311900
   0.0011356400    0.0027888500    0.0129696800
   0.0001162200   -0.0000184500    0.0144747800
   0.0000872000    0.0000288700    0.0143634600
   0.0008618900   -0.0022106700    0.0132208700
   0.0001127000    0.0000193300    0.0142430300
   0.0001422300   -0.0000135400    0.0144240200
   0.0000277200   -0.0000726700    0.0141820300
   0.0001487700   -0.0000996800    0.0144184800
   0.0008237500    0.0024305600    0.0132120900
   0.0011764900   -0.0029569900    0.0129749000
   0.0000111000    0.0000691500    0.0144170500
   0.0001793400    0.0000221600    0.0144316900
  -0.0010635000   -0.0005186200   -0.0157785500
   0.0023074600   -0.0014294500   -0.0133862400
   0.0000096300    0.0000627700   -0.0163638400
   0.0001310600    0.0000958900   -0.0162800800
  -0.0001666100    0.0019460000   -0.0145856300
   0.0001991300    0.0001558400   -0.0164753700
   0.0000763200    0.0000071300   -0.0163137500
   0.0000032800   -0.0000393100   -0.0166099400
   0.0001178900   -0.0001169200   -0.0162975100
   0.0000985000   -0.0000140800   -0.0163150700
   0.0000871600    0.0000049700   -0.0163206200
   0.0000433700   -0.0000700500   -0.0163504900
   0.0002078300    0.0000115100   -0.0162554000
  -0.0000673700   -0.0001102500   -0.0165453200
   0.0000120200    0.0000225600   -0.0163906300
   0.0000553000    0.0000034700   -0.0163652100
   0.0001033200    0.0000051900    0.0029585900
   0.0000394100    0.0000332000    0.0029085200
   0.0000883900    0.0000064100    0.0029217300
   0.0000515200    0.0000030200    0.0029736900
   0.0000958700   -0.0000355100    0.0029307800
   0.0000072800   -0.0000214300    0.0029093200
   0.0000880400   -0.0000118000    0.0029630600
   0.0001101200   -0.0000348900    0.0029252800
   0.0000900300    0.0000035900    0.0029474100
   0.0000702800    0.0000086700    0.0029736600
   0.0000923500    0.0000010600    0.0029590500
   0.0000650400    0.0000211800    0.0029511800
   0.0000737900   -0.0000155400    0.0029723400
   0.0000475300    0.0000626900    0.0029192700
   0.0000856500   -0.0000128100    0.0029236100
   0.0000823400    0.0000034100    0.0029860900

49   
 -0.0057378761105553   0.0000000000000000  -0.0081900413759589
  -0.0403547700   -0.0205658400   -0.0386803100
   0.0037193800   -0.0048969700   -0.0102571200
  -0.0003637700    0.0003783800    0.0024823200
   0.0007345000   -0.0001495600    0.0022456700
  -0.0047478800    0.0253110500   -0.0243261200
   0.0003500600   -0.0006464000    0.0024429900
   0.0003621400   -0.0000404800    0.0026790100
  -0.0006214100    0.0012064300    0.0011530400
  -0.0004116200   -0.0008917200    0.0024671400
   0.0001640200    0.0001110200    0.0026799800
   0.0002389900   -0.0000778300    0.0026769200
  -0.0000678300   -0.0001760900    0.0022616900
   0.0004307100    0.0010982800    0.0023492100
   0.0014672400   -0.0005557500    0.0018018600
  -0.0003209400   -0.0002582800    0.0023802500
   0.0000927700   -0.0000020000    0.0025924400
  -0.0002675100   -0.0000034200    0.0036150400
  -0.0000301100   -0.0001738200    0.0020662400
   0.0000429700    0.0000229500    0.0024476200
   0.0000607600   -0.0002742200    0.0022353500
  -0.0001910900    0.0001085600    0.0022045400
   0.0000091900   -0.0000433000    0.0024552600
   0.0001062700   -0.0000141300    0.0025466400
   0.0002379300    0.0000347300    0.0020947000
   0.0000646500   -0.0000149400    0.0024543300
   0.0000846600    0.0000554100    0.0025023400
   0.0000263700   -0.0000087100    0.0024421800
   0.0000733900    0.0001163500    0.0024973100
  -0.0002256800    0.0001510800    0.0022909400
   0.0001147600    0.0001497700    0.0020120100
   0.0002142000   -0.0000848900    0.0024791300
   0.0000151600   -0.0000352500    0.0025153200
   0.0016897900    0.0000004800   -0.0145322500
   0.0006693700    0.0004118700   -0.0059328500
  -0.0000115100   -0.0000143500   -0.0057930100
  -0.0014401600    0.0011515200   -0.0073841800
   0.0016963300    0.0003906500   -0.0068300900
  -0.0002399800   -0.0001577200   -0.0057846400
   0.0000236300    0.0000093700   -0.0057455400
  -0.0007102300    0.0006488100   -0.0064798400
   0.0000838900   -0.0000527400   -0.0057901500
   0.0000367400    0.0001477100   -0.0057676600
   0.0001056000    0.0000641200   -0.0057898100
   0.0000528600    0.0000366400   -0.0057645000
   0.0006340700   -0.0021930000   -0.0075592100
   0.0003321600   -0.0004280100   -0.0057612000
  -0.0000634500    0.0000679900   -0.0058520800
  -0.0001268000   -0.0001089600   -0.0056769200
   0.0493032300    0.0002526300    0.1012949800
  -0.0056735400   -0.0000825100    0.0161920500
  -0.0000360500   -0.0000528600    0.0148281000
  -0.0050680700    0.0000966600    0.0157476200
  -0.0010288200   -0.0028039800    0.0160889100
   0.0000245000    0.0000242600    0.0145680400
   0.0000392500   -0.0000292600    0.0146852800
  -0.0006944800    0.0022140700    0.0158513800
   0.0000148400   -0.0000280400    0.0147950500
  -0.0000140400    0.0000027900    0.0146271400
   0.0001028300    0.0000761900    0.0148575100
  -0.0000140100    0.0000887400    0.0146227600
  -0.0006943000   -0.0024135700    0.0158657500
  -0.0010422000    0.0029785800    0.0160765600
   0.0001096600   -0.0000711800    0.0146265300
  -0.0000442000   -0.0000230100    0.0146188500
   0.0011977200    0.0005168700   -0.0168594600
  -0.0021287300    0.0013975200   -0.0191591200
   0.0001273900   -0.0000604500   -0.0162520800
  -0.0000084000   -0.0000845300   -0.0163470000
   0.0002945500   -0.0019228000   -0.0180141900
  -0.0000727100   -0.0001546800   -0.0161552700
   0.0000598400   -0.0000147000   -0.0163078400
   0.0001191700    0.0000421100   -0.0160175600
   0.0000227200    0.0001134200   -0.0163234400
   0.0000282200    0.0000180200   -0.0163119100
   0.0000463900   -0.0000068700   -0.0163005000
   0.0000780400    0.0000733500   -0.0162798000
  -0.0000696500   -0.0000180000   -0.0163691900
   0.0001923100    0.0001089600   -0.0160851800
   0.0001254000   -0.0000278200   -0.0162326000
   0.0000660400    0.0000000600   -0.0162678800
   0.0000331300   -0.0000083100    0.0028883700
   0.0000885700   -0.0000246400    0.0029477800
   0.0000468700   -0.0000032500    0.0029265700
   0.0000707500    0.0000094500    0.0028855900
   0.0000440400    0.0000306600    0.0029189300
   0.0001151800    0.0000194400    0.0029507900
   0.0000489600    0.0000042000    0.0028922700
   0.0000125400    0.0000371600    0.0029340500
   0.0000512600   -0.0000084700    0.0029046700
   0.0000564200   -0.0000041400    0.0028872200
   0.0000412600   -0.0000032700    0.0028933000
   0.0000557900   -0.0000184300    0.0029103300
   0.0000661200    0.0000082900    0.0028827600
   0.0000774500   -0.0000617800    0.0029405600
   0.0000505000    0.0000084000    0.0029311900
   0.0000384400   -0.0000000700    0.0028781400
