96   
12   

1    
  0.0163604676486103  -0.0000000000000000   0.0251462740444539
  -0.3616936900   -0.0021015200   -0.6080911000
   0.0146882700    0.0150848300   -0.0197015000
   0.0014422200    0.0000483200    0.0029747800
   0.0119138400   -0.0150965600   -0.0203781700
   0.0068197500   -0.0102741600   -0.0203888500
   0.0005384500   -0.0010826400    0.0012601300
   0.0005718500    0.0010242500    0.0012704700
   0.0062903000    0.0120410400   -0.0197089300
  -0.0005078900    0.0011307200    0.0030082600
   0.0023785000    0.0000093700    0.0012644100
  -0.0006658700   -0.0012133000    0.0029404700
   0.0023815900   -0.0000387900    0.0012660100
   0.0058776200    0.0183854500   -0.0207255300
   0.0071561500   -0.0195291900   -0.0193696100
   0.0005668500    0.0010791100    0.0013374900
   0.0005483500   -0.0010268300    0.0011956000
  -0.0048480800   -0.0184431100    0.0665967700
  -0.0002462300   -0.0014858800    0.0022159800
   0.0022278100    0.0011427300    0.0029525200
   0.1234422600   -0.0557551600    0.1428577000
  -0.0008688900    0.0000431300    0.0025514200
  -0.0002481000   -0.0000019100    0.0003214600
   0.0006793800   -0.0020460600    0.0026350900
  -0.0064162700   -0.0056380600    0.0054263900
   0.0011650100    0.0009296700    0.0029519300
   0.0001984100    0.0014082100    0.0022990400
  -0.0000400100    0.0000725500   -0.0000394400
  -0.0000708400   -0.0000532700   -0.0006812200
   0.0269916200    0.0749257700    0.1056336800
  -0.0045930400   -0.0011045300    0.0051513300
  -0.0001642300   -0.0000124800   -0.0003655700
   0.0051834900    0.0066445500    0.0056793300
   0.1388512200    0.0645794000    0.1575020300
   0.0023622400   -0.0010097200    0.0033375000
  -0.0000622900    0.0014193600    0.0025943000
  -0.0048161900    0.0183294600    0.0676515800
   0.0008107200    0.0019832000    0.0031561900
  -0.0002490200   -0.0000021700    0.0006572100
  -0.0007439700   -0.0001207600    0.0027646400
  -0.0060958200    0.0056524900    0.0057295900
   0.0003156700   -0.0013062100    0.0027509900
   0.0011494400   -0.0009738500    0.0031027200
  -0.0000371500    0.0000507200   -0.0003730800
  -0.0000341400   -0.0000512500    0.0003124100
   0.0269735900   -0.0818724800    0.1114440600
   0.0054936000   -0.0067418900    0.0059809700
  -0.0001237900    0.0000069500   -0.0000249600
  -0.0042860800    0.0009934600    0.0054967900
   0.0000613400    0.0000211500    0.0000558800
  -0.0000176500    0.0000060700    0.0000409900
   0.0000260700   -0.0000157200    0.0000777700
  -0.0000880200    0.0000656100   -0.0000631500
   0.0000088300   -0.0000186400    0.0000448100
  -0.0000198000    0.0000000800    0.0000949600
   0.0000388300   -0.0000142800    0.0000740800
  -0.0000534600   -0.0000140400    0.0000938300
   0.0000133900    0.0000109000    0.0000632000
  -0.0000002500    0.0000319500    0.0000559200
  -0.0000104000    0.0000057600    0.0000696300
  -0.0000071800   -0.0000084600    0.0000759300
   0.0000252800   -0.0000869800   -0.0000048000
  -0.0000175300   -0.0000214300    0.0000835800
  -0.0000209400    0.0000021300    0.0000728500
   0.0000077600    0.0000349500    0.0001042200
  -0.0000195700   -0.0000003800   -0.0004311300
   0.0000204600   -0.0000320300   -0.0003036500
   0.0000205600    0.0000037100   -0.0003750700
  -0.0000276800   -0.0000076400   -0.0003659000
  -0.0000228500    0.0000363000   -0.0002891900
   0.0000337600    0.0000209400   -0.0003814700
  -0.0000133800    0.0000058700   -0.0004047600
  -0.0000129000    0.0000244300   -0.0003798800
   0.0000016600    0.0000114500   -0.0003721700
  -0.0000027900   -0.0000265800   -0.0003932500
  -0.0000053800   -0.0000143600   -0.0003786000
  -0.0000171300   -0.0000017000   -0.0003737500
  -0.0000341100   -0.0000077400   -0.0003216300
   0.0000234500   -0.0000143800   -0.0003498400
  -0.0000065600   -0.0000061800   -0.0003752500
  -0.0000028300    0.0000082500   -0.0003726300
  -0.0000075200    0.0000000300   -0.0001051500
  -0.0000111900    0.0000086000   -0.0001006200
  -0.0000050400    0.0000011000   -0.0000969800
   0.0000004000    0.0000067300   -0.0000816100
  -0.0000014700   -0.0000089900   -0.0001021500
  -0.0000104600   -0.0000030200   -0.0000918200
  -0.0000004200   -0.0000031300   -0.0000884000
  -0.0000088200   -0.0000091800   -0.0000798500
  -0.0000026700   -0.0000014900   -0.0001001900
  -0.0000054500    0.0000057400   -0.0000903900
  -0.0000049800    0.0000001400   -0.0000932800
  -0.0000047400    0.0000024400   -0.0000944200
   0.0000034200    0.0000012400   -0.0000921900
  -0.0000156400    0.0000006500   -0.0000891200
  -0.0000042500   -0.0000004300   -0.0000953000
  -0.0000088000   -0.0000023800   -0.0000933300

1    
 -0.0163604676486103   0.0000000000000000  -0.0251462740444539
   0.3618459400   -0.0020991100    0.6075309500
  -0.0119553100   -0.0149750900    0.0203118000
  -0.0014452100    0.0000307100   -0.0030704300
  -0.0146522000    0.0152069900    0.0195866900
  -0.0062062900    0.0119471500    0.0196981100
  -0.0005270000    0.0010513300   -0.0013542800
  -0.0005862700   -0.0010547900   -0.0013644800
  -0.0069083300   -0.0103695600    0.0202177100
   0.0006519100   -0.0012055000   -0.0030457000
  -0.0023806400   -0.0000441800   -0.0013594100
   0.0005221600    0.0011404600   -0.0030950600
  -0.0023826900   -0.0000563200   -0.0013617300
  -0.0070344300   -0.0195593600    0.0193358700
  -0.0060049900    0.0183588600    0.0205801600
  -0.0005660900   -0.0010173300   -0.0013222200
  -0.0005539300    0.0010870900   -0.0014034100
   0.0048704300    0.0183692900   -0.0672379700
   0.0000515400    0.0014063400   -0.0021207800
  -0.0023634700   -0.0010422200   -0.0028641200
  -0.1390673100    0.0646969200   -0.1572040600
   0.0007254100   -0.0001090200   -0.0022949800
   0.0002555600   -0.0000018700   -0.0002074500
  -0.0007844900    0.0019861200   -0.0026778400
   0.0061007200    0.0056345600   -0.0052783300
  -0.0011793600   -0.0009639800   -0.0026330400
  -0.0003119700   -0.0012856700   -0.0022728700
   0.0000485100   -0.0000377500    0.0001638600
   0.0000288000    0.0000510500    0.0008430500
  -0.0269883100   -0.0820276300   -0.1110865500
   0.0042713600    0.0010050800   -0.0050534900
   0.0001159000   -0.0000070300    0.0004985300
  -0.0054782000   -0.0067362500   -0.0055215900
  -0.1232506400   -0.0556530500   -0.1422111800
  -0.0022294500    0.0011090800   -0.0024896600
   0.0002568400   -0.0015001100   -0.0017518600
   0.0047996600   -0.0184073300   -0.0660639400
  -0.0007078300   -0.0020427600   -0.0021768100
   0.0002394500   -0.0000017500    0.0001669700
   0.0008877600    0.0000543800   -0.0020835900
   0.0064095400   -0.0056567900   -0.0049375300
  -0.0002043300    0.0014305500   -0.0018404800
  -0.0011352000    0.0009407000   -0.0024846200
   0.0000763300   -0.0000525200    0.0011503800
   0.0000226800    0.0000854100    0.0005037500
  -0.0269785400    0.0747863900   -0.1050429100
  -0.0052000200    0.0066510000   -0.0051990700
   0.0001692700   -0.0000262000    0.0008319300
   0.0046078300   -0.0010920200   -0.0046541100
  -0.0000613800   -0.0000206000    0.0000126500
   0.0000171200   -0.0000025700    0.0000157800
  -0.0000263100    0.0000155200   -0.0000159600
   0.0000823000   -0.0000621400    0.0001207200
  -0.0000073500    0.0000171300    0.0000131600
   0.0000187100    0.0000000200   -0.0000312500
  -0.0000408900    0.0000136800   -0.0000130200
   0.0000485900    0.0000133100   -0.0000322800
  -0.0000129100   -0.0000104600   -0.0000028000
  -0.0000029200   -0.0000333300    0.0000031600
   0.0000077400   -0.0000057500   -0.0000066400
   0.0000049600    0.0000072000   -0.0000114600
  -0.0000254900    0.0000820500    0.0000655600
   0.0000143200    0.0000190500   -0.0000242400
   0.0000176900   -0.0000014900   -0.0000090600
  -0.0000083700   -0.0000332700   -0.0000402400
   0.0000204100   -0.0000003600   -0.0002766000
  -0.0000226800    0.0000326900   -0.0004104800
  -0.0000183400   -0.0000046900   -0.0003419800
   0.0000253800    0.0000076000   -0.0003529900
   0.0000209000   -0.0000362000   -0.0004250000
  -0.0000320400   -0.0000189000   -0.0003346700
   0.0000114200   -0.0000061800   -0.0003129800
   0.0000091300   -0.0000262500   -0.0003376500
  -0.0000023700   -0.0000089400   -0.0003463400
   0.0000008900    0.0000255100   -0.0003240200
   0.0000044700    0.0000136600   -0.0003381200
   0.0000153700    0.0000043100   -0.0003437100
   0.0000317300    0.0000076200   -0.0003974500
  -0.0000284600    0.0000136500   -0.0003672900
   0.0000087400    0.0000040500   -0.0003408400
   0.0000016600   -0.0000076300   -0.0003457700
   0.0000012700   -0.0000004500   -0.0000845700
   0.0000090800   -0.0000088300   -0.0000607000
   0.0000030800   -0.0000017900   -0.0000632700
  -0.0000021900   -0.0000066800   -0.0000793100
  -0.0000002100    0.0000085600   -0.0000592800
   0.0000087200    0.0000028200   -0.0000676800
  -0.0000018700    0.0000033700   -0.0000717600
   0.0000070200    0.0000084800   -0.0000808100
   0.0000009100    0.0000009000   -0.0000592600
   0.0000040600   -0.0000063300   -0.0000698200
   0.0000028700   -0.0000001700   -0.0000667800
   0.0000025600   -0.0000024400   -0.0000661600
  -0.0000049300   -0.0000015800   -0.0000682400
   0.0000136600   -0.0000008600   -0.0000715000
   0.0000026300    0.0000001500   -0.0000658800
   0.0000061900    0.0000023500   -0.0000673600

17   
  0.0163604676486103  -0.0000000000000000   0.0251462740444539
  -0.0003880300   -0.0158952600    0.0634280900
   0.1354443500   -0.0624160200    0.1605741600
   0.0018771600   -0.0002854400    0.0033235100
   0.0003985700    0.0005203300    0.0017354400
   0.0272513500    0.0767299800    0.1105425100
   0.0006553700    0.0040751500    0.0086469600
  -0.0001442200   -0.0006102400   -0.0004803000
   0.0000145500   -0.0036573100    0.0020300100
   0.0012045400    0.0020647300    0.0028237400
  -0.0005893000    0.0002545300   -0.0004865400
   0.0004680200    0.0003514200   -0.0004767500
   0.0002639300   -0.0009656000    0.0022647400
  -0.0002711100   -0.0012747900    0.0020188000
  -0.0063612100   -0.0003858600    0.0053145700
   0.0002149800   -0.0000538800    0.0030480300
  -0.0002598100    0.0000020500    0.0002495100
  -0.1743929900    0.0018371600   -0.3503468100
   0.0076560200    0.0003435500   -0.0089446300
  -0.0002276900   -0.0002458700   -0.0016509600
   0.0113245800    0.0012961500   -0.0113276000
   0.0003756700    0.0033643000   -0.0091047200
  -0.0001534300   -0.0000704300   -0.0003153200
  -0.0005029300    0.0002707100    0.0000783800
   0.0010343500   -0.0076771100   -0.0112612900
  -0.0001401900   -0.0000544700   -0.0017976300
  -0.0000326500   -0.0002075800   -0.0001130100
   0.0002886200    0.0002925900   -0.0015276900
  -0.0000250200    0.0003177400   -0.0001131200
   0.0024591100    0.0059186300   -0.0102713300
  -0.0010057900   -0.0032943600   -0.0100475200
  -0.0000530300    0.0000133500   -0.0002251600
  -0.0005913300   -0.0003306600    0.0000066500
  -0.0044067400    0.0000041900    0.0516987700
   0.0067278200    0.0054289100    0.0037385500
   0.0002488900   -0.0003971100    0.0005892000
  -0.0010782000    0.0006984200   -0.0015373800
   0.0027684200    0.0020923600    0.0005703500
   0.0001657600    0.0000771800   -0.0000543000
  -0.0000051900    0.0000250300   -0.0002708600
  -0.0064376000    0.0015846200    0.0015617800
  -0.0005653600    0.0004701000    0.0008300000
   0.0000352700   -0.0000944900   -0.0001638500
   0.0001288100   -0.0000703600    0.0003485200
   0.0000503100    0.0002091800   -0.0001842700
  -0.0010109800    0.0000705700   -0.0020138700
  -0.0025374700   -0.0101134300    0.0042562800
   0.0002551900   -0.0001186200   -0.0001406500
  -0.0001052200   -0.0000911100   -0.0002174800
   0.0000011400    0.0000004000   -0.0000173800
  -0.0000066200   -0.0000114900    0.0000254500
  -0.0000022400   -0.0000070100    0.0000150800
   0.0000033700   -0.0000133400    0.0000327100
  -0.0000127000    0.0000026200    0.0000321700
  -0.0000003800    0.0000002900    0.0000182600
  -0.0000018800    0.0000009000    0.0000190200
   0.0000141500    0.0000015700    0.0000259700
  -0.0000067900    0.0000022900    0.0000169500
  -0.0000005600   -0.0000010900    0.0000184800
   0.0000056900    0.0000043900    0.0000126200
  -0.0000018400    0.0000054500    0.0000162800
  -0.0000101500    0.0000083500    0.0000355300
   0.0000067900    0.0000119400    0.0000222800
   0.0000029300   -0.0000031800    0.0000160900
  -0.0000069800   -0.0000033200    0.0000166300
   0.0000134800    0.0000073100   -0.0003710900
  -0.0000079600    0.0000047000   -0.0003739600
  -0.0000142800    0.0000032700   -0.0003508500
   0.0000095500    0.0000024900   -0.0003514200
   0.0000005700   -0.0000121300   -0.0003721500
  -0.0000104600   -0.0000067500   -0.0003622200
  -0.0000000600    0.0000011300   -0.0003440000
   0.0000095700   -0.0000044000   -0.0003548400
  -0.0000043100   -0.0000119400   -0.0003506300
   0.0000013400   -0.0000007800   -0.0003427500
  -0.0000002700   -0.0000001200   -0.0003450800
   0.0000021600   -0.0000118800   -0.0003512000
   0.0000065700    0.0000078500   -0.0003510800
   0.0000016400    0.0000115500   -0.0003590900
  -0.0000107100    0.0000096800   -0.0003511000
   0.0000001300    0.0000000200   -0.0003480800
  -0.0000005000    0.0000003300   -0.0000703000
  -0.0000008600   -0.0000003800   -0.0000703100
   0.0000009600   -0.0000011200   -0.0000780700
  -0.0000001000   -0.0000004500   -0.0000775800
  -0.0000011800   -0.0000001400   -0.0000707200
   0.0000005800    0.0000014100   -0.0000786800
  -0.0000003000    0.0000005400   -0.0000797600
  -0.0000011600   -0.0000002800   -0.0000777600
  -0.0000007400    0.0000005600   -0.0000787800
  -0.0000008600    0.0000001200   -0.0000802300
  -0.0000016100   -0.0000009500   -0.0000793000
  -0.0000004400    0.0000004800   -0.0000774500
  -0.0000007200    0.0000003400   -0.0000783500
  -0.0000016600   -0.0000011900   -0.0000779400
   0.0000009600   -0.0000010000   -0.0000776600
   0.0000005800   -0.0000000200   -0.0000792200

17   
 -0.0163604676486103   0.0000000000000000  -0.0251462740444539
   0.0008453100    0.0160474800   -0.0648930300
  -0.1187445800    0.0531808700   -0.1450063500
  -0.0014353400    0.0002903200   -0.0033477000
  -0.0006241000   -0.0005336300   -0.0017552500
  -0.0268001200   -0.0705234700   -0.1062104000
  -0.0009994000   -0.0041041200   -0.0084179900
   0.0001299200    0.0005645800    0.0003795000
  -0.0001206400    0.0036446800   -0.0023303900
  -0.0010108100   -0.0017620400   -0.0028538300
   0.0005156200   -0.0002244400    0.0003772400
  -0.0004620400   -0.0003435800    0.0003785400
  -0.0003931200    0.0011170700   -0.0022229400
   0.0001462600    0.0010901900   -0.0020692700
   0.0061509400    0.0004953800   -0.0053984500
  -0.0000970200   -0.0001956400   -0.0030307900
   0.0002367000    0.0000015800   -0.0002809800
   0.1579566300    0.0015164800    0.3297890500
  -0.0072127900   -0.0004091700    0.0086412400
   0.0002557600    0.0002611900    0.0017224700
  -0.0116375300   -0.0012648400    0.0115380100
  -0.0005745200   -0.0032233100    0.0088655500
   0.0001443400    0.0000664100    0.0003852800
   0.0005011700   -0.0002732300    0.0000301600
  -0.0010957500    0.0075876400    0.0112186200
   0.0001558200    0.0000531800    0.0018620000
   0.0000286500    0.0002001600    0.0002130800
  -0.0002948200   -0.0003217600    0.0015608700
   0.0000367600   -0.0003447400    0.0002122800
  -0.0025474800   -0.0058862300    0.0103354900
   0.0009121800    0.0031528200    0.0097932800
   0.0000256400    0.0000035500    0.0003296300
   0.0006337700    0.0003416600    0.0001024400
   0.0040849400    0.0000028800   -0.0485821700
  -0.0066254900   -0.0055248200   -0.0026987900
  -0.0002263100    0.0004011400    0.0002379200
   0.0013073500   -0.0008794700    0.0022590200
  -0.0031064300   -0.0020794100    0.0002092000
  -0.0001243500   -0.0000511100    0.0008509300
  -0.0000079400   -0.0000123700    0.0011217000
   0.0064083100   -0.0016072100   -0.0007152500
   0.0005579700   -0.0004534200    0.0000229600
  -0.0000326100    0.0000714900    0.0009847400
  -0.0001309600    0.0000544800    0.0004534300
  -0.0000236600   -0.0002138300    0.0009714500
   0.0009816100    0.0001571300    0.0027410100
   0.0024433400    0.0097116900   -0.0031430500
  -0.0002596900    0.0001356200    0.0009234800
   0.0001134600    0.0000784600    0.0010296600
  -0.0000007700    0.0000005900    0.0000745000
   0.0000057300    0.0000110500    0.0000348500
   0.0000018600    0.0000073200    0.0000441300
  -0.0000030100    0.0000132300    0.0000264600
   0.0000113300   -0.0000028900    0.0000277700
   0.0000006000   -0.0000000300    0.0000411900
   0.0000015000   -0.0000004200    0.0000396300
  -0.0000139200   -0.0000014900    0.0000333800
   0.0000065200   -0.0000026300    0.0000420900
   0.0000007300    0.0000006200    0.0000402400
  -0.0000058200   -0.0000043200    0.0000458800
   0.0000009100   -0.0000052300    0.0000426000
   0.0000097700   -0.0000077600    0.0000234700
  -0.0000066000   -0.0000119900    0.0000373800
  -0.0000032500    0.0000022800    0.0000428100
   0.0000061000    0.0000029000    0.0000426200
  -0.0000133000   -0.0000067000   -0.0003492700
   0.0000067700   -0.0000046200   -0.0003448800
   0.0000147000   -0.0000036800   -0.0003676600
  -0.0000088800   -0.0000025600   -0.0003683000
  -0.0000014200    0.0000116200   -0.0003470800
   0.0000107900    0.0000072900   -0.0003556400
   0.0000000600   -0.0000008600   -0.0003749200
  -0.0000090200    0.0000042100   -0.0003643800
   0.0000039100    0.0000126600   -0.0003681300
  -0.0000012100    0.0000010200   -0.0003756700
   0.0000003900    0.0000004900   -0.0003741100
  -0.0000022300    0.0000116900   -0.0003678400
  -0.0000067700   -0.0000073000   -0.0003685900
  -0.0000017300   -0.0000113500   -0.0003604200
   0.0000106200   -0.0000098300   -0.0003675900
   0.0000000700   -0.0000000100   -0.0003715400
   0.0000002700   -0.0000002000   -0.0000939400
   0.0000002000    0.0000005400   -0.0000938600
  -0.0000014400    0.0000007600   -0.0000863500
  -0.0000001100    0.0000004500   -0.0000861200
   0.0000009200   -0.0000001400   -0.0000939300
  -0.0000009300   -0.0000013600   -0.0000863700
  -0.0000004700   -0.0000004200   -0.0000844300
   0.0000009700    0.0000000600   -0.0000861000
   0.0000002700   -0.0000008000   -0.0000858500
   0.0000005100   -0.0000004800   -0.0000844200
   0.0000011800    0.0000010400   -0.0000846100
   0.0000000300   -0.0000005500   -0.0000868200
   0.0000003400   -0.0000004500   -0.0000856000
   0.0000012900    0.0000010300   -0.0000861400
  -0.0000010400    0.0000009200   -0.0000868700
  -0.0000013300   -0.0000000400   -0.0000852400

33   
  0.0163604676486103  -0.0000000000000000   0.0251462740444539
   0.1185841500    0.0530970400    0.1447092900
  -0.0008340500    0.0160312400    0.0647574700
   0.0006187400   -0.0005363600    0.0016593100
   0.0014313500    0.0003066600    0.0032588500
   0.0267844600   -0.0704232500    0.1059915800
   0.0001086100    0.0036342800    0.0022029600
  -0.0001367100    0.0005707600   -0.0004737500
   0.0010141900   -0.0041084800    0.0083109300
   0.0003869400    0.0011073800    0.0021414800
   0.0004711700   -0.0003535200   -0.0004651400
  -0.0005169000   -0.0002210700   -0.0004796100
   0.0009922800   -0.0017600300    0.0027495800
   0.0001074300   -0.0001940200    0.0029528300
  -0.0061432600    0.0005110200    0.0052819000
  -0.0001482900    0.0010818100    0.0019618900
  -0.0002300700    0.0000013000    0.0001648600
  -0.0040833300    0.0000025900    0.0490465600
  -0.0013035900   -0.0008659400   -0.0017968700
   0.0002266500    0.0004063500    0.0002274800
   0.0066216200   -0.0055093600    0.0031654500
  -0.0063941700   -0.0016119100    0.0011865100
   0.0000111700   -0.0000122900   -0.0006568000
   0.0001239700   -0.0000491600   -0.0003909800
   0.0030916100   -0.0020832200    0.0002488900
   0.0001361600    0.0000514700    0.0000149400
   0.0000359400    0.0000691900   -0.0005224300
  -0.0005616600   -0.0004558400    0.0004393500
   0.0000210200   -0.0002182500   -0.0005032100
  -0.0024315500    0.0097008300    0.0036161800
  -0.0009915200    0.0001461900   -0.0022852400
  -0.0001175400    0.0000791900   -0.0005627400
   0.0002631700    0.0001389100   -0.0004540100
  -0.1579170300    0.0015250100   -0.3292956900
   0.0116892800   -0.0012591200   -0.0110637600
  -0.0002553900    0.0002475500   -0.0012575300
   0.0072364700   -0.0004255600   -0.0081477600
   0.0011035000    0.0076100800   -0.0107416300
  -0.0005067000   -0.0002765700    0.0004266700
  -0.0001379900    0.0000627200    0.0000765100
   0.0005761000   -0.0032161800   -0.0083747300
   0.0002827100   -0.0003152600   -0.0011042700
  -0.0000282500    0.0002070500    0.0002461700
  -0.0001432300    0.0000597100   -0.0013883900
  -0.0000360900   -0.0003408000    0.0002477800
  -0.0009181500    0.0031739700   -0.0093068300
   0.0025631300   -0.0059260000   -0.0098546300
  -0.0006300800    0.0003398600    0.0003616400
  -0.0000285800    0.0000012800    0.0001264700
   0.0000082900   -0.0000001100   -0.0000985100
   0.0000086500    0.0000224900    0.0000744900
   0.0000086400    0.0000059600    0.0000125600
  -0.0000065600    0.0000401900    0.0000510300
   0.0000234500   -0.0000161500    0.0000546900
   0.0000312200    0.0000188300    0.0000152800
  -0.0000206400    0.0000111300   -0.0000095200
  -0.0000384900   -0.0000021600    0.0000706100
   0.0000070200    0.0000007400    0.0000120700
  -0.0000012300   -0.0000301300    0.0000026300
  -0.0000030000   -0.0000067900    0.0000122300
  -0.0000109100   -0.0000088300   -0.0000008300
   0.0000337200   -0.0000157800    0.0000428500
  -0.0000126600   -0.0000288300    0.0000824100
  -0.0000154800    0.0000023700   -0.0000001300
  -0.0000000300    0.0000061000   -0.0000016300
  -0.0001184600   -0.0000550000   -0.0003529400
   0.0001083900   -0.0000764500   -0.0002098200
   0.0000143400   -0.0000005800   -0.0003602000
   0.0000156200    0.0000114900   -0.0003703100
  -0.0000235700    0.0001312100   -0.0002814200
   0.0000419300    0.0000402600   -0.0003412700
   0.0000072300    0.0000049400   -0.0003635200
  -0.0000327800    0.0000034400   -0.0003904900
   0.0000036100    0.0000003800   -0.0003606700
   0.0000067000    0.0000003900   -0.0003593300
  -0.0000015100   -0.0000049600   -0.0003676300
  -0.0000053800   -0.0000067900   -0.0003702200
   0.0000141700    0.0000066800   -0.0003656600
  -0.0000272900   -0.0000431000   -0.0003662600
   0.0000041200   -0.0000111900   -0.0003651200
   0.0000023300   -0.0000000000   -0.0003579900
   0.0000100000    0.0000043500   -0.0000746600
  -0.0000045000    0.0000038900   -0.0000768000
  -0.0000037100    0.0000000300   -0.0000779300
  -0.0000039200   -0.0000007600   -0.0000697800
   0.0000023800   -0.0000084200   -0.0000759700
  -0.0000144800   -0.0000079300   -0.0000828700
  -0.0000020300    0.0000008600   -0.0000689700
   0.0000116700   -0.0000071800   -0.0000750500
   0.0000000600   -0.0000010300   -0.0000748400
   0.0000000900   -0.0000013500   -0.0000696800
  -0.0000014300    0.0000002400   -0.0000682300
   0.0000002900    0.0000012700   -0.0000728800
  -0.0000015300   -0.0000027100   -0.0000707600
  -0.0000007200    0.0000150100   -0.0000788300
  -0.0000008600    0.0000026900   -0.0000770200
  -0.0000004300    0.0000000300   -0.0000706200

33   
 -0.0163604676486103   0.0000000000000000  -0.0251462740444539
  -0.1352776300   -0.0623260200   -0.1604739900
   0.0003785500   -0.0158822800   -0.0634946600
  -0.0003922900    0.0005226100   -0.0018344400
  -0.0018717100   -0.0003027900   -0.0034293700
  -0.0272388900    0.0766305300   -0.1105282300
  -0.0000014400   -0.0036460400   -0.0020992000
   0.0001501900   -0.0006138000    0.0003800600
  -0.0006659100    0.0040799100   -0.0087363800
  -0.0002574900   -0.0009557800   -0.0023789000
  -0.0004752600    0.0003600800    0.0003692000
   0.0005880100    0.0002519800    0.0003931600
  -0.0011847000    0.0020649600   -0.0029148500
  -0.0002267600   -0.0000531100   -0.0031655800
   0.0063582600   -0.0003990800   -0.0053930800
   0.0002752100   -0.0012664000   -0.0021067300
   0.0002517600    0.0000031600   -0.0003269600
   0.0044085200    0.0000051900   -0.0512312600
   0.0010767400    0.0006869700    0.0020066400
  -0.0002479800   -0.0004014600   -0.0001208900
  -0.0067245000    0.0054157000   -0.0032732300
   0.0064267100    0.0015896200   -0.0011012500
   0.0000037300    0.0000266000    0.0007399600
  -0.0001640800    0.0000758700    0.0005281100
  -0.0027533600    0.0020964900   -0.0000957200
  -0.0001314800   -0.0000673300    0.0001166500
  -0.0000373700   -0.0000922700    0.0006353300
   0.0005708000    0.0004737200   -0.0003589500
  -0.0000461300    0.0002142500    0.0006487000
   0.0025277600   -0.0101049500   -0.0037980600
   0.0010211700    0.0000805900    0.0024901700
   0.0001106600   -0.0000909400    0.0006834300
  -0.0002567800   -0.0001212500    0.0006045500
   0.1742661900    0.0017623600    0.3503840700
  -0.0113719500    0.0012909700    0.0117869700
   0.0002292000   -0.0002318400    0.0021180500
  -0.0076761900    0.0003603400    0.0093865900
  -0.0010407000   -0.0076985100    0.0117188900
   0.0005096500    0.0002753400    0.0003956000
   0.0001482700   -0.0000663000    0.0007858200
  -0.0003749500    0.0033573100    0.0095484400
  -0.0002743000    0.0002867200    0.0020030700
   0.0000332900   -0.0002137100    0.0005850600
   0.0001292100   -0.0000600900    0.0022569000
   0.0000258000    0.0003149700    0.0005861900
   0.0010137400   -0.0033128100    0.0104963700
  -0.0024724700    0.0059573700    0.0107235700
   0.0005887400   -0.0003277600    0.0004617100
   0.0000573100    0.0000160700    0.0007020100
  -0.0000072800    0.0000008900    0.0001554400
  -0.0000077100   -0.0000201200   -0.0000102800
  -0.0000080900   -0.0000064500    0.0000499700
   0.0000086700   -0.0000374400    0.0000118600
  -0.0000220700    0.0000153200    0.0000072900
  -0.0000305800   -0.0000174900    0.0000477300
   0.0000204800   -0.0000103700    0.0000722700
   0.0000372000    0.0000014900   -0.0000059700
  -0.0000078200    0.0000004100    0.0000497500
   0.0000011800    0.0000300700    0.0000599600
   0.0000048700    0.0000082000    0.0000500800
   0.0000115800    0.0000098500    0.0000634600
  -0.0000310100    0.0000172800    0.0000185700
   0.0000121800    0.0000276700   -0.0000170000
   0.0000158300   -0.0000020300    0.0000627900
   0.0000001400   -0.0000061000    0.0000638400
   0.0001169600    0.0000544300   -0.0003733400
  -0.0001006200    0.0000722400   -0.0004974100
  -0.0000144800    0.0000012900   -0.0003588900
  -0.0000134900   -0.0000103800   -0.0003479900
   0.0000236400   -0.0001245600   -0.0004351200
  -0.0000406700   -0.0000375300   -0.0003787700
  -0.0000077400   -0.0000032600   -0.0003545200
   0.0000341200   -0.0000034100   -0.0003288300
  -0.0000030400   -0.0000008300   -0.0003583300
  -0.0000058300   -0.0000002700   -0.0003588500
   0.0000015100    0.0000062000   -0.0003501900
   0.0000064700    0.0000068500   -0.0003484300
  -0.0000122500   -0.0000050700   -0.0003529400
   0.0000263300    0.0000438500   -0.0003541500
  -0.0000035400    0.0000124500   -0.0003538100
  -0.0000021500    0.0000006900   -0.0003598900
  -0.0000094000   -0.0000035600   -0.0000889300
   0.0000042200   -0.0000030200   -0.0000859300
   0.0000039700    0.0000001700   -0.0000861900
   0.0000040400    0.0000013900   -0.0000943400
  -0.0000020900    0.0000086700   -0.0000878900
   0.0000141600    0.0000085200   -0.0000814200
   0.0000018000   -0.0000000300   -0.0000954600
  -0.0000106000    0.0000074600   -0.0000891500
   0.0000001100    0.0000016700   -0.0000894100
   0.0000002800    0.0000015400   -0.0000949600
   0.0000016600    0.0000005900   -0.0000960400
  -0.0000002400   -0.0000006500   -0.0000916300
   0.0000015700    0.0000032400   -0.0000934000
   0.0000009100   -0.0000137300   -0.0000852100
   0.0000013700   -0.0000020100   -0.0000875400
   0.0000003000    0.0000007100   -0.0000943300

49   
  0.0163604676486103  -0.0000000000000000   0.0251462740444539
   0.0000763700    0.0000273200   -0.0000420500
  -0.0000921800    0.0000702200   -0.0001348000
   0.0000336500   -0.0000183000   -0.0000090800
  -0.0000180000   -0.0000008000   -0.0000360700
   0.0000295200   -0.0000965500   -0.0000875900
   0.0000128800    0.0000351600    0.0000149200
  -0.0000156400    0.0000045200   -0.0000131100
  -0.0000139700   -0.0000185300   -0.0000003400
   0.0000158400    0.0000151500   -0.0000187400
  -0.0000003700   -0.0000085500   -0.0000118800
  -0.0000080100    0.0000046000   -0.0000139900
   0.0000064600    0.0000386900   -0.0000264400
   0.0000058000   -0.0000188100   -0.0000322600
  -0.0000468900   -0.0000157200    0.0000077200
   0.0000485100   -0.0000158300   -0.0000130100
  -0.0000150700    0.0000004800    0.0000074600
   0.0000015200    0.0000005900    0.0000058600
   0.0000044000    0.0000071100    0.0000572300
  -0.0000017000    0.0000038600    0.0000411800
  -0.0000069000    0.0000110300    0.0000521000
   0.0000087200    0.0000001000    0.0000490400
  -0.0000008800    0.0000000600    0.0000399500
  -0.0000014100    0.0000004200    0.0000461100
  -0.0000118400    0.0000013800    0.0000602100
   0.0000027500   -0.0000022000    0.0000372000
  -0.0000009000    0.0000001800    0.0000427800
  -0.0000030200   -0.0000000900    0.0000452700
   0.0000000300    0.0000017800    0.0000446800
   0.0000055300   -0.0000093900    0.0000465700
  -0.0000034900   -0.0000087200    0.0000632000
   0.0000003500   -0.0000003400    0.0000447100
  -0.0000017800   -0.0000008000    0.0000451200
   0.0000075700    0.0000007900    0.0002771900
  -0.0000169100   -0.0000110600    0.0004275500
   0.0000085200    0.0000006100    0.0003824500
   0.0000202200   -0.0000339900    0.0004388100
  -0.0000186700   -0.0000007800    0.0004477800
  -0.0000087200    0.0000013700    0.0003745700
  -0.0000063900   -0.0000023400    0.0003642600
   0.0000401700   -0.0000078200    0.0004187900
   0.0000022500    0.0000038400    0.0003861700
  -0.0000108600    0.0000016400    0.0003695800
   0.0000023800   -0.0000030700    0.0003786200
  -0.0000004500   -0.0000209800    0.0003728000
  -0.0000174700    0.0000239400    0.0004530300
   0.0000042400    0.0000317100    0.0004124900
  -0.0000130500    0.0000072400    0.0003558800
   0.0000238700    0.0000143800    0.0003888200
  -0.3571506000    0.0024058100   -0.6626902000
   0.0079199800   -0.0159452700   -0.0112432500
   0.0062185200   -0.0000071100    0.0027699000
   0.0057507200    0.0158324900   -0.0115862300
   0.0066594900    0.0164034500   -0.0109855300
   0.0010277100   -0.0011683000   -0.0002392300
   0.0010500200    0.0011511300   -0.0003552500
   0.0059541100   -0.0159018800   -0.0118517900
   0.0007026800    0.0031839700    0.0027911100
   0.0030483300    0.0000422200   -0.0002981400
   0.0007436300   -0.0031606400    0.0027483700
   0.0030466600   -0.0000093100   -0.0003001400
   0.0061955000   -0.0160558100   -0.0111581600
   0.0064798800    0.0150893300   -0.0116817500
   0.0010328200    0.0011892800   -0.0002887200
   0.0010393700   -0.0011327100   -0.0003116100
   0.1335408200    0.0669919500    0.1563861400
  -0.0112566000    0.0165064000    0.0577336900
  -0.0001768300    0.0013124800    0.0016027200
   0.0023417400   -0.0025503600   -0.0002551200
   0.0174307400   -0.0843949300    0.1081097800
  -0.0013212900    0.0029099100    0.0036499400
  -0.0002075700    0.0000547700   -0.0004426200
   0.0050050600   -0.0064994400    0.0082770100
   0.0000549800   -0.0015831900    0.0010007300
  -0.0000624000   -0.0000835200   -0.0004065000
  -0.0001660000    0.0000243500   -0.0004690900
   0.0024173500   -0.0000054700    0.0004370300
   0.0002658200    0.0026443100    0.0000502900
  -0.0063073400    0.0036762700    0.0059892000
   0.0000738400    0.0001900600    0.0013450500
  -0.0003651100    0.0000019700    0.0001428000
  -0.0114680500   -0.0165345500    0.0589677300
   0.1505633500   -0.0772259400    0.1748505400
   0.0023935300    0.0024628300    0.0001947000
   0.0000473800   -0.0012382100    0.0019825400
   0.0169998300    0.0925403900    0.1155984000
   0.0053721900    0.0067031200    0.0087084500
  -0.0001449900   -0.0000203500   -0.0001318700
  -0.0010934800   -0.0029066800    0.0040197700
   0.0024085400    0.0000294200    0.0006686200
  -0.0001188800   -0.0000149100   -0.0001960000
  -0.0000924300    0.0000306100   -0.0000778700
   0.0002040000    0.0013623600    0.0014190300
   0.0001841700   -0.0001205200    0.0015850600
  -0.0061834800   -0.0037063300    0.0063393700
   0.0002916900   -0.0024889900    0.0005471700
  -0.0003763500    0.0000020300    0.0004932400

49   
 -0.0163604676486103   0.0000000000000000  -0.0251462740444539
  -0.0000817700   -0.0000309700   -0.0000698300
   0.0000989100   -0.0000754400    0.0000279200
  -0.0000368700    0.0000179900   -0.0000991400
   0.0000169700   -0.0000016600   -0.0000699100
  -0.0000298000    0.0001041700   -0.0000201500
  -0.0000155100   -0.0000373300   -0.0001287700
   0.0000151400   -0.0000058900   -0.0000978600
   0.0000132700    0.0000191800   -0.0001134400
  -0.0000171300   -0.0000178600   -0.0000886100
  -0.0000013400    0.0000092400   -0.0000988900
   0.0000073200   -0.0000049500   -0.0000967700
  -0.0000065300   -0.0000399200   -0.0000806900
  -0.0000075100    0.0000190300   -0.0000739400
   0.0000477200    0.0000157900   -0.0001207900
  -0.0000502000    0.0000171400   -0.0000952500
   0.0000145300    0.0000001100   -0.0001211700
  -0.0000009100   -0.0000010500    0.0000953400
  -0.0000048300   -0.0000072600    0.0000538700
   0.0000013200   -0.0000050100    0.0000701500
   0.0000065600   -0.0000107900    0.0000598000
  -0.0000087200   -0.0000001500    0.0000616700
   0.0000001400   -0.0000004500    0.0000719400
   0.0000018400   -0.0000010400    0.0000658100
   0.0000112400   -0.0000022100    0.0000510400
  -0.0000036800    0.0000023900    0.0000743800
   0.0000004000   -0.0000005500    0.0000688000
   0.0000029300    0.0000006800    0.0000662300
  -0.0000001600   -0.0000019300    0.0000660700
  -0.0000061300    0.0000090300    0.0000649000
   0.0000037000    0.0000088800    0.0000485000
  -0.0000010200   -0.0000002300    0.0000669800
   0.0000012400    0.0000004100    0.0000658400
  -0.0000101000   -0.0000007800    0.0005306400
   0.0000156700    0.0000111300    0.0003744100
  -0.0000098500   -0.0000013300    0.0004189700
  -0.0000177300    0.0000345900    0.0003656300
   0.0000178900   -0.0000005500    0.0003559400
   0.0000074600   -0.0000018900    0.0004283100
   0.0000065400    0.0000020900    0.0004385200
  -0.0000393700    0.0000053400    0.0003852500
  -0.0000029800   -0.0000046000    0.0004150200
   0.0000103800   -0.0000022500    0.0004334100
  -0.0000025100    0.0000038200    0.0004225200
   0.0000006200    0.0000215900    0.0004298600
   0.0000183200   -0.0000222600    0.0003510600
  -0.0000044500   -0.0000303400    0.0003890600
   0.0000133000   -0.0000079400    0.0004461300
  -0.0000256000   -0.0000154200    0.0004125600
   0.3572145500    0.0024908400    0.6636385000
  -0.0056924500    0.0158512000    0.0115942100
  -0.0062199200   -0.0000149000   -0.0027185800
  -0.0079798700   -0.0159230800    0.0113284300
  -0.0059063900   -0.0158609200    0.0118908500
  -0.0010392900    0.0011576500    0.0004139600
  -0.0010397600   -0.0011632500    0.0002801200
  -0.0067091700    0.0164417700    0.0110382600
  -0.0007516200   -0.0031577100   -0.0027019600
  -0.0030503600    0.0000280800    0.0003476200
  -0.0006970200    0.0031867700   -0.0027355000
  -0.0030478700   -0.0000261600    0.0003487400
  -0.0064909200    0.0150248200    0.0117600900
  -0.0061855200   -0.0161172900    0.0111730100
  -0.0010542800   -0.0011257300    0.0003524700
  -0.0010202200    0.0011961700    0.0003447100
  -0.1505005900   -0.0772054000   -0.1751720700
   0.0114672700   -0.0165198000   -0.0593443900
  -0.0000493800   -0.0012326000   -0.0024406000
  -0.0023801300    0.0024398400   -0.0006535700
  -0.0169742100    0.0925026900   -0.1159477000
   0.0010936100   -0.0028996800   -0.0044524000
   0.0001439700   -0.0000297300   -0.0003205700
  -0.0053850700    0.0067017300   -0.0091716800
  -0.0001993300    0.0013595800   -0.0018788800
   0.0000787200    0.0000372100   -0.0003739800
   0.0001201200   -0.0000143500   -0.0002569200
  -0.0023832800    0.0000257600   -0.0011252000
  -0.0002970200   -0.0024803000   -0.0010074100
   0.0061694300   -0.0037144100   -0.0067875600
  -0.0001833400   -0.0001098700   -0.0020416500
   0.0003696200    0.0000012300   -0.0009361100
   0.0112487100    0.0165163900   -0.0582677300
  -0.1335888200    0.0670033100   -0.1569760000
  -0.0023565400   -0.0025733500   -0.0001926600
   0.0001757400    0.0013173200   -0.0020514500
  -0.0174578200   -0.0844190500   -0.1086723600
  -0.0049952700   -0.0065019900   -0.0087218100
   0.0002076700    0.0000450900   -0.0000146200
   0.0013177700    0.0029182300   -0.0041257400
  -0.0024452100   -0.0000082900   -0.0008873300
   0.0001624700    0.0000252900    0.0000125500
   0.0000743500   -0.0000778300   -0.0000514600
  -0.0000613600   -0.0015861900   -0.0014479200
  -0.0000778100    0.0001999500   -0.0017956000
   0.0063194800    0.0036674200   -0.0064493300
  -0.0002625800    0.0026521000   -0.0004966600
   0.0003702900    0.0000008900   -0.0006074400

65   
  0.0163604676486103  -0.0000000000000000   0.0251462740444539
  -0.0000137000   -0.0000000700   -0.0001133500
  -0.0000451400    0.0000552800   -0.0000406500
   0.0000246300    0.0000063700   -0.0000646900
   0.0000478600    0.0000499700   -0.0000090600
   0.0000234500   -0.0000552500   -0.0000433800
   0.0000025800    0.0000083000   -0.0000612300
  -0.0000036800   -0.0000049100   -0.0000646900
  -0.0000211900   -0.0000794200   -0.0000058700
   0.0000105800    0.0000091900   -0.0000622200
  -0.0000129900   -0.0000032900   -0.0000631600
  -0.0000027600   -0.0000156900   -0.0000672700
   0.0000024900   -0.0000200700   -0.0000839000
   0.0000577200    0.0000090900   -0.0000273000
  -0.0000806300    0.0000189800   -0.0000210500
  -0.0000026100    0.0000037300   -0.0000982300
   0.0000317000    0.0000179100   -0.0000685600
   0.0000061000    0.0000019400    0.0000539400
  -0.0000012800    0.0000003500    0.0000778500
  -0.0000015300    0.0000010300    0.0000622700
   0.0000014600    0.0000013400    0.0000413600
   0.0000001800   -0.0000008600    0.0000754300
   0.0000007700    0.0000003900    0.0000738600
  -0.0000010400   -0.0000003400    0.0000641100
   0.0000027900    0.0000078700    0.0000626000
   0.0000006300   -0.0000005300    0.0000683300
  -0.0000012500    0.0000000000    0.0000715300
   0.0000003400   -0.0000001000    0.0000768200
   0.0000031000   -0.0000014700    0.0000780100
   0.0000021200   -0.0000025800    0.0000477700
   0.0000073700   -0.0000020200    0.0000695200
   0.0000006900    0.0000024000    0.0000778900
  -0.0000060600   -0.0000055900    0.0000553400
  -0.0001067200   -0.0000492400    0.0004138700
   0.0000069400    0.0000100800    0.0003997800
   0.0000237500   -0.0000011000    0.0003998100
   0.0000944100   -0.0000658800    0.0005493900
   0.0000097500   -0.0000004700    0.0004034600
   0.0000030400    0.0000005100    0.0004059200
   0.0000104300   -0.0000190100    0.0003965600
  -0.0000254400   -0.0000437800    0.0004008800
   0.0000084000    0.0000084500    0.0004026900
  -0.0000085400    0.0000017700    0.0003968300
  -0.0000013400   -0.0000062700    0.0003987000
   0.0000104600   -0.0000007300    0.0004034000
  -0.0000216900    0.0001164200    0.0004813800
  -0.0000325700    0.0000047800    0.0003762600
   0.0000095300    0.0000076700    0.0004006400
   0.0000435600    0.0000394100    0.0004251500
   0.1568610300    0.0806427200    0.1716588000
  -0.0000720200    0.0004306700    0.0019455200
   0.0023813900   -0.0008735300    0.0004215500
  -0.0169660300    0.0198252000    0.0620024200
  -0.0006550800   -0.0023536800    0.0012193200
  -0.0003869500   -0.0000038900    0.0005992100
   0.0010190300    0.0003577900    0.0011330400
  -0.0064111800    0.0040644200    0.0063867800
   0.0016871800    0.0030683700    0.0004620500
   0.0008675300   -0.0006220900    0.0018988800
  -0.0002086500   -0.0000140000   -0.0000560000
  -0.0000374700   -0.0000874900    0.0000049100
   0.0172911000   -0.0987872100    0.1151706100
   0.0054577900   -0.0068740900    0.0086061600
  -0.0001867000    0.0000971200   -0.0000202500
  -0.0016350300    0.0027359400    0.0042251400
  -0.1957034200   -0.0018139100   -0.3640431600
   0.0124227200    0.0004459700   -0.0055927100
   0.0002472700    0.0001872400   -0.0014294600
   0.0188409000   -0.0006956600   -0.0097485600
   0.0011082900    0.0037771300   -0.0067635200
   0.0000948800   -0.0000142200   -0.0003119100
  -0.0003595200    0.0002812400   -0.0003652600
   0.0048753100   -0.0096868200   -0.0086278900
   0.0002600100   -0.0000007600   -0.0013284800
   0.0001234300   -0.0002640200   -0.0003418600
  -0.0000744500   -0.0001796500   -0.0015382700
   0.0001233300   -0.0000573800   -0.0003466000
   0.0046624300    0.0109525700   -0.0088402600
   0.0013066200   -0.0047703600   -0.0065490600
  -0.0001871700    0.0001808200   -0.0005218000
  -0.0000836300   -0.0001179700   -0.0001794600
  -0.0040517400   -0.0000018000    0.0329222700
   0.0054625200   -0.0050204700    0.0037581800
   0.0000911600   -0.0001147200   -0.0000310500
  -0.0022082700   -0.0018653800   -0.0014073700
  -0.0026701600    0.0086380200    0.0045522700
   0.0004461700    0.0002759300   -0.0011258600
   0.0000273000   -0.0000299000   -0.0008349600
  -0.0004654500    0.0016171400   -0.0021560300
  -0.0003644000    0.0002647600    0.0000236000
  -0.0000282800   -0.0002464500   -0.0009841800
  -0.0001769200   -0.0001532800   -0.0000869800
  -0.0000243500   -0.0002248500   -0.0009572400
  -0.0065476700   -0.0013712600    0.0019179000
   0.0032613200   -0.0018168200    0.0003767300
   0.0000777600   -0.0000597900   -0.0008243100
   0.0004513900    0.0002738200   -0.0010896300

65   
 -0.0163604676486103   0.0000000000000000  -0.0251462740444539
   0.0000145600   -0.0000003100    0.0000307500
   0.0000401000   -0.0000546100   -0.0000619100
  -0.0000240300   -0.0000065800   -0.0000343300
  -0.0000482500   -0.0000500000   -0.0000926200
  -0.0000254900    0.0000500400   -0.0000576100
  -0.0000015600   -0.0000078800   -0.0000380700
   0.0000035400    0.0000049700   -0.0000348500
   0.0000205300    0.0000777000   -0.0000958900
  -0.0000084600   -0.0000081100   -0.0000365000
   0.0000112000    0.0000031600   -0.0000366100
   0.0000006700    0.0000144600   -0.0000323300
  -0.0000025600    0.0000196800   -0.0000184700
  -0.0000563500   -0.0000082100   -0.0000725700
   0.0000781700   -0.0000161300   -0.0000802900
   0.0000028200   -0.0000025300   -0.0000035700
  -0.0000316400   -0.0000157700   -0.0000327100
  -0.0000061000   -0.0000026800    0.0000673700
   0.0000017900   -0.0000000300    0.0000462400
   0.0000011800   -0.0000016400    0.0000605500
  -0.0000010800    0.0000001000    0.0000809100
   0.0000009000    0.0000010900    0.0000473000
  -0.0000012300    0.0000004000    0.0000498500
   0.0000022000   -0.0000003100    0.0000590500
  -0.0000038100   -0.0000080900    0.0000606100
  -0.0000001200    0.0000009200    0.0000551300
   0.0000008600   -0.0000003800    0.0000515400
   0.0000001400    0.0000008300    0.0000467800
  -0.0000032300    0.0000017700    0.0000454400
  -0.0000024300    0.0000031300    0.0000742700
  -0.0000072600    0.0000026400    0.0000538900
  -0.0000004100   -0.0000015900    0.0000466900
   0.0000064800    0.0000054900    0.0000675300
   0.0001078900    0.0000491600    0.0004054200
  -0.0000080600   -0.0000096000    0.0004122300
  -0.0000233000    0.0000007600    0.0004125300
  -0.0001000500    0.0000716500    0.0002515800
  -0.0000095900   -0.0000005400    0.0004094800
  -0.0000035100    0.0000005100    0.0004057800
  -0.0000094000    0.0000178700    0.0004156400
   0.0000256900    0.0000436100    0.0004126200
  -0.0000072700   -0.0000070700    0.0004088500
   0.0000073000   -0.0000016700    0.0004157600
   0.0000027100    0.0000070800    0.0004131100
  -0.0000107000    0.0000010900    0.0004084100
   0.0000221600   -0.0001196300    0.0003283500
   0.0000323600   -0.0000031700    0.0004362200
  -0.0000088600   -0.0000073300    0.0004101900
  -0.0000433300   -0.0000402500    0.0003880500
  -0.1385729200   -0.0700923600   -0.1525614200
   0.0004190200   -0.0004441000   -0.0018460600
  -0.0027240900    0.0008929300   -0.0002191100
   0.0170077900   -0.0197093100   -0.0623827200
   0.0007173100    0.0025195400   -0.0010959800
   0.0003507500   -0.0000035200   -0.0004764200
  -0.0011773500   -0.0001156600   -0.0009882900
   0.0060652200   -0.0042315400   -0.0063871600
  -0.0018565600   -0.0032130100   -0.0002776100
  -0.0006495400    0.0003688600   -0.0017957900
   0.0001431800   -0.0000135000    0.0001165100
   0.0000375100    0.0000717200    0.0000817000
  -0.0171603600    0.0911932900   -0.1089088100
  -0.0057043600    0.0067755200   -0.0083304500
   0.0001642100   -0.0000633700    0.0001042500
   0.0015686000   -0.0026157000   -0.0043876500
   0.1786017900   -0.0015090900    0.3371274600
  -0.0120836300   -0.0003067900    0.0045097200
  -0.0001892800   -0.0001936800    0.0006715100
  -0.0191664700    0.0007065900    0.0091599400
  -0.0012609300   -0.0040246700    0.0057218700
  -0.0001233800    0.0000002000   -0.0004282900
   0.0004067500   -0.0003022100   -0.0003513700
  -0.0048150100    0.0094892600    0.0078920400
  -0.0002459500    0.0000390400    0.0005583500
  -0.0001201200    0.0003050900   -0.0003931400
   0.0000791000    0.0001617300    0.0007771800
  -0.0001200200    0.0000581200   -0.0003974300
  -0.0044555000   -0.0106943800    0.0080485600
  -0.0016208800    0.0048480700    0.0055685600
   0.0001862500   -0.0001755600   -0.0002505600
   0.0000897200    0.0001223900   -0.0005514600
   0.0038495800   -0.0000008300   -0.0314415200
  -0.0054403000    0.0051119300   -0.0037871500
  -0.0000686300    0.0000903700   -0.0001092500
   0.0023838800    0.0020073100    0.0011279300
   0.0026014000   -0.0083078200   -0.0044305000
  -0.0004662300   -0.0002931500    0.0009320400
  -0.0000327400    0.0000468700    0.0006783500
   0.0004220800   -0.0018713200    0.0018119600
   0.0003404000   -0.0002344900   -0.0001766300
   0.0000450900    0.0002457100    0.0008008800
   0.0001731600    0.0001415300   -0.0000422000
   0.0000465800    0.0002718900    0.0008297800
   0.0064669500    0.0013660200   -0.0020189000
  -0.0036000100    0.0018606100   -0.0006930500
   0.0000195700    0.0000146700    0.0006878500
  -0.0004667700   -0.0002972200    0.0009726900

81   
  0.0163604676486103  -0.0000000000000000   0.0251462740444539
   0.0000011200   -0.0000001600   -0.0000516200
   0.0000149400   -0.0000115200   -0.0000520400
  -0.0000002000   -0.0000068500   -0.0000640700
  -0.0000131500   -0.0000104700   -0.0000598700
  -0.0000023700    0.0000166800   -0.0000496500
   0.0000011400   -0.0000000800   -0.0000635000
  -0.0000020500    0.0000015900   -0.0000603800
   0.0000022700    0.0000174400   -0.0000622900
  -0.0000040900    0.0000030700   -0.0000636500
   0.0000001200   -0.0000013600   -0.0000619600
   0.0000058600    0.0000036200   -0.0000646200
  -0.0000009600    0.0000037200   -0.0000583800
  -0.0000145800   -0.0000064300   -0.0000536200
   0.0000172600   -0.0000071900   -0.0000582500
   0.0000034500   -0.0000020000   -0.0000545900
  -0.0000032500   -0.0000004100   -0.0000618900
   0.0000001300   -0.0000003900    0.0000726500
   0.0000025000   -0.0000006600    0.0000653300
   0.0000021000   -0.0000014000    0.0000659600
   0.0000007200    0.0000002900    0.0000741600
   0.0000009700    0.0000013100    0.0000649700
   0.0000017200    0.0000003100    0.0000633800
   0.0000025800   -0.0000001900    0.0000659500
  -0.0000008500    0.0000007200    0.0000655900
   0.0000004900    0.0000012700    0.0000659200
   0.0000018900   -0.0000005400    0.0000653300
   0.0000015900    0.0000007000    0.0000631600
   0.0000002700    0.0000004500    0.0000636200
  -0.0000001800    0.0000005400    0.0000735300
   0.0000018000   -0.0000007500    0.0000654000
   0.0000009600   -0.0000004600    0.0000638500
   0.0000002900    0.0000003300    0.0000660200
   0.0000060700    0.0000005600    0.0004154700
   0.0000038900    0.0000011600    0.0004134600
  -0.0000084300    0.0000025500    0.0004139700
   0.0000022700    0.0000019700    0.0004056000
   0.0000054600    0.0000027400    0.0004138800
   0.0000009200    0.0000003800    0.0004173800
  -0.0000037600    0.0000059700    0.0004138200
   0.0000008900    0.0000075700    0.0004089900
   0.0000001900   -0.0000078300    0.0004134600
   0.0000026300   -0.0000046000    0.0004139000
   0.0000019000    0.0000018900    0.0004184800
  -0.0000000400   -0.0000004000    0.0004193700
   0.0000042000   -0.0000019600    0.0004105600
   0.0000069500   -0.0000026800    0.0004173600
  -0.0000008000   -0.0000007800    0.0004185500
  -0.0000063900   -0.0000044800    0.0004002900
  -0.0170214800   -0.0197332800    0.0625357200
   0.0027313400    0.0008904800    0.0002694500
  -0.0004131100   -0.0004356700    0.0019055500
   0.1386434500   -0.0701181300    0.1527464000
   0.0011791400   -0.0001263200    0.0010461400
  -0.0003575100   -0.0000035600    0.0005466100
  -0.0007212800    0.0025279800    0.0011488400
  -0.0060800800   -0.0042036700    0.0064538400
   0.0006676800    0.0003754400    0.0018579800
   0.0018699200   -0.0032236600    0.0003256700
  -0.0000415700    0.0000700400   -0.0000239200
  -0.0001501600   -0.0000104900   -0.0000486800
   0.0171871100    0.0912424600    0.1090789500
  -0.0015494400   -0.0026351000    0.0044596100
  -0.0001657600   -0.0000650300   -0.0000415600
   0.0056751100    0.0067674400    0.0083927000
  -0.0038492300   -0.0000009300    0.0310019500
  -0.0023831300    0.0020163800   -0.0015716100
   0.0000684300    0.0000970900   -0.0003336800
   0.0054392200    0.0051154600    0.0033444600
  -0.0004142600   -0.0018722600   -0.0022520800
   0.0000356900    0.0000481500   -0.0011193500
   0.0004649200   -0.0002919100   -0.0013802300
  -0.0026053200   -0.0083115500    0.0039842900
  -0.0001678600    0.0001385100   -0.0003972900
  -0.0000443000    0.0002433400   -0.0012456300
  -0.0003466000   -0.0002377900   -0.0002700500
  -0.0000481400    0.0002653300   -0.0012719200
   0.0036023500    0.0018557000    0.0002532700
  -0.0064747500    0.0013633700    0.0015720400
   0.0004596400   -0.0002938400   -0.0014164900
  -0.0000153700    0.0000181900   -0.0011288500
  -0.1786286200   -0.0015065000   -0.3379183600
   0.0191532200    0.0007153100   -0.0096198900
   0.0001970200   -0.0002047800   -0.0011125700
   0.0120683200   -0.0003281800   -0.0049678400
   0.0048052100    0.0094722600   -0.0083544200
  -0.0004051200   -0.0003013200   -0.0000949700
   0.0001316800   -0.0000048500   -0.0000026100
   0.0012609700   -0.0040003700   -0.0061769200
  -0.0000905100    0.0001723500   -0.0012248500
   0.0001199700    0.0003088400   -0.0000453600
   0.0002542900    0.0000390300   -0.0009928600
   0.0001197700    0.0000720200   -0.0000409000
   0.0016106000    0.0048601100   -0.0060302400
   0.0044562600   -0.0107018900   -0.0085047300
  -0.0000727500    0.0001122600    0.0001153600
  -0.0001934200   -0.0001797200   -0.0001899800

81   
 -0.0163604676486103   0.0000000000000000  -0.0251462740444539
   0.0000022600   -0.0000003700   -0.0000291400
  -0.0000158300    0.0000113400   -0.0000450100
  -0.0000012500    0.0000054300   -0.0000321400
   0.0000127300    0.0000117600   -0.0000380000
   0.0000023600   -0.0000180900   -0.0000472500
  -0.0000010500   -0.0000006600   -0.0000331500
   0.0000011700   -0.0000006200   -0.0000358600
  -0.0000036300   -0.0000191700   -0.0000356700
   0.0000042100   -0.0000023200   -0.0000330100
  -0.0000004800    0.0000012400   -0.0000345400
  -0.0000074100   -0.0000032400   -0.0000314300
   0.0000001000   -0.0000027900   -0.0000386600
   0.0000160700    0.0000051700   -0.0000439100
  -0.0000187600    0.0000079300   -0.0000389200
  -0.0000035700    0.0000025900   -0.0000414100
   0.0000010300    0.0000011400   -0.0000355700
  -0.0000001800   -0.0000003900    0.0000499500
  -0.0000028300    0.0000010700    0.0000580500
  -0.0000025100    0.0000009500    0.0000574900
  -0.0000006800    0.0000007200    0.0000492100
  -0.0000004000   -0.0000013000    0.0000578500
  -0.0000021500    0.0000004700    0.0000602000
  -0.0000023300   -0.0000005500    0.0000572900
  -0.0000003100   -0.0000005200    0.0000578200
  -0.0000003600   -0.0000009400    0.0000580400
  -0.0000030100    0.0000001800    0.0000576400
  -0.0000012600    0.0000002900    0.0000598500
  -0.0000004500   -0.0000003900    0.0000596200
  -0.0000000900   -0.0000000300    0.0000498300
  -0.0000016000    0.0000011100    0.0000581700
  -0.0000013300    0.0000009600    0.0000601500
  -0.0000005500   -0.0000003600    0.0000579600
  -0.0000061300   -0.0000015300    0.0003973900
  -0.0000043400   -0.0000006600    0.0003982400
   0.0000080100   -0.0000029500    0.0003978700
  -0.0000016500   -0.0000008900    0.0004056100
  -0.0000047300   -0.0000028700    0.0003984800
  -0.0000014300    0.0000005300    0.0003943200
   0.0000044200   -0.0000064300    0.0003980400
  -0.0000020600   -0.0000073600    0.0004030800
   0.0000002000    0.0000080300    0.0003976900
  -0.0000034800    0.0000045000    0.0003981600
  -0.0000014100   -0.0000006900    0.0003936900
  -0.0000003500    0.0000004500    0.0003924600
  -0.0000039500    0.0000028900    0.0004014000
  -0.0000067900    0.0000031200    0.0003940800
   0.0000002300    0.0000011300    0.0003927000
   0.0000060900    0.0000045300    0.0004113700
   0.0169783200    0.0198472000   -0.0620290200
  -0.0023904500   -0.0008713300   -0.0003523500
   0.0000646800    0.0004217300   -0.0018859800
  -0.1569370900    0.0806710900   -0.1717230900
  -0.0010227400    0.0003680900   -0.0010702200
   0.0003918700   -0.0000037000   -0.0005511800
   0.0006583900   -0.0023621400   -0.0011528100
   0.0064221600    0.0040378900   -0.0063330000
  -0.0008870000   -0.0006286100   -0.0018408200
  -0.0017018500    0.0030794300   -0.0003906700
   0.0000407600   -0.0000854600    0.0000570800
   0.0002139900   -0.0000178600    0.0001086700
  -0.0173176400   -0.0988376400   -0.1152150500
   0.0016154100    0.0027537100   -0.0041747600
   0.0001860000    0.0000981000    0.0000774100
  -0.0054313200   -0.0068651500   -0.0085482700
   0.0040519600   -0.0000017600   -0.0333627300
   0.0022062300   -0.0018730800    0.0009634000
  -0.0000920600   -0.0001211500   -0.0004140700
  -0.0054623200   -0.0050231100   -0.0042039000
   0.0004571400    0.0016174600    0.0017085900
  -0.0000315200   -0.0000309900    0.0003876700
  -0.0004462300    0.0002748100    0.0006856900
   0.0026718500    0.0086410200   -0.0049943700
   0.0001701400   -0.0001497100   -0.0003618800
   0.0000259800   -0.0002440000    0.0005403200
   0.0003689000    0.0002679300   -0.0004650200
   0.0000245400   -0.0002185500    0.0005111800
  -0.0032639300   -0.0018118100   -0.0008252500
   0.0065528000   -0.0013690800   -0.0023593400
  -0.0004458200    0.0002708000    0.0006446600
  -0.0000831400   -0.0000628900    0.0003764300
   0.1958208500   -0.0018093000    0.3636296200
  -0.0188301600   -0.0007041300    0.0093198300
  -0.0002564700    0.0001985300    0.0009826700
  -0.0124100000    0.0004671000    0.0051632900
  -0.0048674500   -0.0096718000    0.0082026000
   0.0003561200    0.0002797600   -0.0000763400
  -0.0001038300   -0.0000097600   -0.0001458300
  -0.0011093700    0.0037532900    0.0063309600
   0.0000847600   -0.0001908700    0.0010976100
  -0.0001245700   -0.0002674200   -0.0001077600
  -0.0002701300   -0.0000013300    0.0008749200
  -0.0001244800   -0.0000713900   -0.0001027300
  -0.0012973200   -0.0047826900    0.0061232100
  -0.0046646800    0.0109600300    0.0084079400
   0.0000652500   -0.0001082800   -0.0002715700
   0.0001929700    0.0001846100    0.0000742400
