   3   48
1 1
    20.303854749045236     0.000000000000000     0.000000000000000
     0.000000000000000    20.303854749045236     0.000000000000000
     0.000000000000000     0.000000000000000    25.035828053417116
1 2
    -0.239725261288274    -0.899071400502053     0.000000000000000
     0.899071400502054    -0.358960265660956     0.000000000000000
     0.000000000000000     0.000000000000000     0.534249323207216
1 3
    -0.264612508890171     0.000000000000000     0.000000000000000
     0.000000000000000     0.068449361455966     0.000000000000000
     0.000000000000000     0.000000000000000    -0.096521926833948
1 4
    -0.239725261288274     0.899071400502054     0.000000000000000
    -0.899071400502053    -0.358960265660956     0.000000000000000
     0.000000000000000     0.000000000000000     0.534249323207216
1 5
    -0.329151514567786     0.950701671905599     0.000000000000000
    -0.847441129098508    -0.269534012381445     0.000000000000000
     0.000000000000000     0.000000000000000     0.534249323207216
1 6
    -0.069471346233745     0.061782342255493     0.000000000000000
     0.061782342255493    -0.140811450098494     0.000000000000000
     0.000000000000000     0.000000000000000     0.000774127609672
1 7
    -0.069471346233745    -0.061782342255493     0.000000000000000
    -0.061782342255493    -0.140811450098494     0.000000000000000
     0.000000000000000     0.000000000000000     0.000774127609672
1 8
    -0.329151514567785    -0.950701671905599     0.000000000000000
     0.847441129098508    -0.269534012381445     0.000000000000000
     0.000000000000000     0.000000000000000     0.534249323207216
1 9
    -0.014816106130568    -0.144220020375857     0.000000000000000
    -0.144220020375857    -0.181347041303636     0.000000000000000
     0.000000000000000     0.000000000000000    -0.096521926833948
1 10
    -0.176481502030869     0.000000000000000     0.000000000000000
     0.000000000000000    -0.033801294301370     0.000000000000000
     0.000000000000000     0.000000000000000     0.000774127609672
1 11
    -0.014816106130568     0.144220020375857     0.000000000000000
     0.144220020375857    -0.181347041303636     0.000000000000000
     0.000000000000000     0.000000000000000    -0.096521926833948
1 12
    -0.176481502030869     0.000000000000000     0.000000000000000
     0.000000000000000    -0.033801294301370     0.000000000000000
     0.000000000000000     0.000000000000000     0.000774127609672
1 13
    -0.329151514567786    -0.847441129098508     0.000000000000000
     0.950701671905599    -0.269534012381445     0.000000000000000
     0.000000000000000     0.000000000000000     0.534249323207216
1 14
    -0.329151514567785     0.847441129098508     0.000000000000000
    -0.950701671905599    -0.269534012381445     0.000000000000000
     0.000000000000000     0.000000000000000     0.534249323207216
1 15
    -0.069471346233745    -0.061782342255493     0.000000000000000
    -0.061782342255493    -0.140811450098494     0.000000000000000
     0.000000000000000     0.000000000000000     0.000774127609672
1 16
    -0.069471346233745     0.061782342255493     0.000000000000000
     0.061782342255493    -0.140811450098494     0.000000000000000
     0.000000000000000     0.000000000000000     0.000774127609672
1 17
    -3.867591366250525    -1.595491095260378     3.081969010501777
    -1.595491095260382    -2.025276939574058     1.779375637847287
     2.903129653062112     1.676122686687797    -4.297173356465032
1 18
    -0.048189188981534     0.107797355983187    -0.037609272615956
    -0.030496533072662    -0.021077052599132    -0.021182121945914
     0.035879242564208    -0.021342725336588    -0.059452809948139
1 19
    -0.048189188981534    -0.107797355983187     0.037609272615956
     0.030496533072662    -0.021077052599132    -0.021182121945914
    -0.035879242564208    -0.021342725336588    -0.059452809948139
1 20
    -3.867591366250522     1.595491095260382    -3.081969010501779
     1.595491095260382    -2.025276939574058     1.779375637847286
    -2.903129653062114     1.676122686687796    -4.297173356465026
1 21
     0.005617151492246    -0.061561638229307    -0.037148892019200
     0.076732250826542    -0.074883393072912    -0.021979524530315
    -0.000543721045375     0.041743698197442    -0.059452809948139
1 22
     0.027680578947392     0.000000000000000     0.000000000000000
     0.000000000000000     0.027680578947392     0.000000000000000
     0.000000000000000     0.000000000000000    -0.019618719087874
1 23
     0.005617151492246     0.061561638229307     0.037148892019200
    -0.076732250826542    -0.074883393072912    -0.021979524530315
     0.000543721045375     0.041743698197442    -0.059452809948139
1 24
     0.369558710401297     0.000000000000000     0.000000000000000
     0.000000000000000    -0.247509916250068     0.128507075131419
     0.000000000000000     0.161706493802590    -0.238377593659104
1 25
    -0.061327324881711     0.038081839371279     0.000460380596756
    -0.100212049684570    -0.007938916698955     0.043161646476230
    -0.036422963609583    -0.020400972860854    -0.059452809948139
1 26
    -0.061327324881711    -0.038081839371279    -0.000460380596756
     0.100212049684570    -0.007938916698955     0.043161646476230
     0.036422963609583    -0.020400972860854    -0.059452809948139
1 27
     0.013188283465149    -0.003135031524886    -0.006723583958033
    -0.003135031524886     0.016808306054771    -0.003881863008090
    -0.000969759576871    -0.000559890952756     0.001595646746937
1 28
     0.013188283465149     0.003135031524886     0.006723583958033
     0.003135031524886     0.016808306054771    -0.003881863008090
     0.000969759576871    -0.000559890952756     0.001595646746937
1 29
    -1.104119726235825     0.000000000000000     0.000000000000000
     0.000000000000000    -4.788748579588754    -3.558751275694573
     0.000000000000000    -3.352245373375593    -4.297173356465028
1 30
    -0.093242759587227     0.267198553279228     0.111290391629845
     0.267198553279229     0.215291553738456    -0.064253537565710
     0.140041931589954    -0.080853246901295    -0.238377593659104
1 31
     0.018618317349582     0.000000000000000     0.000000000000000
     0.000000000000000     0.011378272170338     0.007763726016179
     0.000000000000000     0.001119781905511     0.001595646746937
1 32
    -0.093242759587227    -0.267198553279229    -0.111290391629844
    -0.267198553279229     0.215291553738456    -0.064253537565710
    -0.140041931589954    -0.080853246901295    -0.238377593659104
1 33
    -3.867591366250522    -1.595491095260382    -3.081969010501779
    -1.595491095260382    -2.025276939574058    -1.779375637847286
    -2.903129653062114    -1.676122686687796    -4.297173356465028
1 34
    -0.048189188981534     0.107797355983187     0.037609272615956
    -0.030496533072662    -0.021077052599132     0.021182121945914
    -0.035879242564208     0.021342725336588    -0.059452809948139
1 35
    -0.048189188981534    -0.107797355983187    -0.037609272615956
     0.030496533072662    -0.021077052599132     0.021182121945914
     0.035879242564208     0.021342725336588    -0.059452809948139
1 36
    -3.867591366250522     1.595491095260382     3.081969010501779
     1.595491095260382    -2.025276939574058    -1.779375637847286
     2.903129653062114    -1.676122686687796    -4.297173356465028
1 37
     0.005617151492246    -0.061561638229307     0.037148892019200
     0.076732250826542    -0.074883393072912     0.021979524530315
     0.000543721045375    -0.041743698197442    -0.059452809948139
1 38
     0.027680578947392     0.000000000000000     0.000000000000000
     0.000000000000000     0.027680578947392     0.000000000000000
     0.000000000000000     0.000000000000000    -0.019618719087874
1 39
     0.005617151492246     0.061561638229307    -0.037148892019200
    -0.076732250826542    -0.074883393072912     0.021979524530315
    -0.000543721045375    -0.041743698197442    -0.059452809948139
1 40
     0.369558710401297     0.000000000000000     0.000000000000000
     0.000000000000000    -0.247509916250068    -0.128507075131419
     0.000000000000000    -0.161706493802590    -0.238377593659104
1 41
    -0.061327324881711     0.038081839371279    -0.000460380596756
    -0.100212049684570    -0.007938916698955    -0.043161646476230
     0.036422963609583     0.020400972860854    -0.059452809948139
1 42
    -0.061327324881711    -0.038081839371279     0.000460380596756
     0.100212049684570    -0.007938916698955    -0.043161646476230
    -0.036422963609583     0.020400972860854    -0.059452809948139
1 43
     0.013188283465149    -0.003135031524886     0.006723583958033
    -0.003135031524886     0.016808306054771     0.003881863008090
     0.000969759576871     0.000559890952756     0.001595646746937
1 44
     0.013188283465149     0.003135031524886    -0.006723583958033
     0.003135031524886     0.016808306054771     0.003881863008090
    -0.000969759576871     0.000559890952756     0.001595646746937
1 45
    -1.104119726235826     0.000000000000000     0.000000000000000
     0.000000000000000    -4.788748579588755     3.558751275694573
     0.000000000000000     3.352245373375593    -4.297173356465028
1 46
    -0.093242759587227     0.267198553279229    -0.111290391629844
     0.267198553279229     0.215291553738456     0.064253537565710
    -0.140041931589954     0.080853246901295    -0.238377593659104
1 47
     0.018618317349582     0.000000000000000     0.000000000000000
     0.000000000000000     0.011378272170338    -0.007763726016179
     0.000000000000000    -0.001119781905511     0.001595646746937
1 48
    -0.093242759587227    -0.267198553279229     0.111290391629845
    -0.267198553279229     0.215291553738456     0.064253537565710
     0.140041931589954     0.080853246901295    -0.238377593659104
17 1
    -3.867591366250525    -1.595491095260382     2.903129653062112
    -1.595491095260378    -2.025276939574058     1.676122686687797
     3.081969010501777     1.779375637847287    -4.297173356465032
17 2
    -3.867591366250522     1.595491095260382    -2.903129653062114
     1.595491095260382    -2.025276939574058     1.676122686687796
    -3.081969010501779     1.779375637847286    -4.297173356465026
17 3
    -0.048189188981534     0.030496533072662    -0.035879242564208
    -0.107797355983187    -0.021077052599132    -0.021342725336588
     0.037609272615956    -0.021182121945914    -0.059452809948139
17 4
    -0.048189188981534    -0.030496533072662     0.035879242564208
     0.107797355983187    -0.021077052599132    -0.021342725336588
    -0.037609272615956    -0.021182121945914    -0.059452809948139
17 5
    -1.104119726235825     0.000000000000000     0.000000000000000
     0.000000000000000    -4.788748579588754    -3.352245373375593
     0.000000000000000    -3.558751275694573    -4.297173356465028
17 6
    -0.093242759587227    -0.267198553279229    -0.140041931589954
    -0.267198553279229     0.215291553738456    -0.080853246901295
    -0.111290391629844    -0.064253537565710    -0.238377593659104
17 7
     0.018618317349582     0.000000000000000     0.000000000000000
     0.000000000000000     0.011378272170338     0.001119781905511
     0.000000000000000     0.007763726016179     0.001595646746937
17 8
    -0.093242759587227     0.267198553279229     0.140041931589954
     0.267198553279228     0.215291553738456    -0.080853246901295
     0.111290391629845    -0.064253537565710    -0.238377593659104
17 9
    -0.061327324881711    -0.100212049684570    -0.036422963609583
     0.038081839371279    -0.007938916698955    -0.020400972860854
     0.000460380596756     0.043161646476230    -0.059452809948139
17 10
     0.013188283465149     0.003135031524886     0.000969759576871
     0.003135031524886     0.016808306054771    -0.000559890952756
     0.006723583958033    -0.003881863008090     0.001595646746937
17 11
     0.013188283465149    -0.003135031524886    -0.000969759576871
    -0.003135031524886     0.016808306054771    -0.000559890952756
    -0.006723583958033    -0.003881863008090     0.001595646746937
17 12
    -0.061327324881711     0.100212049684570     0.036422963609583
    -0.038081839371279    -0.007938916698955    -0.020400972860854
    -0.000460380596756     0.043161646476230    -0.059452809948139
17 13
     0.005617151492246     0.076732250826542    -0.000543721045375
    -0.061561638229307    -0.074883393072912     0.041743698197442
    -0.037148892019200    -0.021979524530315    -0.059452809948139
17 14
     0.369558710401297     0.000000000000000     0.000000000000000
     0.000000000000000    -0.247509916250068     0.161706493802590
     0.000000000000000     0.128507075131419    -0.238377593659104
17 15
     0.005617151492246    -0.076732250826542     0.000543721045375
     0.061561638229307    -0.074883393072912     0.041743698197442
     0.037148892019200    -0.021979524530315    -0.059452809948139
17 16
     0.027680578947392     0.000000000000000     0.000000000000000
     0.000000000000000     0.027680578947392     0.000000000000000
     0.000000000000000     0.000000000000000    -0.019618719087874
17 17
     9.940935255051379     0.000000000000000     0.000000000000000
     0.000000000000000     9.940935255051381     0.000000000000000
     0.000000000000000     0.000000000000000    13.837939234815847
17 18
    -0.783620129125083     0.029956572750057    -0.124866279944214
    -0.029956572750057     0.101072295574456    -0.005270777645783
     0.124866279944214    -0.005270777645783     0.281744000702076
17 19
     0.010247193764191     0.000000000000000     0.000000000000000
     0.000000000000000     0.018154393219002     0.011506746553306
     0.000000000000000     0.011506746553306     0.036690812000567
17 20
    -0.783620129125083    -0.029956572750057     0.124866279944214
     0.029956572750057     0.101072295574456    -0.005270777645783
    -0.124866279944214    -0.005270777645783     0.281744000702076
17 21
    -0.120100810600429    -0.413039629912783    -0.066997767311055
    -0.353126484412669    -0.562447022950198    -0.105501981684857
     0.057868512633159     0.110772759330641     0.281744000702075
17 22
     0.030955325495718     0.008144573740295     0.008750808700945
     0.008144573740295     0.021550781812930     0.005052281759117
    -0.000075742894530    -0.000043730180546    -0.005616582687279
17 23
     0.030955325495718    -0.008144573740295    -0.008750808700945
    -0.008144573740295     0.021550781812930     0.005052281759117
     0.000075742894530    -0.000043730180546    -0.005616582687279
17 24
    -0.120100810600429     0.413039629912783     0.066997767311055
     0.353126484412669    -0.562447022950198    -0.105501981684857
    -0.057868512633159     0.110772759330641     0.281744000702075
17 25
     0.016177593355299    -0.003423917800328     0.009965134830072
    -0.003423917800328     0.012223993627894    -0.005753373276653
     0.009965134830072    -0.005753373276653     0.036690812000567
17 26
     0.016848509971536     0.000000000000000     0.000000000000000
     0.000000000000000     0.035657597337112    -0.010104563518235
     0.000000000000000     0.000087460361092    -0.005616582687279
17 27
     0.016177593355299     0.003423917800328    -0.009965134830072
     0.003423917800328     0.012223993627894    -0.005753373276653
    -0.009965134830072    -0.005753373276653     0.036690812000567
17 28
     0.016848509971536     0.000000000000000     0.000000000000000
     0.000000000000000     0.035657597337112     0.000087460361092
     0.000000000000000    -0.010104563518235    -0.005616582687279
17 29
    -0.120100810600429    -0.353126484412669     0.057868512633159
    -0.413039629912783    -0.562447022950198     0.110772759330641
    -0.066997767311055    -0.105501981684857     0.281744000702075
17 30
    -0.120100810600429     0.353126484412669    -0.057868512633159
     0.413039629912783    -0.562447022950198     0.110772759330641
     0.066997767311055    -0.105501981684857     0.281744000702075
17 31
     0.030955325495718    -0.008144573740295     0.000075742894530
    -0.008144573740295     0.021550781812930    -0.000043730180546
    -0.008750808700945     0.005052281759117    -0.005616582687279
17 32
     0.030955325495718     0.008144573740295    -0.000075742894530
     0.008144573740295     0.021550781812930    -0.000043730180546
     0.008750808700945     0.005052281759117    -0.005616582687279
17 33
     0.242359881256555     0.000000000000000     0.000000000000000
     0.000000000000000     0.242359881256555     0.000000000000000
     0.000000000000000     0.000000000000000    -1.506847036224269
17 34
    -0.090486869820498    -0.103762787489388    -0.141868157011253
     0.103762787489388     0.182656770833755     0.131216461100282
    -0.141868157011253    -0.131216461100282    -0.038372966363784
17 35
     0.013918124220304     0.000000000000000     0.000000000000000
     0.000000000000000     0.045157889285722    -0.002240069926303
     0.000000000000000     0.002240069926303    -0.008946497597644
17 36
    -0.090486869820498     0.103762787489388     0.141868157011253
    -0.103762787489388     0.182656770833755     0.131216461100282
     0.141868157011253    -0.131216461100282    -0.038372966363784
17 37
     0.114370860670191    -0.014511878354988     0.042702710201910
    -0.222037453333763    -0.022200959656935    -0.188469658509965
    -0.184570867213163    -0.057253197409683    -0.038372966363784
17 38
     0.011555206829557    -0.006098327658608    -0.007486208338938
    -0.006098327658608     0.018596949060164    -0.004322164399695
     0.001313969717297     0.000758620769988     0.022891606200313
17 39
     0.011555206829557     0.006098327658608     0.007486208338938
     0.006098327658608     0.018596949060164    -0.004322164399695
    -0.001313969717297     0.000758620769988     0.022891606200313
17 40
     0.114370860670191     0.014511878354988    -0.042702710201910
     0.222037453333763    -0.022200959656935    -0.188469658509965
     0.184570867213163    -0.057253197409683    -0.038372966363784
17 41
     0.037347948019367    -0.013527215077455    -0.001939957462432
    -0.013527215077455     0.021728065486658     0.001120034963151
     0.001939957462432    -0.001120034963151    -0.008946497597644
17 42
     0.022117820175468     0.000000000000000     0.000000000000000
     0.000000000000000     0.008034335714253     0.008644328799391
     0.000000000000000    -0.001517241539977     0.022891606200313
17 43
     0.037347948019367     0.013527215077455     0.001939957462432
     0.013527215077455     0.021728065486658     0.001120034963151
    -0.001939957462432    -0.001120034963151    -0.008946497597644
17 44
     0.022117820175468     0.000000000000000     0.000000000000000
     0.000000000000000     0.008034335714253     0.001517241539977
     0.000000000000000    -0.008644328799391     0.022891606200313
17 45
     0.114370860670191    -0.222037453333763     0.184570867213163
    -0.014511878354988    -0.022200959656935     0.057253197409683
    -0.042702710201910     0.188469658509965    -0.038372966363784
17 46
     0.114370860670191     0.222037453333763    -0.184570867213163
     0.014511878354988    -0.022200959656935     0.057253197409683
     0.042702710201910     0.188469658509965    -0.038372966363784
17 47
     0.011555206829557     0.006098327658608     0.001313969717297
     0.006098327658608     0.018596949060164    -0.000758620769988
    -0.007486208338938     0.004322164399695     0.022891606200313
17 48
     0.011555206829557    -0.006098327658608    -0.001313969717297
    -0.006098327658608     0.018596949060164    -0.000758620769988
     0.007486208338938     0.004322164399695     0.022891606200313
33 1
    -3.867591366250522    -1.595491095260382    -2.903129653062114
    -1.595491095260382    -2.025276939574058    -1.676122686687796
    -3.081969010501779    -1.779375637847286    -4.297173356465028
33 2
    -3.867591366250522     1.595491095260382     2.903129653062114
     1.595491095260382    -2.025276939574058    -1.676122686687796
     3.081969010501779    -1.779375637847286    -4.297173356465028
33 3
    -0.048189188981534     0.030496533072662     0.035879242564208
    -0.107797355983187    -0.021077052599132     0.021342725336588
    -0.037609272615956     0.021182121945914    -0.059452809948139
33 4
    -0.048189188981534    -0.030496533072662    -0.035879242564208
     0.107797355983187    -0.021077052599132     0.021342725336588
     0.037609272615956     0.021182121945914    -0.059452809948139
33 5
    -1.104119726235826     0.000000000000000     0.000000000000000
     0.000000000000000    -4.788748579588755     3.352245373375593
     0.000000000000000     3.558751275694573    -4.297173356465028
33 6
    -0.093242759587227    -0.267198553279229     0.140041931589954
    -0.267198553279229     0.215291553738456     0.080853246901295
     0.111290391629845     0.064253537565710    -0.238377593659104
33 7
     0.018618317349582     0.000000000000000     0.000000000000000
     0.000000000000000     0.011378272170338    -0.001119781905511
     0.000000000000000    -0.007763726016179     0.001595646746937
33 8
    -0.093242759587227     0.267198553279229    -0.140041931589954
     0.267198553279229     0.215291553738456     0.080853246901295
    -0.111290391629844     0.064253537565710    -0.238377593659104
33 9
    -0.061327324881711    -0.100212049684570     0.036422963609583
     0.038081839371279    -0.007938916698955     0.020400972860854
    -0.000460380596756    -0.043161646476230    -0.059452809948139
33 10
     0.013188283465149     0.003135031524886    -0.000969759576871
     0.003135031524886     0.016808306054771     0.000559890952756
    -0.006723583958033     0.003881863008090     0.001595646746937
33 11
     0.013188283465149    -0.003135031524886     0.000969759576871
    -0.003135031524886     0.016808306054771     0.000559890952756
     0.006723583958033     0.003881863008090     0.001595646746937
33 12
    -0.061327324881711     0.100212049684570    -0.036422963609583
    -0.038081839371279    -0.007938916698955     0.020400972860854
     0.000460380596756    -0.043161646476230    -0.059452809948139
33 13
     0.005617151492246     0.076732250826542     0.000543721045375
    -0.061561638229307    -0.074883393072912    -0.041743698197442
     0.037148892019200     0.021979524530315    -0.059452809948139
33 14
     0.369558710401297     0.000000000000000     0.000000000000000
     0.000000000000000    -0.247509916250068    -0.161706493802590
     0.000000000000000    -0.128507075131419    -0.238377593659104
33 15
     0.005617151492246    -0.076732250826542    -0.000543721045375
     0.061561638229307    -0.074883393072912    -0.041743698197442
    -0.037148892019200     0.021979524530315    -0.059452809948139
33 16
     0.027680578947392     0.000000000000000     0.000000000000000
     0.000000000000000     0.027680578947392     0.000000000000000
     0.000000000000000     0.000000000000000    -0.019618719087874
33 17
     0.242359881256555     0.000000000000000     0.000000000000000
     0.000000000000000     0.242359881256555     0.000000000000000
     0.000000000000000     0.000000000000000    -1.506847036224269
33 18
    -0.090486869820498    -0.103762787489388     0.141868157011253
     0.103762787489388     0.182656770833755    -0.131216461100282
     0.141868157011253     0.131216461100282    -0.038372966363784
33 19
     0.013918124220304     0.000000000000000     0.000000000000000
     0.000000000000000     0.045157889285722     0.002240069926303
     0.000000000000000    -0.002240069926303    -0.008946497597644
33 20
    -0.090486869820498     0.103762787489388    -0.141868157011253
    -0.103762787489388     0.182656770833755    -0.131216461100282
    -0.141868157011253     0.131216461100282    -0.038372966363784
33 21
     0.114370860670191    -0.014511878354988    -0.042702710201910
    -0.222037453333763    -0.022200959656935     0.188469658509965
     0.184570867213163     0.057253197409683    -0.038372966363784
33 22
     0.011555206829557    -0.006098327658608     0.007486208338938
    -0.006098327658608     0.018596949060164     0.004322164399695
    -0.001313969717297    -0.000758620769988     0.022891606200313
33 23
     0.011555206829557     0.006098327658608    -0.007486208338938
     0.006098327658608     0.018596949060164     0.004322164399695
     0.001313969717297    -0.000758620769988     0.022891606200313
33 24
     0.114370860670191     0.014511878354988     0.042702710201910
     0.222037453333763    -0.022200959656935     0.188469658509965
    -0.184570867213163     0.057253197409683    -0.038372966363784
33 25
     0.037347948019367    -0.013527215077455     0.001939957462432
    -0.013527215077455     0.021728065486658    -0.001120034963151
    -0.001939957462432     0.001120034963151    -0.008946497597644
33 26
     0.022117820175468     0.000000000000000     0.000000000000000
     0.000000000000000     0.008034335714253    -0.008644328799391
     0.000000000000000     0.001517241539977     0.022891606200313
33 27
     0.037347948019367     0.013527215077455    -0.001939957462432
     0.013527215077455     0.021728065486658    -0.001120034963151
     0.001939957462432     0.001120034963151    -0.008946497597644
33 28
     0.022117820175468     0.000000000000000     0.000000000000000
     0.000000000000000     0.008034335714253    -0.001517241539977
     0.000000000000000     0.008644328799391     0.022891606200313
33 29
     0.114370860670191    -0.222037453333763    -0.184570867213163
    -0.014511878354988    -0.022200959656935    -0.057253197409683
     0.042702710201910    -0.188469658509965    -0.038372966363784
33 30
     0.114370860670191     0.222037453333763     0.184570867213163
     0.014511878354988    -0.022200959656935    -0.057253197409683
    -0.042702710201910    -0.188469658509965    -0.038372966363784
33 31
     0.011555206829557     0.006098327658608    -0.001313969717297
     0.006098327658608     0.018596949060164     0.000758620769988
     0.007486208338938    -0.004322164399695     0.022891606200313
33 32
     0.011555206829557    -0.006098327658608     0.001313969717297
    -0.006098327658608     0.018596949060164     0.000758620769988
    -0.007486208338938    -0.004322164399695     0.022891606200313
33 33
     9.940935255051381     0.000000000000000     0.000000000000000
     0.000000000000000     9.940935255051379     0.000000000000000
     0.000000000000000     0.000000000000000    13.837939234815847
33 34
    -0.783620129125083     0.029956572750057     0.124866279944214
    -0.029956572750057     0.101072295574456     0.005270777645784
    -0.124866279944214     0.005270777645784     0.281744000702075
33 35
     0.010247193764191     0.000000000000000     0.000000000000000
     0.000000000000000     0.018154393219002    -0.011506746553306
     0.000000000000000    -0.011506746553306     0.036690812000567
33 36
    -0.783620129125083    -0.029956572750057    -0.124866279944214
     0.029956572750057     0.101072295574456     0.005270777645784
     0.124866279944214     0.005270777645784     0.281744000702075
33 37
    -0.120100810600429    -0.413039629912783     0.066997767311055
    -0.353126484412669    -0.562447022950198     0.105501981684857
    -0.057868512633159    -0.110772759330641     0.281744000702075
33 38
     0.030955325495718     0.008144573740295    -0.008750808700945
     0.008144573740295     0.021550781812930    -0.005052281759117
     0.000075742894530     0.000043730180546    -0.005616582687279
33 39
     0.030955325495718    -0.008144573740295     0.008750808700945
    -0.008144573740295     0.021550781812930    -0.005052281759117
    -0.000075742894530     0.000043730180546    -0.005616582687279
33 40
    -0.120100810600429     0.413039629912783    -0.066997767311055
     0.353126484412669    -0.562447022950198     0.105501981684857
     0.057868512633159    -0.110772759330641     0.281744000702075
33 41
     0.016177593355299    -0.003423917800328    -0.009965134830072
    -0.003423917800328     0.012223993627894     0.005753373276653
    -0.009965134830072     0.005753373276653     0.036690812000567
33 42
     0.016848509971536     0.000000000000000     0.000000000000000
     0.000000000000000     0.035657597337112     0.010104563518235
     0.000000000000000    -0.000087460361092    -0.005616582687279
33 43
     0.016177593355299     0.003423917800328     0.009965134830072
     0.003423917800328     0.012223993627894     0.005753373276653
     0.009965134830072     0.005753373276653     0.036690812000567
33 44
     0.016848509971536     0.000000000000000     0.000000000000000
     0.000000000000000     0.035657597337112    -0.000087460361092
     0.000000000000000     0.010104563518235    -0.005616582687279
33 45
    -0.120100810600429    -0.353126484412669    -0.057868512633159
    -0.413039629912783    -0.562447022950198    -0.110772759330641
     0.066997767311055     0.105501981684857     0.281744000702075
33 46
    -0.120100810600429     0.353126484412669     0.057868512633159
     0.413039629912783    -0.562447022950198    -0.110772759330641
    -0.066997767311055     0.105501981684857     0.281744000702075
33 47
     0.030955325495718    -0.008144573740295    -0.000075742894530
    -0.008144573740295     0.021550781812930     0.000043730180546
     0.008750808700945    -0.005052281759117    -0.005616582687279
33 48
     0.030955325495718     0.008144573740295     0.000075742894530
     0.008144573740295     0.021550781812930     0.000043730180546
    -0.008750808700945    -0.005052281759117    -0.005616582687279