112  
14   

1    
  0.0057992555850591   0.0000000000000000   0.0081466947076198
  -0.0526872600   -0.0004507200    0.0090134400
   0.0074595100   -0.0019747800   -0.0270562500
  -0.0000234300    0.0003719400   -0.0167352700
   0.0089309900    0.0012375000   -0.0280159900
   0.0010579700    0.0048822900   -0.0276360500
   0.0000288500   -0.0000145700   -0.0170797100
  -0.0001259400    0.0001088600   -0.0165287700
   0.0022269100   -0.0059093300   -0.0274586100
   0.0005260300   -0.0003159200   -0.0164948400
   0.0000614300   -0.0000925000   -0.0167714800
  -0.0001661200   -0.0000732600   -0.0170135700
   0.0000649800    0.0003576500   -0.0167844400
   0.0017963100    0.0030639000   -0.0281172900
   0.0014740300   -0.0012933600   -0.0269566600
   0.0002384600   -0.0001055600   -0.0168787100
  -0.0003236800   -0.0002271600   -0.0166878900
   0.0128401200    0.0046394400   -0.0026660200
   0.0002967800   -0.0001572300   -0.0008954600
  -0.0014662800    0.0004489400   -0.0010540500
   0.0010163800    0.0022938700    0.0149859700
  -0.0003355700    0.0003208200   -0.0009424200
  -0.0001328300    0.0000091800   -0.0007655200
  -0.0014306600    0.0010548200   -0.0010089100
   0.0014179900    0.0012529900    0.0017568300
  -0.0004649200   -0.0005519300   -0.0010212100
   0.0001580100   -0.0011310000   -0.0009295400
  -0.0002606600   -0.0000014500   -0.0002554100
  -0.0001761900   -0.0000381300   -0.0003348000
   0.0048992700   -0.0067774700    0.0062558800
   0.0010743500    0.0002178000    0.0017191100
  -0.0002503300    0.0000642200   -0.0002903500
  -0.0011500100   -0.0014624300    0.0017922500
   0.0011028300   -0.0023261000    0.0200055800
  -0.0012607900   -0.0006017100    0.0029816300
   0.0002074100    0.0005082400    0.0033360300
   0.0130175600   -0.0044488300    0.0040420700
  -0.0012468000   -0.0006991500    0.0031592200
  -0.0001073100    0.0000090000    0.0031207700
  -0.0003951300   -0.0005413700    0.0031603300
   0.0009423200   -0.0011512200    0.0043416900
   0.0002080800    0.0006695500    0.0033350200
  -0.0004588500    0.0006388500    0.0029823800
   0.0001045100    0.0001205900    0.0034958900
  -0.0002321400    0.0000832200    0.0033340400
   0.0052247000    0.0069250300    0.0119329400
  -0.0012004500    0.0012545900    0.0042336100
  -0.0000964100   -0.0001798700    0.0034102800
   0.0007406900   -0.0000978800    0.0044590600
   0.0001130200    0.0000742500    0.0039796000
   0.0000401000    0.0000346100    0.0037804600
  -0.0000865100    0.0000433300    0.0038701000
  -0.0002597600   -0.0004657900    0.0041029500
  -0.0000099500    0.0000314500    0.0037777200
  -0.0000694700   -0.0000605500    0.0037835400
  -0.0000481700    0.0001176400    0.0036192000
  -0.0000597600    0.0005487600    0.0034550500
  -0.0000134700   -0.0001135400    0.0039247700
   0.0001782800   -0.0001562600    0.0035798200
   0.0000143000    0.0000022900    0.0036706500
  -0.0003993500   -0.0001597600    0.0034947500
  -0.0005692500    0.0001784300    0.0041693000
   0.0003872900   -0.0002300700    0.0034968800
  -0.0001814300   -0.0001106400    0.0035761000
   0.0002391600    0.0002879800    0.0040348300
  -0.0000395100    0.0000095000   -0.0007388200
  -0.0000408100    0.0000822100   -0.0007797900
  -0.0000539000    0.0000013900   -0.0008246000
  -0.0000447300    0.0002209400   -0.0009415300
   0.0000466200   -0.0000490800   -0.0007648200
  -0.0000932900   -0.0000289300   -0.0007954400
  -0.0001005600   -0.0001192300   -0.0006118500
  -0.0000428000   -0.0002405700   -0.0004267400
  -0.0000538400   -0.0000071100   -0.0007826100
  -0.0002039300    0.0000301400   -0.0005560800
  -0.0000535800    0.0000012900   -0.0006671300
   0.0001383100    0.0001034500   -0.0004838200
   0.0001598400   -0.0001166700   -0.0009531900
  -0.0002157800    0.0001319600   -0.0004625300
   0.0000696000    0.0001019100   -0.0005754600
  -0.0002203900   -0.0001000000   -0.0009296400
  -0.0001481900    0.0000019000    0.0049532300
  -0.0002363500    0.0006510900    0.0020140500
  -0.0000896000    0.0000224400    0.0022144700
   0.0000942400    0.0005691200    0.0018910600
   0.0004127800   -0.0005518500    0.0019497300
  -0.0000795500   -0.0000190200    0.0021156200
  -0.0000681200    0.0000160800    0.0022515200
  -0.0004744600   -0.0003391800    0.0019562500
  -0.0000477500   -0.0000231900    0.0022444400
  -0.0000433300    0.0000074500    0.0021849400
  -0.0000834700    0.0000042400    0.0021815500
  -0.0000055700   -0.0000874800    0.0022318800
   0.0006140700   -0.0001210500    0.0018881900
  -0.0006027100   -0.0001987600    0.0020193600
  -0.0001440200    0.0000819300    0.0022044100
   0.0000080400    0.0000095900    0.0022611400
  -0.0000361100    0.0000015800    0.0077283500
   0.0000414300   -0.0000012600    0.0078174800
  -0.0000957200   -0.0000428700    0.0076817800
  -0.0001064400   -0.0000356700    0.0078181800
  -0.0000047700    0.0000877600    0.0078106300
  -0.0000965600   -0.0000194600    0.0077873900
  -0.0000401300   -0.0000104300    0.0078066100
  -0.0000439900    0.0000633900    0.0078252500
  -0.0001050900    0.0000067300    0.0076294000
  -0.0000606400    0.0000341400    0.0077975200
  -0.0000284700    0.0000400600    0.0077346600
   0.0000064100   -0.0000004200    0.0076230300
  -0.0001079800   -0.0000572400    0.0078107200
   0.0000003000   -0.0000481300    0.0078248100
  -0.0000407900    0.0000288500    0.0076137300
  -0.0000384900   -0.0000240400    0.0076321500

1    
 -0.0057992555850591   0.0000000000000000  -0.0081466947076198
   0.0626384800   -0.0004047700   -0.0124085000
  -0.0075341700    0.0019380300   -0.0037486300
  -0.0000825900   -0.0003751700   -0.0140018600
  -0.0090140400   -0.0012350000   -0.0026546300
  -0.0009689900   -0.0049636900   -0.0033532600
  -0.0001730300   -0.0000231600   -0.0137538100
   0.0000895100   -0.0001370500   -0.0140889100
  -0.0025060500    0.0057658700   -0.0030006500
  -0.0005833600    0.0002926600   -0.0141874000
  -0.0001472300    0.0001525900   -0.0139282700
   0.0000380300    0.0000713400   -0.0137703700
  -0.0001524100   -0.0003461000   -0.0139285600
  -0.0017021200   -0.0029322500   -0.0028169100
  -0.0017605500    0.0014336200   -0.0035672400
  -0.0003626900    0.0001133200   -0.0138677000
   0.0002795500    0.0002404700   -0.0139830200
  -0.0130331000   -0.0045573900    0.0012487800
  -0.0003136700    0.0002037900   -0.0012976000
   0.0013221900   -0.0005129000   -0.0011102600
  -0.0019065900   -0.0017455700   -0.0172727300
   0.0002548000   -0.0002943100   -0.0012015800
   0.0000436900    0.0000087900   -0.0014646100
   0.0013822300   -0.0009627500   -0.0011940400
  -0.0014136900   -0.0011572900   -0.0038880600
   0.0003342400    0.0005315900   -0.0010963100
  -0.0002118100    0.0010366200   -0.0012845100
   0.0001668100    0.0000127500   -0.0019212600
   0.0000835400    0.0000521100   -0.0018795400
  -0.0050487600    0.0064726800   -0.0078996900
  -0.0009671800   -0.0002388400   -0.0038668400
   0.0001589800   -0.0000453700   -0.0018978300
   0.0009788900    0.0013847200   -0.0039053800
  -0.0004254000    0.0028224200   -0.0141725400
   0.0012012800    0.0005276400    0.0025983900
  -0.0003479100   -0.0004642200    0.0022786000
  -0.0130204500    0.0045578500    0.0010729200
   0.0011070300    0.0007732800    0.0024521400
   0.0000112100    0.0000082500    0.0024988400
   0.0003166100    0.0005343500    0.0024247600
  -0.0011144400    0.0012065100    0.0012115500
  -0.0003239300   -0.0007406700    0.0022757300
   0.0003948000   -0.0006370600    0.0025786500
  -0.0001824400   -0.0001110200    0.0021139700
   0.0001529400   -0.0000671600    0.0022572000
  -0.0052339400   -0.0072343500   -0.0066482300
   0.0011480400   -0.0012885100    0.0013040200
   0.0000235600    0.0001951600    0.0021812400
  -0.0009961700    0.0000705300    0.0011065100
  -0.0001723000   -0.0000632100    0.0034497100
  -0.0001214700   -0.0000317100    0.0036900700
  -0.0000215900   -0.0000213000    0.0035836500
   0.0001586600    0.0005140500    0.0033065300
  -0.0000782300   -0.0000230500    0.0036921700
  -0.0000227500    0.0000588900    0.0036887600
  -0.0000434600   -0.0000858900    0.0038473300
  -0.0000291400   -0.0004870400    0.0040100800
  -0.0000609000    0.0000877000    0.0035167400
  -0.0002423300    0.0001418500    0.0038903000
  -0.0000985300    0.0000013600    0.0038133700
   0.0002647700    0.0001367200    0.0039673300
   0.0005178900   -0.0002073500    0.0032404300
  -0.0004338300    0.0002083100    0.0039705300
   0.0000567500    0.0000925100    0.0038848400
  -0.0003707200   -0.0003056700    0.0033708400
  -0.0000407600    0.0000012800   -0.0008725800
  -0.0000454900   -0.0000786200   -0.0008779800
  -0.0000496600    0.0000061300   -0.0008129200
  -0.0000418500   -0.0002096100   -0.0006418900
  -0.0001333400    0.0000517500   -0.0008920600
   0.0000051300    0.0000302900   -0.0008643300
   0.0000071900    0.0001326800   -0.0010323200
  -0.0000456800    0.0002489100   -0.0012109100
  -0.0000410300   -0.0000043900   -0.0008431900
   0.0001254200   -0.0000369300   -0.0010907000
  -0.0000392100    0.0000007900   -0.0009846500
  -0.0002301300   -0.0001057300   -0.0011530800
  -0.0002426500    0.0001169000   -0.0006310000
   0.0001357400   -0.0001344600   -0.0011793900
  -0.0001662600   -0.0000992600   -0.0010630600
   0.0001225500    0.0000959400   -0.0006522400
   0.0000374300    0.0000021700   -0.0007565000
   0.0001124000   -0.0006358200    0.0021836200
  -0.0000002700   -0.0000221700    0.0019926100
  -0.0001379800   -0.0005658900    0.0022976700
  -0.0005199500    0.0005113600    0.0022267200
  -0.0000210500    0.0000133700    0.0020910200
  -0.0000168900   -0.0000138900    0.0019634600
   0.0003996100    0.0003090700    0.0022546700
  -0.0000461500    0.0000278600    0.0019684800
  -0.0000426600    0.0000038200    0.0020283600
  -0.0000045600   -0.0000013000    0.0020194800
  -0.0000771100    0.0000741500    0.0019693100
  -0.0006788100    0.0001664600    0.0022844100
   0.0004912900    0.0002204700    0.0021985200
   0.0000402300   -0.0000665000    0.0019915800
  -0.0000862600   -0.0000042200    0.0019451200
  -0.0000542300    0.0000010600    0.0077654000
  -0.0001364400    0.0000057000    0.0077004500
   0.0000048400    0.0000431600    0.0078722700
   0.0000247800    0.0000338500    0.0077089000
  -0.0000864500   -0.0000898400    0.0077097500
   0.0000017400    0.0000189300    0.0077646900
  -0.0000472300    0.0000112800    0.0077536100
  -0.0000383000   -0.0000665600    0.0077017100
   0.0000137200   -0.0000043500    0.0079241800
  -0.0000293700   -0.0000272100    0.0077597600
  -0.0000593400   -0.0000361200    0.0078231000
  -0.0000937800    0.0000006000    0.0079281300
   0.0000197600    0.0000661500    0.0077139000
  -0.0000934100    0.0000571800    0.0076973100
  -0.0000492500   -0.0000244000    0.0079399900
  -0.0000488100    0.0000274700    0.0079153100

17   
  0.0057992555850591   0.0000000000000000   0.0081466947076198
  -0.0055654900   -0.0060482200   -0.0040987600
   0.0204583000   -0.0089525200   -0.0123250200
  -0.0006702000    0.0005041500   -0.0157940700
  -0.0004373000   -0.0005652600   -0.0145813400
   0.0049314500    0.0149240900   -0.0082393500
   0.0000574600   -0.0008153100   -0.0131816400
  -0.0002013400   -0.0000527200   -0.0144667100
  -0.0000405500    0.0008561200   -0.0116840400
  -0.0001815500    0.0000059400   -0.0153885200
  -0.0002067100   -0.0000043900   -0.0144340900
  -0.0001372400    0.0000381100   -0.0144998700
  -0.0000147500   -0.0001868800   -0.0149739400
  -0.0008320100   -0.0000271100   -0.0147706200
   0.0014462700   -0.0000415400   -0.0124439400
  -0.0008983800    0.0002967900   -0.0155879700
  -0.0000609700    0.0000084800   -0.0149318400
  -0.0183460900    0.0001111600   -0.0678160300
   0.0031191800   -0.0005318800   -0.0007282500
   0.0002930400   -0.0003988600   -0.0006898900
   0.0048666000   -0.0009351900   -0.0020288500
  -0.0000448400    0.0010937800   -0.0015275200
  -0.0001940200   -0.0000574000   -0.0011965200
   0.0000086900   -0.0000370800   -0.0013713200
   0.0021223500   -0.0019047800   -0.0012486000
  -0.0003409600    0.0003681500   -0.0009194900
  -0.0000738000    0.0000971900   -0.0012747900
   0.0003238400    0.0000241300   -0.0004487200
  -0.0000567700   -0.0001184200   -0.0012747500
   0.0008467900    0.0030422800   -0.0021766500
   0.0012405000   -0.0007796500   -0.0005963600
  -0.0001884200    0.0000732100   -0.0012090900
   0.0000214500    0.0000450700   -0.0013362900
  -0.0111636400    0.0000141100    0.0365987900
   0.0018323000    0.0033267100    0.0049197900
   0.0001334800    0.0002969400    0.0030370000
  -0.0001471200    0.0005631600    0.0035023100
   0.0011550000   -0.0004205400    0.0036698700
   0.0005138700    0.0002042300    0.0026210200
   0.0001551000    0.0000226500    0.0026290700
  -0.0031813400    0.0001853300    0.0047537300
   0.0004155600   -0.0001613500    0.0029395900
   0.0001775800   -0.0002304400    0.0026222400
  -0.0001226200   -0.0001418400    0.0031227800
   0.0001835300    0.0000673700    0.0027402300
   0.0001569700    0.0006166400    0.0029652500
  -0.0021935900   -0.0042849500    0.0054642900
   0.0004152200   -0.0001389400    0.0028436900
   0.0003018500    0.0000656700    0.0026251900
  -0.0000047300    0.0001056500    0.0035613800
  -0.0000538400    0.0000353500    0.0038492400
   0.0001029300    0.0000561500    0.0038746800
  -0.0000623400   -0.0000727100    0.0035514600
   0.0000098000   -0.0001206800    0.0039123500
   0.0000056300    0.0000003000    0.0038606900
   0.0000069600   -0.0000624700    0.0038109000
  -0.0000085900   -0.0001570700    0.0039119300
   0.0001300900    0.0000681500    0.0039250500
  -0.0000288700    0.0000212200    0.0037980900
  -0.0000479300   -0.0000093700    0.0038926200
   0.0000013900   -0.0000174800    0.0039021600
  -0.0001882000   -0.0000340000    0.0035562700
   0.0000116300   -0.0000121200    0.0038160500
  -0.0000303400    0.0000279200    0.0038980300
   0.0002811100    0.0001665700    0.0040087800
  -0.0000521600   -0.0000702400   -0.0005817100
   0.0000407800   -0.0000365400   -0.0007615100
  -0.0000438300   -0.0000690500   -0.0007736500
   0.0000715500   -0.0000024400   -0.0006192800
  -0.0000120400    0.0000787500   -0.0007981000
  -0.0000180800   -0.0000001100   -0.0007302800
   0.0000363200    0.0000469200   -0.0007372800
   0.0000065600    0.0000987200   -0.0008077800
  -0.0000891600   -0.0000225900   -0.0008045600
   0.0000439400    0.0000007000   -0.0007316400
   0.0000377700    0.0000017400   -0.0007723400
   0.0000202000    0.0000074400   -0.0007725000
   0.0000684000    0.0000711000   -0.0006006300
   0.0000380400   -0.0000185100   -0.0007210400
   0.0000338300   -0.0000105700   -0.0007728000
  -0.0001327300   -0.0000808400   -0.0008955000
  -0.0003000900   -0.0002896200    0.0021176200
   0.0001996900   -0.0000027600    0.0014577100
  -0.0000002800   -0.0001016700    0.0021978800
  -0.0000135300   -0.0000869500    0.0021661500
   0.0001973700    0.0002915800    0.0017889100
  -0.0000897800    0.0000536000    0.0023922700
  -0.0000014000    0.0000106100    0.0022020600
  -0.0000351500   -0.0000814400    0.0023785000
  -0.0000582500    0.0000491600    0.0021827100
   0.0000179200   -0.0000108100    0.0021892300
   0.0000001100    0.0000010800    0.0022131300
   0.0000965000    0.0000541500    0.0021781700
  -0.0000689300    0.0000157300    0.0021681000
  -0.0001802100    0.0000302700    0.0023852000
   0.0000992200    0.0000653100    0.0021954000
   0.0000215400   -0.0000004800    0.0022099500
   0.0000438700    0.0000137400    0.0078450400
   0.0000050500    0.0000076200    0.0078599000
  -0.0000056600    0.0000079300    0.0079249800
  -0.0000229200    0.0000159800    0.0079813800
   0.0000189100   -0.0000226400    0.0078533300
  -0.0000175900   -0.0000211300    0.0078504000
   0.0000077300    0.0000126900    0.0079159200
   0.0000152100    0.0000017500    0.0078623000
   0.0000126800    0.0000011200    0.0079640900
   0.0000202700   -0.0000070400    0.0079315800
  -0.0000020000   -0.0000057300    0.0079004000
  -0.0000174700    0.0000013200    0.0079433000
   0.0000020300   -0.0000262400    0.0079913800
   0.0000180400    0.0000186700    0.0078548800
  -0.0000111400   -0.0000017400    0.0079138900
  -0.0000025100   -0.0000001600    0.0079252000

17   
 -0.0057992555850591   0.0000000000000000  -0.0081466947076198
   0.0054702800    0.0060383300   -0.0263600700
  -0.0193165000    0.0082774800   -0.0181813200
   0.0006646900   -0.0004561500   -0.0147393400
   0.0004347800    0.0005661900   -0.0159492200
  -0.0049926900   -0.0144009200   -0.0222921500
   0.0000006300    0.0007839400   -0.0172501300
   0.0001952300    0.0000555300   -0.0160173000
   0.0001004300   -0.0008571000   -0.0187592900
   0.0002355200   -0.0000112500   -0.0151529800
   0.0002086100   -0.0000070500   -0.0160427400
   0.0001368800   -0.0000137200   -0.0159953400
   0.0000093300    0.0001511100   -0.0155334300
   0.0008462300    0.0000289800   -0.0157259800
  -0.0013641500    0.0000603300   -0.0180063400
   0.0008482700   -0.0002691900   -0.0149355900
   0.0000769100    0.0000013800   -0.0155867600
   0.0160204300    0.0000702400    0.0703231600
  -0.0030484600    0.0005197900   -0.0011844200
  -0.0002700200    0.0003689300   -0.0013126100
  -0.0048845600    0.0009230200    0.0000648000
   0.0000438500   -0.0010803200   -0.0004501100
   0.0001776500    0.0000709500   -0.0008118900
   0.0000229000    0.0000552200   -0.0006473200
  -0.0020867300    0.0019214700   -0.0006787100
   0.0003490500   -0.0003613200   -0.0010686600
   0.0000876200   -0.0001056600   -0.0007197400
  -0.0003207500   -0.0000278200   -0.0015451400
   0.0000945800    0.0001470200   -0.0007177400
  -0.0008427800   -0.0030511000    0.0001745800
  -0.0011933400    0.0007485600   -0.0013033000
   0.0002413600   -0.0000856700   -0.0007847800
  -0.0000184800   -0.0000627300   -0.0006423200
   0.0107833300    0.0000237300   -0.0304661300
  -0.0018330000   -0.0032542700    0.0008971500
  -0.0001054700   -0.0003052400    0.0027558400
   0.0001931300   -0.0005583900    0.0022382800
  -0.0011761100    0.0003853700    0.0020916900
  -0.0004976200   -0.0001896800    0.0031562400
  -0.0001102500    0.0000017300    0.0031471200
   0.0031746200   -0.0002337900    0.0010404100
  -0.0003946800    0.0001588900    0.0028338200
  -0.0001375200    0.0002026700    0.0031425000
   0.0001076800    0.0001224900    0.0026656700
  -0.0001432500   -0.0000523700    0.0030440700
  -0.0001587100   -0.0005796700    0.0027649500
   0.0021407200    0.0042269400    0.0003736700
  -0.0003650100    0.0001248900    0.0029345500
  -0.0002843400   -0.0000799500    0.0031412300
   0.0000265900   -0.0000965200    0.0041065200
   0.0000741200   -0.0000358800    0.0038363900
  -0.0000911500   -0.0000557100    0.0038133700
   0.0000701300    0.0000714700    0.0041177000
   0.0000095000    0.0001220700    0.0037749700
   0.0000105100    0.0000003500    0.0038275800
   0.0000051400    0.0000657000    0.0038748800
   0.0000243200    0.0001716300    0.0037684600
  -0.0001141500   -0.0000710200    0.0037636100
   0.0000468400   -0.0000253900    0.0038866200
   0.0000645000    0.0000123500    0.0037960900
   0.0000120400    0.0000202800    0.0037849400
   0.0001936200    0.0000250800    0.0041122600
   0.0000260900   -0.0000009400    0.0038585700
   0.0000451400   -0.0000301800    0.0037909400
  -0.0002731000   -0.0001717200    0.0036788700
   0.0000683800    0.0000682100   -0.0008938500
  -0.0000220800    0.0000367000   -0.0007327100
   0.0000566800    0.0000677500   -0.0007211400
  -0.0000570000    0.0000036300   -0.0008588100
   0.0000295300   -0.0000744100   -0.0006974500
   0.0000325700    0.0000004700   -0.0007668200
  -0.0000217500   -0.0000449100   -0.0007565000
   0.0000089600   -0.0000952200   -0.0006789800
   0.0001016400    0.0000192000   -0.0006923300
  -0.0000280700   -0.0000032500   -0.0007630200
  -0.0000201000   -0.0000023400   -0.0007227700
  -0.0000037500   -0.0000070500   -0.0007208000
  -0.0000503300   -0.0000725200   -0.0008765200
  -0.0000230100    0.0000182400   -0.0007612500
  -0.0000160500    0.0000091500   -0.0007221700
   0.0001431500    0.0000771900   -0.0005977100
   0.0003258200    0.0002867100    0.0022911400
  -0.0001994500    0.0000124500    0.0029164500
   0.0000125700    0.0000988600    0.0022092500
   0.0000323300    0.0000856200    0.0022388900
  -0.0001747900   -0.0002997900    0.0026049500
   0.0000979600   -0.0000505400    0.0020199300
   0.0000155900   -0.0000114800    0.0022088900
   0.0000568100    0.0000793700    0.0020312900
   0.0000745000   -0.0000515100    0.0022197000
  -0.0000050600    0.0000132700    0.0022180800
   0.0000172000    0.0000020700    0.0021984100
  -0.0000782300   -0.0000580700    0.0022280300
   0.0000879900   -0.0000158400    0.0022348200
   0.0001894800   -0.0000249600    0.0020260700
  -0.0000839000   -0.0000614700    0.0022137200
  -0.0000035400   -0.0000003700    0.0021930300
  -0.0000251900   -0.0000132000    0.0079398400
   0.0000100800   -0.0000075400    0.0079230600
   0.0000180100   -0.0000084200    0.0078684700
   0.0000389600   -0.0000158100    0.0078173400
  -0.0000026600    0.0000205400    0.0079319000
   0.0000304000    0.0000187600    0.0079409700
   0.0000079100   -0.0000126100    0.0078840100
   0.0000031700   -0.0000023900    0.0079328000
   0.0000024700   -0.0000024300    0.0078338200
  -0.0000046900    0.0000075200    0.0078689100
   0.0000180300    0.0000059300    0.0078991700
   0.0000334100   -0.0000029900    0.0078541100
   0.0000146900    0.0000257800    0.0078073300
  -0.0000019100   -0.0000156700    0.0079357200
   0.0000250700    0.0000040300    0.0078789500
   0.0000177700   -0.0000000300    0.0078731200

33   
  0.0057992555850591   0.0000000000000000   0.0081466947076198
   0.0173531600    0.0069952600   -0.0104599000
  -0.0040613000    0.0053617900   -0.0016794600
  -0.0002350100    0.0003938000   -0.0143980600
  -0.0006972600   -0.0001404600   -0.0154405000
   0.0052432200   -0.0124630600   -0.0060132400
  -0.0000099500   -0.0006121500   -0.0130136800
  -0.0000576600   -0.0001311100   -0.0147155800
  -0.0002878300    0.0007510200   -0.0144640000
   0.0001703700    0.0004325600   -0.0146951200
  -0.0001334000    0.0000474200   -0.0148006300
   0.0000944500    0.0000840100   -0.0145928400
  -0.0003213600   -0.0001612500   -0.0151650100
  -0.0007462800   -0.0006067500   -0.0152088400
   0.0010224600   -0.0001446900   -0.0137224900
  -0.0007638400    0.0000957700   -0.0146391400
  -0.0000542900    0.0000217200   -0.0149908000
  -0.0107576600    0.0000056100    0.0323684100
  -0.0001399300   -0.0000597400   -0.0003562800
   0.0001313200   -0.0001515100   -0.0008491300
   0.0017967200   -0.0027535800    0.0010346600
  -0.0026975800   -0.0004404000    0.0011598400
   0.0001829800    0.0000292200   -0.0011729400
   0.0005034600   -0.0001750700   -0.0011024200
   0.0007186700    0.0001596600   -0.0004801700
   0.0000346700    0.0000512200   -0.0006577200
   0.0001676100    0.0001607900   -0.0011266900
   0.0002492900    0.0000763400   -0.0010239300
   0.0001699800    0.0000112600   -0.0012491000
  -0.0017181300    0.0039387100    0.0018526600
  -0.0002465800   -0.0008643000   -0.0011751800
   0.0003285200   -0.0000935500   -0.0013685500
   0.0003122200    0.0000925200   -0.0011107000
  -0.0173845100    0.0000978500   -0.0695748600
   0.0044003300    0.0001864600    0.0016895600
   0.0002678000    0.0002053400    0.0029435200
   0.0029674200    0.0000847000    0.0026622900
   0.0015411800    0.0019968600    0.0020117400
  -0.0001463000   -0.0000183900    0.0027241700
  -0.0002232200    0.0001023400    0.0028536500
   0.0006171700   -0.0009331500    0.0023573700
   0.0000938800    0.0000941600    0.0030689000
  -0.0000800300   -0.0000690100    0.0027741800
  -0.0003052900   -0.0003240100    0.0028017800
  -0.0000885300    0.0001148200    0.0027888300
   0.0008407700    0.0008766900    0.0024946900
   0.0013074700   -0.0022265500    0.0018605500
  -0.0000935500    0.0000036000    0.0027459800
  -0.0002910800   -0.0001033600    0.0028157800
   0.0000517500   -0.0002267600    0.0036503200
  -0.0000870200   -0.0000381000    0.0038561800
  -0.0000159800    0.0000014700    0.0038840000
   0.0001597300    0.0001609500    0.0037311600
  -0.0000284600   -0.0001023100    0.0038534200
   0.0000269300    0.0000004000    0.0038741300
   0.0000371600    0.0000580600    0.0038863600
  -0.0000449000   -0.0003116400    0.0040264500
   0.0000664500    0.0000225600    0.0038676700
   0.0000594700    0.0000589400    0.0038727100
  -0.0000798600    0.0000217500    0.0039386900
  -0.0000496800   -0.0000365100    0.0038837000
   0.0004414300    0.0000625000    0.0036926700
  -0.0005335000    0.0002817500    0.0042367500
  -0.0001152200    0.0000173700    0.0039116000
   0.0000081900    0.0000302900    0.0038210800
  -0.0000317800    0.0000223200   -0.0007802200
   0.0000076300   -0.0000666500   -0.0007671600
  -0.0000105600   -0.0000118000   -0.0007354200
   0.0000310600   -0.0000590700   -0.0006523100
  -0.0000278400    0.0000241200   -0.0007552200
   0.0000091400    0.0000001100   -0.0007420200
   0.0000303000    0.0000308600   -0.0007469600
   0.0000100900    0.0001273700   -0.0008449500
  -0.0000119200   -0.0000023500   -0.0007404300
   0.0000649400    0.0000263200   -0.0007638100
  -0.0000267600    0.0000105500   -0.0008296900
  -0.0000233800   -0.0000113300   -0.0007547400
  -0.0000709200    0.0000361500   -0.0007180900
   0.0002273700   -0.0001255100   -0.0010355300
  -0.0000440600    0.0000018000   -0.0007926000
   0.0000057800   -0.0000026300   -0.0006589700
  -0.0006619800   -0.0002081700    0.0022044600
   0.0015754000   -0.0010871100    0.0036755100
   0.0000732300   -0.0000394300    0.0021611000
   0.0000354400   -0.0000363400    0.0021911500
  -0.0003045400    0.0012908600    0.0029374400
  -0.0000433300   -0.0000605900    0.0022328600
   0.0000181000    0.0000115000    0.0021816500
   0.0001203400   -0.0000334200    0.0021868500
  -0.0000341600    0.0000344900    0.0021606600
   0.0000085200    0.0000062000    0.0021617100
  -0.0000116200   -0.0000168500    0.0022018100
   0.0000130800    0.0000363900    0.0021946500
  -0.0000176100    0.0000592800    0.0021735000
   0.0000617800    0.0000942700    0.0022103300
   0.0000661900   -0.0000526100    0.0021782400
   0.0000126000    0.0000002000    0.0021812900
  -0.0000298300    0.0000091500    0.0079456300
  -0.0000663900    0.0000126400    0.0079268500
   0.0000915800    0.0000583300    0.0080602500
   0.0000489100    0.0000135900    0.0079306900
  -0.0000450100   -0.0000211500    0.0079359600
   0.0000149000    0.0000181900    0.0079543200
   0.0000149400    0.0000102400    0.0079343700
   0.0000155400   -0.0000183600    0.0079060200
   0.0000474800    0.0000238900    0.0079886600
   0.0000111100    0.0000021400    0.0079407400
  -0.0000060700   -0.0000124600    0.0079276500
  -0.0000352100   -0.0000231400    0.0080018600
   0.0000189000    0.0000185800    0.0079244700
  -0.0000169600    0.0000004500    0.0079299000
  -0.0000217800   -0.0000912100    0.0080670900
   0.0000363200    0.0000001000    0.0079619200

33   
 -0.0057992555850591   0.0000000000000000  -0.0081466947076198
  -0.0183853200   -0.0076129500   -0.0201854000
   0.0040813300   -0.0053602400   -0.0288977200
   0.0002371800   -0.0003825800   -0.0161091100
   0.0006990700    0.0001340300   -0.0150195400
  -0.0052201600    0.0128732500   -0.0244880800
  -0.0000092600    0.0005902500   -0.0175117500
   0.0000325700    0.0001269900   -0.0158280800
   0.0002895700   -0.0007775200   -0.0160686100
  -0.0001442400   -0.0004488800   -0.0158250200
   0.0001138100   -0.0000555800   -0.0156922400
  -0.0001028300   -0.0000671600   -0.0159611500
   0.0002884000    0.0001684600   -0.0153046100
   0.0007653200    0.0006446000   -0.0152941800
  -0.0010498900    0.0001815100   -0.0167650000
   0.0007508800   -0.0000998400   -0.0158666800
   0.0000478600    0.0000084200   -0.0155218000
   0.0111638500    0.0000149100   -0.0347120500
   0.0001107600    0.0000666800   -0.0015904600
  -0.0001389100    0.0001405800   -0.0011649100
  -0.0017932700    0.0028332600   -0.0030505200
   0.0027201200    0.0004329000   -0.0031508100
  -0.0002290000   -0.0000042000   -0.0008107600
  -0.0004929300    0.0002099100   -0.0008814200
  -0.0007106200   -0.0001878200   -0.0014560000
  -0.0000389800   -0.0000785900   -0.0013232200
  -0.0001754000   -0.0001824800   -0.0008343000
  -0.0002846000   -0.0001081400   -0.0009574900
  -0.0001723800   -0.0000200500   -0.0007333500
   0.0017813400   -0.0040067500   -0.0038973900
   0.0002364800    0.0008865700   -0.0007449700
  -0.0003282100    0.0000852700   -0.0006214300
  -0.0003337100   -0.0001019200   -0.0008747700
   0.0189144600    0.0001328400    0.0808512000
  -0.0043921800   -0.0001624700    0.0040778300
  -0.0002691600   -0.0002216700    0.0028792300
  -0.0030375100   -0.0000598600    0.0030918000
  -0.0015568500   -0.0019716800    0.0037355800
   0.0001111200    0.0000371600    0.0030780500
   0.0002639500   -0.0000723600    0.0029483600
  -0.0006345300    0.0009243700    0.0034166400
  -0.0001092800   -0.0001163000    0.0027152600
   0.0000923600    0.0000557500    0.0029971800
   0.0002817400    0.0002918300    0.0029928900
   0.0000857500   -0.0001190500    0.0030060200
  -0.0008665200   -0.0009200100    0.0032489300
  -0.0013501400    0.0022215900    0.0039179800
   0.0001058100   -0.0000138100    0.0030625100
   0.0002685100    0.0000994700    0.0029818200
  -0.0000539300    0.0002306000    0.0040307900
   0.0000797100    0.0000370400    0.0038282500
   0.0000014600   -0.0000040500    0.0037979500
  -0.0001760700   -0.0001636900    0.0039471300
   0.0000210700    0.0001033500    0.0038312400
  -0.0000373600   -0.0000000500    0.0038113900
  -0.0000486600   -0.0000543000    0.0037951800
   0.0000351700    0.0003245000    0.0036548700
  -0.0000762800   -0.0000237300    0.0038170000
  -0.0000691500   -0.0000597300    0.0038111100
   0.0000713900   -0.0000178000    0.0037457700
   0.0000381300    0.0000393500    0.0038007100
  -0.0004566400   -0.0000699900    0.0039916700
   0.0005353800   -0.0002887100    0.0034532400
   0.0001042900   -0.0000189300    0.0037732700
  -0.0000259700   -0.0000353000    0.0038618900
   0.0000225800   -0.0000242500   -0.0006876200
  -0.0000165100    0.0000659300   -0.0007085100
  -0.0000008400    0.0000121800   -0.0007379000
  -0.0000414900    0.0000604100   -0.0008137700
   0.0000193500   -0.0000223500   -0.0007204600
  -0.0000197500    0.0000004900   -0.0007353000
  -0.0000416300   -0.0000297500   -0.0007258000
  -0.0000191700   -0.0001260800   -0.0006229700
   0.0000014400    0.0000006900   -0.0007363800
  -0.0000743300   -0.0000267500   -0.0007122100
   0.0000167100   -0.0000091900   -0.0006456400
   0.0000137100    0.0000114700   -0.0007207800
   0.0000638300   -0.0000374900   -0.0007528700
  -0.0002347600    0.0001239500   -0.0004371900
   0.0000329900   -0.0000023700   -0.0006835400
  -0.0000169000    0.0000007100   -0.0008133900
   0.0006623400    0.0002101300    0.0021939000
  -0.0015613200    0.0010691400    0.0007504600
  -0.0000852500    0.0000390700    0.0022322000
  -0.0000423800    0.0000363600    0.0022048900
   0.0002942800   -0.0012830400    0.0014692900
   0.0000296900    0.0000609600    0.0021664100
  -0.0000284900   -0.0000113600    0.0022189200
  -0.0001241200    0.0000316500    0.0022075600
   0.0000243600   -0.0000350300    0.0022351700
  -0.0000192100   -0.0000040700    0.0022383200
   0.0000028200    0.0000192800    0.0021989000
  -0.0000214900   -0.0000398500    0.0022043000
   0.0000100300   -0.0000590800    0.0022200700
  -0.0000727700   -0.0000914100    0.0021891500
  -0.0000786000    0.0000549400    0.0022175000
  -0.0000198700   -0.0000012600    0.0022143100
   0.0000209900   -0.0000079700    0.0078380000
   0.0000557400   -0.0000118400    0.0078571800
  -0.0001018400   -0.0000570700    0.0077304500
  -0.0000571400   -0.0000127200    0.0078580000
   0.0000349900    0.0000200900    0.0078469600
  -0.0000265700   -0.0000195200    0.0078337800
  -0.0000247400   -0.0000102500    0.0078571200
  -0.0000232200    0.0000179900    0.0078811600
  -0.0000573400   -0.0000252000    0.0078019900
  -0.0000215000   -0.0000018400    0.0078516800
  -0.0000031900    0.0000122400    0.0078632000
   0.0000256100    0.0000210000    0.0077869700
  -0.0000273500   -0.0000182800    0.0078662300
   0.0000070900    0.0000014800    0.0078577400
   0.0000107800    0.0000908900    0.0077232400
  -0.0000464000   -0.0000002700    0.0078293200

49   
  0.0057992555850591   0.0000000000000000   0.0081466947076198
   0.0001363200    0.0000605100   -0.0149487400
  -0.0002035700    0.0001074200   -0.0148461900
  -0.0000108700    0.0000405100   -0.0150860000
   0.0000815200   -0.0000097100   -0.0151802800
  -0.0000163100   -0.0001005600   -0.0151267000
  -0.0002034100    0.0000019100   -0.0145382900
   0.0002151400   -0.0002200000   -0.0156124600
   0.0000994400    0.0000206700   -0.0152309400
   0.0000433400   -0.0000955900   -0.0150406600
  -0.0001206100    0.0002835800   -0.0156176500
   0.0000608200    0.0000038900   -0.0153196200
   0.0000023300   -0.0000836600   -0.0152181400
   0.0000027900    0.0000536500   -0.0151625400
  -0.0001189500    0.0000403800   -0.0154106600
   0.0001230600   -0.0000298800   -0.0154058900
   0.0000197700   -0.0000301200   -0.0152090300
  -0.0000274000    0.0000869500   -0.0011927100
  -0.0000425600   -0.0000829300   -0.0012293700
   0.0000492200    0.0001069900   -0.0008724500
   0.0000064300    0.0000463800   -0.0009806200
  -0.0001784400   -0.0000041900   -0.0012167000
   0.0002580400    0.0001777000   -0.0007763000
  -0.0000140600    0.0000283200   -0.0008990800
   0.0000108700   -0.0000123500   -0.0009754300
   0.0001421100   -0.0000372200   -0.0008639400
  -0.0000104400   -0.0000163200   -0.0008694200
  -0.0000391900   -0.0000076200   -0.0009097400
  -0.0000325800   -0.0000196500   -0.0009858200
   0.0000754700   -0.0000495600   -0.0009276100
  -0.0000088100   -0.0001392100   -0.0008696400
  -0.0000521000   -0.0000520800   -0.0009261600
   0.0000036000    0.0000121100   -0.0009224900
   0.0000477600   -0.0002299600    0.0027676500
   0.0001660000    0.0001625800    0.0028462500
  -0.0000162400    0.0000128500    0.0030166500
  -0.0000677000   -0.0000663100    0.0029565200
   0.0004501000    0.0000730000    0.0028173100
  -0.0005611200   -0.0002744600    0.0033469800
  -0.0000937800   -0.0000246300    0.0030350500
   0.0000230600   -0.0000400300    0.0029509400
   0.0000678900   -0.0000226900    0.0029852000
  -0.0000952600   -0.0000169500    0.0030305900
  -0.0000322800    0.0000410900    0.0030138900
   0.0000749000    0.0000750900    0.0029863900
  -0.0000198500   -0.0000502200    0.0029617400
  -0.0000419500    0.0003414700    0.0031391500
   0.0000420400    0.0000475800    0.0030109900
   0.0000302600    0.0000113100    0.0029853500
  -0.0503648500   -0.0005685700   -0.1137121400
   0.0040149000    0.0002443300    0.0031057800
   0.0007711700    0.0004042000    0.0038792100
   0.0061289200    0.0029407900    0.0016035900
   0.0008507200    0.0025558700    0.0037141600
   0.0003757300   -0.0000350400    0.0043322700
   0.0008671000   -0.0002431500    0.0041406000
  -0.0008349600   -0.0059918400    0.0009988000
   0.0001820300    0.0003417300    0.0041276800
   0.0004414300    0.0002854300    0.0042370100
  -0.0005146800   -0.0007402600    0.0036316000
   0.0004447300   -0.0001516700    0.0042363000
   0.0019246000    0.0017087300    0.0029635300
  -0.0019122600   -0.0014405700    0.0017498400
   0.0004886700   -0.0000231900    0.0044102100
   0.0007549000    0.0001814500    0.0040620400
   0.0018056000    0.0000011900    0.0603490100
   0.0007433800   -0.0003032000    0.0007778900
   0.0001972400   -0.0002622500   -0.0003947300
  -0.0025337000   -0.0009954000   -0.0014141800
   0.0001203900    0.0009607000    0.0006202700
   0.0002326100    0.0001709400   -0.0002796800
  -0.0001139700    0.0000344100   -0.0004679200
  -0.0003907400    0.0025347500   -0.0012606200
  -0.0001664200    0.0002123300   -0.0002600000
  -0.0000587500   -0.0001976000   -0.0003742100
   0.0002909400    0.0000567100   -0.0005303500
  -0.0000546000    0.0002069700   -0.0003775000
  -0.0015178900   -0.0011833100   -0.0004778300
   0.0012512600   -0.0010002500   -0.0001668000
   0.0002394800   -0.0001678500   -0.0002654900
  -0.0001144400   -0.0000325800   -0.0004900100
  -0.0006897300   -0.0005562700    0.0024762500
   0.0010533000    0.0284250200    0.0246470000
  -0.0002750100    0.0003234200    0.0019939400
  -0.0003378400    0.0000059300    0.0019025500
   0.0429317200   -0.0241419900    0.0413009000
  -0.0058994100   -0.0039751700    0.0076088200
   0.0000353400   -0.0002679900    0.0022220700
  -0.0015923100   -0.0002440000    0.0023998400
   0.0002803800    0.0002397900    0.0022352400
  -0.0002949700   -0.0000182500    0.0019477100
  -0.0003607500    0.0000028300    0.0018242900
  -0.0006616800    0.0016913700    0.0026713100
  -0.0001914900   -0.0000826700    0.0019623000
  -0.0005072200   -0.0004122400    0.0020388100
   0.0007525900   -0.0007344000    0.0025818600
  -0.0001986700    0.0000827100    0.0018414600
   0.0002771800   -0.0001127300    0.0080700800
  -0.0000522800    0.0028456800    0.0055902000
  -0.0001243400    0.0003495000    0.0074282700
  -0.0000841400    0.0000298400    0.0075892800
   0.0037109800   -0.0021704800    0.0040370000
  -0.0012106300   -0.0006666100    0.0071502600
  -0.0004623200   -0.0000527000    0.0073118100
   0.0000411200    0.0001821100    0.0080268400
   0.0004768600   -0.0002297000    0.0077499800
  -0.0002441600   -0.0003234600    0.0072805300
  -0.0000904900    0.0000024300    0.0075905700
  -0.0001007700   -0.0001699700    0.0080580500
   0.0000703200   -0.0000868200    0.0075801000
   0.0001567800    0.0001352400    0.0076370700
  -0.0002035700    0.0002419600    0.0076999000
   0.0000218900    0.0000637400    0.0075980400

49   
 -0.0057992555850591   0.0000000000000000  -0.0081466947076198
  -0.0001510600   -0.0000854000   -0.0154270100
   0.0001942100   -0.0001130600   -0.0155659800
   0.0000240900   -0.0000346000   -0.0153016500
  -0.0000987000   -0.0000083900   -0.0151979000
   0.0000105000    0.0000992400   -0.0152629400
   0.0002106200   -0.0000067200   -0.0158717000
  -0.0002173800    0.0002097500   -0.0147652200
  -0.0000940100   -0.0000212400   -0.0151419600
  -0.0000272200    0.0001052600   -0.0153559200
   0.0001091000   -0.0002825300   -0.0147576200
  -0.0000701000    0.0000000100   -0.0150736900
  -0.0000026600    0.0000754700   -0.0151512900
  -0.0000225400   -0.0000462400   -0.0152259700
   0.0001174400   -0.0000369400   -0.0149485100
  -0.0001236300    0.0000187200   -0.0149470600
  -0.0000083300    0.0000434200   -0.0151756700
   0.0000172100   -0.0001053900   -0.0006801400
   0.0000431200    0.0000719500   -0.0006457400
  -0.0000459900   -0.0001453100   -0.0010235300
  -0.0000044000   -0.0000671200   -0.0009049200
   0.0001828900    0.0000186200   -0.0006670100
  -0.0002793500   -0.0001610200   -0.0011232400
   0.0000309800   -0.0000054500   -0.0010037300
  -0.0000154500   -0.0000035700   -0.0009272200
  -0.0001474600    0.0000259200   -0.0010147300
   0.0000135100   -0.0000047500   -0.0010160400
   0.0000102700    0.0000010200   -0.0009905500
   0.0000607800    0.0000335500   -0.0009108500
  -0.0000859700    0.0000658700   -0.0009623000
   0.0000104600    0.0001479800   -0.0010200200
   0.0000688700    0.0000549100   -0.0009635400
  -0.0000155300   -0.0000108600   -0.0009572000
  -0.0000643300    0.0002155400    0.0031250800
  -0.0001612200   -0.0001727400    0.0030417500
   0.0000255100   -0.0000460300    0.0028793900
   0.0000689700    0.0000522200    0.0029300200
  -0.0004500200   -0.0000534200    0.0030898500
   0.0005485900    0.0003002000    0.0025577500
   0.0001143400    0.0000471600    0.0028671300
  -0.0000397000    0.0000273500    0.0029552200
  -0.0000720000    0.0000078300    0.0028914400
   0.0000967400   -0.0000100100    0.0028431700
   0.0000028200   -0.0000544100    0.0028781800
  -0.0000473400   -0.0000652700    0.0029052800
   0.0000082300    0.0000679800    0.0029273100
   0.0000427600   -0.0003415700    0.0027486500
  -0.0000228000   -0.0000467800    0.0028768900
  -0.0000414600   -0.0000083800    0.0028983300
   0.0526919300    0.0002604600    0.1134733800
  -0.0040034000   -0.0002691800    0.0047000000
  -0.0007706300   -0.0004195600    0.0039453200
  -0.0061748200   -0.0029776900    0.0062474300
  -0.0008544200   -0.0025620400    0.0040933000
  -0.0003774700    0.0000355600    0.0034853500
  -0.0008707500    0.0002392200    0.0036829800
   0.0008741100    0.0060299200    0.0068583200
  -0.0001818600   -0.0003458300    0.0036901500
  -0.0004474000   -0.0002906000    0.0035845400
   0.0005350100    0.0007486200    0.0042012800
  -0.0004442500    0.0001563400    0.0035845900
  -0.0019234000   -0.0017153800    0.0048667700
   0.0019395500    0.0014653100    0.0060839600
  -0.0004838900    0.0000173100    0.0034080600
  -0.0007636000   -0.0001897500    0.0037599100
  -0.0020563700   -0.0000065000   -0.0602937400
  -0.0007447200    0.0002991300   -0.0021422300
  -0.0001995500    0.0002559300   -0.0009890900
   0.0025406200    0.0009953900    0.0000325300
  -0.0001221000   -0.0009625000   -0.0019967200
  -0.0002351100   -0.0001724600   -0.0011041600
   0.0001106700   -0.0000376400   -0.0009137500
   0.0003892100   -0.0025449300   -0.0001171200
   0.0001622200   -0.0002140300   -0.0011266200
   0.0000546900    0.0001946400   -0.0010095300
  -0.0002909600   -0.0000577200   -0.0008521900
   0.0000533900   -0.0002061800   -0.0010073100
   0.0015175100    0.0011825700   -0.0009114800
  -0.0012534700    0.0009977300   -0.0012065400
  -0.0002385000    0.0001628600   -0.0011199400
   0.0001100500    0.0000270100   -0.0008941100
   0.0006891300    0.0005629100    0.0020262900
  -0.0009566400   -0.0288133600   -0.0202206600
   0.0002631100   -0.0003252500    0.0025191900
   0.0003318900   -0.0000060600    0.0026113000
  -0.0446825800    0.0252763800   -0.0379473800
   0.0056396400    0.0038399400   -0.0028988200
  -0.0000448600    0.0002674700    0.0022906500
   0.0015947700    0.0002478800    0.0021006100
  -0.0002921300   -0.0002524700    0.0022738300
   0.0002917100    0.0000190300    0.0025691200
   0.0003574900   -0.0000038300    0.0026888400
   0.0006528600   -0.0017118900    0.0018232300
   0.0001877300    0.0000774400    0.0025483000
   0.0005046800    0.0004061900    0.0024723600
  -0.0007724700    0.0007380900    0.0019163500
   0.0001893100   -0.0000874300    0.0026717400
  -0.0002751400    0.0001139500    0.0078281200
   0.0000479100   -0.0028683500    0.0103387800
   0.0001167200   -0.0003500800    0.0084673600
   0.0000824000   -0.0000316800    0.0083123300
  -0.0037252800    0.0021732200    0.0118818100
   0.0012378300    0.0006815800    0.0088033600
   0.0004573400    0.0000490500    0.0085872100
  -0.0000387000   -0.0001837800    0.0078771200
  -0.0004808600    0.0002203500    0.0081477000
   0.0002412700    0.0003183100    0.0086204200
   0.0000897100   -0.0000055100    0.0083102000
   0.0001006000    0.0001625400    0.0078438300
  -0.0000710800    0.0000834000    0.0083217400
  -0.0001559900   -0.0001371700    0.0082652900
   0.0001998100   -0.0002422000    0.0081989100
  -0.0000258300   -0.0000674500    0.0083029700

65   
  0.0057992555850591   0.0000000000000000   0.0081466947076198
   0.0000690200    0.0000280400   -0.0152620100
   0.0000069000   -0.0000222500   -0.0154509100
  -0.0000186400    0.0000244300   -0.0152762500
   0.0000079100    0.0000196500   -0.0152528600
   0.0000017500   -0.0000105500   -0.0153114400
   0.0000454500    0.0000219000   -0.0155873600
  -0.0000917000    0.0001526000   -0.0148868600
   0.0000770800    0.0000484300   -0.0150928500
   0.0000245100   -0.0000554000   -0.0152721900
   0.0000738000   -0.0001524200   -0.0148647900
   0.0000196000   -0.0000000200   -0.0151318600
  -0.0000325100   -0.0000818300   -0.0151013100
   0.0000624000   -0.0000197700   -0.0151966800
   0.0001195700    0.0000388300   -0.0149644800
  -0.0001288800   -0.0000148800   -0.0149948900
   0.0000193100   -0.0000023000   -0.0153131300
   0.0000441600   -0.0000186800   -0.0009054500
  -0.0000125200    0.0000513600   -0.0008243600
   0.0000022700   -0.0000857400   -0.0010721200
   0.0000261400   -0.0000178000   -0.0010002400
   0.0000768200   -0.0000225100   -0.0008689200
  -0.0001655400   -0.0000840900   -0.0011418100
   0.0000657000    0.0000063900   -0.0010365400
   0.0000770800   -0.0000424300   -0.0010055100
  -0.0000611200    0.0000090600   -0.0010723200
   0.0000370300    0.0000083100   -0.0010305500
   0.0000365400   -0.0000259900   -0.0010344600
   0.0000447100    0.0000243000   -0.0009800300
  -0.0000094000    0.0000337300   -0.0010395800
  -0.0000103800    0.0001377700   -0.0010700700
   0.0000877000    0.0000208800   -0.0010203900
  -0.0000105800   -0.0000150600   -0.0009898000
  -0.0000811000   -0.0000073600    0.0028664200
   0.0000968800   -0.0000911200    0.0029136600
   0.0000395300    0.0000019500    0.0028656100
   0.0000012900    0.0000196800    0.0028686800
  -0.0000641600    0.0001131200    0.0028923900
   0.0003862000    0.0002318500    0.0026873600
  -0.0000037100    0.0000671000    0.0028178800
  -0.0001426500    0.0000869300    0.0028354800
   0.0000567200    0.0000200700    0.0028224200
   0.0000398500   -0.0000360200    0.0028003700
  -0.0000644300   -0.0000457700    0.0028182200
   0.0000301300    0.0000023300    0.0028818400
   0.0000194500   -0.0000577800    0.0028286600
  -0.0000032100   -0.0003078000    0.0027577500
   0.0000441700   -0.0000003300    0.0028885900
   0.0000217100   -0.0000155200    0.0028702300
   0.0020669200   -0.0000034600    0.0634314400
  -0.0024246000    0.0009881300    0.0030288900
   0.0002071400    0.0002180900    0.0041264100
   0.0006441500    0.0002881600    0.0053555800
  -0.0003360400   -0.0024398600    0.0032091000
  -0.0000854400   -0.0000249700    0.0040183300
   0.0002302300   -0.0001598100    0.0042687900
   0.0000886500   -0.0008594400    0.0051799400
   0.0002631400   -0.0000336100    0.0039637400
  -0.0000443800    0.0001810800    0.0041438100
  -0.0001184300   -0.0001888600    0.0042891500
  -0.0000480000   -0.0001529600    0.0041473900
   0.0011948800    0.0009132300    0.0043738800
  -0.0014462400    0.0011006200    0.0040179500
  -0.0000624700    0.0000067000    0.0040233100
   0.0002008800    0.0001422900    0.0042708300
  -0.0527920200   -0.0001557700   -0.1100960000
   0.0062480100   -0.0030132300   -0.0030708100
   0.0009165200   -0.0003723900   -0.0007622500
   0.0040893600   -0.0001943300   -0.0015291800
  -0.0009053500    0.0061468700   -0.0036741600
   0.0009347600    0.0002734300   -0.0005100100
   0.0004474100    0.0000058000   -0.0003219800
   0.0008032800   -0.0026970000   -0.0009304500
  -0.0004897500    0.0008100800   -0.0009923200
   0.0004596000   -0.0002832200   -0.0004168800
   0.0001528000   -0.0004423700   -0.0005347500
   0.0004565600    0.0001527200   -0.0004161600
  -0.0019653400    0.0014811500   -0.0029031200
   0.0018651800   -0.0017285600   -0.0017012300
   0.0008243300   -0.0002142200   -0.0005896700
   0.0005575800    0.0000564000   -0.0002415100
  -0.0000969900   -0.0003483900    0.0016534000
  -0.0000544700   -0.0027084800   -0.0001585400
   0.0002857200    0.0001224300    0.0023262100
  -0.0000810300   -0.0000246100    0.0018217200
  -0.0011027000    0.0006038300    0.0013450300
   0.0035881300    0.0021020200   -0.0016661700
  -0.0000278800   -0.0001710900    0.0022573200
  -0.0004266100    0.0000466500    0.0015387600
   0.0005025900    0.0002213900    0.0019914300
  -0.0001238400    0.0001099000    0.0022968700
  -0.0000901800    0.0000003300    0.0018423600
  -0.0002173000    0.0002977900    0.0014994100
   0.0000495600   -0.0000777000    0.0018377600
  -0.0001759200   -0.0002016500    0.0019375400
   0.0001300900   -0.0000880700    0.0018555100
   0.0000864500    0.0000947400    0.0018057900
  -0.0002191200   -0.0003425400    0.0075582000
   0.0010006300   -0.0282493900    0.0304560400
  -0.0006866500    0.0006108400    0.0080778300
  -0.0003402500   -0.0000113300    0.0074818800
  -0.0057215200    0.0039174200    0.0133025400
   0.0436168700    0.0246399700    0.0480028500
  -0.0015602600    0.0002038600    0.0079219400
  -0.0000870700    0.0002561600    0.0078163500
   0.0003731000   -0.0002750700    0.0078183400
  -0.0006474500   -0.0016388400    0.0082275300
  -0.0003733500   -0.0000017200    0.0074132200
  -0.0003126300    0.0001267300    0.0075136700
  -0.0001844700   -0.0000912400    0.0074096500
   0.0007044800    0.0006514200    0.0081737200
  -0.0004337600    0.0003902400    0.0075656500
  -0.0001683300    0.0000983900    0.0075546100

65   
 -0.0057992555850591   0.0000000000000000  -0.0081466947076198
  -0.0000765100   -0.0000331500   -0.0152021600
  -0.0000134900    0.0000216500   -0.0150173900
   0.0000552000   -0.0000211800   -0.0151956300
  -0.0000307000   -0.0000296600   -0.0152170200
  -0.0000168400   -0.0000027500   -0.0151520300
  -0.0000326200   -0.0000183700   -0.0148974200
   0.0000924600   -0.0001666700   -0.0155642300
  -0.0000595000   -0.0000360600   -0.0153571400
   0.0000090600    0.0000615400   -0.0152178400
  -0.0000770200    0.0001454300   -0.0155946500
  -0.0000041300   -0.0000005100   -0.0153420300
   0.0000069700    0.0000704600   -0.0153435500
  -0.0000553800    0.0000346600   -0.0152820500
  -0.0001080700   -0.0000266200   -0.0154702300
   0.0001462700   -0.0000041800   -0.0154436600
  -0.0000097100    0.0000197200   -0.0151892100
  -0.0000409100    0.0000084500   -0.0010532800
   0.0000090900   -0.0000526300   -0.0011431100
   0.0000111900    0.0000655000   -0.0009218400
  -0.0000105200    0.0000310700   -0.0009694100
  -0.0000659700    0.0000295500   -0.0011086600
   0.0001572500    0.0001102700   -0.0008481200
  -0.0000258900    0.0000177600   -0.0009402600
  -0.0000905600    0.0000293900   -0.0009654300
   0.0000775100   -0.0000113300   -0.0008955800
  -0.0000227700   -0.0000133400   -0.0009255000
  -0.0000559100   -0.0000046800   -0.0009479000
  -0.0000281400   -0.0000122500   -0.0010003500
   0.0000226500   -0.0000343200   -0.0009242600
  -0.0000143700   -0.0001287900   -0.0008963100
  -0.0000522300   -0.0000200300   -0.0009649000
   0.0000135400    0.0000068900   -0.0009798600
   0.0000764500    0.0000009800    0.0029450600
  -0.0000976300    0.0000888100    0.0028984600
  -0.0000207200   -0.0000167500    0.0029622100
   0.0000152000    0.0000000600    0.0029415500
   0.0000679600   -0.0001003900    0.0029346900
  -0.0003868600   -0.0001990100    0.0031328700
   0.0000491500   -0.0000434700    0.0029902400
   0.0001224800   -0.0000993800    0.0029781400
  -0.0000399800   -0.0000241300    0.0029775900
  -0.0000272000    0.0000292400    0.0029783600
   0.0000457500    0.0000098900    0.0029928700
  -0.0000138200    0.0000048000    0.0029326600
  -0.0000068100    0.0000576600    0.0029720300
  -0.0000212400    0.0003089000    0.0030446200
  -0.0000084300   -0.0000013300    0.0029341500
  -0.0000158400    0.0000076000    0.0029411100
  -0.0018085900   -0.0000009400   -0.0571081600
   0.0024224900   -0.0009867800    0.0046980000
  -0.0002014200   -0.0002216400    0.0036024000
  -0.0006412700   -0.0002903900    0.0023530800
   0.0003424600    0.0024343600    0.0045135300
   0.0000918000    0.0000249700    0.0037082700
  -0.0002244900    0.0001609800    0.0034590100
  -0.0000834200    0.0008622300    0.0025413000
  -0.0002584000    0.0000339600    0.0037629200
   0.0000516900   -0.0001813100    0.0035836600
   0.0001258000    0.0001905200    0.0034408300
   0.0000531500    0.0001562900    0.0035817300
  -0.0011894000   -0.0009143600    0.0033428600
   0.0014511800   -0.0010987500    0.0037152200
   0.0000698000   -0.0000088000    0.0037047100
  -0.0001985000   -0.0001442500    0.0034588100
   0.0500240400   -0.0004211900    0.1104325700
  -0.0061982700    0.0029798200    0.0015664300
  -0.0009120700    0.0003594400   -0.0007136000
  -0.0040930300    0.0001731300    0.0000727100
   0.0008706000   -0.0061059000    0.0021632500
  -0.0009265200   -0.0002745700   -0.0009659400
  -0.0004406800   -0.0000035400   -0.0011477400
  -0.0007927200    0.0026901200   -0.0005286000
   0.0004726600   -0.0007987200   -0.0004936700
  -0.0004487200    0.0002811100   -0.0010571200
  -0.0001476100    0.0004422700   -0.0009350600
  -0.0004521600   -0.0001446200   -0.0010565000
   0.0019425600   -0.0014526300    0.0014168800
  -0.0018623000    0.0017257100    0.0002185000
  -0.0008103400    0.0002077100   -0.0008839400
  -0.0005576700   -0.0000600300   -0.0012285200
   0.0001083200    0.0003492500    0.0027961500
   0.0000621800    0.0026878500    0.0045688600
  -0.0002822700   -0.0001192000    0.0021221800
   0.0000873700    0.0000229900    0.0026239600
   0.0010795900   -0.0005870200    0.0030421000
  -0.0035690800   -0.0020957300    0.0060880600
   0.0000288600    0.0001722700    0.0021903600
   0.0004384300   -0.0000472300    0.0029105100
  -0.0004916500   -0.0002241600    0.0024597600
   0.0001271400   -0.0001113200    0.0021528100
   0.0000941700    0.0000016900    0.0026060000
   0.0002241100   -0.0003012900    0.0029477900
  -0.0000415600    0.0000745700    0.0026076200
   0.0001837400    0.0002032900    0.0025128500
  -0.0001282700    0.0000889000    0.0025862500
  -0.0000791100   -0.0000952700    0.0026380700
   0.0002343300    0.0003422200    0.0082876300
  -0.0010881200    0.0278782800   -0.0145308500
   0.0006891600   -0.0006016800    0.0077796100
   0.0003497100    0.0000145700    0.0083641500
   0.0059792100   -0.0040436000    0.0023355500
  -0.0419182600   -0.0235375900   -0.0310211200
   0.0015625400   -0.0001954100    0.0079407500
   0.0000994600   -0.0002522600    0.0080336300
  -0.0003555800    0.0002602300    0.0080340900
   0.0006604600    0.0016202600    0.0076437300
   0.0003773000    0.0000008900    0.0084390300
   0.0003174200   -0.0001279200    0.0083334100
   0.0001996300    0.0000880600    0.0084369000
  -0.0006817300   -0.0006465200    0.0076888500
   0.0004383900   -0.0003933200    0.0082859600
   0.0001750800   -0.0000993300    0.0082919200

81   
  0.0057992555850591   0.0000000000000000   0.0081466947076198
  -0.0001233900   -0.0000101600   -0.0124370200
  -0.0001446600    0.0000281300   -0.0153204200
  -0.0000532300    0.0000515300   -0.0151759400
   0.0000129700   -0.0001248600   -0.0155306800
  -0.0000486700   -0.0001412000   -0.0149999600
  -0.0000011700   -0.0000167500   -0.0151192000
  -0.0000874200    0.0000367000   -0.0152145600
   0.0001004700    0.0000333600   -0.0158421800
   0.0000109000   -0.0000332700   -0.0151861600
   0.0000022400   -0.0000441600   -0.0151717800
  -0.0000837500    0.0000002800   -0.0151996300
  -0.0000412300    0.0000994300   -0.0152268400
   0.0000031800    0.0001134800   -0.0151230700
  -0.0000134000    0.0000865000   -0.0157257100
   0.0000398000   -0.0000360200   -0.0151986900
  -0.0001432900   -0.0000483400   -0.0152404500
   0.0003673100    0.0001039000   -0.0015866200
  -0.0000600000   -0.0000249300   -0.0010220800
  -0.0000178000   -0.0000089300   -0.0010201700
  -0.0005222900    0.0004006200   -0.0012206200
  -0.0000232200   -0.0000222300   -0.0010919500
  -0.0000176400    0.0000110200   -0.0009983100
   0.0000150000    0.0000049000   -0.0009630400
  -0.0002245000   -0.0000214800   -0.0008286800
   0.0000031900    0.0000037100   -0.0010757600
  -0.0000093000    0.0000386500   -0.0009600800
  -0.0000293300    0.0000106300   -0.0010138900
  -0.0000343700    0.0000197700   -0.0010061400
   0.0001640700   -0.0005102200   -0.0014021500
  -0.0001073200   -0.0000545700   -0.0007958400
  -0.0000257800   -0.0000107300   -0.0010003800
  -0.0000857300    0.0000736000   -0.0008363500
  -0.0006054800   -0.0001693300    0.0028323400
   0.0000464500    0.0000188600    0.0028482800
   0.0000094500   -0.0000670600    0.0028887500
   0.0014280700   -0.0010074700    0.0043916400
   0.0000021800    0.0000407300    0.0028503500
  -0.0000230700    0.0000123800    0.0028771700
   0.0000175500    0.0000200300    0.0028999000
   0.0000153700   -0.0000452200    0.0029078400
  -0.0000484500    0.0000317200    0.0028547900
  -0.0000081800   -0.0000512000    0.0028746700
  -0.0000263000   -0.0000017400    0.0028657200
  -0.0000531000    0.0000431300    0.0028877300
  -0.0003300000    0.0011779400    0.0036155500
  -0.0000253800    0.0000364600    0.0029485500
  -0.0000021100   -0.0000246100    0.0028699900
   0.0000372600    0.0000055200    0.0028422600
  -0.0001603300   -0.0002381800    0.0036764500
  -0.0003679800    0.0000972000    0.0034866000
  -0.0008592600    0.0006397700    0.0039773600
   0.0009262000    0.0281187500    0.0263296600
  -0.0001401400   -0.0001314400    0.0034876800
  -0.0003106900    0.0000332000    0.0034856700
   0.0004924700    0.0008953100    0.0043614200
  -0.0002925200   -0.0001339100    0.0034498300
   0.0002504100   -0.0004025300    0.0038270400
   0.0000246800    0.0003375400    0.0037830800
  -0.0003902900   -0.0000000300    0.0034086000
  -0.0010276400   -0.0000379900    0.0040301800
   0.0440186600   -0.0249213500    0.0445033800
  -0.0006745700    0.0001547800    0.0033259600
  -0.0009435400   -0.0012138100    0.0044845500
  -0.0050777800   -0.0035062100    0.0085527000
  -0.0004211500   -0.0005089400   -0.0010851300
  -0.0001239900    0.0000244300   -0.0011149200
   0.0005232900   -0.0000364800   -0.0008081600
  -0.0001010500    0.0024681600   -0.0030622900
   0.0000455300   -0.0000971000   -0.0011288600
   0.0000032300    0.0000742500   -0.0011008800
  -0.0001189100   -0.0006038900   -0.0009294100
  -0.0000099200   -0.0006221000   -0.0011504700
   0.0004603100    0.0005464100   -0.0009468600
  -0.0007731900    0.0004040200   -0.0010736800
  -0.0001320000    0.0000007200   -0.0010960200
   0.0003449900    0.0001169900   -0.0010068900
   0.0033547100   -0.0019961900   -0.0047282200
  -0.0007756900    0.0004167800   -0.0011845700
   0.0002329500    0.0002920300   -0.0008968000
  -0.0009241500   -0.0004760800   -0.0014011900
  -0.0586751500    0.0002500100   -0.0646785200
   0.0053369100   -0.0001418100    0.0022857600
   0.0017417500    0.0000835800    0.0024865300
   0.0082164200    0.0012315300    0.0002521200
   0.0010662900    0.0022997600    0.0021162400
   0.0001740300    0.0000136500    0.0026063600
   0.0002190500   -0.0000392200    0.0025952900
   0.0015996500   -0.0053870100    0.0004278500
   0.0005396700    0.0006973200    0.0025396400
   0.0001506100    0.0000280600    0.0026007100
   0.0003947600   -0.0007749400    0.0024369800
   0.0001475200   -0.0000073800    0.0026024700
   0.0025291200    0.0034521500    0.0010968800
   0.0001130800   -0.0014462100    0.0014426400
   0.0001849700   -0.0000197600    0.0026153300
   0.0002019000    0.0000332200    0.0025860500
  -0.0005091400    0.0000009300    0.0086375500
   0.0009046100    0.0004898700    0.0097171600
   0.0001658700   -0.0000328000    0.0083900000
  -0.0004679000    0.0001474500    0.0087251100
   0.0005274700    0.0004346200    0.0092549700
   0.0001195300    0.0001172900    0.0083157400
  -0.0000513200   -0.0000179600    0.0082333800
  -0.0007076100    0.0004358200    0.0091859200
  -0.0000216900    0.0001085000    0.0084161000
  -0.0000832600   -0.0000983100    0.0082744500
   0.0000363900   -0.0000747500    0.0083629800
  -0.0000672400    0.0000786700    0.0082850200
  -0.0001510200   -0.0004005000    0.0087601300
  -0.0000162800   -0.0011064300    0.0096824700
   0.0001044000   -0.0000987800    0.0083238500
  -0.0000319400    0.0000208100    0.0082458500

81   
 -0.0057992555850591   0.0000000000000000  -0.0081466947076198
   0.0000370500   -0.0000053900   -0.0180649200
   0.0000614600   -0.0000295000   -0.0151334100
  -0.0000117700   -0.0000453400   -0.0152772200
  -0.0001328100    0.0001201900   -0.0149261900
  -0.0000179900    0.0001304300   -0.0154553600
  -0.0000771700    0.0000080300   -0.0153503700
  -0.0000008900   -0.0000601400   -0.0152480700
  -0.0001839400   -0.0000262900   -0.0145978200
  -0.0000684400    0.0000408000   -0.0153017400
  -0.0001008400    0.0000492900   -0.0153073400
   0.0000094800    0.0000231100   -0.0152712600
  -0.0000592500   -0.0000890400   -0.0152630800
  -0.0000793100   -0.0001167100   -0.0153528300
  -0.0000609800   -0.0000900500   -0.0147011700
  -0.0001144800    0.0000360000   -0.0152626600
   0.0000546100    0.0000624900   -0.0152650200
  -0.0004427400   -0.0001025100   -0.0003684700
  -0.0000209400    0.0000312300   -0.0009367400
  -0.0000548500   -0.0000032300   -0.0009507500
   0.0004473600   -0.0003915500   -0.0007360400
  -0.0000444300    0.0000135800   -0.0008749200
  -0.0000752600    0.0000049700   -0.0009703600
  -0.0000735600    0.0000206000   -0.0009953100
   0.0001366100    0.0000029100   -0.0011341300
  -0.0000646700   -0.0000006000   -0.0008806500
  -0.0000555500   -0.0000528100   -0.0009887300
  -0.0000821500   -0.0000104200   -0.0009447300
  -0.0000401100    0.0000004100   -0.0009696300
  -0.0002428500    0.0005121200   -0.0005524900
   0.0000321700    0.0000575000   -0.0011551000
  -0.0000524300    0.0000084200   -0.0009598200
   0.0000094600   -0.0000722600   -0.0011257600
   0.0005324800    0.0001809600    0.0029779400
  -0.0001266200   -0.0000103000    0.0029508000
  -0.0000710800    0.0000569600    0.0029244900
  -0.0015564800    0.0010539900    0.0013698600
  -0.0000762600   -0.0000520600    0.0029607000
  -0.0000699200    0.0000046900    0.0029243000
  -0.0000693300    0.0000017400    0.0029024300
  -0.0001095200    0.0000291700    0.0028964800
  -0.0000106600   -0.0000216500    0.0029456000
  -0.0000590000    0.0000365700    0.0029117500
  -0.0000848200   -0.0000023900    0.0029325900
  -0.0000220500   -0.0000243000    0.0029293400
   0.0002498400   -0.0012064500    0.0021780200
  -0.0000476800   -0.0000376500    0.0028388000
  -0.0000736300    0.0000203100    0.0029318400
  -0.0001184800   -0.0000030400    0.0029544600
   0.0001038500    0.0002521200    0.0040684200
   0.0002892600   -0.0000981100    0.0042532200
   0.0007692800   -0.0006368100    0.0037722500
  -0.0010937200   -0.0276243600   -0.0184835400
   0.0000619700    0.0001319900    0.0042496700
   0.0002308500   -0.0000329600    0.0042559200
  -0.0005498300   -0.0008713100    0.0034020000
   0.0002121300    0.0001459000    0.0042971800
  -0.0003336500    0.0003864600    0.0039197500
  -0.0000686900   -0.0003289700    0.0039868700
   0.0003157500    0.0000012300    0.0043318200
   0.0009411500    0.0000354300    0.0037138900
  -0.0423214900    0.0237646100   -0.0356111600
   0.0006087100   -0.0001742600    0.0044333600
   0.0008548700    0.0011999400    0.0032656200
   0.0051487000    0.0035643400   -0.0009700100
   0.0003434000    0.0005068900   -0.0003626600
   0.0000437800   -0.0000244800   -0.0003367200
  -0.0006027900    0.0000408600   -0.0006379000
   0.0000138000   -0.0024430600    0.0016428300
  -0.0001256200    0.0000995100   -0.0003235600
  -0.0000818900   -0.0000709000   -0.0003495000
   0.0000406600    0.0006072900   -0.0005198700
  -0.0000696200    0.0006263500   -0.0003018400
  -0.0005334000   -0.0005444200   -0.0005004900
   0.0006911800   -0.0003995300   -0.0003769400
   0.0000526500    0.0000015100   -0.0003564400
  -0.0004288900   -0.0001170100   -0.0004459500
  -0.0033861900    0.0019631700    0.0033008400
   0.0006941400   -0.0004142000   -0.0002681700
  -0.0003162800   -0.0002937800   -0.0005553400
   0.0008429400    0.0004788600   -0.0000205400
   0.0656519800    0.0001602000    0.0696013200
  -0.0054156200    0.0001489700    0.0020910700
  -0.0018301300   -0.0000722100    0.0019128700
  -0.0083152200   -0.0012242900    0.0041711900
  -0.0011690400   -0.0023190300    0.0022826900
  -0.0002569800   -0.0000118800    0.0018121400
  -0.0002976200    0.0000404900    0.0018163100
  -0.0016489100    0.0053242400    0.0039844500
  -0.0006162000   -0.0006970400    0.0018669000
  -0.0002324700   -0.0000211800    0.0018113300
  -0.0004907300    0.0007762200    0.0019573300
  -0.0002341700    0.0000051200    0.0018121900
  -0.0025966200   -0.0034288200    0.0033197900
  -0.0002478100    0.0015141200    0.0029426300
  -0.0002771400    0.0000273400    0.0017963800
  -0.0002815500   -0.0000252200    0.0018278200
   0.0004276800    0.0000017500    0.0071627500
  -0.0009744800   -0.0004798700    0.0061149500
  -0.0002441700    0.0000360900    0.0074312800
   0.0003919900   -0.0001442100    0.0070914700
  -0.0006043200   -0.0004342900    0.0065671600
  -0.0002002000   -0.0001173100    0.0075030000
  -0.0000250600    0.0000187700    0.0075855200
   0.0006237000   -0.0004337400    0.0066384800
  -0.0000555500   -0.0001077700    0.0074059800
   0.0000049600    0.0001023600    0.0075442400
  -0.0001152300    0.0000751800    0.0074571600
  -0.0000132000   -0.0000795700    0.0075357700
   0.0000752000    0.0004044400    0.0070557700
  -0.0000657600    0.0010934400    0.0061502700
  -0.0001855300    0.0001006100    0.0074941400
  -0.0000463900   -0.0000180500    0.0075753400

97   
  0.0057992555850591   0.0000000000000000   0.0081466947076198
   0.0000707300   -0.0000094800   -0.0151417700
   0.0000718000   -0.0000341200   -0.0151248500
   0.0000280200   -0.0000841900   -0.0152171800
   0.0000677100   -0.0000038700   -0.0150175600
   0.0000514700   -0.0000076300   -0.0151008000
   0.0000900200   -0.0000146200   -0.0152770700
   0.0000518400    0.0000267600   -0.0152672900
   0.0000669000    0.0000109200   -0.0150282400
  -0.0000111400    0.0000299700   -0.0152478100
   0.0001069400   -0.0000196100   -0.0152761900
   0.0001167200    0.0000595500   -0.0151891300
   0.0000272100    0.0000109900   -0.0151044600
   0.0000749100    0.0000151900   -0.0150473000
   0.0000900200   -0.0000061500   -0.0150809900
   0.0000589500   -0.0000102900   -0.0150839300
   0.0000276900   -0.0000041300   -0.0151312900
   0.0000644800   -0.0000154900   -0.0008587500
   0.0000882500    0.0000273000   -0.0007892000
   0.0000099700    0.0000312700   -0.0007762900
   0.0000972100   -0.0000100900   -0.0008751700
   0.0001122500    0.0000118700   -0.0007832400
   0.0000527000    0.0000162000   -0.0008125800
   0.0000161100    0.0000154700   -0.0007817600
   0.0000647600   -0.0000008700   -0.0008742900
   0.0000855500   -0.0000618500   -0.0007617500
   0.0000353400   -0.0000507400   -0.0007846200
   0.0000356600   -0.0000126100   -0.0008287800
   0.0000961200    0.0000010300   -0.0008138700
   0.0000731000    0.0000182100   -0.0008656700
   0.0000642400    0.0000054600   -0.0008637400
   0.0000771100    0.0000254800   -0.0008184600
   0.0000479000   -0.0000199100   -0.0008791400
   0.0000170100   -0.0000059500    0.0030981100
   0.0000480900   -0.0000532900    0.0031239700
   0.0002290300   -0.0000906500    0.0031614300
   0.0000037300    0.0000109100    0.0030663300
  -0.0000342300   -0.0000269300    0.0031651300
   0.0000943200    0.0000186800    0.0031061000
   0.0001791100   -0.0000665600    0.0031301100
   0.0000308500   -0.0000473900    0.0030817300
   0.0000743800    0.0001678400    0.0031638400
   0.0000691600    0.0000400600    0.0031032400
   0.0000470000   -0.0000171700    0.0030765000
   0.0000799000    0.0000161300    0.0030891500
   0.0000125900   -0.0000075600    0.0030810900
   0.0000429800   -0.0000008300    0.0030740100
   0.0000923200    0.0000104200    0.0030800900
   0.0001065400    0.0000344300    0.0030744000
   0.0005854300    0.0000272200    0.0039442600
  -0.0000261500   -0.0000175700    0.0036446000
  -0.0003154100    0.0004886300    0.0036641100
   0.0000115200   -0.0025001100    0.0016139300
   0.0000915500   -0.0000690400    0.0036598400
   0.0001181500    0.0000821000    0.0036279800
   0.0000805100    0.0005960800    0.0035977600
  -0.0000116400    0.0006127800    0.0038503400
   0.0005342300   -0.0005216000    0.0038039300
   0.0004346500   -0.0001262400    0.0037756200
  -0.0000334100   -0.0000013100    0.0036469200
  -0.0006601300   -0.0004027800    0.0036729100
  -0.0008681400    0.0005054500    0.0033748000
   0.0003499800   -0.0002900300    0.0039023200
  -0.0006535100   -0.0003985500    0.0035471900
   0.0034554000    0.0019857900   -0.0001429400
  -0.0007607000   -0.0006835300   -0.0005185300
  -0.0002934500   -0.0001214300   -0.0010117100
  -0.0000547000    0.0002701700   -0.0008438500
   0.0011389500   -0.0273569200    0.0218705500
  -0.0002327000   -0.0000373400   -0.0010198800
  -0.0000280300    0.0001509800   -0.0010033300
  -0.0002431700    0.0002031900   -0.0010346300
   0.0005931500   -0.0008385000   -0.0002397500
   0.0004183300    0.0004064500   -0.0006815300
  -0.0009215200    0.0000160900   -0.0005120500
  -0.0003258600   -0.0000022900   -0.0010852600
   0.0000422500   -0.0004288200   -0.0007651700
  -0.0054682600    0.0037739800    0.0047024100
  -0.0008389200    0.0011991400   -0.0001140300
  -0.0007129400   -0.0001636300   -0.0011620300
   0.0415405000    0.0232864200    0.0386600400
  -0.0004162100   -0.0000009200    0.0031130200
  -0.0003859300   -0.0001677300    0.0031903700
   0.0002543800    0.0000408400    0.0028451300
   0.0009951300   -0.0005171600    0.0041559800
  -0.0006336200   -0.0004259600    0.0036223600
   0.0000703900    0.0000243300    0.0026951200
   0.0001829600   -0.0000934700    0.0027905700
   0.0006506600   -0.0004337300    0.0037230300
   0.0001338200    0.0000697800    0.0028233500
   0.0000240900    0.0000646800    0.0027436300
   0.0000602800   -0.0001125400    0.0028648900
   0.0000084900   -0.0000693200    0.0027301400
   0.0000517900    0.0011068400    0.0041043900
  -0.0000478400    0.0004238600    0.0032397000
   0.0000657600   -0.0000356700    0.0026669000
   0.0001833200    0.0000982800    0.0027930300
  -0.0649779700    0.0004696700   -0.0727750000
   0.0081423400   -0.0011828600    0.0062866700
   0.0018618000   -0.0000627000    0.0084080800
   0.0054133900    0.0001293100    0.0082459500
   0.0015868000    0.0051770900    0.0064528200
   0.0003093500    0.0000423600    0.0085364600
   0.0002777900   -0.0000261100    0.0085529100
   0.0011692300   -0.0023386400    0.0080768700
   0.0005076900    0.0007812500    0.0083711800
   0.0002339800   -0.0000194200    0.0085440500
   0.0006148600   -0.0007208900    0.0084443000
   0.0002372600    0.0000112800    0.0085423400
   0.0002704100    0.0015760700    0.0074328100
   0.0025130300   -0.0033621800    0.0070971300
   0.0003069600   -0.0000410200    0.0085285700
   0.0002863400    0.0000277900    0.0085563400

97   
 -0.0057992555850591   0.0000000000000000  -0.0081466947076198
  -0.0000378300   -0.0000120200   -0.0151040400
  -0.0000333100    0.0000201000   -0.0151292400
   0.0000455900    0.0000825000   -0.0150385600
  -0.0000500800   -0.0000139900   -0.0152400300
  -0.0000028400   -0.0000034300   -0.0151400100
  -0.0000271200    0.0000129000   -0.0149793300
  -0.0000170100   -0.0000536600   -0.0149776900
  -0.0000163000   -0.0000034200   -0.0152226700
   0.0000995600   -0.0000235900   -0.0150092400
  -0.0000775300    0.0000136900   -0.0149691000
  -0.0000698100   -0.0000550400   -0.0150638200
  -0.0000257200   -0.0000191800   -0.0151436800
  -0.0000277800   -0.0000090400   -0.0152058000
  -0.0000453700    0.0000128400   -0.0151497400
  -0.0000024800   -0.0000014800   -0.0151604400
   0.0000209100    0.0000374500   -0.0151359400
  -0.0000239500   -0.0000096200   -0.0008821800
  -0.0000394000   -0.0000340500   -0.0009573400
   0.0000458800   -0.0000630900   -0.0009820700
  -0.0000475800    0.0000104700   -0.0008556500
  -0.0000468100   -0.0000150200   -0.0009812300
  -0.0000222200    0.0000137300   -0.0009488300
   0.0000627900    0.0000003200   -0.0009697700
  -0.0000446700   -0.0000169200   -0.0008780800
  -0.0000114400    0.0000623900   -0.0009791000
   0.0000098300    0.0000351500   -0.0009510100
  -0.0000191100    0.0000055700   -0.0009259300
  -0.0000382600    0.0000303300   -0.0009451200
  -0.0000283800   -0.0000070200   -0.0008695100
  -0.0000235300    0.0000007200   -0.0008774400
  -0.0000082400   -0.0000211600   -0.0009279400
  -0.0000091500    0.0000202900   -0.0008569000
   0.0000159900   -0.0000172600    0.0029154700
   0.0000017600    0.0000501900    0.0028828600
  -0.0001668600    0.0000613000    0.0028648400
   0.0000456300   -0.0000075100    0.0029417900
   0.0000974700    0.0000244000    0.0028683100
  -0.0000641800    0.0000146700    0.0029113400
  -0.0000959300    0.0000780000    0.0028923900
  -0.0000139200    0.0000254600    0.0029445400
   0.0000018000   -0.0001686700    0.0028432600
  -0.0000300700   -0.0000586000    0.0028917600
  -0.0000303400    0.0000031700    0.0029425300
  -0.0000201900    0.0000140500    0.0029348800
   0.0000289400    0.0000226400    0.0029298300
  -0.0000049500    0.0000078700    0.0029309500
  -0.0000165900   -0.0000050900    0.0029356200
  -0.0000668400   -0.0000313700    0.0029343700
  -0.0005380600   -0.0000270500    0.0039858100
   0.0000729000    0.0000145200    0.0042919100
   0.0003612700   -0.0004924300    0.0042686300
   0.0000442800    0.0025223500    0.0062882700
  -0.0000448300    0.0000688700    0.0042746700
  -0.0000704500   -0.0000818700    0.0043088800
  -0.0000327600   -0.0005938500    0.0043393100
   0.0000577500   -0.0006119500    0.0040833600
  -0.0004917500    0.0005197900    0.0041271000
  -0.0003826400    0.0001234700    0.0041615500
   0.0000801500    0.0000006300    0.0042893800
   0.0007087100    0.0004026900    0.0042612700
   0.0009185200   -0.0005051500    0.0045312300
  -0.0002991900    0.0002855500    0.0040335800
   0.0007006500    0.0003974800    0.0043894800
  -0.0034536000   -0.0020201200    0.0080487400
   0.0008203300    0.0006832900   -0.0007518400
   0.0003410200    0.0001161500   -0.0002502100
   0.0000821900   -0.0002593300   -0.0004216500
  -0.0010010400    0.0278399900   -0.0232384000
   0.0002800400    0.0000350900   -0.0002440300
   0.0000761900   -0.0001529900   -0.0002564700
   0.0002909600   -0.0001949600   -0.0002325500
  -0.0005654900    0.0008611500   -0.0010453800
  -0.0003650600   -0.0004251500   -0.0005869600
   0.0009764500   -0.0000233300   -0.0007545700
   0.0003688100   -0.0000001500   -0.0001782600
  -0.0000295200    0.0004321700   -0.0005259700
   0.0053631700   -0.0037138900   -0.0057984600
   0.0008982400   -0.0012164400   -0.0011603900
   0.0007471200    0.0001417000   -0.0001191000
  -0.0432450500   -0.0244300100   -0.0410688100
   0.0004650200   -0.0000000100    0.0015475500
   0.0004326400    0.0001662700    0.0014564300
  -0.0002082700   -0.0000410600    0.0017957800
  -0.0009557600    0.0005216600    0.0004719700
   0.0006847100    0.0004250800    0.0010146200
  -0.0000235600   -0.0000274300    0.0019526500
  -0.0001361300    0.0000907400    0.0018551100
  -0.0006034200    0.0004303800    0.0009176800
  -0.0000850500   -0.0000688800    0.0018186300
   0.0000220100   -0.0000631400    0.0019035600
  -0.0000151400    0.0001128600    0.0017780400
   0.0000403100    0.0000671000    0.0019117000
  -0.0000029400   -0.0011224300    0.0005209000
   0.0000942900   -0.0004234400    0.0014088800
  -0.0000191000    0.0000358000    0.0019716400
  -0.0001341100   -0.0000996000    0.0018488100
   0.0615485000    0.0002697800    0.0679474600
  -0.0080835500    0.0011896300    0.0097505200
  -0.0018081100    0.0000728000    0.0076496000
  -0.0053703300   -0.0001232200    0.0078359800
  -0.0015719000   -0.0052487300    0.0095996900
  -0.0002659800   -0.0000449700    0.0075153500
  -0.0002261300    0.0000236600    0.0074933600
  -0.0011010800    0.0023196800    0.0079829900
  -0.0004446200   -0.0007858700    0.0076956200
  -0.0001869400    0.0000238000    0.0075040000
  -0.0005691800    0.0007165400    0.0076032000
  -0.0001836600   -0.0000169300    0.0075022700
  -0.0001672000   -0.0015113800    0.0086435800
  -0.0024786700    0.0033843500    0.0089404200
  -0.0002589400    0.0000446300    0.0075132900
  -0.0002273700   -0.0000238700    0.0074912000
