96   
12   

1    
  0.0057416408376522   0.0000000000000000   0.0081874025485135
  -0.0879478471   -0.0002659356   -0.1658201317
   0.0004487015    0.0052732700   -0.0031436386
   0.0018970725   -0.0000193700   -0.0006214807
  -0.0001704556   -0.0053525300   -0.0028801600
   0.0005052398   -0.0052002451   -0.0031442515
   0.0002631716   -0.0003974217   -0.0007771279
   0.0003816451    0.0003204938   -0.0008025500
   0.0003413832    0.0057371153   -0.0028795672
  -0.0000381683    0.0011166790   -0.0006360306
   0.0009429834    0.0000583712   -0.0007896188
  -0.0000043783   -0.0010964690   -0.0006052106
   0.0009624734   -0.0000214712   -0.0007908888
   0.0002187732    0.0049517847   -0.0030113372
   0.0006138698   -0.0053366749   -0.0030081815
   0.0003045316    0.0003781217   -0.0007421079
   0.0003517451   -0.0003532238   -0.0008380400
  -0.0020964274   -0.0041268753    0.0087716114
  -0.0003972944   -0.0004563895   -0.0030589237
   0.0002440314    0.0008025089   -0.0037704741
   0.0381440877   -0.0191064941    0.0388270986
   0.0000142833   -0.0001379908   -0.0031329866
  -0.0000768251   -0.0000011802   -0.0035541503
   0.0000270722   -0.0005872876   -0.0037060922
  -0.0014505325   -0.0007965656   -0.0025748741
   0.0006325102   -0.0003176187   -0.0034832229
   0.0000140287    0.0006928161   -0.0033566382
  -0.0001833995    0.0000519433   -0.0036665065
  -0.0001096859   -0.0000976197   -0.0036831233
   0.0050407854    0.0233277739    0.0238996330
  -0.0005265526   -0.0005259351   -0.0027999312
  -0.0002751363    0.0000451811   -0.0036759693
   0.0008614842    0.0013311408   -0.0023524441
   0.0383384210    0.0193606591    0.0509699006
   0.0000996873   -0.0006537458    0.0081837363
  -0.0002774980    0.0005131386    0.0089161480
  -0.0016488973    0.0037266820    0.0199071709
   0.0000595702    0.0004198284    0.0083040566
  -0.0000364768   -0.0000007602    0.0083153391
  -0.0000173192   -0.0000198788    0.0088064371
  -0.0014336153    0.0010624395    0.0091108508
   0.0001260435   -0.0006232409    0.0086639483
   0.0004370565    0.0003587263    0.0084461278
  -0.0001178111    0.0000913989    0.0082321661
  -0.0001469233   -0.0000783676    0.0082458287
   0.0047950343   -0.0229879365    0.0353315527
   0.0011006518   -0.0014561666    0.0094434522
  -0.0002784219   -0.0000142168    0.0082412318
  -0.0007307757    0.0004016485    0.0087824065
   0.0003069828    0.0000047400   -0.0151150644
   0.0001860161   -0.0001597600   -0.0137090535
   0.0000106134    0.0000102500   -0.0140379917
  -0.0000994797   -0.0000836600   -0.0138112744
  -0.0000066960    0.0001536110   -0.0136115610
   0.0000483410    0.0000357397   -0.0140603263
  -0.0000466107    0.0000142005   -0.0141159089
   0.0000706248    0.0002153999   -0.0139096314
   0.0000073659   -0.0000002837   -0.0140641873
  -0.0000196535   -0.0000586014   -0.0140963788
  -0.0000029341   -0.0000108363   -0.0140376673
  -0.0000164535    0.0000171914   -0.0140745288
  -0.0000837452   -0.0000524099   -0.0136749314
   0.0002784340   -0.0000638210   -0.0138740510
  -0.0000373390    0.0000131703   -0.0141317463
  -0.0000727307   -0.0000302405   -0.0140212289
  -0.0000021961    0.0000044400    0.0088518507
   0.0000047821    0.0000498400    0.0089920178
  -0.0000011955    0.0000175300    0.0089340655
   0.0000176479    0.0000251500    0.0089558619
   0.0000296121   -0.0000284622    0.0089839634
  -0.0000027246   -0.0000005224    0.0089613773
   0.0000017378   -0.0000068851    0.0089493684
  -0.0000202549   -0.0000203459    0.0089671954
   0.0000117419   -0.0000102588    0.0089433452
  -0.0000073420   -0.0000019521    0.0089627976
  -0.0000112081   -0.0000092712    0.0089499352
  -0.0000051420   -0.0000092979    0.0089379276
   0.0000315751    0.0000055959    0.0089764254
  -0.0000300179   -0.0000214378    0.0089986834
  -0.0000188646    0.0000101024    0.0089476373
  -0.0000095922    0.0000005151    0.0089322084
   0.0001629112    0.0001162616    0.0014798263
  -0.0000254746   -0.0000485596    0.0016071165
   0.0000398469   -0.0000391366    0.0016251097
  -0.0000895250    0.0000371975    0.0013160082
  -0.0000340638   -0.0000396628    0.0016030824
  -0.0000700249   -0.0000105395    0.0016321067
   0.0000801793    0.0000049708    0.0016310504
  -0.0000221858    0.0000287785    0.0015911403
   0.0000142489    0.0000386804    0.0016038577
   0.0000633882    0.0000496301    0.0016200134
   0.0000612547    0.0000130546    0.0015874337
  -0.0000094395    0.0000165036    0.0015665424
  -0.0000308785   -0.0001298783    0.0013950494
   0.0000949822   -0.0000514228    0.0015964470
   0.0000289503   -0.0000264995    0.0015785391
   0.0000226893    0.0000410922    0.0015745005

1    
 -0.0057416408376522   0.0000000000000000  -0.0081874025485135
   0.0872722809   -0.0002370245    0.1626658884
  -0.0002714144   -0.0052294800    0.0015099600
  -0.0018817625    0.0000242000   -0.0010688093
   0.0000031285    0.0054063900    0.0011401986
  -0.0004667632    0.0052979953    0.0014332772
  -0.0002502751    0.0003961438   -0.0009128300
  -0.0003690816   -0.0003391117   -0.0008909921
  -0.0003791498   -0.0056593351    0.0012212915
   0.0000496483   -0.0011150690   -0.0010539494
  -0.0009481934   -0.0000679688   -0.0009026912
   0.0000091483    0.0010845290   -0.0010814094
  -0.0009436134    0.0000084688   -0.0009027812
  -0.0002711698   -0.0050207049    0.0012504415
  -0.0005672332    0.0052771447    0.0014058372
  -0.0002976051   -0.0003664138   -0.0009412900
  -0.0003284616    0.0003557417   -0.0008633921
   0.0021090831    0.0040927296   -0.0162194680
   0.0003902138    0.0004373933   -0.0042981181
  -0.0002400863   -0.0007976534   -0.0035998956
  -0.0395888738    0.0199808338   -0.0477162247
  -0.0000070618    0.0001535036   -0.0042298061
   0.0000897651    0.0000114398   -0.0038139975
  -0.0000224699    0.0005708333   -0.0036854177
   0.0014399864    0.0008229622   -0.0048031004
  -0.0006231322    0.0002982869   -0.0038659508
  -0.0000248142   -0.0006873968   -0.0040242848
   0.0001990215   -0.0000602252   -0.0036977662
   0.0001175500    0.0000790661   -0.0036574630
  -0.0049841315   -0.0239722788   -0.0318637734
   0.0005175139    0.0005400145   -0.0045945188
   0.0002786460   -0.0000294464   -0.0036893090
  -0.0008827388   -0.0013378351   -0.0050385793
  -0.0369029446   -0.0185185692   -0.0331051239
  -0.0000893721    0.0006476613    0.0081570637
   0.0002946286   -0.0005228249    0.0074242837
   0.0016680016   -0.0037560077   -0.0034824840
  -0.0000427923   -0.0004106126    0.0080559735
   0.0000471468    0.0000114398    0.0080298787
   0.0000272966    0.0000146627    0.0075425149
   0.0014441313   -0.0010360333    0.0072470733
  -0.0001109682    0.0006192901    0.0076752246
  -0.0004398545   -0.0003735284    0.0078984360
   0.0001352269   -0.0001046425    0.0081088603
   0.0001561113    0.0000640157    0.0080784740
  -0.0048365580    0.0223625914   -0.0183906819
  -0.0010635375    0.0014547924    0.0069212403
   0.0002913023    0.0000289915    0.0081055865
   0.0007558545   -0.0003948491    0.0075988634
  -0.0002957060    0.0000108400   -0.0129859540
  -0.0001916516    0.0001567500   -0.0143970973
   0.0000006232   -0.0000034200   -0.0140797233
   0.0001149251    0.0000905800   -0.0142920723
   0.0000069975   -0.0001632413   -0.0145003230
  -0.0000399100   -0.0000352828   -0.0140569226
   0.0000483795   -0.0000235440   -0.0140061996
  -0.0000530857   -0.0002339187   -0.0142038005
   0.0000017490   -0.0000012979   -0.0140625089
   0.0000197585    0.0000523156   -0.0140294872
   0.0000198990    0.0000178279   -0.0140981089
   0.0000192685   -0.0000219556   -0.0140429172
   0.0000841943    0.0000565287   -0.0144584805
  -0.0002637925    0.0000783413   -0.0142606530
   0.0000316100   -0.0000141072   -0.0139843726
   0.0000872495    0.0000334240   -0.0141084296
   0.0000044915    0.0000107200    0.0090852421
  -0.0000008158   -0.0000552500    0.0089357492
   0.0000118475   -0.0000097500    0.0090125764
  -0.0000050516   -0.0000171400    0.0089719093
  -0.0000247709    0.0000260583    0.0089510988
   0.0000089372    0.0000008143    0.0089849568
   0.0000008120   -0.0000033846    0.0090003914
   0.0000364613    0.0000063392    0.0089733589
  -0.0000011517    0.0000061599    0.0090115461
   0.0000067118   -0.0000039994    0.0089886439
   0.0000280183    0.0000154801    0.0090134961
   0.0000085418    0.0000041794    0.0090051039
  -0.0000332287   -0.0000051692    0.0089771089
   0.0000523491    0.0000317917    0.0089574288
   0.0000137972   -0.0000091343    0.0089945068
   0.0000228220    0.0000031346    0.0090233514
  -0.0001528612   -0.0001120508    0.0015083640
   0.0000186401    0.0000444054    0.0013675530
  -0.0000220853    0.0000325665    0.0013516872
   0.0000969302   -0.0000327949    0.0016599036
   0.0000286641    0.0000169412    0.0013814887
   0.0000709481   -0.0000049095    0.0013454957
  -0.0000600023   -0.0000302901    0.0013408882
   0.0000330262   -0.0000450038    0.0013910376
  -0.0000128635   -0.0000422643    0.0013666749
  -0.0000535167   -0.0000440966    0.0013464003
  -0.0000470117   -0.0000081083    0.0013817409
   0.0000084100   -0.0000267603    0.0014107890
   0.0000437803    0.0001551266    0.0015806611
  -0.0000819610    0.0000738371    0.0013662505
  -0.0000339426    0.0000371374    0.0013979160
  -0.0000180807   -0.0000185154    0.0014074915

17   
  0.0057416408376522   0.0000000000000000   0.0081874025485135
  -0.0035779531   -0.0049578296    0.0126843080
   0.0411339038   -0.0208475838    0.0422450547
  -0.0005060237   -0.0001171466   -0.0003311644
   0.0004560062    0.0004221467   -0.0007669119
   0.0050227715    0.0256854588    0.0273186234
   0.0005013488    0.0011462551    0.0007938493
  -0.0002217060   -0.0000491836   -0.0008121010
  -0.0001294439   -0.0007506345   -0.0002075512
   0.0002496822   -0.0000775069   -0.0003411892
  -0.0002020200   -0.0000401461   -0.0007892970
  -0.0000645715    0.0000763652   -0.0008373438
   0.0004670842   -0.0008884932   -0.0007680852
   0.0004004218   -0.0003427136   -0.0005488539
  -0.0014393264   -0.0003600422    0.0002953104
  -0.0003185901    0.0009955167   -0.0005378523
  -0.0000414751   -0.0000291998   -0.0006932025
  -0.0554035193    0.0000440959   -0.0934987376
   0.0043965421   -0.0001954700   -0.0050147494
   0.0002839330   -0.0001935800   -0.0040238456
   0.0054762936   -0.0001129600   -0.0056981204
   0.0004728423    0.0020595392   -0.0053400473
  -0.0000073494    0.0000549683   -0.0039549122
   0.0002108238   -0.0000456536   -0.0037812910
   0.0011766822   -0.0027511420   -0.0054804928
  -0.0000552927    0.0001033830   -0.0040298554
   0.0000159909    0.0000391462   -0.0038165414
   0.0002177973   -0.0001035330   -0.0039119354
   0.0000316809    0.0000821138   -0.0037282214
   0.0010242422    0.0029489020   -0.0057117628
   0.0006644323   -0.0017390492   -0.0051452573
   0.0002249406   -0.0000761683   -0.0038462422
  -0.0000489362    0.0000151436   -0.0038377510
  -0.0016139729   -0.0000815100    0.0167561793
   0.0015287484    0.0012286500    0.0097209686
   0.0001391164   -0.0000731400    0.0081049821
  -0.0006174927    0.0005098200    0.0080776029
   0.0009153314    0.0007160305    0.0088802320
   0.0000253825    0.0000836240    0.0081202970
   0.0003742012   -0.0001525920    0.0080471092
  -0.0018039796    0.0004126192    0.0090107790
  -0.0000314925    0.0000058930    0.0080481290
  -0.0000035817    0.0001160300    0.0080376959
   0.0000356675   -0.0001257030    0.0080577490
   0.0000256783   -0.0000653500    0.0079447359
  -0.0001816996   -0.0004432992    0.0080937590
  -0.0006701686   -0.0022237205    0.0098422320
   0.0002018025   -0.0000658140    0.0080019570
   0.0001816712    0.0001513420    0.0081093992
   0.0000610207    0.0000136353   -0.0141192694
  -0.0000225927    0.0000332887   -0.0141329089
  -0.0000034646    0.0000290939   -0.0141133898
   0.0000373362    0.0000085054   -0.0141229720
   0.0000198249   -0.0000484150   -0.0141290775
   0.0000186385   -0.0000040453   -0.0141835707
   0.0000150222    0.0000035046   -0.0140928092
   0.0000329154   -0.0000057966   -0.0141315958
   0.0000273539   -0.0000075860   -0.0141088166
   0.0000330568    0.0000024968   -0.0140713256
   0.0000183966    0.0000114900   -0.0140812751
   0.0000196650   -0.0000322499   -0.0141019707
   0.0000379160    0.0000017049   -0.0141079768
   0.0000047084    0.0000001242   -0.0141436571
  -0.0000173662    0.0000072694   -0.0141101887
   0.0000482743   -0.0000064305   -0.0140878453
   0.0000460999    0.0000144194    0.0090283419
   0.0000114380    0.0000021877    0.0089980046
   0.0000275553    0.0000098315    0.0089684114
   0.0000235169   -0.0000083134    0.0089698184
   0.0000015055   -0.0000189172    0.0090153933
   0.0000316566   -0.0000031751    0.0089687935
   0.0000177764    0.0000024891    0.0089538908
   0.0000398125   -0.0000000058    0.0089869432
   0.0000303510    0.0000146793    0.0089603528
   0.0000301987    0.0000030380    0.0089295383
   0.0000210451    0.0000086931    0.0089442435
   0.0000291651   -0.0000020566    0.0089508873
   0.0000236759   -0.0000040350    0.0089561062
   0.0000186413   -0.0000009575    0.0089627029
   0.0000211883   -0.0000053560    0.0089627137
   0.0000417354   -0.0000044401    0.0089554478
   0.0000220555   -0.0000019700    0.0013961609
   0.0000566834   -0.0000051000    0.0014861410
   0.0000162329   -0.0000088400    0.0014669379
   0.0000113464    0.0000082400    0.0014934262
   0.0000375821    0.0000279417    0.0015091543
   0.0000371482    0.0000102134    0.0014853452
   0.0000089462    0.0000115306    0.0014801979
   0.0000104438    0.0000120385    0.0014740719
   0.0000214337    0.0000103866    0.0014757775
   0.0000086262   -0.0000156236    0.0014859063
   0.0000302637   -0.0000024866    0.0014553775
   0.0000143262    0.0000107136    0.0014738863
   0.0000143738   -0.0000362385    0.0015038119
   0.0000312221   -0.0000117717    0.0014628943
   0.0000182282    0.0000028666    0.0014668152
  -0.0000013638   -0.0000144206    0.0014734779

17   
 -0.0057416408376522   0.0000000000000000  -0.0081874025485135
   0.0035882774    0.0049681853   -0.0143790414
  -0.0395243377    0.0199306541   -0.0423042586
   0.0005651786    0.0001219811   -0.0013417159
  -0.0004381756   -0.0004073705   -0.0008894963
  -0.0050041954   -0.0250236739   -0.0284907830
  -0.0005133542   -0.0011321108   -0.0024529359
   0.0002756563    0.0000486989   -0.0008659307
   0.0001473026    0.0007676951   -0.0014921388
  -0.0002022602    0.0000900687   -0.0013387371
   0.0002073259    0.0000405097   -0.0008923967
   0.0001213295   -0.0000794833   -0.0008485235
  -0.0004639587    0.0008982739   -0.0009007818
  -0.0003917633    0.0003119308   -0.0011129234
   0.0014731125    0.0003647056   -0.0019821659
   0.0003502478   -0.0010400524   -0.0011343578
   0.0000585451    0.0000041602   -0.0009755297
   0.0511285500    0.0001498189    0.0903171152
  -0.0043335536    0.0001587200   -0.0025553696
  -0.0002142830    0.0001434300   -0.0035463244
  -0.0054945821    0.0001495000   -0.0017600306
  -0.0004556422   -0.0020005420   -0.0022470472
   0.0000112262   -0.0000106736   -0.0036366890
  -0.0001063106    0.0000624683   -0.0037298778
  -0.0012001823    0.0027529992   -0.0020186727
   0.0000712727   -0.0001528930   -0.0035018346
   0.0000158391   -0.0000600738   -0.0036921986
  -0.0001718973    0.0000754630   -0.0035720446
  -0.0000015809   -0.0001357662   -0.0037699086
  -0.0009618923   -0.0029039792   -0.0018691627
  -0.0006373222    0.0017716120   -0.0023981872
  -0.0002145138    0.0000791736   -0.0037296090
   0.0000749094    0.0000392417   -0.0037268978
   0.0016390417    0.0000359300   -0.0003659003
  -0.0015241466   -0.0012569200    0.0065632319
  -0.0000731193    0.0000241700    0.0081965106
   0.0006448776   -0.0004941900    0.0080952683
  -0.0009008618   -0.0006636769    0.0073974789
  -0.0000086198   -0.0000330059    0.0082023157
  -0.0002716461    0.0001696574    0.0082037720
   0.0017622765   -0.0003883262    0.0072067673
   0.0000458756   -0.0000572102    0.0082172877
   0.0000351880   -0.0001436799    0.0082118818
   0.0000082156    0.0000977802    0.0081564977
   0.0000025980    0.0000132899    0.0082839718
   0.0002261265    0.0004949362    0.0081872973
   0.0006980682    0.0022262469    0.0064262789
  -0.0001909998    0.0000681659    0.0083017857
  -0.0001604361   -0.0000984374    0.0081877220
  -0.0000130227   -0.0000184605   -0.0141957256
   0.0000489789   -0.0000331254   -0.0141513667
   0.0000379695   -0.0000169196   -0.0141832688
  -0.0000287049   -0.0000344457   -0.0141666397
  -0.0000168265    0.0000407150   -0.0141730394
   0.0000488862    0.0000021837   -0.0141078145
  -0.0000079640    0.0000056577   -0.0141724954
   0.0000075921    0.0000310002   -0.0141707017
   0.0000086569    0.0000533314   -0.0141588490
   0.0000031963    0.0000052071   -0.0141316996
  -0.0000007060    0.0000129665   -0.0141573434
   0.0000068606    0.0000397232   -0.0141422259
  -0.0000265198   -0.0000197158   -0.0141372431
   0.0000285713   -0.0000287716   -0.0141138318
   0.0000364356   -0.0000273973   -0.0141652590
   0.0000045091   -0.0000039405   -0.0141773521
   0.0000035582   -0.0000190914    0.0088666484
   0.0000145352   -0.0000003592    0.0088714643
   0.0000055057    0.0000012381    0.0089132299
  -0.0000139393   -0.0000163472    0.0089033078
   0.0000027556    0.0000103405    0.0088683414
   0.0000326574    0.0000007273    0.0089069504
  -0.0000080170    0.0000067314    0.0088937285
   0.0000006244    0.0000261694    0.0088979817
   0.0000058096    0.0000275021    0.0088922670
   0.0000052814    0.0000039117    0.0088569617
  -0.0000005155    0.0000132171    0.0088766856
  -0.0000028754    0.0000080186    0.0088753610
  -0.0000101371   -0.0000116868    0.0088736609
   0.0000140202   -0.0000237365    0.0088779261
   0.0000001327   -0.0000121749    0.0088968970
   0.0000094544   -0.0000038001    0.0088937218
   0.0000118392    0.0000007400    0.0015449352
  -0.0000307862    0.0000014400    0.0014702886
   0.0000013394    0.0000042500    0.0014923744
   0.0000263493   -0.0000108600    0.0014605552
  -0.0000220808   -0.0000424947    0.0014500398
   0.0000116547   -0.0000024112    0.0014785895
   0.0000113236    0.0000102498    0.0014738419
   0.0000142321   -0.0000016348    0.0014820531
   0.0000193265    0.0000086046    0.0014824140
   0.0000058136    0.0000008619    0.0014827654
   0.0000035765   -0.0000107846    0.0014990540
   0.0000081136    0.0000004181    0.0014888354
   0.0000136821    0.0000234248    0.0014461131
  -0.0000077708    0.0000216247    0.0014787598
   0.0000214347   -0.0000012688    0.0014896895
   0.0000238136    0.0000017602    0.0014857319

33   
  0.0057416408376522   0.0000000000000000   0.0081874025485135
   0.0388718246    0.0196269392    0.0390536539
  -0.0036231116    0.0049046077    0.0123423140
   0.0004915614   -0.0003851051   -0.0005285637
  -0.0005653379    0.0001524587   -0.0002488937
   0.0048655080   -0.0246601314    0.0258336119
  -0.0002617445    0.0006711991   -0.0004658634
  -0.0002445023    0.0000459185   -0.0006980865
   0.0007263775   -0.0012081824    0.0007939097
   0.0005204282    0.0008868599   -0.0005065546
  -0.0000729413   -0.0000770457   -0.0007084740
  -0.0001354169    0.0000707425   -0.0006880303
   0.0001666245    0.0001284884   -0.0002752760
  -0.0002829877   -0.0010652474   -0.0003766435
  -0.0014133113    0.0005417833    0.0001615667
   0.0004199134    0.0002407373   -0.0004141849
   0.0000401632    0.0000001402   -0.0006231287
  -0.0016013417    0.0000613900    0.0047516403
  -0.0005898076   -0.0003842900   -0.0036891783
   0.0000975893    0.0000511300   -0.0038209806
   0.0016178466   -0.0011375000   -0.0021997619
  -0.0016428065   -0.0004596962   -0.0027177973
   0.0003347961    0.0001414474   -0.0037735720
   0.0000689998   -0.0000248659   -0.0038266757
   0.0008850618   -0.0007540469   -0.0030512389
   0.0000312044    0.0001253002   -0.0037436077
   0.0000584720   -0.0001294199   -0.0038156118
  -0.0000245356   -0.0000335302   -0.0038118477
   0.0000549820    0.0000007899   -0.0038446418
  -0.0005621782    0.0021786669   -0.0019419289
  -0.0002531465    0.0004266062   -0.0038164073
   0.0001670261   -0.0000960574   -0.0037153420
   0.0002721698    0.0000434859   -0.0038450357
  -0.0572637031    0.0001294112   -0.0867021736
   0.0057188521    0.0001371800    0.0065058606
   0.0001367430    0.0000987900    0.0079076144
   0.0050244736   -0.0000677700    0.0069966196
   0.0010666223    0.0026930492    0.0065673427
   0.0001012406   -0.0000198717    0.0080957278
   0.0000776938   -0.0000024836    0.0080064590
   0.0008070222   -0.0022410120    0.0068289172
   0.0001114073    0.0001005630    0.0078706946
   0.0001051009    0.0000084662    0.0080638086
  -0.0000279927   -0.0000599530    0.0078614946
   0.0001180709   -0.0000537362    0.0080966586
   0.0007305622    0.0023231820    0.0067760572
   0.0010833223   -0.0029684092    0.0065991327
   0.0000155206    0.0000269517    0.0080436778
   0.0002132538   -0.0000281164    0.0080250190
  -0.0011027375   -0.0005563392   -0.0136576412
   0.0022293203   -0.0013850117   -0.0112695933
   0.0000188896    0.0000574070   -0.0141183382
   0.0000866468    0.0000453758   -0.0140858342
  -0.0001945463    0.0019279172   -0.0124677606
   0.0002365309    0.0001766215   -0.0141770919
   0.0000386822    0.0000200020   -0.0140828555
  -0.0000467223   -0.0000019663   -0.0143878781
   0.0000848947   -0.0000450574   -0.0140662667
   0.0000747910   -0.0000108438   -0.0140378159
   0.0000446207    0.0000120918   -0.0140807534
   0.0000220691   -0.0000563648   -0.0140950910
   0.0001315593    0.0000105797   -0.0140266173
  -0.0001019592   -0.0001666630   -0.0142608651
  -0.0000036432   -0.0000115666   -0.0141382058
   0.0000545759   -0.0000027260   -0.0141168664
   0.0000947005    0.0000080977    0.0090463292
  -0.0000039805    0.0000388178    0.0089780192
   0.0000480185    0.0000154833    0.0089942146
   0.0000124186   -0.0000193425    0.0090473148
   0.0000314241   -0.0000526465    0.0090120810
   0.0000038210   -0.0000283775    0.0089682784
   0.0000345820    0.0000042311    0.0090178445
   0.0001073953   -0.0000226080    0.0090019230
   0.0000595663    0.0000323980    0.0090109823
   0.0000484716    0.0000027439    0.0089883861
   0.0000448073    0.0000148363    0.0090025108
   0.0000390070    0.0000124491    0.0089876718
   0.0000314415   -0.0000202035    0.0090150432
   0.0000179612    0.0000557078    0.0089631770
   0.0000432498   -0.0000176666    0.0089869926
   0.0000704801   -0.0000033905    0.0090243812
   0.0003359887    0.0000003600    0.0006570756
   0.0001877624    0.0001512300    0.0019903998
   0.0000694673   -0.0000126600    0.0015637157
   0.0000214639    0.0002797200    0.0017635838
   0.0002839956   -0.0000722584    0.0018410993
   0.0001289204    0.0000636464    0.0015607823
  -0.0000184348    0.0000261725    0.0014665122
  -0.0001697772    0.0000000983    0.0019156963
   0.0000532902    0.0000276381    0.0015623595
   0.0000063119   -0.0000827991    0.0015178904
   0.0000724202   -0.0000107781    0.0015603795
   0.0000146519   -0.0001174009    0.0015195804
   0.0003058728   -0.0001709083    0.0017196163
   0.0000155556   -0.0001942416    0.0020204393
  -0.0001034896    0.0000752036    0.0015384223
   0.0001040752    0.0000432375    0.0014945322

33   
 -0.0057416408376522   0.0000000000000000  -0.0081874025485135
  -0.0403541810   -0.0205335391   -0.0421125906
   0.0037628573   -0.0049077020   -0.0137656809
  -0.0003975120    0.0003724614   -0.0009429180
   0.0005816327   -0.0001654242   -0.0012036763
  -0.0047615443    0.0253287365   -0.0277875227
   0.0003568257   -0.0006615285   -0.0009687565
   0.0002979919   -0.0000473632   -0.0007467918
  -0.0006128718    0.0012332666   -0.0022673822
  -0.0004133235   -0.0008618491   -0.0009683083
   0.0001250033    0.0000672276   -0.0007404887
   0.0002353611   -0.0000580689   -0.0007608261
  -0.0000861965   -0.0000819963   -0.0011847078
   0.0003305098    0.0009960816   -0.0010964766
   0.0015278753   -0.0005535195   -0.0016147708
  -0.0002977808   -0.0002559412   -0.0010489671
   0.0000410668   -0.0000160898   -0.0008323791
   0.0016878629   -0.0000478800   -0.0121952193
   0.0007026227    0.0004041400   -0.0035532729
  -0.0000807264   -0.0000634500   -0.0035256721
  -0.0014975484    0.0011592000   -0.0051558986
   0.0017636796    0.0004639092   -0.0045217790
  -0.0002971812   -0.0001655120   -0.0035453892
   0.0000305575    0.0000541640   -0.0034829370
  -0.0007732614    0.0007370005   -0.0042412920
   0.0000143925   -0.0001200230   -0.0035474690
   0.0000580217    0.0001226900   -0.0035061159
   0.0000889725    0.0000586630   -0.0034626490
   0.0000618517    0.0000147900   -0.0034143059
   0.0006409686   -0.0022026905   -0.0053805120
   0.0003682196   -0.0004298192   -0.0034708390
  -0.0000826812    0.0001057920   -0.0035060092
  -0.0001948325   -0.0001014240   -0.0034726070
   0.0505978323    0.0001211795    0.0898482631
  -0.0055549136   -0.0001005900    0.0099442704
  -0.0001240030   -0.0001115300    0.0086276756
  -0.0049515121    0.0000774500    0.0095797194
  -0.0009710022   -0.0027113320    0.0098809728
  -0.0000645138   -0.0000046536    0.0084077110
   0.0000306194    0.0000251583    0.0084984022
  -0.0006887823    0.0022237592    0.0097004673
  -0.0000675973   -0.0000965930    0.0086142354
   0.0000094491   -0.0000117838    0.0084475314
   0.0000910027    0.0000835630    0.0086045054
  -0.0000012509    0.0000647838    0.0083597014
  -0.0006529923   -0.0023105392    0.0097489973
  -0.0009821722    0.0029586720    0.0099082328
   0.0000644762   -0.0000155864    0.0083729710
  -0.0001336006   -0.0000315083    0.0084884822
   0.0012085560    0.0005489663   -0.0144518861
  -0.0020932857    0.0013492872   -0.0167108856
   0.0000681766   -0.0000477459   -0.0139487924
  -0.0000237808   -0.0000750511   -0.0139802459
   0.0002403140   -0.0019068866   -0.0155867930
  -0.0001093798   -0.0001779211   -0.0138893726
   0.0000236259   -0.0000085837   -0.0139540306
   0.0001446006    0.0000335469   -0.0136903921
   0.0000062512    0.0000914640   -0.0139793656
   0.0000157932    0.0000143146   -0.0139374549
   0.0000315275    0.0000112789   -0.0139337545
   0.0000609752    0.0000612621   -0.0139196674
  -0.0000646860   -0.0000244640   -0.0139914002
   0.0001878768    0.0001403579   -0.0137766988
   0.0000836169   -0.0000072007   -0.0139116284
   0.0000528250   -0.0000043559   -0.0139164732
   0.0000155486   -0.0000139826    0.0090776446
   0.0000863760   -0.0000326736    0.0091140709
   0.0000369678   -0.0000036499    0.0091085491
   0.0000504221   -0.0000092382    0.0090531554
   0.0000232051    0.0000424353    0.0090959196
   0.0001207329    0.0000234453    0.0091297650
   0.0000278761    0.0000065711    0.0090534808
  -0.0000075176    0.0000540216    0.0091122695
   0.0000326746    0.0000130093    0.0090686947
   0.0000407915    0.0000004499    0.0090228787
   0.0000328532    0.0000075403    0.0090472607
   0.0000429885   -0.0000097236    0.0090606044
   0.0000360540    0.0000065924    0.0090375087
   0.0000688986   -0.0000783446    0.0091073236
   0.0000353513    0.0000004378    0.0090962622
   0.0000371432   -0.0000027505    0.0090451313
  -0.0002401375   -0.0000007000    0.0025131881
  -0.0000999337   -0.0001529900    0.0012035502
   0.0000037839    0.0000083300    0.0016248311
   0.0000767778   -0.0002790600    0.0014305897
  -0.0002127039    0.0000528548    0.0013556113
  -0.0000236541   -0.0000588156    0.0016359030
   0.0000967046   -0.0000070164    0.0017210484
   0.0002490231    0.0000069006    0.0012774110
   0.0000416853   -0.0000064875    0.0016288748
   0.0000653224    0.0000680916    0.0016824639
   0.0000206153   -0.0000032525    0.0016256948
   0.0000618224    0.0001292384    0.0016768139
  -0.0002204669    0.0001628594    0.0014640810
   0.0000660461    0.0002015552    0.0011553713
   0.0001984959   -0.0000730944    0.0016486230
  -0.0000243954   -0.0000555336    0.0016963884

49   
  0.0057416408376522   0.0000000000000000   0.0081874025485135
   0.0002953760   -0.0000057900   -0.0019279360
  -0.0000117851    0.0002376600   -0.0006745977
   0.0000188868   -0.0000268700   -0.0008460567
   0.0001122116    0.0001595100   -0.0004710527
   0.0002516957   -0.0001444387   -0.0006982295
   0.0000253805    0.0000260860   -0.0008908504
  -0.0001303300    0.0000588072   -0.0008668374
  -0.0000421475   -0.0001689013   -0.0004454270
  -0.0000145690    0.0000160479   -0.0008388411
  -0.0000220485   -0.0000928544   -0.0008798128
   0.0000317010    0.0000081921   -0.0008520711
  -0.0000090085   -0.0000396356   -0.0008935828
   0.0002387725   -0.0000769287   -0.0005951770
  -0.0001711043   -0.0000119513   -0.0005471495
  -0.0000286095    0.0000074640   -0.0009261904
   0.0000453800    0.0000302828   -0.0008588174
   0.0000239027    0.0000002805   -0.0036764544
  -0.0000097751   -0.0000208043   -0.0036790103
   0.0000132005   -0.0000014504   -0.0037154712
  -0.0000270189    0.0000127454   -0.0037395433
  -0.0000149702   -0.0000057242   -0.0036806569
   0.0000241009    0.0000058405   -0.0036871679
   0.0000030444   -0.0000105727   -0.0037377910
  -0.0000098613    0.0000589816   -0.0037323182
   0.0000114331    0.0000109086   -0.0036897110
  -0.0000020206    0.0000048568   -0.0037137841
   0.0000229260   -0.0000010365   -0.0036791466
  -0.0000050163   -0.0000017471   -0.0036673004
   0.0000046265   -0.0000252550   -0.0037109206
   0.0000432179   -0.0000259802   -0.0037272883
   0.0000088740   -0.0000045177   -0.0036763446
  -0.0000421062   -0.0000186837   -0.0037346355
  -0.0011459460   -0.0005462863    0.0086032961
   0.0000454408    0.0000559311    0.0081573059
  -0.0000070966    0.0000391559    0.0081014124
   0.0021243457   -0.0013554972    0.0108949056
   0.0000831860   -0.0000007460    0.0081856202
   0.0000054350    0.0000057659    0.0080993032
  -0.0000394169   -0.0000087693    0.0080968284
  -0.0001341868   -0.0001511579    0.0079505888
   0.0000492388   -0.0000525940    0.0081478056
  -0.0000283252   -0.0000569221    0.0081195174
   0.0000152525   -0.0000067689    0.0081193045
   0.0000250268   -0.0000179346    0.0081230449
  -0.0002162240    0.0018937166    0.0097553430
  -0.0000987206   -0.0000164669    0.0078610821
   0.0000111741    0.0000167837    0.0081238506
   0.0001796798    0.0001808511    0.0080382126
  -0.0591559479   -0.0000311274   -0.1135797337
   0.0054100521    0.0000235300   -0.0151568694
   0.0001668730    0.0000129300   -0.0143884056
   0.0063015436    0.0000228300   -0.0157923704
   0.0008314123    0.0023414592   -0.0153103273
   0.0001195106    0.0000081183   -0.0141654322
  -0.0000218162    0.0000573964   -0.0141853310
   0.0012903122   -0.0032016320   -0.0156534928
   0.0000186073    0.0000903330   -0.0143899454
   0.0000899309   -0.0000789138   -0.0141741914
   0.0000050173   -0.0000901730   -0.0144013754
   0.0000908409   -0.0000251162   -0.0141678814
   0.0013180022    0.0031671120   -0.0156329828
   0.0007973723   -0.0023644492   -0.0153423073
   0.0000262106    0.0000303117   -0.0142231322
   0.0000715738   -0.0000174964   -0.0141271210
  -0.0014505244    0.0000056900    0.0184110316
   0.0014894755   -0.0013355400    0.0104095514
   0.0000540481   -0.0000162000    0.0088717313
  -0.0005929565   -0.0004707600    0.0089448285
  -0.0007201250    0.0023134390    0.0106568358
   0.0002056458    0.0001036921    0.0086838645
   0.0000820994   -0.0000493439    0.0088409480
  -0.0001769494    0.0003961500    0.0087144791
  -0.0000765587    0.0000796998    0.0088957783
   0.0000098354   -0.0000688967    0.0087606842
  -0.0000392587   -0.0000511398    0.0088592083
   0.0000176754   -0.0001454533    0.0087512242
  -0.0017638794   -0.0003715500    0.0099250791
   0.0008523150   -0.0005323490    0.0094487658
   0.0000325258   -0.0000153021    0.0087560545
   0.0002845894    0.0001476639    0.0087600080
   0.0446449118    0.0233694232    0.0462250268
  -0.0007018576    0.0000231193    0.0018963887
   0.0006426604   -0.0004882663    0.0016980085
  -0.0053787401    0.0055257022    0.0151508087
  -0.0005460499   -0.0011359554    0.0017801426
  -0.0000450832   -0.0000038990    0.0016532682
   0.0005304609    0.0001901830    0.0018135133
  -0.0014463696    0.0011002820    0.0027022588
   0.0004677207    0.0011382923    0.0016792290
   0.0002006919    0.0002568963    0.0019122200
  -0.0000433901    0.0000846728    0.0015547753
  -0.0001291945   -0.0000416639    0.0015364298
   0.0041808386   -0.0287333148    0.0305291183
   0.0013311784   -0.0016039720    0.0033468438
  -0.0001952880   -0.0000488979    0.0015446429
  -0.0005831849    0.0004988628    0.0020609147

49   
 -0.0057416408376522   0.0000000000000000  -0.0081874025485135
  -0.0003783028    0.0000009800    0.0000858844
  -0.0000633003   -0.0002464200   -0.0011783756
  -0.0000880034    0.0000277000   -0.0010002483
  -0.0001768061   -0.0001548900   -0.0013873065
  -0.0003259748    0.0001428899   -0.0011539086
  -0.0001034393   -0.0000235695   -0.0009574411
   0.0000725590   -0.0000726103   -0.0009834537
  -0.0000334340    0.0001600310   -0.0014152790
  -0.0000507859   -0.0000229463   -0.0010034627
  -0.0000548965    0.0001004086   -0.0009699612
  -0.0000995559   -0.0000024437   -0.0009976427
  -0.0000639565    0.0000294714   -0.0009600312
  -0.0003051140    0.0000840090   -0.0012574290
   0.0001022652    0.0000149401   -0.0013106886
  -0.0000587393   -0.0000080105   -0.0009235711
  -0.0001060310   -0.0000255497   -0.0009945437
  -0.0001027407   -0.0000019953   -0.0039112906
  -0.0000515862    0.0000177846   -0.0039019580
  -0.0000843754   -0.0000054539   -0.0038647402
  -0.0000407673   -0.0000107787   -0.0038367011
  -0.0000564360    0.0000152851   -0.0038884732
  -0.0000954843   -0.0000116795   -0.0039026647
  -0.0000615338    0.0000035306   -0.0038498013
  -0.0000679384   -0.0000708042   -0.0038585529
  -0.0000945639   -0.0000124440   -0.0038871134
  -0.0000624350    0.0000096699   -0.0038739293
  -0.0000993766    0.0000031000   -0.0039226349
  -0.0000504468   -0.0000133668   -0.0039274944
  -0.0000687449    0.0000248250   -0.0038617025
  -0.0001220354    0.0000140966   -0.0038631442
  -0.0000891222    0.0000156854   -0.0039204308
  -0.0000140485    0.0000265853   -0.0038618893
   0.0010720875    0.0005443192    0.0076035612
  -0.0001084968   -0.0000588458    0.0080260742
  -0.0000662596   -0.0000456670    0.0080808282
  -0.0022442303    0.0013963317    0.0052068733
  -0.0001538193    0.0000085503    0.0079893373
  -0.0000783659   -0.0000118240    0.0080922364
  -0.0000213068    0.0000024266    0.0080931058
   0.0000571492    0.0001417430    0.0082439151
  -0.0001315747    0.0000496774    0.0080334167
  -0.0000372991    0.0000703648    0.0080703210
  -0.0000911607    0.0000082782    0.0080835734
  -0.0000818610    0.0000038338    0.0080763059
   0.0001614963   -0.0019239872    0.0063984406
   0.0000201523    0.0000045763    0.0083301081
  -0.0000905222   -0.0000070420    0.0080758455
  -0.0002403909   -0.0001769615    0.0081646319
   0.0642617608   -0.0001788090    0.0987736019
  -0.0054244936   -0.0000148900   -0.0131807896
  -0.0002535430   -0.0000359200   -0.0139315944
  -0.0063760121   -0.0000416400   -0.0124985006
  -0.0009242322   -0.0023565420   -0.0130308472
  -0.0001517238    0.0000068064   -0.0141070090
  -0.0000805206   -0.0000169817   -0.0141074778
  -0.0013454023    0.0031635992   -0.0126381727
  -0.0001492473   -0.0000928130   -0.0139448346
  -0.0001207209    0.0000177962   -0.0141377586
  -0.0000996373    0.0000754030   -0.0139416446
  -0.0001135409    0.0000160338   -0.0141357486
  -0.0013817323   -0.0030911092   -0.0127185327
  -0.0008948722    0.0023698920   -0.0129909272
  -0.0000925638    0.0000025336   -0.0141004990
  -0.0001378706    0.0000011517   -0.0141340878
   0.0013370401    0.0000040900   -0.0005160058
  -0.0015456280    0.0013334600    0.0073579956
  -0.0001449518   -0.0000070900    0.0089047114
   0.0005759787    0.0004627500    0.0087938723
   0.0006333057   -0.0022752953    0.0071342979
  -0.0002366644   -0.0000891649    0.0090380683
  -0.0001905649    0.0000932695    0.0089090032
   0.0001108824   -0.0004375716    0.0090067314
  -0.0000580184   -0.0000835374    0.0088943686
  -0.0000392790    0.0000031465    0.0090056339
  -0.0000577184    0.0000366074    0.0089383686
  -0.0000377390    0.0001415435    0.0090085339
   0.0016671724    0.0004228716    0.0078776914
  -0.0009416743    0.0005338853    0.0082967079
  -0.0000878644    0.0000437649    0.0090175983
  -0.0003519549   -0.0001660695    0.0089586632
  -0.0429927925   -0.0223663039   -0.0416408988
   0.0006499149   -0.0000308406    0.0009112537
  -0.0007397148    0.0004954188    0.0011255914
   0.0053207960   -0.0055184254   -0.0123876954
   0.0004744053    0.0011400779    0.0010345941
  -0.0000275944   -0.0000001290    0.0011459192
  -0.0006218730   -0.0001730305    0.0010020292
   0.0013600845   -0.0011306785    0.0001007941
  -0.0005487979   -0.0011560141    0.0011478595
  -0.0002474688   -0.0002834719    0.0008970367
  -0.0000303120   -0.0000841018    0.0012530092
   0.0000498636    0.0000377728    0.0012703719
  -0.0042473101    0.0280400299   -0.0271642816
  -0.0014441333    0.0016174114   -0.0005221359
   0.0001190153    0.0000459003    0.0012620158
   0.0005075101   -0.0004885703    0.0007345240

65   
  0.0057416408376522   0.0000000000000000   0.0081874025485135
   0.0000385385   -0.0000028600   -0.0008865521
   0.0000164516    0.0000007700   -0.0007570793
   0.0000540725   -0.0000011500   -0.0008009964
   0.0001057258    0.0000044900   -0.0007649092
   0.0000263587   -0.0000384808   -0.0007381889
   0.0000216680   -0.0000070446   -0.0007996114
   0.0000605228   -0.0000056757   -0.0008073168
   0.0000590609   -0.0000319717   -0.0007864788
   0.0000507117   -0.0000023699   -0.0007890561
   0.0000466882    0.0000192606   -0.0008040839
   0.0000510517    0.0000039899   -0.0008134861
   0.0000351482   -0.0000237606   -0.0007898839
   0.0000800309    0.0000526617   -0.0007426888
   0.0000371887    0.0000143208   -0.0007833089
   0.0000179080   -0.0000009954   -0.0007886414
   0.0000673528    0.0000148657   -0.0007912868
   0.0000548618    0.0000123714   -0.0036111684
   0.0000622593    0.0000119972   -0.0036524478
   0.0000610743    0.0000014819   -0.0036485899
   0.0000333448    0.0000020092   -0.0036015943
   0.0000656071    0.0000127368   -0.0036332309
   0.0000540256   -0.0000131499   -0.0036490918
   0.0000572173    0.0000042749   -0.0036392970
   0.0000311898   -0.0000009335   -0.0036559061
   0.0000374604   -0.0000084421   -0.0036499570
   0.0000693654    0.0000121814   -0.0036386010
   0.0000380955    0.0000017629   -0.0036671356
   0.0000687386   -0.0000152517   -0.0036750217
   0.0000543344   -0.0000177005   -0.0035956114
   0.0000479256   -0.0000261894   -0.0036399917
   0.0000386070    0.0000026986   -0.0036817685
   0.0000527126    0.0000180527   -0.0036668204
   0.0000656114    0.0000100726    0.0082810654
   0.0000776979    0.0000326682    0.0082489146
   0.0000181822    0.0000243399    0.0082582309
  -0.0000002260    0.0000300436    0.0081944391
   0.0000896260    0.0000193176    0.0082394013
   0.0000569368   -0.0000133795    0.0082775587
   0.0000142287    0.0000243022    0.0082421478
   0.0000130014    0.0000048746    0.0082270064
   0.0000377554   -0.0000451893    0.0082620253
   0.0000595215   -0.0000231564    0.0082352956
   0.0000323668    0.0000003497    0.0082848993
   0.0000723085   -0.0000190599    0.0082884213
   0.0000685749   -0.0000436953    0.0082282404
   0.0000440176   -0.0000345016    0.0082595205
   0.0000357739    0.0000081089    0.0082979692
   0.0000378071    0.0000196947    0.0081900850
  -0.0013729601   -0.0000035100   -0.0046996642
  -0.0005822787    0.0005188900   -0.0139921223
   0.0001230818    0.0000107300   -0.0141012214
   0.0015041280    0.0014076900   -0.0125420356
  -0.0000703324   -0.0004450416   -0.0141477914
   0.0002194649    0.0001290095   -0.0140987332
   0.0001666844   -0.0000705249   -0.0142529683
  -0.0007144957   -0.0023005753   -0.0123692079
   0.0000406584    0.0000213874   -0.0141213386
   0.0000240590   -0.0000542735   -0.0142067239
   0.0000064684   -0.0000890774   -0.0141092686
   0.0000154690    0.0001031135   -0.0142018539
   0.0009745643    0.0004887953   -0.0134402879
  -0.0017439424    0.0003779516   -0.0131050314
   0.0002825149   -0.0001374295   -0.0141954232
   0.0000714044    0.0000492249   -0.0141744683
  -0.0608195924   -0.0001416750   -0.0937921475
   0.0062808621   -0.0000699800    0.0069316906
   0.0003339430   -0.0000844800    0.0087958944
   0.0047957236   -0.0002399600    0.0079673396
   0.0012991123    0.0031888192    0.0070849327
   0.0000184106   -0.0000068417    0.0089221778
   0.0001716738   -0.0000524636    0.0089822290
   0.0008397922   -0.0017896620    0.0077969072
   0.0000570973    0.0001336730    0.0087643346
   0.0000601809    0.0000654862    0.0089847386
   0.0001874473   -0.0001055030    0.0088576246
   0.0000577609    0.0000351538    0.0089796886
   0.0005931822    0.0021441920    0.0076233472
   0.0015547123   -0.0031966392    0.0072945527
   0.0001393806   -0.0000301183    0.0090011178
   0.0000478038    0.0000113436    0.0089228090
  -0.0052848823   -0.0056071835    0.0158369346
   0.0007442443    0.0005020754    0.0015877257
  -0.0006764847   -0.0000029615    0.0019901729
   0.0437747486   -0.0227078203    0.0462637877
   0.0006157458   -0.0002287686    0.0018126245
  -0.0000643227   -0.0000009390    0.0016909780
  -0.0005251123    0.0012017385    0.0017685657
  -0.0014065026   -0.0008627323    0.0030237446
   0.0003007604   -0.0002665192    0.0020166167
   0.0005798892   -0.0012126152    0.0015767207
  -0.0000690205    0.0000356486    0.0015537337
  -0.0000293763   -0.0000597270    0.0016095255
   0.0044384579    0.0284688844    0.0312155457
  -0.0003168757   -0.0006279001    0.0025303667
  -0.0001328251    0.0000225996    0.0015813993
   0.0011711049    0.0014897651    0.0035170724

65   
 -0.0057416408376522   0.0000000000000000  -0.0081874025485135
   0.0000443261   -0.0000044500   -0.0006365207
   0.0000742221   -0.0000119000   -0.0007628019
   0.0000499255   -0.0000020000   -0.0007149555
   0.0000060679    0.0000025800   -0.0007575378
   0.0000648049    0.0000395341   -0.0007813854
   0.0000697722    0.0000142849   -0.0007181984
   0.0000541046   -0.0000045324   -0.0007121373
   0.0000297179    0.0000183778   -0.0007369134
   0.0000523281   -0.0000021312   -0.0007234352
   0.0000476220   -0.0000092321   -0.0007160076
   0.0000480281    0.0000024812   -0.0007055752
   0.0000568020    0.0000141821   -0.0007331476
   0.0000230579   -0.0000410678   -0.0007788734
   0.0000602649   -0.0000139641   -0.0007403054
   0.0000604322   -0.0000028549   -0.0007323084
   0.0000410046   -0.0000075076   -0.0007314673
   0.0000377301   -0.0000190794   -0.0036473119
   0.0000338231   -0.0000170866   -0.0036075284
   0.0000511647   -0.0000094615   -0.0035972614
   0.0000547220   -0.0000116677   -0.0036420246
   0.0000303241    0.0000011350   -0.0036152862
   0.0000465846    0.0000140201   -0.0036098178
   0.0000439317   -0.0000051140   -0.0036224737
   0.0000603287    0.0000025875   -0.0036080529
   0.0000505290    0.0000057407   -0.0035927428
   0.0000313249   -0.0000026734   -0.0036153373
   0.0000576749   -0.0000037331   -0.0035970835
   0.0000360013   -0.0000073380   -0.0035898883
   0.0000471445    0.0000175372   -0.0036511033
   0.0000425275    0.0000199058   -0.0036195732
   0.0000445536    0.0000044009   -0.0035980908
   0.0000620234    0.0000047951   -0.0035934035
   0.0000264195   -0.0000170377    0.0082366808
   0.0000184414   -0.0000377975    0.0082675352
   0.0000923815   -0.0000325733    0.0082458254
   0.0000882105   -0.0000394578    0.0083030508
   0.0000065485   -0.0000065765    0.0082684968
   0.0000434799    0.0000138605    0.0082392288
   0.0000862002   -0.0000249534    0.0082761374
   0.0000783488   -0.0000028178    0.0082935930
   0.0000506737    0.0000419920    0.0082399577
   0.0000411130    0.0000320309    0.0082758282
   0.0000632527   -0.0000022663    0.0082374492
   0.0000316284   -0.0000029739    0.0082355439
   0.0000322359    0.0000427665    0.0082749790
   0.0000465547    0.0000274180    0.0082575970
   0.0000477380   -0.0000018311    0.0082407955
   0.0000748690    0.0000013975    0.0083280416
   0.0015071244    0.0000047400   -0.0234252616
   0.0006351165   -0.0005399400   -0.0139608685
  -0.0000031781   -0.0000310600   -0.0138863413
  -0.0014275455   -0.0014103100   -0.0154417214
   0.0001604994    0.0004229000   -0.0137789291
  -0.0000961194   -0.0000839539   -0.0138604880
  -0.0001055858    0.0000766021   -0.0136907445
   0.0008399550    0.0023457790   -0.0156346958
   0.0000837287   -0.0000430198   -0.0138805483
   0.0000330046   -0.0000027367   -0.0137744042
   0.0001438087    0.0000870798   -0.0139055683
   0.0000393146   -0.0001254433   -0.0137761842
  -0.0008567850   -0.0004867590   -0.0145185558
   0.0018731894   -0.0003252800   -0.0148991291
  -0.0002009194    0.0001337339   -0.0137438080
   0.0000139642   -0.0000182521   -0.0138209145
   0.0532669428   -0.0001220233    0.0984925483
  -0.0061781336    0.0000348500    0.0111461504
  -0.0002175130    0.0000654400    0.0093097756
  -0.0047710221    0.0002473000    0.0101511794
  -0.0012237022   -0.0032100720    0.0109834628
   0.0000996962    0.0000498964    0.0091527610
  -0.0001092506    0.0000589583    0.0090808222
  -0.0007091823    0.0017905192    0.0103269973
   0.0000675727   -0.0001575330    0.0093548954
  -0.0000020009   -0.0001178638    0.0091155114
  -0.0000402873    0.0001045830    0.0092768754
  -0.0000027209   -0.0000631862    0.0091099714
  -0.0004723523   -0.0021430292    0.0104886873
  -0.0014527722    0.0032758920    0.0108323928
  -0.0000589838    0.0000282136    0.0090443210
   0.0000492594    0.0000269217    0.0091890522
   0.0053705564    0.0056122102   -0.0126715776
  -0.0006200000   -0.0004984129    0.0015275942
   0.0007533481   -0.0000083800    0.0011360251
  -0.0454071475    0.0237192895   -0.0449106851
  -0.0005052038    0.0002494710    0.0013158928
   0.0001629102   -0.0000032390    0.0014359046
   0.0006236872   -0.0011992665    0.0013589977
   0.0015188276    0.0008323665    0.0001144620
  -0.0002298834    0.0002438239    0.0011167066
  -0.0004734520    0.0012007035    0.0015513308
   0.0001686914   -0.0000386498    0.0015732846
   0.0001356083    0.0000539179    0.0015269900
  -0.0043377962   -0.0291636491   -0.0286283419
   0.0004168407    0.0006377226    0.0006222247
   0.0002328678   -0.0000164371    0.0015474520
  -0.0010358811   -0.0014713861   -0.0004057216

81   
  0.0057416408376522   0.0000000000000000   0.0081874025485135
   0.0001353912    0.0001023008   -0.0008178140
  -0.0000943902    0.0000179249   -0.0009891636
   0.0000166553   -0.0000043965   -0.0006596572
   0.0000024899   -0.0000244854   -0.0006988230
  -0.0000491903   -0.0001348566   -0.0009029511
   0.0000282607    0.0000340254   -0.0007340715
   0.0000420626   -0.0000218474   -0.0007186260
   0.0000683510   -0.0000647671   -0.0006893005
   0.0000218035    0.0000029243   -0.0006905849
   0.0000121000    0.0000181103   -0.0007377890
   0.0000392117    0.0000096183   -0.0006999709
   0.0000335767    0.0000235166   -0.0006677603
   0.0000016559   -0.0000012612   -0.0007137487
  -0.0000228862    0.0000256838   -0.0007142876
   0.0000207723    0.0000057301   -0.0006476082
  -0.0000712981    0.0000055295   -0.0006676457
  -0.0000191292    0.0000049700   -0.0037939652
   0.0000126307    0.0000450700   -0.0037159652
  -0.0000010994    0.0000175400   -0.0037295544
  -0.0000033138    0.0000479100   -0.0036723286
   0.0000389779    0.0000031952   -0.0036805731
  -0.0000359136   -0.0000345602   -0.0037253119
  -0.0000148247    0.0000158288   -0.0036982395
  -0.0000410192   -0.0000469647   -0.0037047298
  -0.0000203665   -0.0000121846   -0.0037447640
   0.0000169264    0.0000182319   -0.0037134454
  -0.0000501565   -0.0000071654   -0.0037324340
   0.0000128064   -0.0000066019   -0.0037309254
   0.0000435208   -0.0000282653   -0.0036797698
  -0.0000408821   -0.0000328352   -0.0037137331
  -0.0000155836   -0.0000033898   -0.0037356519
  -0.0000055447    0.0000152012   -0.0037238095
   0.0002638175    0.0000040100    0.0073355819
  -0.0001078878   -0.0000781600    0.0084778803
   0.0000269761   -0.0000004400    0.0082292989
   0.0002130037   -0.0002038900    0.0085896798
  -0.0000920031   -0.0000314794    0.0086176090
  -0.0001041546   -0.0000615064    0.0082553616
  -0.0000119959    0.0000022744    0.0080850470
   0.0003203139   -0.0001166252    0.0084497687
  -0.0000236353    0.0000067275    0.0082358752
  -0.0000049924    0.0000580716    0.0081712461
  -0.0000223853   -0.0000096175    0.0082423152
  -0.0000117424   -0.0000788716    0.0081987961
  -0.0000251861    0.0001755552    0.0086917787
   0.0000469169    0.0002424294    0.0083780490
  -0.0000699946    0.0000145064    0.0081504816
   0.0000642241    0.0000685156    0.0082418570
   0.0398901025    0.0206163839    0.0311997488
  -0.0023204060    0.0037647854   -0.0025028446
  -0.0001926552    0.0005205812   -0.0132017214
   0.0001286351   -0.0007226794   -0.0141786537
   0.0042328801   -0.0244751599    0.0144625716
  -0.0005745001    0.0005303003   -0.0134655940
  -0.0001952153   -0.0000281803   -0.0139636358
   0.0012573033   -0.0016043714   -0.0121141241
   0.0001271779   -0.0005892259   -0.0136275195
  -0.0000960236   -0.0000650128   -0.0140390419
  -0.0000822180    0.0000590518   -0.0139575592
   0.0004956988    0.0003970419   -0.0138428467
  -0.0000129153    0.0004576021   -0.0141371441
  -0.0014646345    0.0010607285   -0.0128138941
   0.0000265730   -0.0000394195   -0.0133253092
  -0.0000914456    0.0000078390   -0.0138640692
  -0.0027413364   -0.0040826102    0.0213940276
   0.0427707375   -0.0221864895    0.0572598351
   0.0002581319    0.0008928300    0.0087067349
  -0.0002796700   -0.0004737871    0.0096976658
   0.0043789062    0.0261622891    0.0392039119
   0.0010637011    0.0014823661    0.0109526916
  -0.0001763878    0.0000274371    0.0090158180
  -0.0003594507   -0.0006775326    0.0099227053
   0.0006839134   -0.0003843139    0.0091440334
  -0.0000580883   -0.0000756579    0.0090746900
  -0.0001411014    0.0000143098    0.0090294154
   0.0000856820    0.0006258565    0.0093546992
   0.0000454538   -0.0000777310    0.0096599872
  -0.0014751576   -0.0008189065    0.0104627880
  -0.0000236072   -0.0005578735    0.0088287023
  -0.0001579702    0.0000079090    0.0091351954
  -0.0895754735    0.0003276696   -0.1783744522
  -0.0019228451   -0.0050412400   -0.0005183532
   0.0019422025   -0.0000157700    0.0018949205
  -0.0015044449    0.0049793100   -0.0009687823
   0.0003558569    0.0035121022   -0.0006108154
   0.0004109199   -0.0002597416    0.0013981937
   0.0003857616    0.0002528785    0.0014473727
   0.0006207745   -0.0039673632   -0.0008665000
   0.0001280360    0.0010312858    0.0018935806
   0.0008534749   -0.0000174132    0.0014253682
   0.0001590160   -0.0010205658    0.0019038306
   0.0008466249    0.0000414132    0.0014260182
   0.0006041645   -0.0060515368   -0.0008281000
   0.0003792269    0.0064975678   -0.0006486854
   0.0004333799    0.0002465616    0.0014135937
   0.0003583016   -0.0002647585    0.0014359327

81   
 -0.0057416408376522   0.0000000000000000  -0.0081874025485135
  -0.0001539812   -0.0001107516   -0.0008452563
   0.0000743050   -0.0000327375   -0.0006650182
  -0.0000349469    0.0000041666   -0.0009906597
   0.0000006046    0.0000333296   -0.0009538265
   0.0000331785    0.0001262183   -0.0007542394
  -0.0000431393   -0.0000275922   -0.0009213605
  -0.0000409203    0.0000245095   -0.0009348591
  -0.0000942922    0.0000592928   -0.0009638870
  -0.0000219689   -0.0000066404   -0.0009552277
  -0.0000184605   -0.0000127136   -0.0009162224
  -0.0000578747   -0.0000004146   -0.0009538737
  -0.0000576482   -0.0000294201   -0.0009884934
  -0.0000039262    0.0000115728   -0.0009371324
   0.0000208358   -0.0000274885   -0.0009452403
  -0.0000617493   -0.0000035208   -0.0010063904
   0.0000641749    0.0000012295   -0.0009881367
   0.0000103945   -0.0000082600   -0.0035848109
  -0.0000302964   -0.0000471100   -0.0036580062
  -0.0000009929   -0.0000220600   -0.0036444879
  -0.0000184834   -0.0000618100   -0.0037092210
  -0.0000490638    0.0000165585   -0.0036859319
   0.0000224138    0.0000312406   -0.0036564979
  -0.0000026082   -0.0000002366   -0.0036821352
   0.0000316479    0.0000351617   -0.0037057143
  -0.0000122237   -0.0000034666   -0.0036296975
  -0.0000157062   -0.0000087036   -0.0036491263
   0.0000135463    0.0000070466   -0.0036630775
   0.0000042538   -0.0000113764   -0.0036706263
  -0.0000399621    0.0000278083   -0.0036956043
   0.0000159062    0.0000330215   -0.0036580519
  -0.0000113762    0.0000135294   -0.0036685879
   0.0000032918    0.0000098166   -0.0036773052
  -0.0002824187   -0.0000089700    0.0090637044
   0.0000876161    0.0000755300    0.0079309862
  -0.0000321073   -0.0000037500    0.0081759043
  -0.0002245424    0.0001876300    0.0078311902
   0.0000794372    0.0000466683    0.0077897037
   0.0000889648    0.0000578025    0.0081575378
  -0.0000063404    0.0000137264    0.0083289277
  -0.0003227156    0.0000993116    0.0079967507
  -0.0000086602   -0.0000234181    0.0081705205
   0.0000051381   -0.0000504891    0.0082227196
  -0.0000147302    0.0000086181    0.0081819805
   0.0000284481    0.0000618391    0.0082353996
   0.0000304644   -0.0001688916    0.0077209107
  -0.0000725828   -0.0002367083    0.0080248837
   0.0000439948   -0.0000048925    0.0082852578
  -0.0000690604   -0.0000462264    0.0081898077
  -0.0414791818   -0.0215633232   -0.0609047768
   0.0022879201   -0.0037155522   -0.0256017287
   0.0001593996   -0.0005294637   -0.0148521085
  -0.0001205424    0.0007493507   -0.0138970387
  -0.0041632886    0.0251647748   -0.0431269283
   0.0005286349   -0.0005347728   -0.0146138347
   0.0001768880    0.0000193879   -0.0141288529
  -0.0013009984    0.0015880520   -0.0159664938
  -0.0001695707    0.0005420077   -0.0144888190
   0.0000991045    0.0000463239   -0.0140886198
   0.0000642401   -0.0000610528   -0.0141609953
  -0.0005015119   -0.0003998563   -0.0142616600
   0.0000188899   -0.0004178046   -0.0140002026
   0.0014297696   -0.0010568720   -0.0152907588
  -0.0000206609    0.0000622470   -0.0147538033
   0.0000457432    0.0000027090   -0.0142326082
   0.0027209923    0.0041186735   -0.0034198346
  -0.0411997986    0.0212314503   -0.0376292077
  -0.0002806353   -0.0009175785    0.0092556671
   0.0003028557    0.0005147146    0.0082723943
  -0.0044428879   -0.0254573144   -0.0206436457
  -0.0010633949   -0.0014703551    0.0070216576
   0.0001687851   -0.0000368696    0.0089736407
   0.0003628057    0.0006438101    0.0080519433
  -0.0007207404    0.0003535992    0.0088634233
   0.0000639363    0.0000614970    0.0089473445
   0.0001269505   -0.0000205386    0.0089888863
  -0.0000812992   -0.0006484448    0.0086634193
  -0.0000318458    0.0001081586    0.0083602055
   0.0014592926    0.0008229023    0.0075382654
   0.0000360423    0.0005962615    0.0091687943
   0.0001108227    0.0000030390    0.0088599720
   0.0908060365    0.0002261696    0.1766304194
   0.0020544149    0.0050016200    0.0035754623
  -0.0019453725    0.0000146000    0.0011294095
   0.0013447251   -0.0050123900    0.0039389432
  -0.0003278945   -0.0034870732    0.0037054200
  -0.0004334516    0.0002463985    0.0016368573
  -0.0003841199   -0.0002833016    0.0015679563
  -0.0006797169    0.0039933722    0.0038123154
  -0.0001423160   -0.0010394658    0.0011353894
  -0.0008666249    0.0000287768    0.0015988718
  -0.0001678460    0.0010271358    0.0011153594
  -0.0008736249   -0.0000507968    0.0015994918
  -0.0006431869    0.0060002578    0.0038794954
  -0.0003535145   -0.0065652068    0.0036266300
  -0.0004628616   -0.0002281385    0.0016116473
  -0.0003671999    0.0003009116    0.0015851163
