96   
12   

1    
  0.0055201261415730   0.0000000000000000   0.0083383575949418
  -0.0911548100   -0.0002137800   -0.1810231000
   0.0016811900    0.0060619500    0.0022194000
   0.0028071900    0.0000057800    0.0014135300
   0.0010276900   -0.0060205800    0.0024922000
   0.0011760500   -0.0056370400    0.0022965300
   0.0002916000   -0.0003048900    0.0014233100
   0.0003347800    0.0002728300    0.0013770800
   0.0009449100    0.0060812900    0.0024272000
   0.0008011800    0.0011512200    0.0014300300
   0.0008145900    0.0000077200    0.0014110100
   0.0008059000   -0.0011675900    0.0014178200
   0.0008216200   -0.0000719900    0.0014056300
   0.0009122100    0.0060062100    0.0024253600
   0.0011832700   -0.0063987000    0.0022890000
   0.0002591000    0.0003163500    0.0014220500
   0.0003877400   -0.0002616300    0.0013785500
  -0.0086806900   -0.0070315600    0.0148437200
   0.0034831500   -0.0031184500    0.0025078700
  -0.0033523600   -0.0016351400    0.0012434200
   0.0435685600   -0.0231144200    0.0461387900
  -0.0001663200    0.0046354600    0.0021433500
  -0.0001370000   -0.0000052500    0.0020579600
   0.0005377100    0.0036489800    0.0016137200
  -0.0018531900   -0.0001805200    0.0029197000
  -0.0034267500   -0.0024880600    0.0015054500
   0.0041073900   -0.0010444800    0.0022402300
  -0.0045365900   -0.0024578100    0.0019006800
   0.0043496500   -0.0026711700    0.0022121500
   0.0035167000    0.0302340400    0.0305863900
   0.0002511700   -0.0012185300    0.0021034900
  -0.0002787300    0.0051325100    0.0020560500
   0.0005632300    0.0013914700    0.0036994300
   0.0408298300    0.0216834000    0.0398746000
   0.0001305400   -0.0004938300   -0.0059286400
  -0.0000690700    0.0009758900   -0.0046522200
  -0.0049603700    0.0047770700    0.0070425800
   0.0004146700    0.0004624200   -0.0055641600
  -0.0001020800   -0.0000051400    0.0011674200
  -0.0000983100   -0.0005427000   -0.0050208700
  -0.0017878500    0.0003319700    0.0016409600
   0.0004545900   -0.0009309600   -0.0049203400
   0.0001363100    0.0005273700   -0.0056531400
   0.0006387700    0.0005296400   -0.0049997900
  -0.0007905000    0.0002964800   -0.0053696900
   0.0032943400   -0.0263650200    0.0233564500
   0.0007485500   -0.0014678700    0.0026345700
  -0.0002783300   -0.0008224000   -0.0051848800
   0.0001723400    0.0011282500    0.0006839500
   0.0014117400    0.0008130300    0.0014593900
  -0.0012755300    0.0006344900    0.0015720400
   0.0012473200    0.0006414600    0.0015924800
  -0.0013934300    0.0008103900    0.0013558900
  -0.0000522300   -0.0014405100    0.0015645500
  -0.0000787200   -0.0000000100    0.0002793500
   0.0001011300   -0.0013795500    0.0015999200
  -0.0000412000   -0.0000309000    0.0001544900
   0.0012170000    0.0007529800    0.0015756200
  -0.0011472200    0.0007929300    0.0015898100
   0.0012091500    0.0007092700    0.0015215200
  -0.0012098700    0.0006861900    0.0015084400
   0.0000077800   -0.0016204700    0.0014088900
  -0.0000075100   -0.0000199200    0.0001845100
  -0.0000200400   -0.0013940500    0.0015166400
   0.0000466700    0.0000510800    0.0001258600
   0.0002809000   -0.0000006300    0.0002082500
   0.0001770900   -0.0002142600   -0.0016668600
  -0.0000029500    0.0000173100    0.0011594400
  -0.0000883700   -0.0001582200   -0.0016646000
  -0.0000928400    0.0001935500   -0.0015419000
   0.0001073600    0.0000774700   -0.0019487500
  -0.0001143900    0.0000509800   -0.0020608700
   0.0000982900    0.0002214600   -0.0017901500
   0.0000046700   -0.0000043500    0.0011459000
  -0.0000258700   -0.0001281900   -0.0020050500
  -0.0000230100   -0.0000110200    0.0011716200
  -0.0000097100   -0.0000695300   -0.0019764300
  -0.0001660200    0.0000088100   -0.0015411400
   0.0002857100   -0.0000496800   -0.0017908500
  -0.0000964000    0.0000488900   -0.0020478600
   0.0000275300    0.0000200700   -0.0019086500
  -0.0000000500   -0.0000008800    0.0023157800
  -0.0000154000   -0.0000054200   -0.0003830600
  -0.0000040200    0.0000115100    0.0024537200
   0.0000004200   -0.0000260700   -0.0004196200
  -0.0000223300    0.0000038100   -0.0003917800
   0.0000154100    0.0000171300   -0.0004562200
  -0.0000372100    0.0000134000   -0.0004658900
   0.0000144500   -0.0000029100   -0.0004093800
  -0.0000030800   -0.0000009500    0.0024490800
  -0.0000134200   -0.0000309000   -0.0004603400
  -0.0000196100   -0.0000087400    0.0024576700
  -0.0000082900   -0.0000416600   -0.0004423200
  -0.0000260800    0.0000171900   -0.0004112400
  -0.0000095000    0.0000156700   -0.0003924500
  -0.0000485700    0.0000221000   -0.0004331900
   0.0000266800    0.0000189100   -0.0004471000

1    
 -0.0055201261415730   0.0000000000000000  -0.0083383575949418
   0.0918500700   -0.0002153700    0.1857702200
  -0.0015083900   -0.0060793900    0.0015998600
  -0.0028157700   -0.0000512600    0.0007107500
  -0.0012106400    0.0059684700    0.0012549600
  -0.0012459900    0.0057078400    0.0014768500
  -0.0003053700    0.0003084000    0.0023720800
  -0.0003579800   -0.0002758800    0.0024124900
  -0.0008685200   -0.0060168900    0.0013850900
  -0.0008574600   -0.0011382900    0.0006927900
  -0.0008361700   -0.0000428900    0.0023889100
  -0.0007657500    0.0011865200    0.0007414600
  -0.0008142200   -0.0000127900    0.0023987500
  -0.0010286600   -0.0059548900    0.0012947300
  -0.0011053600    0.0064484500    0.0015563000
  -0.0003349900   -0.0002847900    0.0023766200
  -0.0003108300    0.0002831200    0.0023940100
   0.0000357400    0.0020337700   -0.0112045900
   0.0051477600   -0.0019039400    0.0012019100
  -0.0053068500   -0.0033717100    0.0024465200
  -0.0364410800    0.0190487400   -0.0442029700
   0.0001316500    0.0053639400    0.0015959200
   0.0001248500   -0.0000051200    0.0011508600
  -0.0005250300    0.0063207800    0.0020603800
   0.0018442900    0.0001872600    0.0003876100
  -0.0052582100   -0.0024912100    0.0022211800
   0.0045404100   -0.0039103300    0.0014365700
  -0.0041206800   -0.0025342500    0.0018240000
   0.0043065200   -0.0023349400    0.0015531600
  -0.0034715200   -0.0209909300   -0.0275910100
  -0.0002822800    0.0012227600    0.0011646000
   0.0002666000    0.0048684200    0.0016839800
  -0.0005967900   -0.0014178100   -0.0004191300
  -0.0381508700   -0.0200703400   -0.0488142700
  -0.0013295200    0.0011695400   -0.0047399100
   0.0012562300   -0.0003177700   -0.0060106800
   0.0037654000   -0.0041113600   -0.0176300600
  -0.0004464500   -0.0018394100   -0.0051219800
   0.0000935100   -0.0000051100    0.0001900200
   0.0001096700   -0.0008328000   -0.0056351600
   0.0017980900   -0.0003222500   -0.0003797200
   0.0007039800    0.0016537600   -0.0057606300
  -0.0013245200    0.0001742300   -0.0049986400
   0.0005491400    0.0001510300   -0.0056952100
  -0.0003915900    0.0003871400   -0.0053517300
  -0.0033763900    0.0242622600   -0.0333265800
  -0.0007210800    0.0014497300   -0.0013341000
   0.0002842200   -0.0005391300   -0.0055189100
  -0.0001526300   -0.0011347900    0.0006046500
   0.0009993000    0.0005851700    0.0014424400
  -0.0011495600    0.0007589100    0.0013257500
   0.0011665200    0.0007518600    0.0013097300
  -0.0010320500    0.0005910900    0.0015475100
   0.0000444400   -0.0013497400    0.0013349000
   0.0000767500    0.0000017100    0.0000347600
  -0.0001094700   -0.0014087900    0.0013025700
   0.0000353300    0.0000297500    0.0001617100
   0.0011919800    0.0006460900    0.0013270800
  -0.0012726700    0.0006009900    0.0013128600
   0.0012033500    0.0006896700    0.0013815500
  -0.0012167600    0.0007105800    0.0013953200
  -0.0000101500   -0.0011732700    0.0014975300
   0.0000008200    0.0000189500    0.0001298300
   0.0000130700   -0.0013967400    0.0013884500
  -0.0000523400   -0.0000499300    0.0001950100
  -0.0002738300    0.0000030600    0.0021948900
  -0.0001944500    0.0000573000   -0.0021020600
  -0.0000011000   -0.0000186500    0.0012486800
   0.0000819500    0.0000011800   -0.0021067000
  -0.0000521100   -0.0001229900   -0.0022279700
   0.0000224000    0.0000050300   -0.0018200700
  -0.0000311300    0.0000291600   -0.0017051900
   0.0000322500   -0.0001467200   -0.0019813100
  -0.0000101500    0.0000051300    0.0012621300
   0.0000182800   -0.0000304600   -0.0017612600
   0.0000149400    0.0000116500    0.0012347500
   0.0000019900   -0.0000861700   -0.0017918500
   0.0000253500    0.0000712200   -0.0022316200
  -0.0001603700    0.0001332500   -0.0019797100
  -0.0000475600    0.0000303000   -0.0017198800
   0.0001018100    0.0000595200   -0.0018623900
  -0.0000029400    0.0000033200    0.0025661700
   0.0000049000   -0.0000701100   -0.0005614100
  -0.0000021500   -0.0000121600    0.0024324000
  -0.0000085600   -0.0000496200   -0.0005242600
  -0.0000494800    0.0000312000   -0.0005537100
   0.0000428400    0.0000232200   -0.0004854500
  -0.0000368000    0.0000254800   -0.0004784000
   0.0000445800    0.0000393100   -0.0005304900
  -0.0000035500    0.0000005800    0.0024365000
   0.0000066800   -0.0000455500   -0.0004836600
   0.0000108400    0.0000094400    0.0024275200
   0.0000022800   -0.0000321400   -0.0005025400
  -0.0000474400    0.0000195900   -0.0005346400
   0.0000676800    0.0000228100   -0.0005498300
  -0.0000236100    0.0000170000   -0.0005123500
   0.0000313200    0.0000190000   -0.0004952600

17   
  0.0055201261415730   0.0000000000000000   0.0083383575949418
  -0.0064649500   -0.0057827900    0.0154909500
   0.0429508800   -0.0228351400    0.0466372100
  -0.0008895100   -0.0006819500    0.0016582300
   0.0010058400    0.0003885600    0.0013016500
   0.0034752600    0.0284058000    0.0313196700
   0.0015910300    0.0019767400    0.0032330200
  -0.0003090500    0.0002514200    0.0020422500
  -0.0007336700   -0.0006374000    0.0030012200
  -0.0002172200   -0.0002103500    0.0014311200
   0.0001111200   -0.0002828000    0.0021162700
  -0.0003270400   -0.0000471100    0.0011383300
   0.0009205900   -0.0013978200    0.0015193000
   0.0005286000    0.0000617000    0.0016657600
  -0.0018324200   -0.0013414600    0.0031126100
  -0.0002246200    0.0016982900    0.0021136700
  -0.0001110800   -0.0000022200    0.0023185100
  -0.0644385100   -0.0006117000   -0.0933871200
   0.0121225500   -0.0025425700    0.0007164000
  -0.0041177100   -0.0024516100    0.0016499300
   0.0129641400   -0.0025047700    0.0001694100
   0.0012834100    0.0084559100    0.0006044600
  -0.0001118000   -0.0001326000    0.0015827800
   0.0003076100    0.0048288200    0.0019000500
   0.0017808300   -0.0042967700    0.0000755700
  -0.0042986900   -0.0024161300    0.0016824900
   0.0043954300   -0.0022642000    0.0018334700
  -0.0043833500   -0.0026557900    0.0016176000
   0.0044010100   -0.0024539000    0.0018419500
   0.0017662400    0.0092304400    0.0003215600
   0.0013148500   -0.0034591000    0.0003614500
   0.0001416600    0.0049200700    0.0020046400
   0.0000436000   -0.0000375400    0.0014717400
  -0.0013063300    0.0003246100    0.0006527500
   0.0008835700    0.0013478100   -0.0028811300
   0.0006080700    0.0005618600   -0.0056743700
  -0.0018241900    0.0010099100   -0.0047091400
   0.0010878100    0.0001253300   -0.0038376300
  -0.0002915400   -0.0001960000    0.0001707200
   0.0007795100   -0.0011639700   -0.0057300400
  -0.0017498200    0.0006476600    0.0022187600
   0.0007444800    0.0002410600   -0.0057960800
  -0.0005937400    0.0009529200   -0.0057549900
   0.0003591100    0.0001939500   -0.0055519300
  -0.0006073100    0.0002027900   -0.0057649500
  -0.0002566900   -0.0018694400   -0.0047408400
  -0.0003700100   -0.0020674900    0.0031230400
   0.0001224200   -0.0007995600   -0.0061763400
   0.0003433700    0.0001875800    0.0006224800
   0.0011947200    0.0006787800    0.0014817900
  -0.0012143000    0.0006847500    0.0014577200
   0.0012114500    0.0006859200    0.0014652300
  -0.0012172800    0.0006940500    0.0014727400
   0.0000015000   -0.0014070400    0.0014772400
  -0.0000204300   -0.0000172000    0.0001986500
  -0.0000030900   -0.0014231000    0.0014784200
  -0.0000183600   -0.0000308600    0.0001583600
   0.0012057400    0.0006833700    0.0014761700
  -0.0012296300    0.0006895100    0.0014854000
   0.0011940200    0.0006689400    0.0014539500
  -0.0012234500    0.0006779700    0.0014719700
  -0.0000043700   -0.0014260000    0.0014837600
  -0.0000207400   -0.0000178500    0.0001509600
  -0.0000217100   -0.0014089000    0.0014697600
  -0.0000178800   -0.0000197100    0.0001794600
   0.0000304300    0.0000112400    0.0011933800
  -0.0000693700   -0.0000702200   -0.0019455400
  -0.0000419500   -0.0000064700    0.0011957300
   0.0000088800   -0.0000837300   -0.0019239600
  -0.0000868400   -0.0000366800   -0.0019207100
   0.0000341000    0.0000163400   -0.0019816500
  -0.0000811000    0.0000049000   -0.0018885800
   0.0000671100    0.0000061800   -0.0019108700
  -0.0000115800   -0.0000488900    0.0011855300
  -0.0000262400   -0.0000895200   -0.0018966900
   0.0000032700   -0.0000098200    0.0012055900
  -0.0000077300   -0.0001226400   -0.0019136100
  -0.0000557700    0.0000309200   -0.0019194400
   0.0000447400    0.0000420600   -0.0019470300
  -0.0001044000    0.0000433800   -0.0018961000
   0.0000610400    0.0000209300   -0.0018739800
  -0.0000074000   -0.0000126500    0.0025262000
  -0.0000126000   -0.0000588500   -0.0003966600
  -0.0000070900   -0.0000226400    0.0025047600
  -0.0000078600   -0.0000580600   -0.0004054000
  -0.0000466900   -0.0000028500   -0.0003915200
   0.0000261100    0.0000054500   -0.0004117800
  -0.0000443500    0.0000050100   -0.0004133300
   0.0000190700   -0.0000006500   -0.0004011300
  -0.0000110500   -0.0000171400    0.0025032000
  -0.0000062000   -0.0000591200   -0.0004155300
  -0.0000132600   -0.0000195800    0.0025026000
  -0.0000046900   -0.0000521200   -0.0004039600
  -0.0000425400    0.0000013600   -0.0004078600
   0.0000201900   -0.0000026800   -0.0004063900
  -0.0000371000    0.0000027800   -0.0004070500
   0.0000209300    0.0000001200   -0.0004162700

17   
 -0.0055201261415730   0.0000000000000000  -0.0083383575949418
   0.0063671600    0.0057105200   -0.0133486500
  -0.0412772200    0.0217790400   -0.0410007900
   0.0008897800    0.0006857500    0.0003961100
  -0.0010669400   -0.0004625200    0.0024347700
  -0.0035378200   -0.0276028600   -0.0269129500
  -0.0016262800   -0.0019702500    0.0004780300
   0.0002185400   -0.0002304400    0.0016646100
   0.0007665300    0.0006546300    0.0006665900
   0.0002205400    0.0002251900    0.0006183500
  -0.0001599200    0.0002194600    0.0015816500
   0.0002968700    0.0000393200    0.0009080500
  -0.0009649500    0.0013425000    0.0022050600
  -0.0006284500   -0.0000580800    0.0020503300
   0.0018399700    0.0014151900    0.0005668700
   0.0001444700   -0.0016782100    0.0016005600
   0.0001335900    0.0000323400    0.0013869700
   0.0569320800   -0.0038131900    0.0971689800
  -0.0033996500   -0.0024984200    0.0029943100
  -0.0045765900   -0.0025664800    0.0021051500
  -0.0043513200   -0.0025160500    0.0035999400
  -0.0013608800    0.0015483300    0.0031164400
   0.0000833100    0.0001298300    0.0017047700
  -0.0003418600    0.0052005600    0.0018613700
  -0.0017642400    0.0042550400    0.0032153600
  -0.0044091800   -0.0025863500    0.0020707000
   0.0042610900   -0.0027591900    0.0019179100
  -0.0043209900   -0.0023670600    0.0021446100
   0.0042422300   -0.0025736300    0.0019028500
  -0.0017767700    0.0008382900    0.0034274000
  -0.0013553800    0.0034982100    0.0028928900
  -0.0001841700    0.0051034600    0.0017369100
  -0.0000611800    0.0000391300    0.0018241000
   0.0024222300    0.0003420100   -0.0112883400
  -0.0020716000   -0.0006886600   -0.0078338300
   0.0005271600    0.0001018600   -0.0050458100
   0.0006503000   -0.0003556400   -0.0060370300
  -0.0011456800   -0.0014793200   -0.0069063600
   0.0002823000    0.0002035200    0.0011084600
  -0.0008143500   -0.0001687000   -0.0049854200
   0.0017070300   -0.0006471100   -0.0009421300
   0.0003836200    0.0004339300   -0.0049197400
  -0.0005889400   -0.0003043500   -0.0049538000
   0.0007728500    0.0004687000   -0.0051758100
  -0.0005890000    0.0004563500   -0.0049470700
   0.0002165700    0.0005590000   -0.0060146700
   0.0003421800    0.0020387100   -0.0018214800
  -0.0001654800   -0.0005377700   -0.0045372700
  -0.0003679400   -0.0001894100    0.0006520300
   0.0011936200    0.0007129800    0.0014401600
  -0.0012298900    0.0007094400    0.0014591600
   0.0011763000    0.0007049700    0.0014506200
  -0.0012277400    0.0006989300    0.0014416300
  -0.0000264500   -0.0013866800    0.0014397200
  -0.0000109500    0.0000132400    0.0001283000
  -0.0000236600   -0.0013684200    0.0014354400
  -0.0000100400    0.0000290800    0.0001661800
   0.0011816000    0.0007107900    0.0014393100
  -0.0012141000    0.0007050800    0.0014286000
   0.0011943800    0.0007224600    0.0014624600
  -0.0012208400    0.0007142800    0.0014430300
  -0.0000233700   -0.0013692000    0.0014300800
  -0.0000090700    0.0000158300    0.0001738400
  -0.0000064500   -0.0013818400    0.0014477200
  -0.0000081700    0.0000165600    0.0001422500
  -0.0000581300   -0.0000129400    0.0012545400
   0.0000375600   -0.0000899600   -0.0017791600
   0.0000132800   -0.0000010400    0.0012521900
  -0.0000356900   -0.0000764500   -0.0018046100
  -0.0000769000    0.0001091100   -0.0018060900
   0.0000772000    0.0000613100   -0.0017418800
  -0.0000855800    0.0000737500   -0.0018420700
   0.0000382600    0.0000687000   -0.0018157600
  -0.0000192700    0.0000474800    0.0012620900
  -0.0000007900   -0.0000722300   -0.0018327200
  -0.0000351800    0.0000055600    0.0012385600
  -0.0000177400   -0.0000369600   -0.0018162400
  -0.0001094700    0.0000440800   -0.0018086300
   0.0000644000    0.0000317600   -0.0017794300
  -0.0000590000    0.0000362800   -0.0018327600
   0.0000429400    0.0000538100   -0.0018514000
  -0.0000197600    0.0000119000    0.0023836900
  -0.0000192400   -0.0000190900   -0.0005224100
  -0.0000229400    0.0000156800    0.0024053700
  -0.0000177900   -0.0000197700   -0.0005134400
  -0.0000465200    0.0000339100   -0.0005262700
   0.0000127400    0.0000309400   -0.0005111000
  -0.0000520800    0.0000325700   -0.0005041500
   0.0000168700    0.0000344600   -0.0005194100
  -0.0000200700    0.0000140700    0.0024056900
  -0.0000208000   -0.0000212900   -0.0005049600
  -0.0000182500    0.0000158300    0.0024084500
  -0.0000200900   -0.0000267300   -0.0005143700
  -0.0000506100    0.0000335200   -0.0005114800
   0.0000174200    0.0000362600   -0.0005147100
  -0.0000557400    0.0000369200   -0.0005108300
   0.0000122200    0.0000338800   -0.0005061800

33   
  0.0055201261415730   0.0000000000000000   0.0083383575949418
   0.0408656300    0.0216746100    0.0428935200
  -0.0065682500    0.0056688400    0.0156054900
   0.0010017700   -0.0004808300    0.0005659600
  -0.0009795600    0.0006461900    0.0023260100
   0.0032900200   -0.0274787400    0.0298135200
  -0.0009967200    0.0004730300    0.0026644500
  -0.0003223500   -0.0002949800    0.0019956500
   0.0019388700   -0.0021147600    0.0030190000
   0.0008687600    0.0013938800    0.0007474600
  -0.0003723300    0.0000122200    0.0019122000
   0.0001870500    0.0002855400    0.0012466300
  -0.0002909700    0.0002006600    0.0021482400
  -0.0002942100   -0.0017031100    0.0020438100
  -0.0017630900    0.0017182500    0.0028440800
   0.0005290300   -0.0000638800    0.0016834100
  -0.0000795600    0.0000159400    0.0023097800
  -0.0062158500   -0.0025026800    0.0077667100
   0.0030709800   -0.0031478500    0.0025128400
  -0.0043237300   -0.0027262300    0.0015235500
   0.0057889200   -0.0034927300    0.0043034700
  -0.0016988500    0.0043296300    0.0034499100
   0.0008234000    0.0005291100    0.0012629000
  -0.0003693100    0.0052132600    0.0013478100
   0.0010710500   -0.0008414400    0.0031297100
  -0.0045530600   -0.0023900700    0.0016670300
   0.0042844500   -0.0031991100    0.0014402300
  -0.0041881400   -0.0024247400    0.0013856100
   0.0043260500   -0.0024261000    0.0014288000
  -0.0003372300    0.0070052100    0.0043259700
  -0.0003079500    0.0011918200    0.0022354400
   0.0003037700    0.0048380200    0.0017873200
   0.0001544000    0.0001254300    0.0008115500
  -0.0575127000   -0.0000530900   -0.0970735500
   0.0079424600    0.0003932500   -0.0067107000
   0.0007100900    0.0002435000   -0.0056426400
   0.0075245300    0.0001134500   -0.0064475200
   0.0015468300    0.0032929700   -0.0066954400
   0.0002533000    0.0001330300    0.0005881500
  -0.0000957900   -0.0005602500   -0.0054248900
   0.0015477900   -0.0035860400   -0.0004620700
   0.0004875100    0.0004477700   -0.0057037800
  -0.0005209300    0.0001283000   -0.0054353000
   0.0006297100    0.0002911100   -0.0055883000
  -0.0004992200    0.0002980300   -0.0054230100
   0.0014115600    0.0032909100   -0.0065466500
   0.0016854100   -0.0041351000   -0.0005958600
   0.0000494900   -0.0006426400   -0.0055381200
   0.0001015900    0.0000382800    0.0007133000
   0.0012875900    0.0007029800    0.0014706700
  -0.0010466200    0.0007692200    0.0017413500
   0.0012399700    0.0006865700    0.0013581200
  -0.0013789400    0.0008598000    0.0015766800
   0.0001660600   -0.0013284700    0.0016546100
   0.0000129100    0.0000333500    0.0000629700
  -0.0000111700   -0.0014007700    0.0013320400
  -0.0001928500    0.0001213100    0.0003675400
   0.0011845100    0.0007354300    0.0013454200
  -0.0012396400    0.0006886100    0.0013449300
   0.0012131100    0.0006873000    0.0013721500
  -0.0012481600    0.0006621000    0.0013819600
   0.0000659900   -0.0015892600    0.0015717700
   0.0000397400   -0.0001917700    0.0004503900
  -0.0000762700   -0.0013673400    0.0014000700
  -0.0000042700    0.0000254200    0.0000681400
  -0.0008590000   -0.0004092800    0.0016457300
   0.0016049100   -0.0010822400    0.0003510800
  -0.0000738200    0.0000283100    0.0012426500
   0.0000186000   -0.0000482900   -0.0017503000
  -0.0002104500    0.0014650500   -0.0005490900
   0.0000651000    0.0000981700   -0.0019625100
  -0.0000956800    0.0000866500   -0.0017875900
   0.0000086200    0.0000231800   -0.0020138800
  -0.0000223900   -0.0000548000    0.0013154000
   0.0000247400   -0.0001021900   -0.0017861300
  -0.0000486200   -0.0000056900    0.0013013900
  -0.0000167300   -0.0001138700   -0.0018242800
  -0.0000391200    0.0000701800   -0.0017250700
  -0.0000285000    0.0000119000   -0.0019889900
  -0.0001251300    0.0000752200   -0.0018727300
   0.0000399600    0.0000445600   -0.0018346500
  -0.0000224200   -0.0000090200    0.0022814000
   0.0000018400   -0.0000308700   -0.0006334500
  -0.0000417000    0.0000272500    0.0023433500
  -0.0000237900   -0.0000352200   -0.0005209700
  -0.0000299700    0.0000382200   -0.0006329300
  -0.0000568900   -0.0000104000   -0.0006204200
  -0.0000553500    0.0000315400   -0.0005384200
   0.0000596800   -0.0000081300   -0.0005605900
  -0.0000167300   -0.0000094300    0.0023625000
  -0.0000129900   -0.0000372400   -0.0005256500
  -0.0000252900    0.0000044800    0.0023600500
  -0.0000236700   -0.0000405600   -0.0005403800
  -0.0000545700    0.0000243600   -0.0005276400
   0.0000026100    0.0000913900   -0.0005898100
  -0.0000789800    0.0000301200   -0.0005637400
   0.0000191100    0.0000243300   -0.0005647800

33   
 -0.0055201261415730   0.0000000000000000  -0.0083383575949418
  -0.0425268700   -0.0226168000   -0.0427990200
   0.0066450600   -0.0057680200   -0.0120326000
  -0.0009563300    0.0005044000    0.0014122100
   0.0009680900   -0.0006762500    0.0013297800
  -0.0033475000    0.0283127100   -0.0268505400
   0.0010580700   -0.0004196000    0.0010305500
   0.0002872000    0.0003523300    0.0016636800
  -0.0017981200    0.0021595600    0.0006336200
  -0.0008378800   -0.0013527500    0.0012370900
   0.0003844000   -0.0000523400    0.0017456500
  -0.0001465300   -0.0002452700    0.0007570000
   0.0002836700   -0.0002149600    0.0015117900
   0.0002466700    0.0017483700    0.0016135300
   0.0018649000   -0.0016081800    0.0008363000
  -0.0005553300    0.0000992900    0.0019643000
   0.0001611600    0.0000385900    0.0013487000
  -0.0024225800   -0.0024722100   -0.0041341500
   0.0056045000   -0.0018410300    0.0012207000
  -0.0043280500   -0.0022553900    0.0021936900
   0.0028950000   -0.0014991900   -0.0005974100
   0.0017282100    0.0057232100    0.0002675100
  -0.0007976100   -0.0004778400    0.0020015600
   0.0003647000    0.0048408700    0.0023534000
  -0.0010198600    0.0008632100    0.0001518300
  -0.0040973400   -0.0026036400    0.0020658300
   0.0043898400   -0.0017935600    0.0022760500
  -0.0044607900   -0.0025437000    0.0023202000
   0.0043753700   -0.0025604100    0.0022855800
   0.0003630900    0.0030147500   -0.0006446700
   0.0003305200   -0.0011333400    0.0010619100
  -0.0002881900    0.0052085500    0.0019213300
  -0.0001269900   -0.0000805200    0.0024433500
   0.0584038900   -0.0018841800    0.0956548900
  -0.0090527700    0.0003052100   -0.0040589500
   0.0004665800    0.0004568800   -0.0051184800
  -0.0087462700    0.0005590300   -0.0042650100
  -0.0015789100   -0.0046472500   -0.0040715900
  -0.0002285800   -0.0000838100    0.0006218600
   0.0001091800   -0.0007570900   -0.0053210400
  -0.0014745000    0.0035998000    0.0017219000
   0.0006982800    0.0002361100   -0.0050725800
  -0.0006427400    0.0005694600   -0.0053328800
   0.0005556500    0.0004242000   -0.0051634600
  -0.0006392100    0.0003934200   -0.0053348800
  -0.0013717700   -0.0045641300   -0.0041734300
  -0.0016910900    0.0042089200    0.0018227300
  -0.0000387300   -0.0006710100   -0.0052202500
  -0.0000764000    0.0000028300    0.0005243900
   0.0011477900    0.0007223000    0.0014110000
  -0.0013458400    0.0006560300    0.0011344900
   0.0011958800    0.0007378100    0.0015096000
  -0.0010163200    0.0005648700    0.0012942000
  -0.0001442700   -0.0014292500    0.0012162000
   0.0000038500   -0.0000022400    0.0002163300
   0.0000316000   -0.0013580000    0.0015359900
   0.0002134900   -0.0000885400   -0.0000862000
   0.0012502600    0.0006914100    0.0015221000
  -0.0011567400    0.0007389200    0.0015233300
   0.0012244200    0.0007392200    0.0014968300
  -0.0011473300    0.0007649000    0.0014864100
  -0.0000472300   -0.0011686000    0.0012970300
  -0.0000173600    0.0002215600   -0.0001660400
   0.0000967700   -0.0013906600    0.0014704300
   0.0000248500    0.0000045200    0.0002072600
   0.0008780900    0.0004433100    0.0007473800
  -0.0015484300    0.0009243200   -0.0040568000
   0.0000936300   -0.0000039400    0.0011617700
   0.0000025600   -0.0000780900   -0.0020207900
   0.0000865000   -0.0013386900   -0.0032027200
   0.0000961900    0.0000161300   -0.0018074900
  -0.0000254900    0.0000270000   -0.0019834400
   0.0001446200    0.0000841100   -0.0017540500
   0.0000381700    0.0000884100    0.0010897900
  -0.0000031800   -0.0000279100   -0.0019822400
   0.0000625400    0.0000354600    0.0011000400
   0.0000403300   -0.0000110400   -0.0019477200
  -0.0000792600    0.0000387800   -0.0020481600
   0.0001843700    0.0000949000   -0.0017816500
   0.0000108000    0.0000394000   -0.0018986600
   0.0001116200    0.0000638800   -0.0019309500
   0.0000437900    0.0000431900    0.0025882400
   0.0000116000   -0.0000137200   -0.0003252200
   0.0000600600   -0.0000010800    0.0025283100
   0.0000462200   -0.0000080000   -0.0004371800
  -0.0000162700    0.0000250800   -0.0003251700
   0.0001442500    0.0000822300   -0.0003403400
   0.0000061600    0.0000408700   -0.0004195800
   0.0000237800    0.0000750900   -0.0003994200
   0.0000329800    0.0000407800    0.0025078500
   0.0000344300   -0.0000107400   -0.0004352600
   0.0000404500    0.0000251800    0.0025114000
   0.0000469000   -0.0000049000   -0.0004172200
   0.0000090000    0.0000439000   -0.0004295800
   0.0000828800   -0.0000241300   -0.0003699900
   0.0000329100    0.0000438400   -0.0003937400
   0.0000609200    0.0000429300   -0.0003983900

49   
  0.0055201261415730   0.0000000000000000   0.0083383575949418
   0.0000901400    0.0000615200    0.0010935000
  -0.0000684600    0.0000059600    0.0016707700
   0.0000080300   -0.0000296400    0.0011807400
  -0.0000165000   -0.0000585300    0.0019420400
  -0.0000411200   -0.0000380200    0.0017969200
  -0.0000132200    0.0000349800    0.0018545300
  -0.0000159500    0.0000078400    0.0019070100
   0.0001191000   -0.0000166200    0.0018234200
  -0.0000025000    0.0000021300    0.0011316000
  -0.0000134800   -0.0000231000    0.0019064400
   0.0000516600    0.0000075900    0.0010771100
   0.0000569500    0.0000009300    0.0019869800
  -0.0000344900   -0.0000301800    0.0019272900
  -0.0000035900    0.0000635700    0.0018398000
   0.0000411400    0.0000138900    0.0020241900
  -0.0000503500   -0.0000194500    0.0019623700
  -0.0043418200   -0.0024970900    0.0018860000
   0.0043453600   -0.0024941200    0.0018391800
  -0.0043242300   -0.0024810200    0.0018426900
   0.0043296400   -0.0024518300    0.0018770900
   0.0000099500    0.0050323100    0.0018926300
   0.0000024500   -0.0000001200    0.0016225300
  -0.0000037700    0.0050073400    0.0018872200
  -0.0000382000   -0.0000061400    0.0016838500
  -0.0043424500   -0.0025118200    0.0018859600
   0.0043368000   -0.0025079000    0.0018669900
  -0.0043410500   -0.0025300700    0.0018815400
   0.0043266600   -0.0025366700    0.0019284800
   0.0000167600    0.0049755500    0.0018747300
  -0.0000185500   -0.0000223600    0.0016295200
  -0.0000151200    0.0050005700    0.0018768000
   0.0000114100    0.0000049900    0.0016464800
   0.0006795000    0.0003435100   -0.0053261400
  -0.0007008400    0.0002836200   -0.0051952600
   0.0006324800    0.0003186800   -0.0053909900
  -0.0004400400    0.0002409100   -0.0050082300
  -0.0000751800   -0.0007126200   -0.0051223800
  -0.0000423900   -0.0000170900    0.0006522600
   0.0000150300   -0.0006936100   -0.0054270100
   0.0001980800   -0.0000768800    0.0008257700
   0.0005503300    0.0003652300   -0.0054377100
  -0.0005992100    0.0003687100   -0.0053816500
   0.0006228800    0.0003144300   -0.0054254100
  -0.0005958800    0.0002943500   -0.0054668500
  -0.0000015800   -0.0005677900   -0.0049923300
   0.0000079400    0.0001860400    0.0007677600
  -0.0000019900   -0.0006890900   -0.0054199400
   0.0000405600    0.0000229500    0.0005843700
  -0.1161686000    0.0010814400   -0.1999384100
   0.0010656400   -0.0035411600   -0.0053950700
   0.0013054100    0.0006605400    0.0024926100
   0.0010399500    0.0048275400   -0.0056478600
   0.0020384900    0.0028614800   -0.0054335700
   0.0003771400   -0.0000819500    0.0004402800
   0.0003314300   -0.0012969600    0.0018088500
   0.0021248100   -0.0043054100   -0.0069064200
   0.0010458500    0.0008421700    0.0024725100
  -0.0006950100    0.0006763700    0.0017699500
   0.0011196200    0.0005914000    0.0025124100
  -0.0006928900    0.0007693600    0.0017718000
   0.0020715300   -0.0054304500   -0.0055599700
   0.0021059200    0.0041164400   -0.0067814900
   0.0004162100   -0.0013394400    0.0017600000
   0.0002877300   -0.0001295900    0.0004864000
   0.0428232400    0.0200017600    0.0504897300
  -0.0007921400    0.0051003700    0.0183260200
  -0.0001971500    0.0006048300    0.0019803100
   0.0005944500   -0.0003500300   -0.0008016400
   0.0081101100   -0.0252573000    0.0329880400
  -0.0013628200    0.0004152100   -0.0006707300
  -0.0001075400    0.0001174400   -0.0019925600
   0.0021915300   -0.0023794900    0.0004224900
   0.0001420600   -0.0005245300    0.0018934700
   0.0001053400   -0.0001635600   -0.0018721500
  -0.0000343500    0.0000024500    0.0009725400
   0.0002489500   -0.0004152600   -0.0007060900
   0.0001748200    0.0005686900   -0.0010439000
  -0.0020050700    0.0020937100   -0.0001220900
  -0.0005141400    0.0000307800   -0.0008593000
  -0.0000315200    0.0000402100   -0.0016925400
  -0.0013551300   -0.0055535100    0.0237282900
   0.0460495200   -0.0218573600    0.0521344900
   0.0006479600    0.0003944800    0.0036494800
  -0.0001236100   -0.0006190400    0.0003900300
   0.0082273100    0.0272590300    0.0363394200
   0.0021241300    0.0023664500    0.0020084400
  -0.0000490700    0.0000052900   -0.0004886100
  -0.0012266500   -0.0003841400    0.0011277500
   0.0003786700    0.0003202300    0.0037007000
   0.0000122100   -0.0000556100   -0.0006012000
   0.0000320300    0.0000272000    0.0025385600
   0.0001562500    0.0003937500    0.0003303900
  -0.0004140800    0.0000003700    0.0006157400
  -0.0019331000   -0.0019149700    0.0015666900
   0.0001290100   -0.0005344800    0.0005040800
  -0.0001253300    0.0000194300   -0.0001905400

49   
 -0.0055201261415730   0.0000000000000000  -0.0083383575949418
  -0.0001006800   -0.0000411300    0.0009447500
   0.0000683200   -0.0000810900    0.0020334300
  -0.0000088400    0.0000032500    0.0008672800
   0.0000203800   -0.0000065700    0.0017647000
  -0.0000494100    0.0001253300    0.0019035300
   0.0000441200    0.0000124600    0.0018439500
  -0.0000069400    0.0000314400    0.0017973800
  -0.0000408800    0.0000972100    0.0018816800
  -0.0000428500    0.0000095600    0.0009186500
   0.0000011400   -0.0000154700    0.0017952800
   0.0000022200   -0.0000091800    0.0009687900
  -0.0000576000   -0.0000717400    0.0017093200
  -0.0000439500    0.0000440800    0.0017826900
   0.0000723400   -0.0000399700    0.0018626600
  -0.0000793200   -0.0000146200    0.0016785700
   0.0000928000    0.0000119800    0.0017376800
  -0.0043278700   -0.0025010600    0.0018662200
   0.0043257400   -0.0025148600    0.0018984700
  -0.0043511000   -0.0025179700    0.0018979100
   0.0043401600   -0.0025302000    0.0018856300
  -0.0000189600    0.0050115400    0.0018917300
   0.0000029300    0.0000005600    0.0016633700
   0.0000158200    0.0050059800    0.0018959700
   0.0000257200    0.0000157200    0.0016701500
  -0.0043570700   -0.0025004900    0.0018944200
   0.0043448200   -0.0024907100    0.0018947200
  -0.0043240800   -0.0024833100    0.0019063300
   0.0043520100   -0.0024850200    0.0018857900
  -0.0000132900    0.0050285300    0.0018818400
   0.0000137700    0.0000171700    0.0016793100
   0.0000145000    0.0050085300    0.0018799200
  -0.0000132300   -0.0000111600    0.0016570700
   0.0004890200    0.0003391000   -0.0053865300
  -0.0004714500    0.0003882800   -0.0054729300
   0.0005311500    0.0003638200   -0.0052824000
  -0.0007204000    0.0004544500   -0.0056768500
   0.0000637400   -0.0006109000   -0.0055887100
   0.0000472700    0.0000172700    0.0006607800
  -0.0000047700   -0.0006538800   -0.0052871500
  -0.0002023300    0.0000819400    0.0004286200
   0.0005900600    0.0003021400   -0.0052741600
  -0.0005594100    0.0003120300   -0.0053110700
   0.0005520600    0.0003534200   -0.0052964200
  -0.0005663200    0.0003676000   -0.0052789100
   0.0000078800   -0.0007807800   -0.0056883600
  -0.0000118100   -0.0001848100    0.0005267300
   0.0000024500   -0.0006647200   -0.0052697700
  -0.0000472400   -0.0000320300    0.0007112900
   0.1186413000    0.0006528800    0.2037752100
  -0.0031816900    0.0049177000    0.0083563700
   0.0011165100    0.0007222600    0.0004046500
  -0.0037474000   -0.0034386900    0.0084607800
  -0.0019122800   -0.0055056200    0.0084611000
  -0.0003734000    0.0000816400   -0.0001210100
  -0.0003295500   -0.0015023800    0.0010771000
  -0.0022587100    0.0044484100    0.0070606800
   0.0013482700    0.0005652600    0.0004185300
  -0.0017231300    0.0007318500    0.0011266500
   0.0013206700    0.0008188900    0.0003921200
  -0.0017240300    0.0006269100    0.0011262700
  -0.0021556600    0.0024529800    0.0085130800
  -0.0020087800   -0.0043162900    0.0070092300
  -0.0004158900   -0.0014479000    0.0011396600
  -0.0002908100    0.0001365900   -0.0001876100
  -0.0446562900   -0.0210584300   -0.0496925100
   0.0007432500   -0.0052245300   -0.0220441100
   0.0001879800   -0.0005905200    0.0004697200
  -0.0006158400    0.0001902600   -0.0029135200
  -0.0082411100    0.0261262200   -0.0372800500
   0.0014691000   -0.0003211900   -0.0030649200
  -0.0000350800   -0.0000390500   -0.0017244200
  -0.0020881400    0.0024702400   -0.0041462500
  -0.0001466600    0.0005210700    0.0005515600
  -0.0001087800    0.0000057500   -0.0018469000
   0.0000327100    0.0000024100    0.0014844600
  -0.0002604300    0.0002645100   -0.0029876100
  -0.0003248900   -0.0004896300   -0.0026866800
   0.0021101800   -0.0020070400   -0.0036040000
   0.0003592100    0.0000482500   -0.0028403300
   0.0001682100    0.0000437300   -0.0020318000
   0.0014021000    0.0055944800   -0.0187290700
  -0.0442205800    0.0207161100   -0.0513317700
  -0.0006255600   -0.0004009000    0.0013641800
   0.0001306100    0.0005565100   -0.0012096900
  -0.0083114500   -0.0264364100   -0.0366119600
  -0.0020192600   -0.0023100100   -0.0028225200
  -0.0000143700    0.0000327500   -0.0003361400
   0.0013238800    0.0004341000   -0.0019442600
  -0.0003727300   -0.0003092900    0.0012885400
  -0.0000099700   -0.0000185600   -0.0002277500
  -0.0000280500   -0.0000243100    0.0024697700
  -0.0001516700   -0.0004732900   -0.0011425600
   0.0003589900    0.0000373000   -0.0014523000
   0.0020305500    0.0019561000   -0.0023842200
  -0.0001836900    0.0005739700   -0.0013119800
   0.0001916800    0.0000232000   -0.0006271200

65   
  0.0055201261415730   0.0000000000000000   0.0083383575949418
   0.0002905900    0.0000018300    0.0000785500
   0.0000572800    0.0002205800    0.0020238500
   0.0000137200   -0.0000220000    0.0010205100
   0.0000622300    0.0001427600    0.0021976800
   0.0002325300   -0.0000745600    0.0020060500
   0.0001166700    0.0000616500    0.0017954000
  -0.0001525300    0.0000946100    0.0018059300
  -0.0000775900   -0.0001116300    0.0022136300
  -0.0000143100    0.0000133200    0.0010305700
   0.0000116000   -0.0001566800    0.0018012200
   0.0000232300    0.0000063900    0.0010137200
  -0.0000056600   -0.0001315600    0.0017747500
   0.0001784300   -0.0000923500    0.0020938300
  -0.0001379400   -0.0000849800    0.0021281100
  -0.0000989400    0.0000522500    0.0017458000
   0.0001272200    0.0000779200    0.0018028000
  -0.0042973700   -0.0024799600    0.0018929100
   0.0043165600   -0.0025109800    0.0018923900
  -0.0043137500   -0.0025071400    0.0018590400
   0.0042992900   -0.0024785700    0.0018303000
  -0.0000107000    0.0049855000    0.0018932100
   0.0000163400   -0.0000002700    0.0016830300
   0.0000236100    0.0049920000    0.0018614700
  -0.0000064900    0.0000590900    0.0016110500
  -0.0043205600   -0.0024845000    0.0018746400
   0.0043378600   -0.0024762100    0.0018774100
  -0.0043156800   -0.0024955300    0.0019035700
   0.0043336500   -0.0024937900    0.0018876800
   0.0000026100    0.0049609100    0.0018631500
   0.0000522700   -0.0000368300    0.0016225900
   0.0000109700    0.0049922200    0.0018999700
  -0.0000557000   -0.0000302200    0.0015973800
  -0.0003490300   -0.0001368800   -0.0047725700
  -0.0005099200    0.0004278200   -0.0051860700
   0.0005106800    0.0004178700   -0.0052455800
   0.0011139500   -0.0007011900   -0.0031933300
   0.0001235300   -0.0006616700   -0.0051881900
   0.0000014000   -0.0000002000    0.0007388000
  -0.0000952000   -0.0006503900   -0.0052463600
  -0.0000682700   -0.0000467100    0.0005849900
   0.0006307500    0.0002254300   -0.0052164900
  -0.0006145700    0.0002393600   -0.0052159200
   0.0006002800    0.0003467100   -0.0052246400
  -0.0005681000    0.0003317600   -0.0051831100
  -0.0001058500    0.0008435900   -0.0039815100
  -0.0000436800   -0.0000170800    0.0005665200
   0.0000036000   -0.0006758700   -0.0052078300
   0.0000318900    0.0000558200    0.0006052200
   0.0462908500    0.0219826300    0.0522640900
  -0.0007371600    0.0005150000    0.0026524400
   0.0011888600    0.0003221600    0.0021171700
  -0.0022736000    0.0060418100    0.0217819000
  -0.0002024300   -0.0013021800    0.0026180300
  -0.0000930300   -0.0000005100    0.0003539600
   0.0000401300   -0.0007894400    0.0021557800
  -0.0020611600    0.0009422400    0.0019265000
   0.0010543500    0.0010703900    0.0023489200
  -0.0006325800    0.0001857900    0.0024232300
   0.0010707600    0.0006327500    0.0012942400
  -0.0009758300    0.0005482600    0.0013900300
   0.0082035500   -0.0278420000    0.0368592400
   0.0011795600   -0.0018748400    0.0031197300
  -0.0000256100   -0.0011809900    0.0013431400
  -0.0004517900    0.0009253100    0.0007392000
  -0.0602617200   -0.0002017300   -0.1222587700
   0.0026895000   -0.0002788200   -0.0038904100
   0.0000071700   -0.0000081300    0.0007440800
   0.0041412800   -0.0005081100   -0.0048465600
  -0.0003552700    0.0012018200   -0.0043173800
   0.0000428000    0.0000003600   -0.0018442600
  -0.0001507500    0.0001116600   -0.0017315400
   0.0010770900   -0.0020975400   -0.0044273300
  -0.0000024200    0.0000059000    0.0007376000
   0.0000424500   -0.0001122400   -0.0017873700
   0.0000110400    0.0000023600    0.0007472100
   0.0000419600    0.0000177500   -0.0017882500
   0.0003952000    0.0027204800   -0.0047968800
   0.0003247000   -0.0010338500   -0.0039509100
  -0.0000390100    0.0000473200   -0.0018089500
  -0.0000697600   -0.0000638300   -0.0017678100
  -0.0010460400    0.0000009300    0.0230478500
   0.0021737200   -0.0019468800    0.0002370700
   0.0000963600    0.0001770600    0.0024034400
  -0.0000405600   -0.0000324600   -0.0012909600
  -0.0008280700    0.0033424400    0.0004753600
   0.0001407200    0.0000473600   -0.0007569900
  -0.0001003900    0.0000920200   -0.0007982000
  -0.0002072500   -0.0004094900   -0.0015228000
   0.0000841100    0.0000071800    0.0023112600
   0.0000589500   -0.0001392600   -0.0007789700
  -0.0002242500   -0.0001847600    0.0024955100
   0.0000578500    0.0000018800   -0.0007924500
  -0.0019319900   -0.0005073600   -0.0002957300
   0.0008897600   -0.0004182000   -0.0007654900
   0.0000252400    0.0000188100   -0.0007645600
   0.0000218000   -0.0000206900   -0.0008205400

65   
 -0.0055201261415730   0.0000000000000000  -0.0083383575949418
  -0.0002954700    0.0000117900    0.0020556500
  -0.0000631300   -0.0002960800    0.0017534500
  -0.0000092700    0.0000023400    0.0011022800
  -0.0000468800   -0.0002147500    0.0015734200
  -0.0003122900    0.0001371900    0.0017720600
  -0.0000783300   -0.0000196600    0.0019841900
   0.0001244900   -0.0000646300    0.0019738100
   0.0001695000    0.0001695100    0.0015571900
  -0.0000105100   -0.0000128500    0.0010954500
  -0.0000201500    0.0001102000    0.0019779900
   0.0000190300   -0.0000062100    0.0011112200
   0.0000202600    0.0000571700    0.0020021600
  -0.0002405400    0.0001176900    0.0016847700
   0.0002068300    0.0001203900    0.0016477400
   0.0000626400   -0.0000437700    0.0020330800
  -0.0000731900   -0.0000789400    0.0019755900
  -0.0043688700   -0.0025198700    0.0019646900
   0.0043593600   -0.0025067200    0.0019298200
  -0.0043480500   -0.0025057700    0.0019690600
   0.0043781200   -0.0025180300    0.0020305500
  -0.0000001800    0.0050494700    0.0019745500
  -0.0000060000    0.0000050800    0.0016803600
  -0.0000023800    0.0050176800    0.0019879900
   0.0000103400   -0.0000530500    0.0018323600
  -0.0043655400   -0.0025299500    0.0019913500
   0.0043431200   -0.0025294600    0.0019609800
  -0.0043349800   -0.0025160200    0.0019667100
   0.0043463700   -0.0025357600    0.0020014600
   0.0000028200    0.0050500100    0.0019857400
  -0.0000430500    0.0000325200    0.0017739700
  -0.0000114200    0.0050154200    0.0019395500
   0.0000670200    0.0000304200    0.0017949700
   0.0015284300    0.0008200800   -0.0058412800
  -0.0006567400    0.0002355800   -0.0054138900
   0.0006673600    0.0002499600   -0.0053592000
  -0.0023160800    0.0014143300   -0.0074954800
  -0.0001350700   -0.0006672800   -0.0054564200
   0.0000088100    0.0000051200    0.0006520500
   0.0001168300   -0.0007019900   -0.0053796100
   0.0000727700    0.0000559300    0.0007302700
   0.0005235000    0.0004414500   -0.0054255600
  -0.0005448400    0.0004370700   -0.0053991100
   0.0005900400    0.0003229800   -0.0054244700
  -0.0005932900    0.0003206500   -0.0054840500
   0.0001174400   -0.0022184400   -0.0066536800
   0.0000546600    0.0000119400    0.0007933600
  -0.0000036200   -0.0006798800   -0.0054099600
  -0.0000244400   -0.0000585100    0.0007626300
  -0.0418806500   -0.0194733400   -0.0474906700
  -0.0016199300    0.0008752900    0.0003118300
   0.0012174400    0.0010704700    0.0008385400
  -0.0000829200   -0.0046753600   -0.0190336700
   0.0002237300   -0.0014504500    0.0003541400
   0.0000957200    0.0000021400    0.0000171000
  -0.0000445000   -0.0019834000    0.0008010900
   0.0020407400   -0.0009553700   -0.0015536200
   0.0013501700    0.0003062800    0.0006174300
  -0.0017543700    0.0011746300    0.0005383800
   0.0013492700    0.0007616800    0.0016590400
  -0.0014289200    0.0008428600    0.0015676500
  -0.0081665100    0.0243191300   -0.0334167300
  -0.0011950800    0.0018650400   -0.0027191100
   0.0000301800   -0.0016048500    0.0016137000
   0.0004528000   -0.0009195000   -0.0003901000
   0.0577562900   -0.0001303300    0.1176249300
  -0.0026540600    0.0001310500    0.0001854300
   0.0000004700    0.0000062400    0.0017563600
  -0.0041756100    0.0003513100    0.0011978100
   0.0002094700   -0.0011295100    0.0006142000
   0.0001016100    0.0000772900   -0.0018224100
   0.0000220900   -0.0000335900   -0.0019345400
  -0.0009445700    0.0021676300    0.0007599700
   0.0000078500   -0.0000026100    0.0017607200
  -0.0000348300   -0.0000460300   -0.0018772100
  -0.0000049000   -0.0000013500    0.0017516400
  -0.0000337300   -0.0001769900   -0.0018785900
  -0.0005268800   -0.0026328800    0.0011171700
  -0.0002087700    0.0011062900    0.0002518400
  -0.0000954300    0.0000337000   -0.0018609400
   0.0002167400    0.0001427100   -0.0018979000
   0.0010151200    0.0000028600   -0.0177149100
  -0.0021523200    0.0018761500   -0.0010342100
  -0.0000899200   -0.0001788500    0.0026175500
   0.0000726800   -0.0000307000    0.0004694800
   0.0007550600   -0.0032533900   -0.0012585800
  -0.0000645700   -0.0000103500   -0.0000626000
   0.0000387300   -0.0000504800   -0.0000151200
   0.0002847800    0.0004253200    0.0007026900
  -0.0000805700   -0.0000048500    0.0027058500
  -0.0000480000    0.0000590500   -0.0000417100
   0.0002285000    0.0001842300    0.0025278200
  -0.0000483300   -0.0000787300   -0.0000248400
   0.0018612100    0.0005464300   -0.0005126600
  -0.0008469800    0.0004560600   -0.0000557900
  -0.0000861100    0.0000190200   -0.0000532700
   0.0000523700    0.0000556700    0.0000070800

81   
  0.0055201261415730   0.0000000000000000   0.0083383575949418
   0.0000156300    0.0000025900    0.0009582600
  -0.0000212400   -0.0000317000    0.0019870700
   0.0000143400   -0.0000082000    0.0010935700
   0.0000405600   -0.0000275000    0.0019751900
  -0.0000416500   -0.0000168000    0.0019977700
   0.0000195400    0.0000072400    0.0019438800
  -0.0000102300    0.0000135200    0.0019394600
   0.0000440000   -0.0000067200    0.0019660000
  -0.0000025300    0.0000070900    0.0010992900
   0.0000112500   -0.0000202600    0.0019416200
   0.0000107400   -0.0000008800    0.0010898400
   0.0000048300   -0.0000419900    0.0019227200
   0.0000008100    0.0000510300    0.0019908400
   0.0000249700    0.0000308700    0.0019719100
  -0.0000285400    0.0000164400    0.0019251500
   0.0000425900    0.0000218800    0.0019185200
  -0.0043194000   -0.0024972100    0.0019974100
   0.0043509700   -0.0025037000    0.0019820700
  -0.0043276200   -0.0025137200    0.0019807500
   0.0043384500   -0.0025048300    0.0019991700
   0.0000124900    0.0050094900    0.0019806100
   0.0000071900    0.0000023200    0.0017475000
   0.0000147400    0.0050182100    0.0019815700
   0.0000054100    0.0000079500    0.0017544000
  -0.0043287200   -0.0025057700    0.0019802900
   0.0043533300   -0.0025107500    0.0019838400
  -0.0043295200   -0.0025030000    0.0019783400
   0.0043454800   -0.0025023100    0.0019771500
   0.0000034800    0.0050006800    0.0019942900
   0.0000179400   -0.0000058300    0.0017530100
   0.0000090900    0.0050054400    0.0019785000
  -0.0000008600   -0.0000009800    0.0017600700
   0.0006000900    0.0003281100   -0.0054452200
  -0.0005491900    0.0003464600   -0.0053490800
   0.0005421200    0.0003477900   -0.0053559200
  -0.0005675400    0.0003425300   -0.0054338700
   0.0000258400   -0.0006588500   -0.0053455200
   0.0000102200    0.0000023000    0.0006247100
  -0.0000330500   -0.0006305200   -0.0053585100
  -0.0000017600    0.0000502400    0.0006008400
   0.0005843200    0.0003007900   -0.0053494700
  -0.0005653500    0.0002879900   -0.0053566400
   0.0005683400    0.0003263700   -0.0053523500
  -0.0005529400    0.0003238800   -0.0053421100
   0.0000292400   -0.0006720800   -0.0054355000
   0.0000436000   -0.0000246000    0.0006387600
   0.0000059300   -0.0006502800   -0.0053480500
  -0.0000485400   -0.0000244800    0.0005581900
   0.0000271600   -0.0047680000    0.0226617400
  -0.0011876200    0.0010124700    0.0021979300
   0.0017068500    0.0009009300    0.0027013700
   0.0427322800   -0.0199039800    0.0524657600
   0.0000011700   -0.0020158300    0.0022711700
  -0.0001490300   -0.0000005900    0.0003966400
  -0.0002043000   -0.0014531500    0.0026247800
  -0.0019595900   -0.0007724200    0.0021578500
   0.0018264200    0.0012603000    0.0025214600
  -0.0012778100    0.0002970400    0.0023720800
   0.0014046400    0.0008152100    0.0014097700
  -0.0013399000    0.0007684900    0.0013983000
   0.0082711600    0.0248451100    0.0377262000
  -0.0002521700   -0.0009885500    0.0010620200
  -0.0000079800   -0.0015835800    0.0014041700
   0.0010860500    0.0017550400    0.0032521000
  -0.0010087200    0.0000005200    0.0215288400
  -0.0001006700    0.0000490700   -0.0026367600
   0.0000942000   -0.0001589300    0.0011984300
   0.0021972200    0.0019449600   -0.0011825800
  -0.0002269000    0.0003626400   -0.0028187700
   0.0000464700   -0.0000050400   -0.0021895100
  -0.0000003300    0.0000325100   -0.0021424000
  -0.0007912900   -0.0033245000   -0.0010065900
  -0.0002065300    0.0001737000    0.0012988600
   0.0000554900   -0.0000273400   -0.0021649500
   0.0000679500   -0.0000152600    0.0010975300
   0.0000569100   -0.0001138100   -0.0021514900
   0.0009318400    0.0004504600   -0.0020851600
  -0.0019437200    0.0005447600   -0.0017276600
  -0.0000783900    0.0000780500   -0.0022104200
   0.0001176300    0.0000351000   -0.0020930500
  -0.0577866200   -0.0001884100   -0.1191049300
   0.0041813400    0.0003432700   -0.0039743300
   0.0000085400   -0.0000429700    0.0019170500
   0.0022211800    0.0000935700   -0.0026773100
   0.0010062800    0.0022492700   -0.0035022100
  -0.0001089700   -0.0000765200   -0.0003780800
  -0.0000521400    0.0000436400   -0.0004740600
  -0.0003291000   -0.0008018000   -0.0031403500
  -0.0000199300    0.0000169800    0.0018934400
   0.0000234800    0.0000321200   -0.0004262600
   0.0000534900    0.0000262500    0.0019430000
   0.0000245200   -0.0001189900   -0.0004252600
   0.0000528200    0.0008380300   -0.0028518600
   0.0006280600   -0.0027186300   -0.0037867400
  -0.0001838100    0.0001206500   -0.0003866600
   0.0000235400   -0.0000000800   -0.0004634200

81   
 -0.0055201261415730   0.0000000000000000  -0.0083383575949418
  -0.0000253100   -0.0000003500    0.0011407800
   0.0000234200   -0.0000389100    0.0017634900
  -0.0000163400   -0.0000037700    0.0010011200
  -0.0000444400   -0.0000415500    0.0017753100
  -0.0000242700    0.0000604800    0.0017543100
   0.0000305100    0.0000287800    0.0018066200
  -0.0000428500    0.0000221600    0.0018131100
   0.0000119400    0.0000518000    0.0017855500
  -0.0000086700   -0.0000026400    0.0009953800
  -0.0000151500   -0.0000410200    0.0018096800
  -0.0000017800    0.0000034300    0.0010069200
  -0.0000127100   -0.0000205000    0.0018260100
  -0.0000659500   -0.0000239700    0.0017610600
   0.0000361200   -0.0000078400    0.0017805300
  -0.0000270000    0.0000062700    0.0018265300
   0.0000053700    0.0000036100    0.0018308400
  -0.0043508600   -0.0025114700    0.0018029600
   0.0043231100   -0.0025011500    0.0018426200
  -0.0043509000   -0.0025003900    0.0018395400
   0.0043227800   -0.0024984300    0.0018131500
  -0.0000067800    0.0050051800    0.0018366000
  -0.0000169100   -0.0000039500    0.0016154500
  -0.0000143100    0.0050012700    0.0018401000
  -0.0000155200   -0.0000127200    0.0016010600
  -0.0043483300   -0.0025035300    0.0018337200
   0.0043209700   -0.0024997000    0.0018349800
  -0.0043560200   -0.0025014400    0.0018422200
   0.0043290800   -0.0024960500    0.0018423700
  -0.0000064500    0.0050055600    0.0018098400
  -0.0000189000    0.0000018800    0.0016113200
  -0.0000090100    0.0050076300    0.0018540600
  -0.0000090700   -0.0000007800    0.0016107000
   0.0005689200    0.0003436900   -0.0052019400
  -0.0006171800    0.0003298400   -0.0053251800
   0.0006201600    0.0003193500   -0.0053145200
  -0.0006120700    0.0003360900   -0.0052275300
  -0.0000200700   -0.0006888500   -0.0053211400
  -0.0000201100   -0.0000037600    0.0006941400
   0.0000346500   -0.0007131300   -0.0053129000
  -0.0000094000   -0.0000546500    0.0007260600
   0.0005792000    0.0003710200   -0.0053148400
  -0.0006005500    0.0003835300   -0.0053121900
   0.0005869000    0.0003505300   -0.0053183800
  -0.0006131500    0.0003589500   -0.0053272200
  -0.0000319200   -0.0006838400   -0.0052165800
  -0.0000444200    0.0000203800    0.0006777500
  -0.0000060300   -0.0006995500   -0.0053345300
   0.0000380700    0.0000228500    0.0007530200
   0.0023249100    0.0061265400   -0.0195423600
  -0.0012070100    0.0003834700    0.0007206900
   0.0006592000    0.0004931900    0.0002121600
  -0.0471340900    0.0224171300   -0.0513345600
   0.0000122500   -0.0007539500    0.0006473900
   0.0001511200    0.0000006500   -0.0000740700
   0.0001898000   -0.0013071500    0.0002821300
   0.0019817400    0.0007598400   -0.0018285200
   0.0005680200    0.0000997300    0.0003939200
  -0.0011248600    0.0010810600    0.0005361600
   0.0010094100    0.0005815900    0.0015103900
  -0.0010742700    0.0006222700    0.0015229300
  -0.0082968200   -0.0283567200   -0.0352692300
   0.0002598900    0.0009910700   -0.0007084300
   0.0000027700   -0.0012034600    0.0015154400
  -0.0010603700   -0.0017590800   -0.0029532600
   0.0010441600    0.0000004300   -0.0193715100
   0.0000706000   -0.0001854000   -0.0010582800
  -0.0000984400    0.0001570200    0.0012717800
  -0.0022100900   -0.0020877000   -0.0025430800
   0.0000888400   -0.0003109200   -0.0008766500
   0.0000871000    0.0000863900   -0.0015132900
  -0.0001391100    0.0000442600   -0.0015544900
   0.0009295400    0.0034464400   -0.0027298400
   0.0002039300   -0.0001747200    0.0011687300
  -0.0000623500   -0.0001310400   -0.0015326300
  -0.0000706500    0.0000161700    0.0013760500
  -0.0000596400   -0.0000404500   -0.0015501900
  -0.0010316800   -0.0003710600   -0.0016132200
   0.0020776900   -0.0004665700   -0.0019806100
  -0.0000580800   -0.0000010900   -0.0014931500
   0.0000112500    0.0000406700   -0.0016075000
   0.0600149300   -0.0001797600    0.1252576300
  -0.0041453000   -0.0004192900    0.0030884300
  -0.0000142300    0.0000399500    0.0030481200
  -0.0022621300   -0.0001565200    0.0018387400
  -0.0010636000   -0.0022174200    0.0026337000
   0.0001682200    0.0001131100   -0.0004898500
  -0.0000131900   -0.0000086800   -0.0003977400
   0.0004005700    0.0008421300    0.0023023800
   0.0000153300   -0.0000166200    0.0030728000
  -0.0000276000   -0.0001052700   -0.0004443400
  -0.0000562600   -0.0000231900    0.0030263600
  -0.0000268600    0.0000449900   -0.0004434400
  -0.0000946500   -0.0008114700    0.0020111200
  -0.0005630300    0.0027636600    0.0029290900
   0.0001157200   -0.0000823800   -0.0004846700
   0.0000386200    0.0000378000   -0.0004031700
