64   
8    

1    
  0.0061671505931048   0.0000000000000000   0.0078718646813806
  -0.0897332800   -0.0006750700   -0.0113228900
   0.0041081000    0.0006715600    0.0011337000
   0.0002579800    0.0005427700    0.0005434900
   0.0017798700    0.0019398700    0.0029378600
   0.0000229900    0.0036601500    0.0024671600
   0.0005169900    0.0001266900    0.0010871600
   0.0007309500   -0.0002490600    0.0011831200
  -0.0033962100   -0.0029555400    0.0016074100
  -0.0002503400    0.0002946700    0.0009060500
   0.0002968000    0.0001270400    0.0011353700
  -0.0011848100   -0.0008339400    0.0001793000
   0.0002985500    0.0000699000    0.0011345600
  -0.0011269100    0.0003939400    0.0033719100
  -0.0022465200   -0.0036830400    0.0007089200
   0.0006801200   -0.0002205800    0.0012205100
   0.0005642800    0.0001533200    0.0010494200
   0.0296215800    0.0119361200   -0.0045917700
  -0.0000088700   -0.0014390900    0.0005891800
  -0.0005039500    0.0000046200    0.0001979000
   0.0500893600   -0.0236257700    0.0121765800
  -0.0006358500   -0.0002194200    0.0000088000
  -0.0009317900   -0.0000023700    0.0007470700
   0.0003619100    0.0013661600    0.0007783200
   0.0012079000    0.0001831100    0.0003571600
   0.0003708900    0.0000735000   -0.0001864400
   0.0018590700    0.0002088300    0.0009732300
  -0.0001399800    0.0001607600    0.0005254600
  -0.0000559500   -0.0002115000    0.0005881000
   0.0090589900    0.0123161500    0.0038997000
  -0.0000710600    0.0007436300    0.0004840000
  -0.0004202800    0.0000480700    0.0005555500
  -0.0004010200   -0.0009247500    0.0002290500
  -0.0000208800    0.0000027300    0.0019073900
  -0.0000220200    0.0000043300    0.0019112200
  -0.0000254000   -0.0000015900    0.0019126100
  -0.0000218600    0.0000006900    0.0019071700
  -0.0000237500   -0.0000011800    0.0019095900
  -0.0000257300   -0.0000043100    0.0019125300
  -0.0000220700   -0.0000021300    0.0019150300
  -0.0000190400   -0.0000007400    0.0019119500
  -0.0000252600   -0.0000018200    0.0019130800
  -0.0000195100    0.0000012600    0.0019142100
  -0.0000205200    0.0000048000    0.0019148500
  -0.0000251200    0.0000004100    0.0019141500
  -0.0000238400    0.0000047900    0.0019088700
  -0.0000224300    0.0000001200    0.0019122900
  -0.0000192700   -0.0000005200    0.0019132100
  -0.0000251500    0.0000030000    0.0019096800
  -0.0000228100    0.0000049700   -0.0035848700
  -0.0000189200    0.0000038600   -0.0035761600
  -0.0000244400    0.0000018200   -0.0035780800
  -0.0000235500    0.0000018100   -0.0035813800
  -0.0000205400    0.0000017500   -0.0035728200
  -0.0000228400    0.0000014900   -0.0035740200
  -0.0000255000    0.0000010800   -0.0035815500
  -0.0000207900    0.0000027800   -0.0035805200
  -0.0000228100   -0.0000060200   -0.0035752800
  -0.0000243000   -0.0000013900   -0.0035794300
  -0.0000198400   -0.0000005000   -0.0035818800
  -0.0000216600   -0.0000030000   -0.0035775800
  -0.0000197100   -0.0000010900   -0.0035806500
  -0.0000220800   -0.0000026800   -0.0035822300
  -0.0000237300    0.0000028900   -0.0035779300
  -0.0000241200    0.0000016200   -0.0035784000

1    
 -0.0061671505931048   0.0000000000000000  -0.0078718646813806
   0.0917297200   -0.0005765700    0.0138181900
  -0.0041042300   -0.0006379600    0.0012928400
  -0.0002749200   -0.0005317600    0.0019013400
  -0.0018489700   -0.0019263200   -0.0004984200
   0.0000006700   -0.0036680700   -0.0000273600
  -0.0005333600   -0.0001275400    0.0013581500
  -0.0007516400    0.0002513700    0.0012646300
   0.0033518000    0.0029856400    0.0008249000
   0.0002412000   -0.0002986800    0.0015367700
  -0.0003158100   -0.0001242300    0.0013114100
   0.0011640700    0.0008283400    0.0022646300
  -0.0003149900   -0.0000716700    0.0013096800
   0.0011395500   -0.0004127900   -0.0009204900
   0.0022065400    0.0036765200    0.0017236800
  -0.0007041800    0.0002230200    0.0012260600
  -0.0005780000   -0.0001533100    0.0013935700
  -0.0294789800   -0.0117329000    0.0051138400
  -0.0000043100    0.0014357100    0.0002435700
   0.0004898200   -0.0000208300    0.0006288200
  -0.0512576900    0.0244330900   -0.0112273300
   0.0006145200    0.0002209000    0.0008272900
   0.0009190000   -0.0000038400    0.0000806200
  -0.0003641300   -0.0013612400    0.0000447900
  -0.0012356500   -0.0001942700    0.0004714600
  -0.0003928700   -0.0000752400    0.0010203500
  -0.0018709600   -0.0002163600   -0.0001483800
   0.0001195000   -0.0001700400    0.0003018400
   0.0000442900    0.0002079500    0.0002409100
  -0.0090504800   -0.0120684500   -0.0029513000
   0.0000608200   -0.0007447400    0.0003403600
   0.0004093700   -0.0000453300    0.0002704300
   0.0003811200    0.0009362600    0.0006016600
   0.0000081800    0.0000003800    0.0019411900
   0.0000067300    0.0000027900    0.0019371300
   0.0000034200   -0.0000019200    0.0019377600
   0.0000077400   -0.0000031600    0.0019423500
   0.0000068900   -0.0000036900    0.0019373200
   0.0000036300   -0.0000054000    0.0019364000
   0.0000059900   -0.0000038700    0.0019398100
   0.0000097200   -0.0000049900    0.0019409400
   0.0000050400   -0.0000036500    0.0019422300
   0.0000074000   -0.0000000700    0.0019410700
   0.0000067600    0.0000023800    0.0019405400
   0.0000058800   -0.0000013500    0.0019406800
   0.0000047500    0.0000031500    0.0019457100
   0.0000044300    0.0000000300    0.0019414100
   0.0000082500   -0.0000008900    0.0019382000
   0.0000079100    0.0000023100    0.0019428800
   0.0000090500    0.0000025200   -0.0035356200
   0.0000064800    0.0000018900   -0.0035417900
   0.0000055400   -0.0000022000   -0.0035427500
   0.0000056600   -0.0000061200   -0.0035442600
   0.0000079300   -0.0000006200   -0.0035401300
   0.0000029400   -0.0000002000   -0.0035404100
   0.0000013200   -0.0000010900   -0.0035438500
   0.0000145500    0.0000013500   -0.0035419900
   0.0000047300   -0.0000057400   -0.0035431500
   0.0000014800   -0.0000022700   -0.0035433900
   0.0000106400   -0.0000014600   -0.0035447200
   0.0000095500   -0.0000041200   -0.0035435000
   0.0000060000   -0.0000020300   -0.0035452600
   0.0000068400    0.0000009400   -0.0035444100
   0.0000072400    0.0000011300   -0.0035439500
   0.0000065200   -0.0000006900   -0.0035449600

17   
  0.0061671505931048   0.0000000000000000   0.0078718646813806
   0.0294409700    0.0117330700   -0.0034872900
   0.0512344600   -0.0244327600    0.0128416400
  -0.0005199900    0.0000250500    0.0009926600
  -0.0000264300   -0.0014312500    0.0013766000
   0.0090184000    0.0120774700    0.0045712900
  -0.0004112700   -0.0009360700    0.0010188100
  -0.0004391800    0.0000458000    0.0013493700
  -0.0000929800    0.0007448200    0.0012785900
   0.0003619200    0.0000754200    0.0006010100
  -0.0000756700   -0.0002088100    0.0013803900
  -0.0001495200    0.0001683400    0.0013186900
   0.0018390300    0.0002161800    0.0017687300
  -0.0006451200   -0.0002191800    0.0007935900
   0.0012033800    0.0001959900    0.0011504700
   0.0003332500    0.0013613000    0.0015775400
  -0.0009502400    0.0000052200    0.0015406500
  -0.0897760700    0.0005013200   -0.0111276900
   0.0018191400    0.0019318500    0.0021202600
   0.0002455100    0.0005358400   -0.0002801900
   0.0040725200    0.0006424300    0.0003291000
  -0.0011694400    0.0004145300    0.0025433900
   0.0005467100    0.0001541600    0.0002286200
   0.0006735400   -0.0002232300    0.0003955300
  -0.0022395000   -0.0036747800   -0.0001020600
  -0.0002721700    0.0002995300    0.0000850100
   0.0002833300    0.0000710300    0.0003108100
  -0.0011939100   -0.0008304800   -0.0006445600
   0.0002843700    0.0001239600    0.0003098800
  -0.0000331900    0.0036683400    0.0016488400
  -0.0033836700   -0.0029862500    0.0007945000
   0.0007228700   -0.0002511500    0.0003553800
   0.0005033600    0.0001281700    0.0002623900
  -0.0000363400    0.0000042500    0.0018859800
  -0.0000380700    0.0000067800    0.0018867800
  -0.0000407200    0.0000005900    0.0018881100
  -0.0000355400    0.0000006400    0.0018875300
  -0.0000380200    0.0000000700    0.0018868000
  -0.0000417600   -0.0000021200    0.0018869900
  -0.0000376200   -0.0000008400    0.0018893000
  -0.0000334300   -0.0000011100    0.0018885300
  -0.0000400300   -0.0000003800    0.0018912000
  -0.0000367100    0.0000036900    0.0018892400
  -0.0000363200    0.0000062900    0.0018885200
  -0.0000386200    0.0000015900    0.0018902400
  -0.0000394500    0.0000072300    0.0018895300
  -0.0000395200    0.0000035200    0.0018876300
  -0.0000351700    0.0000020400    0.0018876400
  -0.0000375400    0.0000051200    0.0018900000
  -0.0000375200    0.0000056800   -0.0035988300
  -0.0000385500    0.0000068900   -0.0035949000
  -0.0000388700    0.0000027700   -0.0035928500
  -0.0000351900   -0.0000005800   -0.0035964100
  -0.0000359600    0.0000022000   -0.0035939100
  -0.0000415300    0.0000029700   -0.0035918800
  -0.0000414200    0.0000021800   -0.0035953200
  -0.0000309200    0.0000026700   -0.0035951200
  -0.0000392100   -0.0000040900   -0.0035928600
  -0.0000419900    0.0000015700   -0.0035943800
  -0.0000345900    0.0000014400   -0.0035955100
  -0.0000341400   -0.0000024300   -0.0035930500
  -0.0000356800    0.0000038100   -0.0035971200
  -0.0000387000    0.0000038800   -0.0035974200
  -0.0000382800    0.0000048000   -0.0035927100
  -0.0000369500    0.0000030500   -0.0035937300

17   
 -0.0061671505931048   0.0000000000000000  -0.0078718646813806
  -0.0296494100   -0.0119299000    0.0061544900
  -0.0501296300    0.0236322800   -0.0106031900
   0.0004722100   -0.0000015200    0.0013705400
  -0.0000240500    0.0014429900    0.0009792900
  -0.0090938800   -0.0123260100   -0.0023329900
   0.0003683900    0.0009239400    0.0013378200
   0.0003892000   -0.0000489400    0.0010117200
   0.0000361300   -0.0007446200    0.0010832600
  -0.0004045700   -0.0000734400    0.0017552900
   0.0000222100    0.0002101000    0.0009807000
   0.0001079000   -0.0001641100    0.0010431600
  -0.0018933800   -0.0002100400    0.0005950100
   0.0006028500    0.0002201400    0.0015602800
  -0.0012429500   -0.0001826000    0.0012122700
  -0.0003948600   -0.0013676600    0.0007913700
   0.0008983500    0.0000022000    0.0008226000
   0.0918444700    0.0006694600    0.0171167600
  -0.0018155700   -0.0019367500   -0.0013708300
  -0.0002903800   -0.0005394400    0.0010250700
  -0.0041428400   -0.0006682800    0.0004337500
   0.0010935600   -0.0003945200   -0.0018049100
  -0.0005981500   -0.0001536000    0.0005189100
  -0.0007138500    0.0002190900    0.0003493800
   0.0022129800    0.0036832600    0.0008594600
   0.0002167200   -0.0002951700    0.0006623600
  -0.0003332300   -0.0000715800    0.0004329000
   0.0011528600    0.0008309800    0.0013888400
  -0.0003302600   -0.0001287700    0.0004329500
  -0.0000581800   -0.0036616400   -0.0009014200
   0.0033619900    0.0029576700   -0.0000415500
  -0.0007626000    0.0002485400    0.0003832900
  -0.0005491600   -0.0001274300    0.0004804200
  -0.0000094800    0.0000013100    0.0018775000
  -0.0000100400    0.0000024300    0.0018769500
  -0.0000141100   -0.0000021700    0.0018775300
  -0.0000107600   -0.0000003100    0.0018771500
  -0.0000120100   -0.0000023000    0.0018751900
  -0.0000131100   -0.0000052900    0.0018773600
  -0.0000106900   -0.0000025000    0.0018808500
  -0.0000084400   -0.0000020800    0.0018789000
  -0.0000131500   -0.0000029300    0.0018795600
  -0.0000077900    0.0000000500    0.0018814500
  -0.0000098000    0.0000031800    0.0018818300
  -0.0000137900   -0.0000005700    0.0018793700
  -0.0000119600    0.0000034400    0.0018803300
  -0.0000112200   -0.0000008100    0.0018811700
  -0.0000086900   -0.0000012300    0.0018787400
  -0.0000129900    0.0000026400    0.0018781300
  -0.0000081500    0.0000046200   -0.0036059600
  -0.0000068000    0.0000012700   -0.0036075700
  -0.0000130200   -0.0000009900   -0.0036128900
  -0.0000156200   -0.0000010900   -0.0036142000
  -0.0000094200    0.0000012800   -0.0036035200
  -0.0000116600    0.0000005800   -0.0036076600
  -0.0000153300    0.0000000400   -0.0036152600
  -0.0000076400    0.0000037600   -0.0036122800
  -0.0000119800   -0.0000052400   -0.0036103500
  -0.0000136900   -0.0000026600   -0.0036136200
  -0.0000070400   -0.0000007600   -0.0036163300
  -0.0000104500   -0.0000022100   -0.0036128200
  -0.0000108700   -0.0000050100   -0.0036138400
  -0.0000089700   -0.0000027900   -0.0036141800
  -0.0000108000    0.0000017600   -0.0036140300
  -0.0000133900   -0.0000000700   -0.0036144600

33   
  0.0061671505931048   0.0000000000000000   0.0078718646813806
  -0.0000422200    0.0000088300    0.0012750000
  -0.0000400900    0.0000085500    0.0012739900
  -0.0000355300    0.0000068100    0.0012777000
  -0.0000363400    0.0000070900    0.0012778000
  -0.0000419400    0.0000068800    0.0012734200
  -0.0000365200    0.0000082400    0.0012712500
  -0.0000363300    0.0000063600    0.0012762400
  -0.0000397700    0.0000052100    0.0012767500
  -0.0000397000    0.0000099100    0.0012757700
  -0.0000401600    0.0000074200    0.0012765400
  -0.0000362600    0.0000047400    0.0012783200
  -0.0000383300    0.0000070900    0.0012777000
  -0.0000400800    0.0000076000    0.0012776000
  -0.0000417200    0.0000061600    0.0012786100
  -0.0000361800    0.0000040600    0.0012794600
  -0.0000361500    0.0000064700    0.0012782300
  -0.0000406600    0.0000080600    0.0004695700
  -0.0000381800    0.0000104200    0.0004696500
  -0.0000379300    0.0000107100    0.0004691200
  -0.0000382800    0.0000089800    0.0004703700
  -0.0000369200    0.0000083000    0.0004702800
  -0.0000382200    0.0000070600    0.0004716100
  -0.0000391300    0.0000075300    0.0004698800
  -0.0000404000    0.0000089200    0.0004691400
  -0.0000377600    0.0000057300    0.0004707300
  -0.0000386400    0.0000050300    0.0004687800
  -0.0000387700    0.0000046200    0.0004684400
  -0.0000395500    0.0000057200    0.0004698700
  -0.0000393200    0.0000057800    0.0004695400
  -0.0000383600    0.0000044100    0.0004670800
  -0.0000382500    0.0000046100    0.0004677500
  -0.0000392300    0.0000053600    0.0004698900
  -0.0788783800   -0.0009812100   -0.0268980600
   0.0038597300    0.0015320400    0.0002149300
   0.0002771100    0.0009157800    0.0011350500
   0.0012535000    0.0019676600    0.0022356800
   0.0011164900    0.0025586300    0.0018974600
   0.0005522500    0.0000343400    0.0017339700
   0.0009382100   -0.0002479600    0.0018407700
  -0.0031894200   -0.0020503600    0.0005554200
   0.0003298400   -0.0000254000    0.0017521300
   0.0005037200    0.0002317100    0.0017881700
  -0.0012419700   -0.0008671200    0.0005248800
   0.0005039100    0.0000853600    0.0017849500
  -0.0001857900   -0.0001225200    0.0029172800
  -0.0019081000   -0.0038281400   -0.0004508000
   0.0008180400   -0.0001717700    0.0019344200
   0.0006812900    0.0001126900    0.0016304300
  -0.0010072700   -0.0006867700   -0.0032211400
   0.0050832700    0.0212397200    0.0058007200
  -0.0003477000    0.0003244500   -0.0027118800
  -0.0005861100    0.0001907900   -0.0031689700
   0.0546400500   -0.0285437400    0.0199598000
   0.0185871300    0.0078698400   -0.0086984700
   0.0001342500   -0.0016062900   -0.0028307800
  -0.0004927300   -0.0006732300   -0.0033253200
   0.0002024300    0.0003775300   -0.0029649800
  -0.0008805200    0.0003060800   -0.0037281900
  -0.0010874100    0.0000039700   -0.0027121400
   0.0007938800    0.0013979900   -0.0024298400
  -0.0002199800   -0.0002054500   -0.0030428200
  -0.0003837100    0.0002235900   -0.0039805000
   0.0019151700    0.0003840400   -0.0021813400
  -0.0005442300    0.0000310600   -0.0032969000

33   
 -0.0061671505931048   0.0000000000000000  -0.0078718646813806
   0.0000695300    0.0000051700    0.0011815100
   0.0000669200    0.0000063600    0.0011857700
   0.0000663300    0.0000044200    0.0011827000
   0.0000686100    0.0000028100    0.0011798700
   0.0000689600   -0.0000014000    0.0011840800
   0.0000681700    0.0000007100    0.0011843600
   0.0000662300    0.0000019100    0.0011799900
   0.0000679100    0.0000002800    0.0011799000
   0.0000681100   -0.0000015200    0.0011815700
   0.0000661700   -0.0000023100    0.0011812500
   0.0000689500   -0.0000013400    0.0011807300
   0.0000684900   -0.0000008900    0.0011797800
   0.0000676100    0.0000000900    0.0011802700
   0.0000670100    0.0000013000    0.0011829000
   0.0000678800    0.0000005000    0.0011817100
   0.0000687100    0.0000005200    0.0011794400
   0.0000664500    0.0000023500    0.0003846300
   0.0000655900    0.0000063000    0.0003828300
   0.0000693000    0.0000025400    0.0003830500
   0.0000698500   -0.0000002600    0.0003846700
   0.0000697700    0.0000003000    0.0003842500
   0.0000642500   -0.0000003000    0.0003849400
   0.0000674500   -0.0000014400    0.0003849000
   0.0000701200   -0.0000002500    0.0003848800
   0.0000670600    0.0000012400    0.0003838100
   0.0000642700    0.0000012300    0.0003829400
   0.0000694800   -0.0000004400    0.0003842100
   0.0000706200    0.0000006300    0.0003848500
   0.0000654100    0.0000018400    0.0003830500
   0.0000664200    0.0000031400    0.0003818300
   0.0000709500    0.0000000800    0.0003826600
   0.0000687200   -0.0000007500    0.0003841500
   0.0785856800   -0.0006231100    0.0276923000
  -0.0037881500   -0.0015049400    0.0037093300
  -0.0002448100   -0.0009116600    0.0027954900
  -0.0012407800   -0.0019529600    0.0016883300
  -0.0010531000   -0.0025465800    0.0020277500
  -0.0005246500   -0.0000371400    0.0021992400
  -0.0009044600    0.0002530300    0.0020977900
   0.0032330900    0.0020516900    0.0033720400
  -0.0002964600    0.0000288000    0.0021813100
  -0.0004610500   -0.0002169000    0.0021500100
   0.0012861900    0.0008869500    0.0034182200
  -0.0004744200   -0.0000760200    0.0021495100
   0.0002263900    0.0001291700    0.0010272100
   0.0019434100    0.0038458900    0.0043882000
  -0.0007807600    0.0001816500    0.0019949600
  -0.0006494900   -0.0000956700    0.0022990000
   0.0010295000    0.0007080100   -0.0038090900
  -0.0049924900   -0.0211339700   -0.0126834100
   0.0003727900   -0.0003203400   -0.0043263500
   0.0006082500   -0.0001839800   -0.0038618700
  -0.0560851200    0.0295644700   -0.0272356200
  -0.0187326800   -0.0078649300    0.0015274000
  -0.0001164300    0.0016147300   -0.0042028100
   0.0005234800    0.0006827000   -0.0037040800
  -0.0001854800   -0.0003890100   -0.0040659100
   0.0008909800   -0.0003018700   -0.0032989300
   0.0011201100   -0.0000023000   -0.0043282700
  -0.0007746000   -0.0013973500   -0.0046094200
   0.0002459200    0.0002084000   -0.0039926800
   0.0004067800   -0.0002186200   -0.0030549700
  -0.0019008500   -0.0003842500   -0.0048589500
   0.0005619200   -0.0000267200   -0.0037332000

49   
  0.0061671505931048   0.0000000000000000   0.0078718646813806
  -0.0000086200    0.0000224300    0.0012826700
  -0.0000080400    0.0000252400    0.0012897300
  -0.0000060800    0.0000225900    0.0012912000
  -0.0000036300    0.0000203900    0.0012904600
  -0.0000059800    0.0000186300    0.0012901400
  -0.0000065200    0.0000205200    0.0012898000
  -0.0000076100    0.0000193600    0.0012898000
  -0.0000071700    0.0000150900    0.0012884200
  -0.0000055800    0.0000188300    0.0012901400
  -0.0000103700    0.0000180900    0.0012905900
  -0.0000066500    0.0000162200    0.0012897600
  -0.0000042800    0.0000174900    0.0012896600
  -0.0000076600    0.0000183100    0.0012910200
  -0.0000119600    0.0000195700    0.0012899000
  -0.0000048600    0.0000184600    0.0012911100
  -0.0000025400    0.0000192400    0.0012899000
  -0.0000113400    0.0000186600    0.0004911200
  -0.0000072900    0.0000222100    0.0004952500
  -0.0000032900    0.0000199000    0.0004925500
  -0.0000054300    0.0000196000    0.0004900600
  -0.0000067400    0.0000200400    0.0004955400
  -0.0000072700    0.0000188800    0.0004963600
  -0.0000051400    0.0000184700    0.0004947700
  -0.0000077500    0.0000198600    0.0004936900
  -0.0000072400    0.0000219100    0.0004945100
  -0.0000072200    0.0000191400    0.0004945800
  -0.0000057300    0.0000178900    0.0004948200
  -0.0000066300    0.0000192900    0.0004953200
  -0.0000081500    0.0000208000    0.0004896100
  -0.0000070800    0.0000183300    0.0004926200
  -0.0000049900    0.0000168400    0.0004934900
  -0.0000067000    0.0000183600    0.0004925000
  -0.0009668000   -0.0006811600    0.0022810600
  -0.0005468500    0.0002058500    0.0023310500
  -0.0003162800    0.0003392700    0.0027971000
   0.0050581700    0.0211387700    0.0111551200
  -0.0001848600   -0.0001917200    0.0024596600
  -0.0005040900    0.0000421600    0.0022044000
   0.0019621700    0.0004035200    0.0033330400
  -0.0003423100    0.0002352600    0.0015239600
   0.0002436400    0.0004011800    0.0025432500
   0.0008408300    0.0014152100    0.0030834400
  -0.0010543200    0.0000264700    0.0028005200
  -0.0008368100    0.0003202700    0.0017739300
   0.0561208200   -0.0295215400    0.0257274400
  -0.0004578200   -0.0006601800    0.0021763900
   0.0001765900   -0.0015950800    0.0026741500
   0.0187964300    0.0078909500   -0.0030612700
  -0.0824146300   -0.0006530800   -0.0339248600
   0.0013046300    0.0019759100   -0.0032157000
   0.0003005800    0.0009303800   -0.0043252900
   0.0038507100    0.0015264500   -0.0052396200
  -0.0001666400   -0.0001032200   -0.0025477100
   0.0007067100    0.0001217100   -0.0038234900
   0.0008413700   -0.0001619800   -0.0035237200
  -0.0018776500   -0.0038231800   -0.0059146100
   0.0003539800   -0.0000180800   -0.0037055500
   0.0005285100    0.0000936100   -0.0036757000
  -0.0012202100   -0.0008630600   -0.0049458900
   0.0005269600    0.0002341000   -0.0036761500
   0.0011138400    0.0025660400   -0.0035614000
  -0.0031680000   -0.0020349000   -0.0049026500
   0.0009655600   -0.0002334900   -0.0036235100
   0.0005813200    0.0000529100   -0.0037284700

49   
 -0.0061671505931048   0.0000000000000000  -0.0078718646813806
   0.0000343300    0.0000162500    0.0013429500
   0.0000335500    0.0000141600    0.0013385800
   0.0000351300    0.0000132700    0.0013378000
   0.0000344700    0.0000139200    0.0013358300
   0.0000317100    0.0000119500    0.0013358100
   0.0000359700    0.0000130200    0.0013345400
   0.0000362600    0.0000134700    0.0013352900
   0.0000340000    0.0000151300    0.0013367800
   0.0000327400    0.0000139800    0.0013353700
   0.0000343800    0.0000123200    0.0013358100
   0.0000376200    0.0000116900    0.0013379800
   0.0000333000    0.0000132300    0.0013365700
   0.0000335900    0.0000134100    0.0013352000
   0.0000358600    0.0000125000    0.0013401700
   0.0000350100    0.0000109300    0.0013387400
   0.0000335400    0.0000121900    0.0013365000
   0.0000363200    0.0000165400    0.0005320700
   0.0000328300    0.0000187400    0.0005262900
   0.0000330500    0.0000176100    0.0005285300
   0.0000352700    0.0000138800    0.0005340100
   0.0000377800    0.0000135900    0.0005282600
   0.0000315400    0.0000127600    0.0005287600
   0.0000321400    0.0000124800    0.0005290100
   0.0000362400    0.0000131800    0.0005295000
   0.0000348300    0.0000097400    0.0005294800
   0.0000312700    0.0000121000    0.0005262400
   0.0000348800    0.0000112800    0.0005267100
   0.0000365200    0.0000113000    0.0005283600
   0.0000328700    0.0000107800    0.0005319700
   0.0000335200    0.0000141000    0.0005255200
   0.0000357100    0.0000124800    0.0005258600
   0.0000351300    0.0000109200    0.0005305300
   0.0010052200    0.0007139700    0.0018190700
   0.0005823700   -0.0001685900    0.0017649200
   0.0003385800   -0.0003057700    0.0013072800
  -0.0050892000   -0.0212015700   -0.0072018300
   0.0002158000    0.0002229800    0.0016357300
   0.0005369500   -0.0000148300    0.0018934600
  -0.0019200800   -0.0003641700    0.0007804700
   0.0003831900   -0.0002065400    0.0025749500
  -0.0002099000   -0.0003664400    0.0015666900
  -0.0007931500   -0.0013816800    0.0010281300
   0.0010878900    0.0000193900    0.0013099800
   0.0008699000   -0.0002884400    0.0023275200
  -0.0546171600    0.0285495200   -0.0213584500
   0.0004925200    0.0006948600    0.0019241400
  -0.0001388000    0.0016256000    0.0014274500
  -0.0186032200   -0.0078478000    0.0073089300
   0.0791331700   -0.0002745100    0.0125653600
  -0.0012562300   -0.0019449200   -0.0036393700
  -0.0002853000   -0.0008982800   -0.0025395400
  -0.0038650800   -0.0015099700   -0.0016203600
   0.0001820900    0.0001484500   -0.0043137100
  -0.0006898000   -0.0000878700   -0.0030300900
  -0.0008217200    0.0001911600   -0.0033380000
   0.0019076200    0.0038508500   -0.0009517900
  -0.0003382400    0.0000380500   -0.0031500800
  -0.0005139100   -0.0000663900   -0.0031854900
   0.0012431600    0.0008913800   -0.0019264800
  -0.0005034700   -0.0002147500   -0.0031888200
  -0.0011209200   -0.0025428200   -0.0033055700
   0.0031889600    0.0020677300   -0.0019614300
  -0.0009431800    0.0002667500   -0.0032412100
  -0.0005594200   -0.0000182700   -0.0031368800
