48   
3    

1    
  0.0053812510684905   0.0000000000000000   0.0084286497695580
  -0.1307489800   -0.0002147000   -0.2193412800
   0.0057273300    0.0055572100   -0.0058012500
   0.0010209800    0.0000007100    0.0010317000
   0.0054186400   -0.0055507000   -0.0058761800
   0.0026128000   -0.0037459900   -0.0058721900
   0.0002121100   -0.0004554100    0.0003587100
   0.0002096700    0.0004529600    0.0003597000
   0.0025560500    0.0039101900   -0.0058068500
  -0.0001099800    0.0006563700    0.0010322000
   0.0009948100   -0.0000011600    0.0003593000
  -0.0001238900   -0.0006612900    0.0010299300
   0.0009934100   -0.0000026400    0.0003582500
   0.0025247000    0.0072220400   -0.0059092200
   0.0026432500   -0.0073333200   -0.0057690000
   0.0002096200    0.0004544300    0.0003662500
   0.0002104100   -0.0004507000    0.0003513600
  -0.0024544200   -0.0065192500    0.0232542100
  -0.0000531100   -0.0004413900    0.0006857900
   0.0008443900    0.0004831400    0.0007861100
   0.0459560300   -0.0214395000    0.0522846900
  -0.0001770600   -0.0000187300    0.0007187400
  -0.0000782600   -0.0000015000    0.0001357600
   0.0002363200   -0.0007840000    0.0007571900
  -0.0022753900   -0.0017855600    0.0018964400
   0.0005243200    0.0002735000    0.0007714700
   0.0000385400    0.0004859900    0.0007086600
   0.0000123800    0.0000294800   -0.0000266000
  -0.0000295800   -0.0000036900   -0.0002117100
   0.0088311800    0.0280504500    0.0378824300
  -0.0013092100   -0.0005654000    0.0016604900
  -0.0000377200   -0.0000255000   -0.0001205700
   0.0017833200    0.0023367100    0.0021339200
   0.0478126100    0.0225075900    0.0540658100
   0.0008587400   -0.0004708500    0.0007851600
  -0.0000290200    0.0004319100    0.0006821000
  -0.0024716900    0.0065190100    0.0233648800
   0.0002476200    0.0007731700    0.0007682800
  -0.0000793800   -0.0000015200    0.0001258100
  -0.0001621600    0.0000105700    0.0006951400
  -0.0022434100    0.0017862400    0.0018904600
   0.0000512800   -0.0004677600    0.0007138900
   0.0005274300   -0.0002783800    0.0007446800
  -0.0000262300    0.0000037700   -0.0002279000
   0.0000116700   -0.0000239700   -0.0000377300
   0.0088254500   -0.0289227000    0.0385932300
   0.0018203600   -0.0023538000    0.0021224900
  -0.0000319500    0.0000207700   -0.0001314100
  -0.0012739600    0.0005531600    0.0016566600

17   
  0.0053812510684905   0.0000000000000000   0.0084286497695580
  -0.0012073000   -0.0057720200    0.0224502700
   0.0465285600   -0.0217772600    0.0549786300
   0.0004518900   -0.0001739200    0.0010538200
   0.0002557800    0.0001634900    0.0004855300
   0.0087993600    0.0273761100    0.0385500000
   0.0005490000    0.0016612500    0.0029297200
  -0.0000905300   -0.0001726900   -0.0000963400
  -0.0001763900   -0.0012432100    0.0009237900
   0.0002764900    0.0006174800    0.0009203400
  -0.0002171900    0.0000715300   -0.0001104400
   0.0000854000    0.0000978000   -0.0000837700
   0.0001855000   -0.0004444200    0.0006166900
  -0.0000713600   -0.0003226700    0.0006363800
  -0.0023317800   -0.0004148900    0.0019232300
   0.0000314200    0.0001648000    0.0009010900
  -0.0001352900   -0.0000010300    0.0001629400
  -0.0576735100    0.0002093900   -0.1213742500
   0.0026893400    0.0000805400   -0.0028094900
  -0.0001164200   -0.0000984300   -0.0004641100
   0.0043042300    0.0004419100   -0.0038353900
   0.0001989200    0.0011226400   -0.0029245500
  -0.0001108000   -0.0000353100   -0.0000371500
  -0.0002011300    0.0000869700    0.0000881200
   0.0005821800   -0.0028215000   -0.0037333300
  -0.0001034600   -0.0000091100   -0.0005188500
  -0.0000500300   -0.0000535000    0.0000240700
   0.0000685200    0.0001050000   -0.0004130000
  -0.0000483300    0.0001094200    0.0000252700
   0.0010359500    0.0021991100   -0.0034352700
  -0.0002510900   -0.0010285900   -0.0032171500
  -0.0000610400    0.0000063400   -0.0000050400
  -0.0002489000   -0.0001168900    0.0000557100
  -0.0015765500   -0.0000002100    0.0152858200
   0.0022292100    0.0019448400    0.0012485700
   0.0000258200   -0.0000923600    0.0000872500
  -0.0006032900    0.0004289800   -0.0005837200
   0.0010632100    0.0007235500    0.0001192400
  -0.0000003100    0.0000210100   -0.0001478600
  -0.0000060100   -0.0000183500   -0.0002550600
  -0.0024108300    0.0005385100    0.0005405100
  -0.0002079200    0.0001342100    0.0001391400
  -0.0000372300   -0.0000032200   -0.0001997800
  -0.0000472200   -0.0000428300    0.0000360400
  -0.0000350300    0.0000994100   -0.0002034900
  -0.0003398500   -0.0002111700   -0.0007910300
  -0.0009941000   -0.0034519600    0.0014616700
   0.0000811000   -0.0000672600   -0.0002017300
  -0.0000890000   -0.0000314800   -0.0002030400

17   
 -0.0053812510684905   0.0000000000000000  -0.0084286497695580
   0.0012407000    0.0057824300   -0.0224289200
  -0.0445766700    0.0206845700   -0.0529175900
  -0.0004228000    0.0001737900   -0.0008920000
  -0.0002972200   -0.0001650000   -0.0003200600
  -0.0087625500   -0.0266268100   -0.0378295200
  -0.0006023200   -0.0016652100   -0.0027392800
   0.0000753900    0.0001697900    0.0002495700
   0.0001460100    0.0012370000   -0.0007939600
  -0.0002713400   -0.0005798700   -0.0007624200
   0.0001923800   -0.0000683100    0.0002607600
  -0.0000978600   -0.0001003600    0.0002363200
  -0.0002188600    0.0004634900   -0.0004511900
   0.0000399500    0.0003005900   -0.0004767100
   0.0022857300    0.0004323800   -0.0017699100
  -0.0000352900   -0.0001916600   -0.0007375500
   0.0001174900   -0.0000011800   -0.0000039500
   0.0564874400    0.0001843700    0.1116657200
  -0.0026584100   -0.0000881000    0.0029276500
   0.0001055300    0.0001004200    0.0006288100
  -0.0043548100   -0.0004395100    0.0040160600
  -0.0002376800   -0.0011123900    0.0030511600
   0.0000941800    0.0000350800    0.0002026000
   0.0001854300   -0.0000872100    0.0000825800
  -0.0006011500    0.0028076700    0.0038805300
   0.0000889400    0.0000090300    0.0006835600
   0.0000342700    0.0000514800    0.0001428100
  -0.0000844800   -0.0001101600    0.0005727200
   0.0000343500   -0.0001115100    0.0001434700
  -0.0010577400   -0.0021919700    0.0035977900
   0.0002216500    0.0010199200    0.0033389000
   0.0000431300   -0.0000058300    0.0001721600
   0.0002388000    0.0001165700    0.0001143500
   0.0015252000   -0.0000002500   -0.0149090600
  -0.0022343400   -0.0019528000   -0.0010845900
  -0.0000380800    0.0000939700    0.0000529500
   0.0006136300   -0.0004500300    0.0007099600
  -0.0011160600   -0.0007252400    0.0000133100
  -0.0000089100   -0.0000180100    0.0002835500
  -0.0000115500    0.0000196800    0.0003959200
   0.0023875800   -0.0005423700   -0.0003938200
   0.0001917600   -0.0001324400    0.0000022800
   0.0000227700   -0.0000012500    0.0003397300
   0.0000299400    0.0000391500    0.0001018300
   0.0000231100   -0.0000984200    0.0003366700
   0.0003202400    0.0002403900    0.0009162300
   0.0009643600    0.0034050900   -0.0012854600
  -0.0000972500    0.0000695500    0.0003364100
   0.0000754200    0.0000294500    0.0003396600
