96   
12   

1    
  0.0056360240878269   0.0000000000000000   0.0082604620016943
  -0.0906346773   -0.0002282177   -0.1760589276
   0.0008675240    0.0057834300   -0.0016851369
   0.0025832670   -0.0000031700   -0.0005870637
   0.0002966008   -0.0057303700   -0.0014574634
   0.0007827563   -0.0056079388   -0.0016535586
   0.0002899712   -0.0004398906   -0.0009345707
   0.0003668339    0.0003891372   -0.0009591232
   0.0005612503    0.0060160638   -0.0014905618
   0.0002542964    0.0013475983   -0.0005892836
   0.0010439722    0.0000398601   -0.0009461980
   0.0002621964   -0.0013462183   -0.0005845936
   0.0010447622   -0.0000257901   -0.0009467780
   0.0005549103    0.0055097562   -0.0015378518
   0.0007874763   -0.0058976112   -0.0016038286
   0.0003044212    0.0004251106   -0.0009170707
   0.0003497039   -0.0004084572   -0.0009732732
  -0.0031384327   -0.0043445821    0.0057627637
  -0.0006026478   -0.0004833645   -0.0065422433
   0.0005297969    0.0008854801   -0.0074802570
   0.0392775150   -0.0201340249    0.0368833633
  -0.0000159158   -0.0002702466   -0.0067282971
  -0.0000938092   -0.0000069383   -0.0068723556
   0.0002003925   -0.0009011435   -0.0072766376
  -0.0016587207   -0.0005545238   -0.0059680589
   0.0007954385   -0.0002203139   -0.0072018212
  -0.0001010808    0.0010037546   -0.0068102181
  -0.0002158450    0.0000474546   -0.0070962748
  -0.0000807184   -0.0001311558   -0.0070145661
   0.0043974204    0.0245675199    0.0214279757
  -0.0001875845   -0.0008540313   -0.0064608386
  -0.0003033631    0.0000748298   -0.0070659170
   0.0007839826    0.0014069791   -0.0054942539
   0.0401409121    0.0207804673    0.0405377100
   0.0003180707   -0.0007816963   -0.0046004704
  -0.0004267933    0.0005444248   -0.0036449422
  -0.0030145712    0.0041487336    0.0079955436
   0.0001627167    0.0007070119   -0.0043915027
  -0.0000639441   -0.0000067583   -0.0040632285
  -0.0000063624    0.0000668309   -0.0038710751
  -0.0016200898    0.0007405400   -0.0033669194
   0.0000109940   -0.0008691866   -0.0039099062
   0.0006065965    0.0003452513   -0.0043468867
  -0.0000580672    0.0001363011   -0.0041570925
  -0.0002095046   -0.0000553332   -0.0042634046
   0.0041618347   -0.0248322178    0.0241544646
   0.0009755005   -0.0015031845   -0.0027515262
  -0.0003000963   -0.0000903196   -0.0041990671
  -0.0002967973    0.0007610994   -0.0039615275
   0.0001953512    0.0001161956    0.0014157099
  -0.0000518007   -0.0000527950    0.0014904607
   0.0000363755   -0.0000493852    0.0015099937
  -0.0001694507    0.0000957583    0.0012837279
  -0.0000503019   -0.0000415378    0.0014828021
  -0.0000660652   -0.0000041694    0.0015420629
   0.0000857783    0.0000102869    0.0015154579
  -0.0000257886    0.0000018437    0.0014493829
   0.0000058141    0.0000532495    0.0015034675
   0.0000530452    0.0000735744    0.0015058703
   0.0000256201    0.0000107824    0.0014713109
  -0.0000064070    0.0000040623    0.0014567167
  -0.0000053570   -0.0002058129    0.0013576954
   0.0000347100   -0.0000312268    0.0014733637
   0.0000037087   -0.0000148464    0.0014620452
   0.0000268403    0.0000340603    0.0014288410
   0.0002759485    0.0000028200    0.0094505491
   0.0001356915   -0.0001541000    0.0106348919
  -0.0000043180    0.0000092600    0.0103561590
  -0.0000629354   -0.0000662500    0.0105788393
  -0.0000373854    0.0001238891    0.0107246137
   0.0000504040    0.0000400809    0.0103367314
  -0.0000560894    0.0000160719    0.0102582940
   0.0000565264    0.0001563339    0.0104861424
  -0.0000008648   -0.0000025848    0.0103440646
  -0.0000233610   -0.0000608859    0.0102959029
  -0.0000136348   -0.0000052552    0.0103615246
  -0.0000216710    0.0000160359    0.0103052829
  -0.0000718136   -0.0000203239    0.0106921624
   0.0002223146   -0.0000399291    0.0105105337
  -0.0000355360    0.0000085091    0.0102451614
  -0.0000640394   -0.0000237019    0.0103627540
  -0.0000013658    0.0000021900    0.0002585179
  -0.0000093298    0.0000391000    0.0004606287
  -0.0000033816    0.0000126400    0.0003810548
   0.0000019052    0.0000172500    0.0004207403
   0.0000173276   -0.0000201172    0.0004502711
  -0.0000137482   -0.0000026789    0.0003969322
  -0.0000032341   -0.0000088823    0.0003802310
  -0.0000234347   -0.0000196150    0.0004353369
   0.0000011716   -0.0000025979    0.0003782444
  -0.0000142317    0.0000068815    0.0003900963
  -0.0000176284   -0.0000080721    0.0003909344
  -0.0000080517   -0.0000034315    0.0003906863
   0.0000122153   -0.0000038250    0.0004338469
  -0.0000373724   -0.0000138528    0.0004587211
  -0.0000145482    0.0000041489    0.0003980022
  -0.0000096641   -0.0000001577    0.0003860210

1    
 -0.0056360240878269   0.0000000000000000  -0.0082604620016943
   0.0908606490   -0.0002314377    0.1773282188
  -0.0006913508   -0.0057434300    0.0001096734
  -0.0025915670   -0.0000070800   -0.0010356563
  -0.0004711940    0.0057801100   -0.0002122031
  -0.0007692103    0.0056655938    0.0000070918
  -0.0002951039    0.0004206872   -0.0006884568
  -0.0003593012   -0.0004046406   -0.0006663793
  -0.0005883963   -0.0059605388   -0.0001053514
  -0.0002620964   -0.0013405283   -0.0010386664
  -0.0010418622   -0.0000342299   -0.0006807320
  -0.0002595564    0.0013513783   -0.0010356464
  -0.0010487322    0.0000248699   -0.0006820420
  -0.0005916563   -0.0055447712   -0.0001552414
  -0.0007574403    0.0058608262    0.0000549818
  -0.0003149539   -0.0004193072   -0.0006980268
  -0.0003476712    0.0004080506   -0.0006615893
   0.0031742628    0.0043610756   -0.0200733610
   0.0005634571    0.0004677634   -0.0076998748
  -0.0005074821   -0.0008471359   -0.0067363833
  -0.0408145705    0.0210524610   -0.0527951442
  -0.0000195901    0.0002463065   -0.0074929014
   0.0001232335    0.0000023117   -0.0073363309
  -0.0002262260    0.0008555127   -0.0069561315
   0.0016692098    0.0005566305   -0.0082422660
  -0.0007760251    0.0002468020   -0.0070037081
   0.0000693258   -0.0009770926   -0.0074298997
   0.0002267140   -0.0000216424   -0.0071182846
   0.0000647068    0.0001195002   -0.0072243965
  -0.0043654865   -0.0253132836   -0.0363185354
   0.0001810694    0.0008548582   -0.0077554637
   0.0002678244   -0.0000895095   -0.0071612020
  -0.0007825118   -0.0014201936   -0.0087279037
  -0.0386315766   -0.0198496311   -0.0475134789
  -0.0003411853    0.0007815106   -0.0040023792
   0.0004592640   -0.0005223059   -0.0049970997
   0.0029864911   -0.0041655201   -0.0165144062
  -0.0001925530   -0.0007406827   -0.0042196881
   0.0000923797    0.0000021917   -0.0045778049
  -0.0000168616   -0.0000972410   -0.0047671164
   0.0016499907   -0.0007369235   -0.0052715257
   0.0000125309    0.0009138785   -0.0047247560
  -0.0006303299   -0.0003431833   -0.0042779739
   0.0000712087   -0.0001180467   -0.0044803549
   0.0001962656    0.0000492554   -0.0043429060
  -0.0042396585    0.0241051042   -0.0321214948
  -0.0009317515    0.0014858700   -0.0058874365
   0.0002786250    0.0000763499   -0.0044212940
   0.0003452824   -0.0007577526   -0.0046555103
  -0.0001940666   -0.0001130264    0.0013943096
   0.0000467537    0.0000546628    0.0013190792
  -0.0000376641    0.0000480056    0.0012885345
   0.0001661824   -0.0000942221    0.0015153965
   0.0000439752    0.0000339414    0.0013245067
   0.0000641895   -0.0000018894    0.0012655304
  -0.0000856433   -0.0000144956    0.0012815525
   0.0000251258   -0.0000027905    0.0013543639
  -0.0000096001   -0.0000509958    0.0013214282
  -0.0000537337   -0.0000732556    0.0012984188
  -0.0000248062   -0.0000114472    0.0013216552
   0.0000011576   -0.0000058779    0.0013464352
   0.0000024902    0.0002093195    0.0014590197
  -0.0000340686    0.0000354226    0.0013326146
  -0.0000070984    0.0000167035    0.0013321116
  -0.0000300859   -0.0000303948    0.0013805720
  -0.0002689219    0.0000008200    0.0112270556
  -0.0001478271    0.0001554300    0.0100401787
   0.0000049479   -0.0000088100    0.0103208432
   0.0000625774    0.0000673200    0.0100964347
   0.0000314606   -0.0001322361    0.0099503280
  -0.0000519722   -0.0000426008    0.0103383427
   0.0000523560   -0.0000199045    0.0104167291
  -0.0000562272   -0.0001619020    0.0101876810
  -0.0000011813    0.0000031698    0.0103300188
   0.0000194269    0.0000601622    0.0103774411
   0.0000137087    0.0000045702    0.0103098588
   0.0000181769   -0.0000180122    0.0103692511
   0.0000703028    0.0000242420    0.0099762410
  -0.0002268594    0.0000475561    0.0101573880
   0.0000321578   -0.0000071792    0.0104289727
   0.0000612660    0.0000263145    0.0103085791
   0.0000002606    0.0000007300    0.0005536082
   0.0000049365   -0.0000387100    0.0003503795
   0.0000029138   -0.0000107700    0.0004326374
  -0.0000045190   -0.0000158400    0.0003914820
  -0.0000203264    0.0000173636    0.0003618522
   0.0000116009    0.0000000208    0.0004201320
   0.0000001840    0.0000052325    0.0004339092
   0.0000224810    0.0000181383    0.0003801584
  -0.0000015014    0.0000029091    0.0004393871
   0.0000094215   -0.0000063230    0.0004279854
   0.0000161686    0.0000072009    0.0004276371
   0.0000056315    0.0000015830    0.0004235554
  -0.0000160290    0.0000022417    0.0003838784
   0.0000380136    0.0000158964    0.0003614222
   0.0000113709   -0.0000025508    0.0004163420
   0.0000062840    0.0000015175    0.0004317592

17   
  0.0056360240878269   0.0000000000000000   0.0082604620016943
  -0.0049088328   -0.0053968656    0.0133006210
   0.0426926905   -0.0221026710    0.0436612642
  -0.0006799879   -0.0003309241   -0.0003700267
   0.0006755129    0.0004431366   -0.0011013452
   0.0044245565    0.0273450436    0.0283264254
   0.0010139818    0.0015235736    0.0006190737
  -0.0002620544    0.0000731795   -0.0007906180
  -0.0003685894   -0.0007319882   -0.0000566263
   0.0000994551   -0.0001599320   -0.0004418119
  -0.0000494168   -0.0001237402   -0.0007381735
  -0.0001825940    0.0000438224   -0.0008419754
   0.0006771242   -0.0010796974   -0.0010271503
   0.0005201801   -0.0002013965   -0.0008072586
  -0.0016327598   -0.0008006505    0.0002782960
  -0.0002601940    0.0013223373   -0.0006653385
  -0.0000639135   -0.0000041317   -0.0006208891
  -0.0597372020    0.0003534143   -0.0962003882
   0.0057649592   -0.0001663200   -0.0082845090
   0.0002870913   -0.0000784300   -0.0073689631
   0.0068368753   -0.0000988500   -0.0090340086
   0.0007517639    0.0025598706   -0.0085355765
   0.0000219023   -0.0000331484   -0.0072666613
   0.0002148133   -0.0000929591   -0.0071319049
   0.0015744463   -0.0034360050   -0.0087763312
  -0.0000169842    0.0001782215   -0.0074087029
   0.0000664374    0.0001135292   -0.0072056144
   0.0001251658   -0.0000906515   -0.0073358029
   0.0000724874    0.0001068708   -0.0071984144
   0.0013383363    0.0034922350   -0.0089134812
   0.0009916139   -0.0023747306   -0.0084042265
   0.0002110923   -0.0000869516   -0.0071276213
   0.0000320333   -0.0000297809   -0.0072553849
  -0.0017760418    0.0000044700    0.0028970918
   0.0015535977    0.0011656900   -0.0024066656
   0.0000826622    0.0000868700   -0.0045094415
  -0.0008805259    0.0006090600   -0.0041008730
   0.0009950762    0.0007284697   -0.0033489731
  -0.0000274468   -0.0000373636   -0.0045600200
   0.0004820851   -0.0002714855   -0.0045537897
  -0.0017529483    0.0004754255   -0.0031712520
   0.0000648076    0.0000132108   -0.0045596863
   0.0000244712    0.0002973527   -0.0045497635
  -0.0000794624   -0.0000909008   -0.0044521263
   0.0000275912   -0.0000499127   -0.0045588135
  -0.0002124483   -0.0008113555   -0.0041893520
  -0.0005312138   -0.0022021197   -0.0023180631
   0.0001828932   -0.0000959364   -0.0047575200
   0.0002761551    0.0001373755   -0.0043730597
   0.0000257643   -0.0000018900    0.0013284243
   0.0000434420   -0.0000037700    0.0013465768
   0.0000340805    0.0000003400    0.0013435358
   0.0000282113    0.0000027700    0.0013490726
   0.0000355851    0.0000150121    0.0013634026
   0.0000301601    0.0000042520    0.0013583806
   0.0000279454   -0.0000069871    0.0013537973
   0.0000256700   -0.0000068483    0.0013338456
   0.0000313159   -0.0000000330    0.0013481453
   0.0000188140   -0.0000033644    0.0013558236
   0.0000278659   -0.0000062770    0.0013309853
   0.0000233640    0.0000004144    0.0013404136
   0.0000236800   -0.0000123817    0.0013644856
   0.0000292251   -0.0000062521    0.0013301626
   0.0000202601   -0.0000002820    0.0013367206
   0.0000161954   -0.0000063529    0.0013433573
   0.0000604408    0.0000177142    0.0103232460
  -0.0000215638    0.0000248917    0.0102821949
   0.0000005859    0.0000160257    0.0103059849
   0.0000485932    0.0000123146    0.0102889997
   0.0000245374   -0.0000491066    0.0103031082
   0.0000120273   -0.0000052488    0.0102453887
   0.0000300329   -0.0000115043    0.0103118419
   0.0000327687   -0.0000105941    0.0103028090
   0.0000305690   -0.0000296659    0.0103003534
   0.0000226266    0.0000022853    0.0103057268
   0.0000392781    0.0000026800    0.0103150852
   0.0000270077   -0.0000326101    0.0102937573
   0.0000509564    0.0000079036    0.0102936364
   0.0000160771    0.0000107745    0.0102730062
  -0.0000016439    0.0000144304    0.0103004956
   0.0000397558   -0.0000018704    0.0103252015
   0.0000328709    0.0000025024    0.0003976807
   0.0000284193   -0.0000040427    0.0003835969
   0.0000309579   -0.0000018598    0.0003640476
   0.0000337619   -0.0000041624    0.0003703199
   0.0000236748   -0.0000045797    0.0003907438
   0.0000263671   -0.0000023253    0.0003608341
   0.0000308009    0.0000000665    0.0003624984
   0.0000309271   -0.0000045634    0.0003762968
   0.0000300877   -0.0000035472    0.0003663454
   0.0000328441   -0.0000028914    0.0003648265
   0.0000290702   -0.0000034750    0.0003635505
   0.0000339179   -0.0000016762    0.0003682121
   0.0000326484    0.0000016959    0.0003681065
   0.0000249145    0.0000010988    0.0003697005
   0.0000331446   -0.0000012705    0.0003672909
   0.0000327524   -0.0000019601    0.0003633763

17   
 -0.0056360240878269   0.0000000000000000  -0.0082604620016943
   0.0049347827    0.0053588321   -0.0148921437
  -0.0409792850    0.0211524349   -0.0435006633
   0.0007521331    0.0003388899   -0.0012446730
  -0.0006571822   -0.0004533555   -0.0004950867
  -0.0043441104   -0.0266444399   -0.0293547757
  -0.0010212726   -0.0015503491   -0.0022279061
   0.0003065531   -0.0000734098   -0.0008329930
   0.0004051645    0.0007245913   -0.0015904414
  -0.0000216785    0.0001878239   -0.0011726288
   0.0000835284    0.0001271258   -0.0008777939
   0.0002179650   -0.0000529446   -0.0007807452
  -0.0006266892    0.0010925454   -0.0005713919
  -0.0004919042    0.0001703266   -0.0007999129
   0.0016594907    0.0008245838   -0.0019133711
   0.0003144075   -0.0013225165   -0.0009401624
   0.0001195292    0.0000002283   -0.0009942744
   0.0534337594    0.0000518236    0.0915840602
  -0.0056316153    0.0001432700   -0.0060904314
  -0.0002417013    0.0000847700   -0.0069585569
  -0.0068263592    0.0001039400   -0.0053309810
  -0.0007655563   -0.0025867950   -0.0058151888
   0.0000362867    0.0000088409   -0.0070896151
  -0.0001812023    0.0001029916   -0.0071972287
  -0.0014642539    0.0033847806   -0.0055626035
   0.0000577142   -0.0001356015   -0.0069330771
   0.0000089826   -0.0001108708   -0.0071493456
  -0.0000854658    0.0001153115   -0.0069770771
  -0.0000232674   -0.0000997492   -0.0071538956
  -0.0012937339   -0.0034873206   -0.0054284435
  -0.0009233963    0.0023704750   -0.0059461088
  -0.0001877833    0.0000801991   -0.0071713051
   0.0000396677    0.0000096984   -0.0070560387
   0.0018120455    0.0000365000   -0.0115314504
  -0.0014844159   -0.0011747600   -0.0063176301
  -0.0000441507   -0.0000798900   -0.0042309319
   0.0009416673   -0.0006196000   -0.0046205760
  -0.0010009616   -0.0007559179   -0.0054190142
   0.0001003758    0.0000228235   -0.0041508952
  -0.0004492670    0.0002814493   -0.0041771742
   0.0018263189   -0.0004963014   -0.0055685119
  -0.0000263927    0.0000255092   -0.0041630766
   0.0000498332   -0.0003022497   -0.0041580183
   0.0001154073    0.0001177108   -0.0043051766
   0.0000224832    0.0000605697   -0.0041597083
   0.0002337689    0.0008145214   -0.0045735519
   0.0006033884    0.0021519979   -0.0064093842
  -0.0001591242    0.0000902865   -0.0040182052
  -0.0002094870   -0.0001594593   -0.0043807042
   0.0000258690    0.0000011000    0.0013690794
   0.0000057670   -0.0000044300    0.0013443379
   0.0000164926   -0.0000007600    0.0013526673
   0.0000197933    0.0000004400    0.0013407403
   0.0000134365   -0.0000061934    0.0013265754
   0.0000234137    0.0000065907    0.0013354655
   0.0000203444    0.0000066875    0.0013406428
   0.0000243149    0.0000049728    0.0013603516
   0.0000200943   -0.0000044553    0.0013345068
   0.0000251958    0.0000004022    0.0013367988
   0.0000187243    0.0000098153    0.0013630168
   0.0000343258   -0.0000010422    0.0013534188
   0.0000280549    0.0000046872    0.0013233416
   0.0000231765    0.0000037934    0.0013592854
   0.0000277137   -0.0000007307    0.0013563655
   0.0000327144    0.0000009325    0.0013504728
  -0.0000141389   -0.0000187856    0.0102088056
   0.0000724229   -0.0000331379    0.0102551176
   0.0000491538   -0.0000258203    0.0102334098
   0.0000055474   -0.0000120749    0.0102456295
   0.0000264503    0.0000535828    0.0102343244
   0.0000365179    0.0000079694    0.0102909070
   0.0000260533    0.0000170260    0.0102269124
   0.0000123813    0.0000127071    0.0102392142
   0.0000217719    0.0000314187    0.0102469687
   0.0000271958    0.0000025876    0.0102407271
   0.0000017223   -0.0000103227    0.0102261861
   0.0000303386    0.0000290540    0.0102424967
  -0.0000003696   -0.0000148045    0.0102480842
   0.0000390154   -0.0000137150    0.0102706681
   0.0000530919   -0.0000035646    0.0102431324
   0.0000028869    0.0000016396    0.0102181907
   0.0000125876   -0.0000036334    0.0003052559
   0.0000234624   -0.0000028983    0.0003184647
   0.0000182331   -0.0000069505    0.0003356838
   0.0000208369    0.0000041521    0.0003337583
   0.0000279254    0.0000094517    0.0003105053
   0.0000216744    0.0000045763    0.0003390179
   0.0000242090    0.0000056238    0.0003362814
   0.0000144014    0.0000062845    0.0003173504
   0.0000223026    0.0000051182    0.0003248749
   0.0000172761    0.0000080413    0.0003275438
   0.0000114196   -0.0000031550    0.0003334792
   0.0000241818   -0.0000013627    0.0003346373
   0.0000182309   -0.0000083869    0.0003297121
   0.0000292356   -0.0000051407    0.0003236192
   0.0000188961    0.0000120896    0.0003304100
   0.0000106875    0.0000013099    0.0003303437

33   
  0.0056360240878269   0.0000000000000000   0.0082604620016943
   0.0405826966    0.0210478111    0.0409843989
  -0.0051210111    0.0053325601    0.0129427662
   0.0006094660   -0.0004525341   -0.0008238703
  -0.0008359147    0.0003676394   -0.0002719708
   0.0041221685   -0.0265177242    0.0271019048
  -0.0006159724    0.0006069926   -0.0001991697
  -0.0003537450   -0.0000989999   -0.0006298360
   0.0011817515   -0.0016467200    0.0006565765
   0.0005664091    0.0010956615   -0.0007629940
  -0.0002673656   -0.0000483054   -0.0006750140
  -0.0000892787    0.0001464567   -0.0005730851
  -0.0000854801    0.0001971733   -0.0003327961
  -0.0003632970   -0.0013396573   -0.0004783219
  -0.0016747807    0.0010399635    0.0002324457
   0.0004289916    0.0001350210   -0.0006006836
  -0.0001292697   -0.0000013817   -0.0004667851
  -0.0018442155    0.0000260800    0.0000207904
  -0.0009989773   -0.0005700400   -0.0068751640
   0.0000009407   -0.0000730900   -0.0072775681
   0.0014544059   -0.0011380000   -0.0052177899
  -0.0018203289   -0.0005401414   -0.0059244881
   0.0004361270    0.0002964993   -0.0073105758
  -0.0001700358    0.0000377435   -0.0073933748
   0.0009285416   -0.0007759879   -0.0061351458
  -0.0001405673    0.0001180808   -0.0072096234
  -0.0000917532   -0.0003336097   -0.0073562317
  -0.0000139073   -0.0000069908   -0.0073578434
  -0.0000784832    0.0000083297   -0.0073574417
  -0.0005984784    0.0021330179   -0.0050811458
  -0.0003449689    0.0008180514   -0.0069822181
   0.0001395370   -0.0001188993   -0.0071716758
   0.0001586742    0.0001096465   -0.0074862848
  -0.0503099315    0.0001760678   -0.0973818626
   0.0067873492    0.0001120400   -0.0059180290
   0.0001156013    0.0000374400   -0.0046362331
   0.0060320153   -0.0000884700   -0.0054320086
   0.0012719739    0.0032259006   -0.0057952065
   0.0000882223    0.0000496816   -0.0043859113
  -0.0000586267    0.0000203909   -0.0044514849
   0.0009676163   -0.0026910350   -0.0055819812
  -0.0000135842    0.0001107815   -0.0046318829
  -0.0000108026   -0.0000700408   -0.0044159144
  -0.0000790542   -0.0001109515   -0.0046265729
  -0.0000028026   -0.0000807092   -0.0044132444
   0.0009409063    0.0028317250   -0.0055699012
   0.0012610939   -0.0034530906   -0.0058084665
  -0.0000571177    0.0000373384   -0.0044615413
   0.0001160733    0.0000403491   -0.0044224649
   0.0000976939   -0.0000015800    0.0010275766
   0.0001418172    0.0001065500    0.0017847985
  -0.0000178080   -0.0000048500    0.0013706010
  -0.0001870144    0.0001968200    0.0016121720
   0.0001562236    0.0000346723    0.0016648359
  -0.0000115893    0.0000514203    0.0013852346
  -0.0000848263    0.0000006162    0.0013208110
  -0.0002751459    0.0001014753    0.0017307477
  -0.0000508300    0.0000154861    0.0013476425
  -0.0000889605   -0.0000405530    0.0013517136
  -0.0000492600   -0.0000091761    0.0013854925
  -0.0000818805   -0.0000582770    0.0013763036
   0.0000823841   -0.0001934753    0.0015771277
  -0.0000224264   -0.0002547623    0.0018178459
  -0.0001460693    0.0000301797    0.0013974946
  -0.0000423963    0.0000232138    0.0013558010
  -0.0010649220   -0.0004622994    0.0107417712
   0.0016852945   -0.0011342267    0.0126607906
  -0.0000785971    0.0000085412    0.0102510667
   0.0000007376    0.0000375530    0.0102962980
  -0.0002601138    0.0015883949    0.0116984715
   0.0000701204    0.0001506115    0.0101954831
  -0.0000532846    0.0000336203    0.0102834515
  -0.0001449424   -0.0000221838    0.0100425513
  -0.0000521369   -0.0000443265    0.0103149685
  -0.0000287001   -0.0000116302    0.0102964468
  -0.0000850977   -0.0000150133    0.0102853308
  -0.0000583765   -0.0000464412    0.0102429131
   0.0000001247    0.0000238268    0.0103323393
  -0.0001744687   -0.0001255458    0.0101268494
  -0.0000836253    0.0000171503    0.0102286025
  -0.0000715069    0.0000002250    0.0102623737
  -0.0000606922   -0.0000045122    0.0003685868
  -0.0000599410   -0.0000008635    0.0003657242
  -0.0000740560    0.0000052370    0.0003788327
  -0.0000661777   -0.0000031045    0.0004267411
  -0.0000466319    0.0000023144    0.0003664466
  -0.0001304778   -0.0000233349    0.0003526069
  -0.0000571774    0.0000060906    0.0004076582
  -0.0000220968   -0.0000352664    0.0003728111
  -0.0000550082   -0.0000047384    0.0003894732
  -0.0000612053    0.0000052982    0.0004076412
  -0.0000701958   -0.0000040274    0.0003937830
  -0.0000588477   -0.0000023644    0.0004057747
  -0.0000666239   -0.0000112039    0.0004189934
  -0.0000754760    0.0000603641    0.0003560797
  -0.0000768445    0.0000121016    0.0003744165
  -0.0000596956   -0.0000000705    0.0003934454

33   
 -0.0056360240878269   0.0000000000000000  -0.0082604620016943
  -0.0423064421   -0.0219944173   -0.0443152600
   0.0050765912   -0.0053721236   -0.0145222036
  -0.0006417667    0.0004465652   -0.0007595478
   0.0007510493   -0.0003608037   -0.0012866896
  -0.0042190247    0.0272233178   -0.0292647746
   0.0005639373   -0.0006156494   -0.0013417625
   0.0002938363    0.0000998496   -0.0009299929
  -0.0011851605    0.0016274545   -0.0022326538
  -0.0006314640   -0.0010778134   -0.0008114538
   0.0002170246    0.0000459432   -0.0008822754
   0.0000444872   -0.0001414011   -0.0009744675
  -0.0000067565   -0.0001669413   -0.0012290633
   0.0002971533    0.0013416881   -0.0010759073
   0.0016338398   -0.0010090000   -0.0017822006
  -0.0004720276   -0.0001652509   -0.0009620849
   0.0000632341   -0.0000011717   -0.0010941115
   0.0018007818    0.0000123500   -0.0143760718
   0.0009253859    0.0005606700   -0.0073907170
  -0.0000565222    0.0000843300   -0.0069718785
  -0.0015354877    0.0011214400   -0.0090640244
   0.0017383983    0.0005138955   -0.0083394180
  -0.0004801951   -0.0002881655   -0.0069500403
   0.0000751468   -0.0000444636   -0.0068905400
  -0.0009289062    0.0007682997   -0.0080908769
   0.0000974424   -0.0000768808   -0.0070302737
   0.0000086288    0.0003282227   -0.0069320365
  -0.0000296676    0.0000260108   -0.0069120037
   0.0000004388   -0.0000021127   -0.0069199865
   0.0005051838   -0.0021826197   -0.0091838469
   0.0002992683   -0.0007994655   -0.0072633480
  -0.0002089851    0.0001142155   -0.0070873203
  -0.0001840532   -0.0001149664   -0.0067336700
   0.0577633103    0.0000003061    0.0965763055
  -0.0068091153   -0.0001077800   -0.0027301014
  -0.0001788313   -0.0000269900   -0.0040422369
  -0.0061694692    0.0000587400   -0.0031832210
  -0.0013932963   -0.0032833150   -0.0028616688
  -0.0001337433   -0.0000431191   -0.0042888951
  -0.0000215423   -0.0000338684   -0.0041899387
  -0.0009589739    0.0026812706   -0.0030698335
  -0.0000347058   -0.0000720915   -0.0040540271
  -0.0000693874    0.0000714192   -0.0042288956
   0.0000302742    0.0001311015   -0.0040297871
  -0.0000746574    0.0000827908   -0.0042346856
  -0.0010293639   -0.0028308206   -0.0030835635
  -0.0013269563    0.0034727250   -0.0028373388
  -0.0000184833   -0.0000399209   -0.0042078151
  -0.0001416723   -0.0000473916   -0.0042807487
  -0.0001596521    0.0000018700    0.0017371288
  -0.0001979032   -0.0001128500    0.0009786479
  -0.0000414751    0.0000057400    0.0013924407
   0.0001216240   -0.0001935100    0.0011518114
  -0.0002179043   -0.0000200199    0.0010950829
  -0.0000476335   -0.0000375943    0.0013765541
   0.0000208203    0.0000017882    0.0014419056
   0.0002104756   -0.0000988615    0.0010356096
  -0.0000109723   -0.0000154976    0.0014010923
   0.0000203426    0.0000412494    0.0014088808
  -0.0000168623    0.0000152576    0.0013758723
   0.0000286126    0.0000609706    0.0013864408
  -0.0001447944    0.0001881615    0.0011825496
  -0.0000357143    0.0002474999    0.0009478429
   0.0000823765   -0.0000292557    0.0013659741
  -0.0000196397   -0.0000263882    0.0014059556
   0.0009950938    0.0004636069    0.0098467433
  -0.0017025877    0.0010937770    0.0080106084
   0.0000157441   -0.0000156197    0.0103558869
  -0.0000583546   -0.0000357998    0.0103093840
   0.0001904290   -0.0015568847    0.0089256076
  -0.0001330161   -0.0001419492    0.0104060535
  -0.0000058365   -0.0000250348    0.0103258297
   0.0000781489    0.0000246202    0.0105703147
  -0.0000076928    0.0000483902    0.0103026717
  -0.0000344791    0.0000182451    0.0103219921
   0.0000123148    0.0000117163    0.0103268919
   0.0000033913    0.0000464267    0.0103616768
  -0.0000625081   -0.0000276099    0.0102813301
   0.0001148636    0.0001244919    0.0104865502
   0.0000218701   -0.0000042233    0.0103829583
   0.0000037251    0.0000021950    0.0103507862
  -0.0000078496    0.0000047040    0.0004033174
  -0.0000007354   -0.0000050913    0.0004078226
   0.0000103754   -0.0000111939    0.0003926615
   0.0000088591    0.0000055843    0.0003448768
  -0.0000144751    0.0000059662    0.0004052661
   0.0000655285    0.0000292577    0.0004176357
  -0.0000007839    0.0000024118    0.0003606470
  -0.0000449270    0.0000383704    0.0003902111
  -0.0000051005    0.0000080870    0.0003716929
  -0.0000006115    0.0000018958    0.0003528035
  -0.0000017836    0.0000008737    0.0003718183
   0.0000027526    0.0000018597    0.0003663596
   0.0000052898    0.0000079029    0.0003462165
   0.0000161044   -0.0000616155    0.0004052142
   0.0000143564    0.0000000975    0.0003923480
  -0.0000085809    0.0000018995    0.0003689670

49   
  0.0056360240878269   0.0000000000000000   0.0082604620016943
   0.0001046566    0.0000622764   -0.0007121696
  -0.0000861024    0.0000461621   -0.0009543065
   0.0000115041   -0.0000113856   -0.0006497645
  -0.0000286337   -0.0000320528   -0.0007076292
  -0.0000048002   -0.0001086895   -0.0008298797
  -0.0000080641    0.0000127748   -0.0007329820
   0.0000051584   -0.0000155335   -0.0007135416
   0.0000622386   -0.0000521326   -0.0007290146
   0.0000185901    0.0000059258   -0.0006949182
  -0.0000032576    0.0000063479   -0.0007220352
   0.0000210262    0.0000090672   -0.0007029652
   0.0000362437    0.0000471156   -0.0006652788
  -0.0000090352   -0.0000198814   -0.0007233667
  -0.0000301458    0.0000413805   -0.0007314339
   0.0000463533    0.0000121756   -0.0006349425
  -0.0000702095    0.0000019194   -0.0006408204
   0.0000039110   -0.0000078900   -0.0071081594
  -0.0000156633    0.0000125300   -0.0070897403
   0.0000138774    0.0000085000   -0.0070968473
  -0.0000188870    0.0000311800   -0.0070760079
   0.0000151851   -0.0000036072   -0.0071006916
  -0.0000168744    0.0000197175   -0.0070915128
  -0.0000192037    0.0000000707   -0.0071111555
  -0.0000375265   -0.0000016234   -0.0070732654
   0.0000251157   -0.0000144847   -0.0070912568
  -0.0000349758   -0.0000108078   -0.0070963688
  -0.0000011143   -0.0000167853   -0.0070947868
  -0.0000366958   -0.0000153322   -0.0070776788
   0.0000171335   -0.0000174766   -0.0071000954
  -0.0000277049    0.0000013972   -0.0070863916
  -0.0000151344   -0.0000054875   -0.0070990528
  -0.0000034737    0.0000263193   -0.0070811455
   0.0001642421   -0.0000078400   -0.0046515988
  -0.0001164740   -0.0000697100   -0.0040771814
   0.0000472651   -0.0000317200   -0.0042926607
   0.0001501832   -0.0001905400   -0.0038585579
  -0.0000905256   -0.0000429415   -0.0039163096
  -0.0000729103    0.0000004282   -0.0042607356
  -0.0000062665   -0.0000210843   -0.0043097641
   0.0002557443   -0.0000441999   -0.0040110029
   0.0000021023    0.0000176476   -0.0042993123
  -0.0000582326    0.0000282194   -0.0042902608
   0.0000467223   -0.0000090376   -0.0042939323
  -0.0000471526   -0.0000643194   -0.0043164208
  -0.0000456457    0.0001579499   -0.0038020529
   0.0000391844    0.0002124315   -0.0041154996
  -0.0000450603    0.0000055918   -0.0043196756
   0.0000509035    0.0000634043   -0.0042894041
  -0.1036049589    0.0002609792   -0.1889697828
   0.0001209896   -0.0044294400   -0.0039633663
   0.0005912131   -0.0000507500    0.0022117780
   0.0003350372    0.0043728200   -0.0043154695
   0.0012976179    0.0036080622   -0.0040235971
   0.0003769866   -0.0001920253    0.0015647602
   0.0003231687    0.0002156574    0.0016302398
   0.0014497507   -0.0038636670   -0.0042607387
  -0.0002038543    0.0004579060    0.0021890882
   0.0007014400   -0.0000274596    0.0015985636
  -0.0001048843   -0.0004043860    0.0022399282
   0.0007024100    0.0000673796    0.0015940436
   0.0014344607   -0.0049388930   -0.0041915087
   0.0013197479    0.0051845878   -0.0040837071
   0.0004087766    0.0001721553    0.0015704602
   0.0002896287   -0.0002350374    0.0016111898
   0.0410907887    0.0200531079    0.0578510608
  -0.0010784267    0.0042897323    0.0269531234
  -0.0000850304    0.0005384376    0.0112452792
   0.0004248801   -0.0004544126    0.0110192708
   0.0063572590   -0.0244562612    0.0425262412
  -0.0010706831    0.0004567826    0.0114257695
  -0.0000757989    0.0000586110    0.0103588434
   0.0017687740   -0.0020896353    0.0124713797
   0.0001599837   -0.0004057447    0.0110179909
   0.0000325630   -0.0000618986    0.0104194199
  -0.0000699704    0.0000027421    0.0102963539
   0.0003479940   -0.0000772503    0.0112534374
   0.0000865123    0.0004586557    0.0109017681
  -0.0018547042    0.0016413685    0.0119476188
  -0.0002394291   -0.0000543197    0.0113645730
  -0.0000787021    0.0000004104    0.0105415583
  -0.0016870265   -0.0047127028    0.0178956630
   0.0441995403   -0.0217888452    0.0509645306
   0.0004800731    0.0005914303    0.0010288819
  -0.0000363485   -0.0005278075    0.0012424797
   0.0064706770    0.0263729565    0.0342962980
   0.0016904128    0.0020070700    0.0025580942
  -0.0000603484   -0.0000028176    0.0003651469
  -0.0009034345   -0.0005025964    0.0017964682
   0.0004727893    0.0000490345    0.0012355675
  -0.0000340360   -0.0000148783    0.0003073162
  -0.0000298676    0.0000168206    0.0004245807
   0.0001654998    0.0003659060    0.0010277565
  -0.0001798643    0.0000370269    0.0013464448
  -0.0017783631   -0.0014952182    0.0021780065
   0.0000242870   -0.0005102038    0.0009228961
  -0.0001350719    0.0000006003    0.0005378641

49   
 -0.0056360240878269   0.0000000000000000  -0.0082604620016943
  -0.0001053812   -0.0000657356   -0.0008582599
   0.0000725007   -0.0000441283   -0.0006045679
  -0.0000113955    0.0000080452   -0.0009078537
   0.0000193007    0.0000288150   -0.0008475407
   0.0000028770    0.0001065029   -0.0007267454
  -0.0000000303   -0.0000117803   -0.0008275810
  -0.0000058387    0.0000195064   -0.0008456752
  -0.0000675100    0.0000543468   -0.0008312637
  -0.0000248041   -0.0000084395   -0.0008629175
   0.0000060370   -0.0000063623   -0.0008350767
  -0.0000283001   -0.0000152124   -0.0008565109
  -0.0000406252   -0.0000432744   -0.0008943703
   0.0000061419    0.0000236478   -0.0008323621
   0.0000209586   -0.0000375637   -0.0008297329
  -0.0000451683   -0.0000118269   -0.0009225279
   0.0000626752    0.0000002694   -0.0009199929
   0.0000200157   -0.0000149100   -0.0070400743
  -0.0000189813   -0.0000272600   -0.0070548626
   0.0000094195   -0.0000299800   -0.0070605058
  -0.0000092720   -0.0000401800   -0.0070629268
  -0.0000137300    0.0000076017   -0.0070749056
   0.0000064346    0.0000196629   -0.0070571273
   0.0000267999   -0.0000052380   -0.0070735306
   0.0000244249    0.0000370521   -0.0070623826
   0.0000008641   -0.0000086770   -0.0070555053
  -0.0000052140   -0.0000045144   -0.0070569936
   0.0000335541   -0.0000003630   -0.0070565053
   0.0000030360   -0.0000088756   -0.0070644936
  -0.0000165651    0.0000218979   -0.0070853926
   0.0000217100    0.0000342983   -0.0070647956
   0.0000092946    0.0000081471   -0.0070878273
  -0.0000004701    0.0000091780   -0.0070771006
  -0.0001455039   -0.0000146000   -0.0039472966
   0.0000794244    0.0000550700   -0.0045009420
  -0.0000265820    0.0000114300   -0.0042766310
  -0.0001676972    0.0001790500   -0.0047210785
   0.0000887559    0.0000423153   -0.0046308677
   0.0000616563    0.0000369362   -0.0043167310
   0.0000131693    0.0000161503   -0.0042342846
  -0.0002612936    0.0000734623   -0.0045723259
   0.0000221000   -0.0000417361   -0.0042807225
   0.0000191805   -0.0000445930   -0.0042835136
  -0.0000156400   -0.0000079239   -0.0042821325
   0.0000136205    0.0000415630   -0.0042679836
   0.0000479664   -0.0001451223   -0.0047358859
  -0.0000445641   -0.0001716553   -0.0044569877
   0.0000394163   -0.0000035962   -0.0042219810
  -0.0000575007   -0.0000303803   -0.0042792446
   0.1039774309    0.0003074692    0.1886402738
   0.0000892528    0.0044094600    0.0068915095
  -0.0005963231    0.0000441800    0.0006596020
  -0.0005502396   -0.0043922600    0.0071248863
  -0.0012107007   -0.0035164170    0.0070049587
  -0.0003842387    0.0001803674    0.0013299802
  -0.0003215466   -0.0002259253    0.0012277398
  -0.0015485379    0.0039604522    0.0070108671
   0.0001834943   -0.0004519060    0.0006978118
  -0.0007054500    0.0000388904    0.0012770464
   0.0001172543    0.0004085360    0.0006278718
  -0.0007079700   -0.0000739804    0.0012785464
  -0.0015021979    0.0047996978    0.0071202371
  -0.0012542207   -0.0053292730    0.0068891487
  -0.0004151387   -0.0001656874    0.0012981302
  -0.0002907466    0.0002444153    0.0012572198
  -0.0427820399   -0.0210499558   -0.0387368085
   0.0010377326   -0.0042575482   -0.0062189474
   0.0000658167   -0.0005254515    0.0094932838
  -0.0004389430    0.0004505408    0.0097202991
  -0.0063296129    0.0251812624   -0.0223447642
   0.0010400048   -0.0004552725    0.0093062473
   0.0000652434   -0.0000610871    0.0103804606
  -0.0018010265    0.0021010157    0.0082641282
  -0.0001732186    0.0003941087    0.0097155028
  -0.0000380108    0.0000592325    0.0103189271
   0.0000646568   -0.0000011808    0.0104391309
  -0.0003552540    0.0000783691    0.0095045878
  -0.0000984910   -0.0004530444    0.0098265870
   0.0018333040   -0.0016380479    0.0087834375
   0.0002195725    0.0000585737    0.0093889666
   0.0000748233    0.0000005603    0.0101925045
   0.0017149105    0.0047471070   -0.0170171891
  -0.0425034894    0.0207757474   -0.0484824334
  -0.0004718405   -0.0005981121   -0.0001447420
   0.0000468522    0.0005382136   -0.0003642025
  -0.0065131432   -0.0256416854   -0.0328750153
  -0.0016608897   -0.0019937394   -0.0016773114
   0.0000589238    0.0000002315    0.0005094591
   0.0009263827    0.0005062866   -0.0009170350
  -0.0004751493   -0.0000444158   -0.0003725027
   0.0000310696    0.0000152696    0.0005668689
   0.0000283254   -0.0000189567    0.0004554823
  -0.0001586248   -0.0003785820   -0.0001431001
   0.0001864709   -0.0000348629   -0.0004792343
   0.0017978034    0.0014956485   -0.0012959725
  -0.0000211885    0.0005199753   -0.0000311913
   0.0001296606    0.0000007304    0.0003452432

65   
  0.0056360240878269   0.0000000000000000   0.0082604620016943
   0.0002888119   -0.0000022800   -0.0016903256
   0.0000124226    0.0002033900   -0.0006087047
   0.0000043321   -0.0000176600   -0.0007894532
   0.0001011171    0.0001444500   -0.0004703287
   0.0002248872   -0.0001024820   -0.0006342910
   0.0000506740    0.0000370355   -0.0008482591
  -0.0001172178    0.0000706592   -0.0008279627
  -0.0000363406   -0.0001411161   -0.0004431780
   0.0000009713    0.0000062202   -0.0007851188
  -0.0000060569   -0.0000965378   -0.0008357511
   0.0000268513    0.0000100898   -0.0007950588
  -0.0000108769   -0.0000673422   -0.0008463911
   0.0002070294   -0.0000809539   -0.0005694080
  -0.0001450428   -0.0000223580   -0.0005099510
  -0.0000476360    0.0000214145   -0.0008812991
   0.0000705822    0.0000418208   -0.0008112327
   0.0000363389    0.0000016756   -0.0070675056
  -0.0000108374   -0.0000053751   -0.0070740795
   0.0000228362   -0.0000073197   -0.0071248698
  -0.0000306529    0.0000229879   -0.0071114876
   0.0000100896   -0.0000065055   -0.0070862942
   0.0000123531    0.0000105104   -0.0070741507
   0.0000259181   -0.0000083254   -0.0071244424
  -0.0000141554    0.0000595850   -0.0071200681
   0.0000222181    0.0000025713   -0.0070932787
  -0.0000012586    0.0000103260   -0.0070954767
   0.0000252177   -0.0000008373   -0.0070758461
   0.0000019742   -0.0000057576   -0.0070885271
   0.0000101797   -0.0000318028   -0.0070949344
   0.0000452487   -0.0000213971   -0.0071091242
   0.0000097467   -0.0000028560   -0.0070931324
  -0.0000385879   -0.0000136694   -0.0071371470
  -0.0009938538   -0.0004837669   -0.0038360733
   0.0000576246    0.0000787898   -0.0043165940
   0.0000004259    0.0000431097   -0.0043497869
   0.0017287677   -0.0010985770   -0.0020290084
   0.0001151781    0.0000091799   -0.0043001301
  -0.0000035551    0.0000101950   -0.0043494262
  -0.0000306701   -0.0000130667   -0.0043553583
  -0.0001177936   -0.0001301619   -0.0044910502
   0.0000578928   -0.0000682302   -0.0043345517
  -0.0000362613   -0.0000649067   -0.0043424068
   0.0000263152   -0.0000023063   -0.0043453519
   0.0000192891   -0.0000131751   -0.0043117721
  -0.0001761990    0.0015796647   -0.0029245376
  -0.0000849589   -0.0000065602   -0.0045677747
   0.0000139465    0.0000060548   -0.0043178497
   0.0001585961    0.0001595092   -0.0044090635
   0.0446152499    0.0220824658    0.0493766385
   0.0000496530   -0.0001696608    0.0023308109
   0.0003487433   -0.0003972285    0.0019878262
  -0.0027591226    0.0052698582    0.0190934274
  -0.0003774290   -0.0003421556    0.0022705230
  -0.0000598233   -0.0000021203    0.0015711755
   0.0002704875    0.0003581163    0.0020484534
  -0.0018396040    0.0008769179    0.0029746525
   0.0001046786    0.0007256713    0.0021048572
   0.0004508340   -0.0001755391    0.0022235022
  -0.0000867168   -0.0000207392    0.0013453591
   0.0000881508   -0.0000806525    0.0014180629
   0.0063689029   -0.0271771724    0.0340794242
   0.0011340165   -0.0017183357    0.0039493018
  -0.0000508134    0.0001021971    0.0013806594
  -0.0003896548    0.0008361125    0.0020000327
  -0.0582831465   -0.0002186667   -0.1002614781
   0.0032181091   -0.0000648500    0.0085962619
   0.0000507623    0.0000288300    0.0098455916
   0.0045997532   -0.0002826900    0.0076558841
   0.0000404812    0.0013027985    0.0082516547
   0.0000204069   -0.0000180586    0.0101916162
  -0.0000747619    0.0000721254    0.0102727394
   0.0010619544   -0.0023621711    0.0079946008
   0.0000408548    0.0000056919    0.0098595917
   0.0000515204   -0.0000554475    0.0102305372
  -0.0000062252   -0.0000321719    0.0098264917
   0.0000507504    0.0000682175    0.0102315472
   0.0007582944    0.0027536911    0.0077794208
   0.0003395212   -0.0013389785    0.0084627647
   0.0000310169    0.0000112986    0.0101964162
  -0.0000853319   -0.0000782854    0.0102658494
  -0.0010725842    0.0000012600    0.0159113160
   0.0018226069   -0.0015084700    0.0013222754
   0.0000720454    0.0001181300    0.0004073263
  -0.0002871703   -0.0002004500   -0.0001758469
  -0.0006783812    0.0027278207    0.0015346039
   0.0001318550    0.0000553554    0.0002512514
  -0.0000338977    0.0000402896    0.0002154824
  -0.0002416059   -0.0000255290   -0.0003821425
   0.0000376246    0.0000196103    0.0003490579
   0.0000363294   -0.0000959320    0.0002346953
  -0.0001653854   -0.0001368103    0.0004673179
   0.0000451194    0.0000330920    0.0002214753
  -0.0017403359   -0.0004361110    0.0007812875
   0.0007964988   -0.0005322107    0.0003618439
   0.0000834650   -0.0000222354    0.0002445114
   0.0000264123   -0.0000108096    0.0001991724

65   
 -0.0056360240878269   0.0000000000000000  -0.0082604620016943
  -0.0002284285   -0.0000003000    0.0001101809
   0.0000365654   -0.0002086500   -0.0009815893
   0.0000445380    0.0000160500   -0.0007991290
  -0.0000400015   -0.0001448500   -0.0011227819
  -0.0001659764    0.0001010139   -0.0009477424
  -0.0000033206   -0.0000330181   -0.0007393840
   0.0001791660   -0.0000623591   -0.0007602814
   0.0000988654    0.0001513191   -0.0011550837
   0.0000613548   -0.0000102552   -0.0008033746
   0.0000642810    0.0001068641   -0.0007489629
   0.0000334848   -0.0000051748   -0.0007939646
   0.0000618610    0.0000704659   -0.0007435229
  -0.0001386946    0.0000813909   -0.0010208637
   0.0002032536    0.0000299461   -0.0010834624
   0.0001004294   -0.0000221119   -0.0007075240
  -0.0000171640   -0.0000452109   -0.0007797614
   0.0000395292   -0.0000183742   -0.0071183060
   0.0000529668   -0.0000021646   -0.0071026197
   0.0000478241   -0.0000034557   -0.0070687049
   0.0000776538   -0.0000212317   -0.0070645149
   0.0000564736    0.0000110364   -0.0071181364
   0.0000413842    0.0000144604   -0.0071089515
   0.0000438439    0.0000008096   -0.0070806556
   0.0000596329   -0.0000339945   -0.0070544662
   0.0000561710   -0.0000106241   -0.0070856834
   0.0000349423   -0.0000078299   -0.0070839473
   0.0000604719   -0.0000057400   -0.0071074152
   0.0000354034   -0.0000098053   -0.0070941468
   0.0000548126    0.0000303266   -0.0070959382
   0.0000067313    0.0000393941   -0.0070620590
   0.0000447371    0.0000085943   -0.0071124719
   0.0001028127    0.0000327388   -0.0070561187
   0.0010738320    0.0004683794   -0.0047531912
  -0.0000180476   -0.0000861530   -0.0042972080
   0.0000684471   -0.0000533511   -0.0042475567
  -0.0017212645    0.0011312967   -0.0066467306
  -0.0000499647   -0.0000065068   -0.0042871893
   0.0000570969    0.0000144150   -0.0042582537
   0.0000995953    0.0000059397   -0.0042309425
   0.0001644987    0.0001568458   -0.0041224094
   0.0000199669    0.0000600465   -0.0042774185
   0.0000696065    0.0000675612   -0.0042694431
   0.0000590777   -0.0000035867   -0.0042631308
   0.0000175101   -0.0000020398   -0.0042968668
   0.0002485838   -0.0016043449   -0.0056928715
   0.0001377624    0.0000241738   -0.0040519613
   0.0000399146   -0.0000014103   -0.0042687215
  -0.0000972904   -0.0001441015   -0.0041849131
  -0.0427182787   -0.0210286379   -0.0448022308
   0.0000454899    0.0001690826    0.0004898892
  -0.0003147296    0.0004018624    0.0008385508
   0.0028610667   -0.0052850123   -0.0164112834
   0.0004402277    0.0003610343    0.0005595619
   0.0001141021   -0.0000010804    0.0012569817
  -0.0002249409   -0.0003389103    0.0007728170
   0.0018759442   -0.0008934485   -0.0001576188
  -0.0000618137   -0.0007364953    0.0007331691
  -0.0003696440    0.0001505703    0.0006035626
   0.0001418804    0.0000197979    0.0014673861
  -0.0000293230    0.0000799786    0.0013994101
  -0.0062951190    0.0264828612   -0.0307544312
  -0.0011043340    0.0017202453   -0.0011131097
   0.0001091289   -0.0000960410    0.0014286666
   0.0004420631   -0.0008275526    0.0008043205
   0.0510052918   -0.0003286785    0.1190346425
  -0.0031308532    0.0000830200    0.0120693559
   0.0000107477   -0.0000262300    0.0108514984
  -0.0045783991    0.0002841800    0.0130581881
   0.0000046756   -0.0013149211    0.0124184892
   0.0000368719    0.0000173254    0.0105093206
   0.0001360531   -0.0000731186    0.0104288738
  -0.0010052612    0.0023522585    0.0127040653
   0.0000168852   -0.0000013019    0.0108332283
   0.0000078896    0.0000584525    0.0104677728
   0.0000658752    0.0000340319    0.0108649983
   0.0000082596   -0.0000669725    0.0104686828
  -0.0006920912   -0.0027336985    0.0129095853
  -0.0003123944    0.0013432611    0.0122071392
   0.0000267119   -0.0000091954    0.0104986106
   0.0001460931    0.0000812086    0.0104365538
   0.0011060529    0.0000028700   -0.0148262971
  -0.0017574250    0.0015238800   -0.0004693674
  -0.0000104380   -0.0001167800    0.0004354268
   0.0003648864    0.0002151900    0.0010047326
   0.0007306990   -0.0026899389   -0.0006710525
  -0.0000733327   -0.0000549174    0.0005847061
   0.0000913327   -0.0000376602    0.0006245956
   0.0002999001    0.0000062903    0.0012122177
   0.0000188941   -0.0000156722    0.0004925585
   0.0000243113    0.0000960904    0.0006052843
   0.0002242441    0.0001370122    0.0003794585
   0.0000144713   -0.0000289104    0.0006189143
   0.0017917101    0.0004399597    0.0000620477
  -0.0007710510    0.0005358389    0.0004709075
  -0.0000194727    0.0000208874    0.0005957861
   0.0000322327    0.0000116302    0.0006435956

81   
  0.0056360240878269   0.0000000000000000   0.0082604620016943
   0.0000156194   -0.0000043100   -0.0009875982
  -0.0000229110   -0.0000086400   -0.0008001620
   0.0000034362   -0.0000138600   -0.0008634174
   0.0000470835   -0.0000039200   -0.0008073695
  -0.0000163310   -0.0000343917   -0.0007803884
  -0.0000127740   -0.0000082575   -0.0008537692
   0.0000143791   -0.0000017392   -0.0008574420
   0.0000218864   -0.0000199064   -0.0008229322
   0.0000001014    0.0000025209   -0.0008581071
   0.0000055685    0.0000151470   -0.0008539754
   0.0000153314    0.0000030391   -0.0008709371
  -0.0000047015   -0.0000153070   -0.0008596054
   0.0000314764    0.0000352064   -0.0007893422
  -0.0000036310    0.0000160317   -0.0008181184
  -0.0000100840    0.0000004475   -0.0008545192
   0.0000150591    0.0000045392   -0.0008635420
   0.0000268024   -0.0000037966   -0.0071095259
   0.0000094431   -0.0000064421   -0.0071260883
   0.0000096569   -0.0000125695   -0.0071398138
  -0.0000056324    0.0000015383   -0.0071036047
   0.0000199791    0.0000050669   -0.0071446021
   0.0000070925    0.0000108401   -0.0071357937
   0.0000185939    0.0000004804   -0.0071420100
  -0.0000075656    0.0000204007   -0.0071293592
   0.0000174274   -0.0000115982   -0.0071301349
   0.0000025682   -0.0000062673   -0.0071263773
   0.0000198804   -0.0000070450   -0.0071376892
  -0.0000002861   -0.0000095513   -0.0071361038
   0.0000058946   -0.0000147317   -0.0071101053
   0.0000116186   -0.0000020345   -0.0071233304
   0.0000081610    0.0000015962   -0.0071458114
  -0.0000019844    0.0000020237   -0.0071387079
   0.0000195796   -0.0000193140   -0.0043619674
   0.0000258709    0.0000095057   -0.0043356168
  -0.0000349354    0.0000098939   -0.0043257315
   0.0000059954    0.0000071913   -0.0043767726
   0.0000380002    0.0000131371   -0.0043159365
   0.0000096109    0.0000106105   -0.0043310870
  -0.0000264764    0.0000253925   -0.0043254580
  -0.0000221244    0.0000346055   -0.0043682742
   0.0000149505   -0.0000455670   -0.0043317829
  -0.0000022726   -0.0000443797   -0.0043394596
   0.0000030236   -0.0000150237   -0.0043234683
   0.0000154015   -0.0000198458   -0.0043233635
   0.0000263351   -0.0000040662   -0.0043662961
   0.0000135470   -0.0000116804   -0.0043352311
   0.0000056439    0.0000198882   -0.0043146270
  -0.0000260885   -0.0000036477   -0.0043989857
  -0.0028252305   -0.0053876670    0.0196349391
   0.0004014678    0.0003817764    0.0018738425
   0.0000548405    0.0001668621    0.0022268620
   0.0435646194   -0.0214007774    0.0494425134
   0.0002576891   -0.0003878771    0.0019818143
  -0.0001151006   -0.0000038304    0.0014577668
  -0.0003873315    0.0003990047    0.0021211313
  -0.0017647134   -0.0006563685    0.0030945625
   0.0004807493    0.0002173258    0.0021616927
   0.0001780748   -0.0007908580    0.0019436801
   0.0000637446    0.0000584367    0.0012917177
  -0.0000951796    0.0000271304    0.0012860711
   0.0065031632    0.0269490154    0.0347012253
  -0.0001638127   -0.0009275466    0.0022258850
  -0.0000432538   -0.0000924815    0.0012823009
   0.0009660397    0.0015736094    0.0039642314
  -0.0010493429   -0.0000008700    0.0255649171
  -0.0003408664    0.0003288300    0.0097536574
   0.0000644480   -0.0000998500    0.0103029132
   0.0018425650    0.0016421900    0.0111830174
  -0.0001602601   -0.0000861797    0.0096053923
   0.0000143873   -0.0000177202    0.0101003644
   0.0000845527   -0.0000278474    0.0101379839
  -0.0007669990   -0.0027777989    0.0113267725
  -0.0001534141    0.0001234322    0.0103705315
   0.0000409487    0.0000379204    0.0101184957
   0.0000175259   -0.0000290322    0.0102333515
   0.0000316387   -0.0000323904    0.0101304857
   0.0009470810    0.0005017689    0.0103239625
  -0.0018531501    0.0004004197    0.0106157723
   0.0000184773    0.0000049002    0.0100722444
   0.0000699427    0.0000197874    0.0101868839
  -0.0554506372    0.0000098956   -0.1032072378
   0.0045150891    0.0002080100   -0.0026624280
   0.0000671523   -0.0000784000   -0.0000526684
   0.0026985733   -0.0000200900   -0.0014258959
   0.0010293312    0.0023925684   -0.0022967953
  -0.0001171631   -0.0000853586    0.0003571162
   0.0000348881   -0.0000065246    0.0003031494
  -0.0000180756   -0.0009545111   -0.0017852292
  -0.0000354852    0.0000575019   -0.0000970283
   0.0000272204    0.0000851025    0.0003316472
   0.0000973748    0.0000155581   -0.0000056083
   0.0000264504   -0.0000483325    0.0003310772
   0.0001518244    0.0010894911   -0.0016759192
   0.0008644312   -0.0027222684   -0.0024013353
  -0.0000811831    0.0000601586    0.0003818762
  -0.0000003219   -0.0000173954    0.0002826094

81   
 -0.0056360240878269   0.0000000000000000  -0.0082604620016943
   0.0000206758   -0.0000034200   -0.0006866079
   0.0000457348   -0.0000024600   -0.0008734603
   0.0000153516    0.0000067400   -0.0008091748
  -0.0000074402    0.0000020600   -0.0008672087
   0.0000462847    0.0000280950   -0.0008856969
   0.0000344741    0.0000089777   -0.0008183910
   0.0000176282    0.0000068511   -0.0008158322
   0.0000133524    0.0000195128   -0.0008533311
   0.0000359084   -0.0000096721   -0.0008149944
   0.0000229517   -0.0000084485   -0.0008156663
   0.0000170984   -0.0000025279   -0.0008025644
   0.0000250917    0.0000128985   -0.0008152963
   0.0000125224   -0.0000417628   -0.0008859911
   0.0000299047   -0.0000139050   -0.0008563169
   0.0000331141   -0.0000045377   -0.0008197810
   0.0000104382   -0.0000124411   -0.0008112722
   0.0000185091   -0.0000194024   -0.0071605207
   0.0000061681   -0.0000081876   -0.0071339199
   0.0000268421   -0.0000021002   -0.0071380676
   0.0000278507   -0.0000029773   -0.0071562269
   0.0000177216   -0.0000039459   -0.0071484065
   0.0000193076    0.0000116201   -0.0071310263
   0.0000223654   -0.0000130795   -0.0071461409
   0.0000224655    0.0000007912   -0.0071300505
   0.0000332923   -0.0000012328   -0.0071299754
   0.0000011121    0.0000034262   -0.0071349621
   0.0000366298   -0.0000047550   -0.0071296305
   0.0000091659   -0.0000104986   -0.0071314565
   0.0000293952    0.0000097297   -0.0071615138
   0.0000109729    0.0000152434   -0.0071313868
   0.0000182991    0.0000024435   -0.0071409084
   0.0000375129    0.0000086553   -0.0071393041
   0.0000242222   -0.0000037178   -0.0043268168
  -0.0000105123   -0.0000238555   -0.0043656211
   0.0000709360   -0.0000247370   -0.0043581427
   0.0000164610   -0.0000075965   -0.0043251942
  -0.0000005261   -0.0000125061   -0.0043538934
   0.0000164456    0.0000114905   -0.0043626254
   0.0000684845   -0.0000381416   -0.0043488565
   0.0000358260   -0.0000140041   -0.0043330697
   0.0000351182    0.0000323484   -0.0043698932
   0.0000066777    0.0000417644   -0.0043615647
   0.0000526958    0.0000036274   -0.0043702730
  -0.0000066747    0.0000001918   -0.0043706812
   0.0000086319   -0.0000003044   -0.0043233466
   0.0000093968    0.0000238764   -0.0043718511
   0.0000204674   -0.0000165106   -0.0043604582
   0.0000603178    0.0000136949   -0.0042844169
   0.0028183465    0.0053672929   -0.0167875030
  -0.0003462815   -0.0003798525    0.0008469603
  -0.0000633831   -0.0001746303    0.0004935481
  -0.0453757703    0.0224563952   -0.0484656806
  -0.0002144757    0.0004009431    0.0007415852
   0.0001475219   -0.0000042603    0.0012685259
   0.0004126430   -0.0003832562    0.0005944239
   0.0018175531    0.0006374182   -0.0003692665
  -0.0004739693   -0.0002475845    0.0005656425
  -0.0001333798    0.0007741341    0.0007775535
  -0.0000324224   -0.0000625706    0.0014366593
   0.0001296260   -0.0000341217    0.0014428238
  -0.0064793270   -0.0276491565   -0.0324644780
   0.0002017945    0.0009317464    0.0005260118
   0.0000730784    0.0000949076    0.0014403631
  -0.0009092828   -0.0015754300   -0.0012666842
   0.0011082542   -0.0000002500   -0.0051966560
   0.0003497503   -0.0003134800    0.0108723769
  -0.0000381554    0.0000971300    0.0103095337
  -0.0018199169   -0.0016315200    0.0094134846
   0.0001928159    0.0000587210    0.0110206725
   0.0000149777    0.0000150596    0.0105155376
  -0.0000561050    0.0000230154    0.0104787686
   0.0008021412    0.0028086707    0.0092603761
   0.0001821654   -0.0001288103    0.0102369221
  -0.0000140994   -0.0000433220    0.0104945147
   0.0000144554    0.0000284703    0.0103768821
  -0.0000029494    0.0000310920    0.0104821647
  -0.0008832188   -0.0005025007    0.0102944361
   0.0018857459   -0.0004014410    0.0099931525
   0.0000112277   -0.0000090996    0.0105381776
  -0.0000454350   -0.0000253254    0.0104255886
   0.0544054220   -0.0001090250    0.1149440562
  -0.0044533432   -0.0002134900    0.0034011859
  -0.0000423523    0.0000750300    0.0008086784
  -0.0027086391    0.0000290400    0.0022087181
  -0.0009983544   -0.0024063611    0.0030494192
   0.0001426519    0.0000802254    0.0003938206
  -0.0000037569    0.0000019714    0.0004503038
   0.0000590887    0.0009494085    0.0025675253
   0.0000639152   -0.0000626519    0.0008555683
   0.0000016996   -0.0000866675    0.0004255328
  -0.0000668348   -0.0000154181    0.0007680883
   0.0000021796    0.0000449175    0.0004229428
  -0.0000952113   -0.0010945085    0.0024562453
  -0.0008393044    0.0027379511    0.0031667892
   0.0001097919   -0.0000622754    0.0003715006
   0.0000304831    0.0000161386    0.0004749638
