54   
12   

1    
  0.0043855528238265   0.0000000000000000   0.0089870421401831
  -0.0934138400   -0.0001055900   -0.2259723400
   0.0040885100    0.0047212500   -0.0050939500
   0.0028490500   -0.0047041300   -0.0049120500
   0.0018761000   -0.0031116800   -0.0051177400
   0.0010941100   -0.0000154000   -0.0006198900
   0.0014191900    0.0041667700   -0.0049081500
   0.0012729900    0.0052389300   -0.0050249800
   0.0019816300   -0.0062694400   -0.0049751300
   0.0011324900   -0.0000539400   -0.0006789600
  -0.0078425900   -0.0074821300    0.0251025600
   0.0003950400   -0.0005930400    0.0006202800
   0.0411262600   -0.0206836200    0.0505500400
  -0.0002810200    0.0003320600    0.0006907300
   0.0008320300    0.0002177500    0.0006734700
  -0.0018143200   -0.0000121700    0.0007935300
   0.0052279300    0.0283245400    0.0378530400
   0.0002899700   -0.0012345900    0.0003757700
   0.0002361200    0.0011867500    0.0009991000
   0.0433390500    0.0221564200    0.0577806700
   0.0004134700   -0.0040614800    0.0047932900
  -0.0088212600    0.0080663700    0.0307586000
  -0.0032867600    0.0020825600    0.0047531400
   0.0038338800    0.0019381700    0.0047215100
  -0.0017853700    0.0029065400    0.0022932100
   0.0050680600   -0.0300561300    0.0442455200
   0.0028495100   -0.0026924100    0.0028086500
  -0.0022592900   -0.0002750600    0.0019902900
   0.0001965900    0.0000897700   -0.0053919700
  -0.0000050100   -0.0001120400   -0.0076869200
  -0.0002097200    0.0001270400   -0.0055555600
  -0.0000606900    0.0000440200   -0.0077196700
   0.0001158500    0.0000776300   -0.0076749000
  -0.0000544100   -0.0005017200   -0.0075924800
   0.0000205700   -0.0002361900   -0.0054504700
  -0.0004304100    0.0002187800   -0.0075806100
   0.0004612400    0.0002982200   -0.0076887800
   0.0001567400   -0.0000146300    0.0058685600
  -0.0009099700   -0.0002920500    0.0051025900
   0.0009471600   -0.0002580900    0.0050969200
  -0.0006901500   -0.0006869400    0.0051486500
   0.0000225800    0.0000164100    0.0031495900
   0.0006546400   -0.0006500800    0.0050360800
   0.0002706800    0.0009672100    0.0051638400
  -0.0002096900    0.0009025900    0.0050529600
  -0.0000233400    0.0000207100    0.0032562000
   0.0000052600   -0.0000135300   -0.0011443600
  -0.0007454000   -0.0000116600    0.0007622600
   0.0007318300   -0.0000683900    0.0007434300
  -0.0003925700   -0.0006287900    0.0007583700
   0.0000103700    0.0000181900    0.0008230800
   0.0003537900   -0.0006097300    0.0007590800
   0.0003163400    0.0006784300    0.0007290000
  -0.0003758200    0.0006190300    0.0007527800
   0.0000225900    0.0000185000    0.0007821100

1    
 -0.0043855528238265   0.0000000000000000  -0.0089870421401831
   0.0940591200   -0.0001559000    0.2246920800
  -0.0033061700   -0.0045971100    0.0016261900
  -0.0036660100    0.0048138200    0.0013717600
  -0.0014986000    0.0037154400    0.0015538500
  -0.0011248200   -0.0000057600   -0.0014234400
  -0.0018030100   -0.0035694600    0.0014416900
  -0.0016352200   -0.0059231200    0.0014260800
  -0.0016590800    0.0056016800    0.0015694800
  -0.0011320400    0.0000011800   -0.0014907800
   0.0107631600    0.0092301100   -0.0251347700
  -0.0004150800   -0.0013426400   -0.0010785400
  -0.0455941700    0.0233157400   -0.0520428900
  -0.0014670200    0.0006052700   -0.0010572700
   0.0008570300    0.0007357800   -0.0010889300
   0.0017905100    0.0020170300   -0.0027275300
  -0.0052139700   -0.0324736700   -0.0385081100
   0.0014419600    0.0001966200   -0.0024263100
  -0.0020522000   -0.0022196100   -0.0030338300
  -0.0422301600   -0.0214198900   -0.0438994700
  -0.0003714600   -0.0037061900    0.0026215400
   0.0091607500   -0.0082456800   -0.0183698300
  -0.0034825400    0.0017939000    0.0026207500
   0.0029350500    0.0019103000    0.0026118100
   0.0017931200    0.0005839400   -0.0008301200
  -0.0051223300    0.0297296500   -0.0312095200
   0.0002362900    0.0008944600   -0.0012341200
  -0.0007760800   -0.0014842600   -0.0004202500
  -0.0002141000   -0.0000971600   -0.0054747900
   0.0000041800    0.0001381500   -0.0077378800
   0.0001939000   -0.0001415600   -0.0053347000
   0.0000809800   -0.0000419400   -0.0077167600
  -0.0001607800   -0.0000926400   -0.0077609000
   0.0000435500   -0.0004899700   -0.0077938800
  -0.0000482800    0.0002342800   -0.0054050200
  -0.0004445100    0.0002804800   -0.0078146400
   0.0004085600    0.0002105200   -0.0077842600
  -0.0001596200   -0.0000000700    0.0076240800
  -0.0010114600    0.0000490200    0.0046960200
   0.0009445100   -0.0000254300    0.0047239900
  -0.0004855600   -0.0008443900    0.0046486300
  -0.0000062000    0.0000000700    0.0033012800
   0.0004704800   -0.0008622100    0.0047713100
   0.0004392600    0.0008326600    0.0046630400
  -0.0005600000    0.0008491100    0.0047595800
   0.0000470000    0.0000004200    0.0035967700
  -0.0000148400    0.0000000200   -0.0009303000
  -0.0007483200   -0.0000659300    0.0006528400
   0.0007385200   -0.0000473300    0.0006489000
  -0.0004268900   -0.0006159300    0.0006602100
   0.0000075100   -0.0000000100    0.0007332200
   0.0004126700   -0.0006165800    0.0006430700
   0.0003247300    0.0006689100    0.0006567300
  -0.0003212000    0.0006747600    0.0006433900
  -0.0000011500    0.0000010900    0.0007705700

10   
  0.0043855528238265   0.0000000000000000   0.0089870421401831
  -0.0099161900   -0.0087979900    0.0217731400
   0.0449595200   -0.0228390100    0.0503285200
   0.0000131700   -0.0000551800   -0.0007309400
   0.0053614700    0.0315615200    0.0369722700
   0.0007852000    0.0014693500    0.0012773300
  -0.0005897300   -0.0007110800   -0.0003383800
   0.0000955800   -0.0002904100   -0.0005941600
  -0.0017917700   -0.0010377800    0.0001067800
   0.0002316600   -0.0001172600   -0.0002097000
  -0.0423182700    0.0051266200   -0.1194345500
   0.0028373500   -0.0011621100   -0.0026350000
   0.0031441300    0.0008839200   -0.0031409900
  -0.0006796800    0.0015315000   -0.0028191200
   0.0006112600    0.0004284600    0.0001605000
   0.0010205500   -0.0017748500   -0.0040787100
   0.0010895700    0.0007048700   -0.0029156800
   0.0009800700   -0.0015029300   -0.0036685900
  -0.0011094900   -0.0005650000   -0.0006412900
  -0.0016513300   -0.0002110900    0.0177032300
   0.0017039400   -0.0024984500    0.0049160500
  -0.0007796700    0.0006217300    0.0059444200
  -0.0022140100    0.0026189100    0.0040955700
   0.0034654800    0.0018879700    0.0029406500
  -0.0021975700    0.0020789800    0.0014509400
  -0.0001565100   -0.0007459700    0.0058121500
   0.0006478300   -0.0035370100    0.0021387600
  -0.0014242600   -0.0009352400    0.0000315600
  -0.0000752200   -0.0000786300   -0.0055084900
  -0.0000864700   -0.0000578300   -0.0077363300
  -0.0000601400   -0.0000858100   -0.0054611600
  -0.0000639500   -0.0000915200   -0.0077247900
  -0.0001101200   -0.0000938400   -0.0077213900
  -0.0000647000   -0.0006027800   -0.0077471100
  -0.0000813900   -0.0000672500   -0.0054509500
  -0.0005227100    0.0001904200   -0.0077495600
   0.0003560200    0.0001747500   -0.0077559400
  -0.0000476200   -0.0000631200    0.0068783100
  -0.0010640800   -0.0001770900    0.0050156300
   0.0008636500   -0.0001839200    0.0050130600
  -0.0006505400   -0.0008826900    0.0050291300
  -0.0000654000   -0.0000664300    0.0033014500
   0.0004786600   -0.0008395500    0.0050086600
   0.0003052300    0.0007929600    0.0050193500
  -0.0004585800    0.0007867400    0.0049979300
  -0.0000926800   -0.0000772400    0.0035164300
  -0.0000652400   -0.0000720500   -0.0010394700
  -0.0008267800   -0.0001106100    0.0007034900
   0.0006698000   -0.0001273200    0.0006891500
  -0.0004763200   -0.0007166400    0.0007042400
  -0.0000670100   -0.0000708100    0.0007508100
   0.0003117200   -0.0007015800    0.0006835900
   0.0002567700    0.0005878100    0.0006829900
  -0.0004205900    0.0005700700    0.0006783700
  -0.0000606000   -0.0000684800    0.0007778300

10   
 -0.0043855528238265   0.0000000000000000  -0.0089870421401831
   0.0097381300    0.0086382900   -0.0290500300
  -0.0426356200    0.0218778200   -0.0518622200
  -0.0006604600    0.0000883600   -0.0025661000
  -0.0049848100   -0.0302618900   -0.0395519400
  -0.0009033000   -0.0015552600   -0.0031174400
   0.0001890200    0.0010855700   -0.0030131400
  -0.0003558900   -0.0003274300   -0.0027175200
   0.0019285900    0.0004802000   -0.0034328700
  -0.0002764000    0.0000713400   -0.0017498100
   0.0458598900   -0.0002333000    0.1143449300
  -0.0028383200   -0.0009034300    0.0024199500
  -0.0059947300    0.0006685600    0.0036091500
  -0.0011266400   -0.0005996500    0.0026210300
   0.0010701700    0.0005190800   -0.0003322700
  -0.0010416100    0.0036717500    0.0022798900
  -0.0011180900   -0.0039691500    0.0033749400
   0.0006780500    0.0004525000    0.0018433800
  -0.0006517500   -0.0004751500   -0.0011368300
   0.0010736500   -0.0001232100   -0.0052607100
  -0.0017303400   -0.0053971800    0.0025682000
   0.0012537100   -0.0009912900    0.0062896900
  -0.0046510000    0.0012286200    0.0033582700
   0.0032758600    0.0019782000    0.0045398600
   0.0021596400    0.0013254200    0.0001926100
   0.0001137200    0.0013001500    0.0064164800
   0.0023018600    0.0017097400   -0.0004695700
  -0.0016225600   -0.0008455300    0.0015991000
   0.0000283800    0.0000198800   -0.0052151100
   0.0000430300    0.0000487800   -0.0075321200
   0.0000203200    0.0000255300   -0.0052618700
   0.0000622600    0.0000109600   -0.0075461600
   0.0000231500    0.0000093700   -0.0075703700
   0.0000218600   -0.0004747800   -0.0075137200
   0.0000356500    0.0000140600   -0.0052738200
  -0.0004032500    0.0002634800   -0.0075105800
   0.0004851900    0.0002780500   -0.0075290500
   0.0000105900    0.0000087600    0.0068709000
  -0.0008910400   -0.0001067100    0.0050524300
   0.0009998600   -0.0001182000    0.0050654300
  -0.0005396700   -0.0007177300    0.0050401000
   0.0000311000    0.0000166900    0.0034170100
   0.0006164800   -0.0007498900    0.0050622500
   0.0003932500    0.0009216400    0.0050589700
  -0.0003392600    0.0009099400    0.0050772200
   0.0000624500    0.0000308800    0.0035775100
   0.0000285000    0.0000178600   -0.0009660200
  -0.0007084000   -0.0000064800    0.0007805200
   0.0007724500   -0.0000064800    0.0007911100
  -0.0003611000   -0.0006033900    0.0007804100
   0.0000320700    0.0000200800    0.0008729600
   0.0004305500   -0.0006065400    0.0007994100
   0.0003767000    0.0006788200    0.0007938600
  -0.0003113400    0.0006808300    0.0008019500
   0.0000294200    0.0000214400    0.0008797300

19   
  0.0043855528238265   0.0000000000000000   0.0089870421401831
   0.0429363500    0.0218400600    0.0456134600
  -0.0096290500    0.0087289400    0.0232323100
   0.0001164900    0.0000762300   -0.0007331000
   0.0052972700   -0.0304225100    0.0355397700
  -0.0005235500    0.0006777400    0.0000603800
   0.0009626700   -0.0014799300    0.0002834400
   0.0002185000   -0.0002520500   -0.0008214200
  -0.0016507100    0.0006661200   -0.0001932100
   0.0002776700   -0.0001025900    0.0000251200
   0.0001217500    0.0007890900    0.0116094100
  -0.0009562200   -0.0018007000   -0.0002424000
   0.0004020700   -0.0006390600    0.0013954700
  -0.0029047800   -0.0000010200    0.0005803100
   0.0010336500    0.0004775800   -0.0008647500
   0.0012534700    0.0001707000   -0.0005613300
  -0.0006720700    0.0008980000    0.0015553000
   0.0007239800    0.0004423700   -0.0012257500
  -0.0006819600   -0.0005130300   -0.0016922300
  -0.0481618600    0.0009518500   -0.1135111400
   0.0046790800   -0.0041579500    0.0005617200
   0.0034294200   -0.0002515200    0.0036918300
  -0.0024379800    0.0045739300    0.0006841100
   0.0032529800    0.0019341400    0.0038795700
   0.0004988600    0.0005000200   -0.0017183100
   0.0002167000    0.0014950000    0.0034432000
   0.0027227600   -0.0032159100   -0.0020882000
  -0.0016312500   -0.0008836200    0.0009748900
   0.0001141700   -0.0000195000   -0.0055338500
   0.0001169700    0.0000453300   -0.0074383000
  -0.0000103800    0.0000911100   -0.0051882700
   0.0001405400   -0.0000351800   -0.0075115500
   0.0000130400   -0.0000308400   -0.0076679100
  -0.0000742300   -0.0004893400   -0.0073843700
   0.0001202200   -0.0000904600   -0.0052528700
  -0.0003876800    0.0001246000   -0.0073778400
   0.0004059900    0.0002368700   -0.0077678400
  -0.0008720700   -0.0004695000    0.0075978800
   0.0004294500   -0.0009873500    0.0069467900
   0.0009890700   -0.0000765400    0.0049500300
  -0.0006695000    0.0005143100    0.0063486000
   0.0001172800    0.0000722300    0.0032000300
   0.0005005800   -0.0007673600    0.0047511600
   0.0004603200    0.0008380800    0.0049923500
  -0.0004172100    0.0007542000    0.0048164400
  -0.0000155400   -0.0000466900    0.0034230400
   0.0000181100   -0.0000239400   -0.0010473500
  -0.0007177100   -0.0000498700    0.0006861600
   0.0007414900   -0.0000191300    0.0006988000
  -0.0003717500   -0.0006407100    0.0006911400
  -0.0000185600   -0.0000371700    0.0007560200
   0.0004528200   -0.0006684900    0.0006728200
   0.0003835500    0.0006166200    0.0007116800
  -0.0003293600    0.0006827200    0.0006760900
  -0.0000138400   -0.0000258600    0.0007726200

19   
 -0.0043855528238265   0.0000000000000000  -0.0089870421401831
  -0.0447628800   -0.0229311000   -0.0550380400
   0.0103384400   -0.0088031200   -0.0268710400
  -0.0007216500   -0.0000420400   -0.0028375900
  -0.0049779600    0.0317025700   -0.0398364400
   0.0005053800   -0.0007931600   -0.0021248200
  -0.0013170000    0.0018306400   -0.0038575700
  -0.0004394500   -0.0003999100   -0.0027516600
   0.0018658700   -0.0012893600   -0.0033553500
  -0.0003003100    0.0000050300   -0.0022537400
   0.0026726900    0.0007370400   -0.0114459000
   0.0009187400   -0.0002826100   -0.0000063700
  -0.0032221000    0.0021538000   -0.0010395400
   0.0011731600    0.0009052300   -0.0008507300
   0.0006564300    0.0004322900    0.0005983000
  -0.0012418400    0.0017243300   -0.0013187600
   0.0006573900   -0.0042395900   -0.0012082100
   0.0009757900   -0.0014956900   -0.0006436800
  -0.0010541500   -0.0005644600   -0.0001883200
   0.0503018200    0.0036134000    0.1303915100
  -0.0046891300   -0.0037428100    0.0068631400
  -0.0029683600   -0.0001421100    0.0085609200
  -0.0043676900   -0.0007792900    0.0067613000
   0.0034959300    0.0018884300    0.0035420500
  -0.0004900000    0.0028726000    0.0033641700
  -0.0002253800   -0.0009840300    0.0088016800
   0.0002488800    0.0014146000    0.0037070200
  -0.0013903500   -0.0009352900    0.0006307400
  -0.0001364500   -0.0000694700   -0.0052008900
  -0.0001322300   -0.0000843500   -0.0078300700
  -0.0000086100   -0.0001818000   -0.0055444800
  -0.0001183900   -0.0000746900   -0.0077626000
  -0.0000764200   -0.0000811200   -0.0076145700
   0.0000534800   -0.0006148800   -0.0078825100
  -0.0001421900    0.0000070200   -0.0054818300
  -0.0005128700    0.0002944400   -0.0078905100
   0.0004558500    0.0001862700   -0.0074956100
   0.0008393900    0.0003767300    0.0060563000
  -0.0023140500    0.0006414600    0.0030841100
   0.0008952500   -0.0002363300    0.0050288700
  -0.0005072200   -0.0021085700    0.0036474700
  -0.0001405200   -0.0001606400    0.0034243900
   0.0006298900   -0.0008585300    0.0052260000
   0.0002762300    0.0008389900    0.0049888600
  -0.0003589900    0.0009267900    0.0051635700
  -0.0000079900   -0.0000392700    0.0035775500
  -0.0000457400   -0.0000678400   -0.0010277500
  -0.0007808200   -0.0001034100    0.0007278600
   0.0007209200   -0.0001259800    0.0007111500
  -0.0004440200   -0.0006925600    0.0007229500
  -0.0000067900   -0.0000517700    0.0007965000
   0.0003247200   -0.0006760300    0.0007390500
   0.0002871900    0.0006104400    0.0006970700
  -0.0003814900    0.0005516200    0.0007320600
  -0.0000104100   -0.0000619000    0.0008139900

28   
  0.0043855528238265   0.0000000000000000   0.0089870421401831
   0.0001308300    0.0000546400   -0.0037064300
   0.0001320000    0.0001471900   -0.0018724500
  -0.0003204900   -0.0000081200   -0.0017093800
   0.0002097700    0.0000487800   -0.0017738500
  -0.0000392500    0.0000039000   -0.0009096100
  -0.0001597900    0.0001631700   -0.0016532600
  -0.0001307100   -0.0002868000   -0.0017592600
   0.0000373400   -0.0002485200   -0.0016480100
   0.0000583500    0.0000396700   -0.0009907400
   0.0013797800    0.0007964800    0.0001338600
  -0.0000156600   -0.0009784300   -0.0001336400
  -0.0014150100    0.0008359300    0.0001742400
  -0.0008573100    0.0004728700   -0.0001411200
   0.0008334000    0.0004858800   -0.0001384400
  -0.0000539100    0.0009624500   -0.0009466300
   0.0000104600   -0.0016347500    0.0001666300
   0.0008139800   -0.0005227300   -0.0009479300
  -0.0008919300   -0.0005026500   -0.0009205000
  -0.0001800400   -0.0001558400    0.0059621400
  -0.0000099400   -0.0040405200    0.0039039400
   0.0002857200   -0.0003528800    0.0063560200
  -0.0034889800    0.0020191500    0.0039544400
   0.0033103800    0.0019435000    0.0036041300
   0.0001943300    0.0017667900    0.0010073500
  -0.0001443700    0.0003648500    0.0063793600
   0.0016098600   -0.0007571200    0.0009806300
  -0.0015094800   -0.0008733700    0.0008139300
  -0.1013016100    0.0006896400   -0.2406500900
   0.0028787500   -0.0039411200   -0.0139372500
   0.0029339600    0.0038563600   -0.0118690200
   0.0017790100    0.0044706200   -0.0139671400
   0.0012753000   -0.0000226900   -0.0068146400
   0.0018775400   -0.0051004100   -0.0141055900
   0.0018171600   -0.0032223300   -0.0117970000
   0.0013797000    0.0035975700   -0.0140012300
   0.0017384700    0.0002457600   -0.0068071200
   0.0439062400    0.0215572600    0.0598467900
  -0.0090867600    0.0083570600    0.0326699000
   0.0012754300    0.0001099800    0.0069815600
   0.0059777600   -0.0309005600    0.0454222900
  -0.0013052500    0.0002998800    0.0048598200
   0.0026182900   -0.0030164200    0.0076010200
   0.0006566800    0.0008976500    0.0067761100
  -0.0022154400    0.0028081800    0.0070703000
  -0.0001217000   -0.0002661100    0.0057068700
  -0.0087008400   -0.0088636500    0.0274429700
   0.0458495200   -0.0231105700    0.0561752800
   0.0011007800   -0.0000989700    0.0026026700
   0.0062360000    0.0312006000    0.0425892900
   0.0019844300    0.0021807500    0.0034077400
  -0.0007663700   -0.0010062200    0.0024395200
   0.0004072400    0.0008198700    0.0027551500
  -0.0021510300   -0.0011663000    0.0028866400
   0.0001674100   -0.0001193800    0.0025297100

28   
 -0.0043855528238265   0.0000000000000000  -0.0089870421401831
  -0.0001461500   -0.0000469600   -0.0038989700
   0.0004364600   -0.0000413100   -0.0016699800
  -0.0002830500    0.0001119100   -0.0018246600
   0.0001481500    0.0003941100   -0.0017694500
   0.0000235900   -0.0000192000   -0.0011664300
  -0.0002291500    0.0002813300   -0.0018851400
  -0.0000937900   -0.0002715900   -0.0017766700
   0.0001562000   -0.0003088900   -0.0018936400
  -0.0000724000   -0.0000428800   -0.0012058200
   0.0013927800    0.0008112300    0.0002650800
  -0.0000028000   -0.0010140200   -0.0001096200
  -0.0013853400    0.0007717200    0.0002222700
  -0.0008836700    0.0005137600   -0.0001010900
   0.0008751200    0.0005048300   -0.0000996300
   0.0000399600    0.0010109400   -0.0009170300
  -0.0000233900   -0.0015833000    0.0002260600
   0.0008845000   -0.0004673200   -0.0009227600
  -0.0008401800   -0.0004890300   -0.0009571100
  -0.0003476300   -0.0001413800    0.0062463000
  -0.0000121000   -0.0037848000    0.0035608500
   0.0002205600    0.0000531100    0.0058897200
  -0.0033054100    0.0018794400    0.0035125100
   0.0034474600    0.0019622200    0.0038542800
  -0.0002012200    0.0016838800    0.0006407300
   0.0001331100    0.0002331100    0.0058688000
   0.0013722400   -0.0009677200    0.0006694900
  -0.0015078300   -0.0008597100    0.0008372200
   0.1021084300   -0.0001589200    0.2301322200
  -0.0026149200    0.0040138900   -0.0012471000
  -0.0032232200   -0.0038333300    0.0011403300
  -0.0016032400   -0.0043604000   -0.0011482700
  -0.0013356700   -0.0000066500   -0.0084128700
  -0.0020384800    0.0042166000   -0.0012229600
  -0.0018976500    0.0030148500    0.0011835900
  -0.0022083300   -0.0032983200   -0.0012818200
  -0.0008724900    0.0002626700   -0.0084086100
  -0.0457296400   -0.0226157500   -0.0478184500
   0.0072688600   -0.0086369200   -0.0227740300
   0.0005831600   -0.0003366300    0.0030315000
  -0.0071249300    0.0303071300   -0.0361302400
   0.0012622100   -0.0002989600    0.0018030800
  -0.0015262900    0.0014890200    0.0024155000
   0.0000652700    0.0008563500    0.0032183300
   0.0014161200   -0.0010503200    0.0029501400
   0.0000872700    0.0002704100    0.0013631700
   0.0085787300    0.0088067100   -0.0293549500
  -0.0455298000    0.0219854400   -0.0530620400
   0.0003971400    0.0000336800   -0.0011348400
  -0.0070646600   -0.0315065100   -0.0404174000
  -0.0019594000   -0.0021717800   -0.0018124900
   0.0015722200   -0.0002488600   -0.0009820900
   0.0002827400    0.0005027200   -0.0013259700
   0.0014700000    0.0024770400   -0.0014347800
  -0.0001594700    0.0001133600   -0.0008642800

37   
  0.0043855528238265   0.0000000000000000   0.0089870421401831
   0.0001378700    0.0000039700   -0.0044642600
   0.0003034500    0.0002013900   -0.0013985800
  -0.0003185400    0.0001257800   -0.0013637400
   0.0002965200    0.0001930900   -0.0014341100
  -0.0001169500   -0.0000328400   -0.0010250900
  -0.0002102800    0.0001391900   -0.0013388300
  -0.0000629700   -0.0003589000   -0.0014293300
  -0.0000082400   -0.0002883100   -0.0013260300
  -0.0000006900   -0.0000015700   -0.0009519200
   0.0014507100    0.0008748300    0.0004201900
  -0.0000276100   -0.0010742000    0.0000983600
  -0.0015307500    0.0008541300    0.0004009600
  -0.0009698000    0.0005175400    0.0000963800
   0.0008896200    0.0005607900    0.0000780900
  -0.0000242300    0.0009285300   -0.0007821000
  -0.0000076500   -0.0017259200    0.0004461100
   0.0007618400   -0.0004850900   -0.0007545000
  -0.0008522900   -0.0004499700   -0.0007395500
  -0.0011767100   -0.0005760000    0.0070050500
  -0.0000027400   -0.0039134500    0.0037309100
   0.0015419700   -0.0009859100    0.0080485400
  -0.0034158900    0.0019408600    0.0037688000
   0.0033612500    0.0019732200    0.0037127700
  -0.0000687300    0.0014886900    0.0007296900
  -0.0001160000    0.0015663200    0.0074850600
   0.0012532000   -0.0007949600    0.0006607200
  -0.0013332600   -0.0006986200    0.0007514400
   0.0460516500    0.0228531200    0.0489721600
   0.0003394000   -0.0003796000   -0.0059862700
  -0.0085156000    0.0087537900    0.0221816100
  -0.0002930600    0.0003164700   -0.0058383100
   0.0004589000    0.0000174500   -0.0060503100
  -0.0018627800    0.0007151200   -0.0058956700
   0.0065570400   -0.0313758600    0.0353608500
   0.0010237400   -0.0016750100   -0.0049789100
  -0.0002975000    0.0008930700   -0.0066589200
  -0.0489557100   -0.0000688500   -0.1329947400
   0.0010325200   -0.0002342600    0.0024198700
   0.0048605800   -0.0005326100    0.0014694300
  -0.0009790100   -0.0001443000    0.0020514200
  -0.0001468300   -0.0000311100    0.0035900700
   0.0017291300   -0.0028030900    0.0018534300
   0.0009875700    0.0035076100    0.0015459900
  -0.0002271500    0.0002375300    0.0023179900
  -0.0001623700   -0.0000328700    0.0037215000
  -0.0009093400    0.0000371300    0.0190455600
   0.0014403600   -0.0018131500    0.0013234400
   0.0001637100   -0.0003829400    0.0000006700
  -0.0012252700    0.0025955000    0.0014917300
   0.0000609300   -0.0000258300   -0.0002969100
   0.0001443300   -0.0003800400   -0.0001985500
  -0.0018361100    0.0000593500    0.0008715900
   0.0007583600   -0.0000602100    0.0004919200
   0.0000494000   -0.0000289700   -0.0002356700

37   
 -0.0043855528238265   0.0000000000000000  -0.0089870421401831
  -0.0001486400   -0.0000015800   -0.0029465400
   0.0002884300   -0.0000771100   -0.0019806400
  -0.0004003800   -0.0000615800   -0.0019958400
   0.0000490600    0.0002773900   -0.0019106500
  -0.0000107300   -0.0000410800   -0.0008750500
  -0.0001400800    0.0003206400   -0.0020407300
  -0.0002676100   -0.0002253400   -0.0019443500
   0.0002135100   -0.0002135200   -0.0020441400
   0.0000063100    0.0000310900   -0.0010546300
   0.0014002300    0.0008308300    0.0001181800
   0.0000110500   -0.0010648700   -0.0001625500
  -0.0014285900    0.0007875600    0.0001293200
  -0.0009369900    0.0005200900   -0.0001902000
   0.0008950600    0.0005528700   -0.0001791100
   0.0000222200    0.0009154100   -0.0009916800
   0.0000086100   -0.0016318900    0.0001374400
   0.0007668900   -0.0004645800   -0.0009575400
  -0.0008066900   -0.0004434100   -0.0009601200
   0.0007376700    0.0003842800    0.0053196700
  -0.0000179000   -0.0040596600    0.0037559700
  -0.0012384400    0.0007435800    0.0041984500
  -0.0035481500    0.0020095600    0.0037477500
   0.0034683900    0.0020594900    0.0038078900
   0.0000799100    0.0018395400    0.0010157600
   0.0001293300   -0.0011416600    0.0047398200
   0.0015600000   -0.0008940700    0.0010243300
  -0.0016111600   -0.0009401500    0.0009354600
  -0.0441274800   -0.0216870900   -0.0583058200
  -0.0003732400    0.0005005100   -0.0097180900
   0.0083771200   -0.0086106400   -0.0333601600
   0.0003003100   -0.0003999200   -0.0098170200
  -0.0005468000   -0.0001156900   -0.0096420300
   0.0017755200   -0.0018161600   -0.0097965100
  -0.0065531600    0.0304337100   -0.0459243600
  -0.0019906900    0.0021761500   -0.0106177700
   0.0011332700   -0.0003731100   -0.0090036000
   0.0495600400   -0.0001214000    0.1439802300
  -0.0029723300    0.0001028600    0.0080286000
  -0.0030579000    0.0003447100    0.0090205900
  -0.0002328200   -0.0014478800    0.0084112600
   0.0001340700    0.0000005600    0.0036071100
  -0.0006549600    0.0012759300    0.0086469100
  -0.0002761900   -0.0017523400    0.0088976900
  -0.0006131200    0.0014588200    0.0081392100
   0.0001329400    0.0000005600    0.0037622900
   0.0008860600    0.0000161500   -0.0210361000
  -0.0029790400    0.0018380500   -0.0001819600
   0.0012585000    0.0003594600    0.0011525100
   0.0003736900   -0.0038698200   -0.0003566500
  -0.0000734300    0.0000048000    0.0015210500
   0.0005833400   -0.0008854600    0.0013184000
   0.0024614100    0.0012323200    0.0003209400
  -0.0015391700    0.0013187600    0.0006580700
  -0.0000672800    0.0000043500    0.0015989400

46   
  0.0043855528238265   0.0000000000000000   0.0089870421401831
   0.0000622700   -0.0000538900   -0.0039318600
   0.0003299600    0.0000358400   -0.0017455200
  -0.0003050900    0.0000099900   -0.0017340900
   0.0002215000    0.0002238000   -0.0017177000
  -0.0000294100   -0.0000319900   -0.0010418700
  -0.0001370100    0.0002252200   -0.0017535600
  -0.0000900800   -0.0002443400   -0.0017322600
   0.0001207600   -0.0002077300   -0.0017562600
   0.0000390800    0.0000551400   -0.0010855200
   0.0014774000    0.0008538500    0.0002677100
   0.0000481500   -0.0010853200   -0.0000626700
  -0.0014407300    0.0008017200    0.0002600400
  -0.0009122900    0.0005401600   -0.0000564400
   0.0009403600    0.0005934600   -0.0000605500
   0.0000548200    0.0009345000   -0.0009192400
   0.0000526000   -0.0016976800    0.0003514300
   0.0007949800   -0.0004867200   -0.0008472500
  -0.0007746900   -0.0004470800   -0.0008439200
  -0.0001651600   -0.0000964900    0.0060933700
   0.0000219200   -0.0039601600    0.0037005100
   0.0001971300   -0.0001425300    0.0060887500
  -0.0034155700    0.0019659700    0.0037097400
   0.0034142500    0.0020373200    0.0036842500
   0.0000557200    0.0016532800    0.0007975900
   0.0000630600    0.0001954200    0.0059966400
   0.0014145200   -0.0008451900    0.0007539100
  -0.0014015500   -0.0008054100    0.0007177100
  -0.0082871400   -0.0086183200    0.0226308000
   0.0003777400    0.0004722100   -0.0061073700
   0.0444944700   -0.0218051500    0.0482236200
   0.0005344200   -0.0001149700   -0.0060628500
  -0.0002302200   -0.0003778300   -0.0060273000
  -0.0017625400   -0.0016382000   -0.0058234600
   0.0066797500    0.0305883400    0.0355084200
  -0.0009550600   -0.0004707100   -0.0065031000
   0.0018414200    0.0020725800   -0.0049994800
  -0.0008310400    0.0000190600    0.0270067200
  -0.0014939300    0.0004313200    0.0047056200
   0.0031881200    0.0018347900    0.0060196900
  -0.0006853600   -0.0011197900    0.0045786600
   0.0001086300   -0.0000094900    0.0027168200
  -0.0002648600   -0.0040478100    0.0061686400
   0.0016572500    0.0015232300    0.0052236800
  -0.0026036300    0.0013975300    0.0055078200
   0.0001082000   -0.0000108400    0.0028751100
  -0.0497519700   -0.0001286700   -0.1311177800
   0.0032725800    0.0003772300   -0.0036841300
   0.0025135400    0.0000770700   -0.0025448800
   0.0008188500    0.0014735900   -0.0033196100
  -0.0001573100    0.0000013100    0.0004693000
   0.0000641200   -0.0010614700   -0.0029309700
   0.0004405100    0.0011226000   -0.0027216800
   0.0004396700   -0.0020066700   -0.0034841400
  -0.0001531000   -0.0000020600    0.0005588900

46   
 -0.0043855528238265   0.0000000000000000  -0.0089870421401831
   0.0000466500   -0.0000282500   -0.0035779600
   0.0003338700    0.0000756400   -0.0017160000
  -0.0003034200    0.0000363000   -0.0017109000
   0.0002545000    0.0002308500   -0.0017071700
  -0.0000203800   -0.0000325700   -0.0009501200
  -0.0001301300    0.0002042700   -0.0017062900
  -0.0000825300   -0.0003009800   -0.0017285800
   0.0001093400   -0.0002228000   -0.0017051700
   0.0000702900    0.0000316600   -0.0010239800
   0.0014717200    0.0008217600    0.0001923100
   0.0000288800   -0.0010553300   -0.0000718300
  -0.0014217100    0.0008047900    0.0001971500
  -0.0008766200    0.0005102700   -0.0001089200
   0.0009115000    0.0005569700   -0.0000968700
   0.0000472800    0.0009203100   -0.0009637900
   0.0000644700   -0.0016659600    0.0002342000
   0.0007974000   -0.0004589500   -0.0008991500
  -0.0007748500   -0.0004371700   -0.0009092100
  -0.0001830100   -0.0001292900    0.0061906300
   0.0000497400   -0.0040109400    0.0037445900
   0.0002389800   -0.0001609000    0.0061663900
  -0.0034250600    0.0019923200    0.0037703100
   0.0034789200    0.0020309900    0.0037752600
   0.0000574400    0.0016853200    0.0009351400
   0.0000607500    0.0002472400    0.0061362900
   0.0014618100   -0.0008375900    0.0008504100
  -0.0014329400   -0.0008204700    0.0009009900
   0.0084165800    0.0086998400   -0.0338314400
  -0.0003582000   -0.0003655300   -0.0097843700
  -0.0463518600    0.0229451300   -0.0612636900
  -0.0004270300    0.0000266500   -0.0097994600
   0.0002283900    0.0003186000   -0.0098133500
   0.0018453500    0.0005210300   -0.0100271200
  -0.0066252600   -0.0314886800   -0.0474183900
   0.0000863400    0.0010160700   -0.0093134800
  -0.0008606600   -0.0015612500   -0.0108612400
   0.0009605000    0.0000191800   -0.0131801200
  -0.0004313900   -0.0005665000    0.0057514000
  -0.0012278000   -0.0020334100    0.0044139700
  -0.0004069600   -0.0005219600    0.0058958100
  -0.0000371500    0.0000002400    0.0044322900
   0.0014460900    0.0025278300    0.0042761500
  -0.0008107200    0.0002556200    0.0052218900
   0.0018720800    0.0003312900    0.0049461600
  -0.0000322100   -0.0000010300    0.0045786000
   0.0487325900   -0.0000929400    0.1348879500
  -0.0047433400   -0.0003638700    0.0047366200
  -0.0009994000   -0.0001251600    0.0036633100
  -0.0015496900   -0.0028184100    0.0043658800
   0.0002339300   -0.0000000800    0.0007055100
   0.0007597700   -0.0002048600    0.0040235800
   0.0003246800    0.0001963300    0.0038499900
  -0.0011202600    0.0032969400    0.0045737900
   0.0002427800    0.0000014600    0.0007520200
