112  
14   

1    
  0.0060228094711039   0.0000000000000000   0.0079828419798203
  -0.2118430700   -0.0001476600   -0.0746173300
   0.0322464700    0.0035082500   -0.0069845700
   0.0870198100   -0.0000620700    0.0005692600
   0.0331141100   -0.0035650800   -0.0052231400
  -0.0430158600    0.0402040600   -0.0065932100
   0.0457823200    0.0401546000    0.0005513900
   0.0413007200   -0.0346433500    0.0004670600
  -0.0390573700   -0.0378378200   -0.0055009800
   0.0213196100    0.0377502500    0.0005390200
  -0.0210818800   -0.0011818000    0.0005066400
   0.0213432100   -0.0377625800    0.0006316400
  -0.0211574200    0.0011779600    0.0005189000
  -0.0392158300    0.0450287300   -0.0056811900
  -0.0427658400   -0.0473327800   -0.0064220600
   0.0458217700   -0.0401561400    0.0005752400
   0.0411691000    0.0346569600    0.0004750300
  -0.0294364000   -0.0005857800   -0.0300901400
   0.0296025800    0.0157908800   -0.0268557700
   0.0257406300   -0.0132420500    0.0238392600
  -0.0062377700   -0.0087555700    0.0594677300
   0.0134942200    0.0099285200   -0.0130076000
   0.0001999300   -0.0000582800   -0.0000827800
   0.0128745100   -0.0096953000    0.0132406800
  -0.0277404200   -0.0010981500    0.0002909600
  -0.0005383100    0.0143642100    0.0120459400
  -0.0007343800   -0.0150813000   -0.0121014400
   0.0007274400   -0.0012667100   -0.0003543500
   0.0007555300    0.0017526800   -0.0004696800
  -0.0246125300    0.0114850500    0.0161361500
   0.0126367600   -0.0254064900   -0.0384514300
   0.0033648500   -0.0003281500   -0.0002719900
   0.0139047500    0.0223023100    0.0358677500
  -0.0117859800    0.0095293000    0.0617086700
   0.0294981100    0.0158096500    0.0276742100
   0.0254050100   -0.0130505400   -0.0225792800
  -0.0222238200    0.0005130500   -0.0279938000
   0.0135791500    0.0099050300    0.0139877500
   0.0002123900   -0.0000586100   -0.0002214100
   0.0126318200   -0.0095593700   -0.0120915500
  -0.0275552500    0.0014739000    0.0015087700
  -0.0005114200    0.0140711500   -0.0108576100
  -0.0007736200   -0.0151273800    0.0130225900
   0.0007542800   -0.0012619500   -0.0000276200
   0.0007366900    0.0017639900    0.0001177700
  -0.0245195200   -0.0079112400    0.0154198800
   0.0147488300   -0.0264990500    0.0399051700
   0.0033743700   -0.0003502100   -0.0000864800
   0.0115734400    0.0208637000   -0.0337612600
  -0.0000005700   -0.0000388000   -0.0000931700
  -0.0000118900    0.0000226100   -0.0001006100
   0.0000584200    0.0000078800   -0.0002649600
  -0.0000343900    0.0002412700   -0.0001510900
   0.0000393900   -0.0000303400   -0.0000869100
   0.0000015400    0.0000077200   -0.0001086800
   0.0000006600   -0.0001927700   -0.0000258600
  -0.0000496700   -0.0001092000   -0.0000343200
   0.0000695000    0.0000350000   -0.0001815800
  -0.0001490700    0.0001360100    0.0000125400
  -0.0000613800    0.0000015300   -0.0000980300
   0.0000873900    0.0000602700   -0.0000788400
   0.0002045100   -0.0001403100   -0.0000413600
  -0.0001660600    0.0000164700    0.0000134200
   0.0001170500    0.0000854900   -0.0000694300
  -0.0002115600   -0.0001052800   -0.0002509900
   0.0000045900    0.0000041400   -0.0000744900
  -0.0000045900   -0.0000528800   -0.0000649900
  -0.0000097500    0.0000025600   -0.0000634900
  -0.0000099900   -0.0000567900   -0.0000577800
  -0.0000431900    0.0000234800   -0.0000764100
   0.0000466900    0.0000303900   -0.0000559200
  -0.0000205700    0.0001095400   -0.0001393100
  -0.0000021800    0.0000799700   -0.0000986500
  -0.0000037400   -0.0000096200   -0.0000697000
   0.0000784400   -0.0000754000   -0.0001455500
   0.0000055800   -0.0000015200   -0.0000657600
  -0.0000756600   -0.0000373700   -0.0000916700
  -0.0000442200    0.0000201200   -0.0000914700
   0.0000846300   -0.0000322000   -0.0001252000
  -0.0000868100   -0.0000440700   -0.0001121300
   0.0000532600    0.0000375000   -0.0000258000
  -0.0000368800    0.0000005800   -0.0002191100
   0.0000656100   -0.0001390300    0.0012236100
   0.0001151600   -0.0000180400    0.0001158000
  -0.0000034800   -0.0000605400   -0.0006296400
  -0.0001548000    0.0001294200    0.0007302100
   0.0000449400    0.0000521400    0.0002241400
   0.0000417700   -0.0000444800    0.0000352200
  -0.0000145600    0.0000364100   -0.0002412000
  -0.0000081000    0.0000688900    0.0001262300
  -0.0000395500   -0.0000024600    0.0001285300
   0.0000225200   -0.0000546300    0.0000953100
   0.0000035300    0.0000546000    0.0000811000
  -0.0001354100    0.0000752400   -0.0001903600
   0.0000699400   -0.0000401400    0.0006818500
   0.0000994200   -0.0000566900    0.0001321000
  -0.0000003400   -0.0000032100    0.0000186400
  -0.0000168700   -0.0000008100    0.0001266200
  -0.0000354200   -0.0000071100    0.0000898700
   0.0000038500    0.0000360800    0.0001606000
   0.0000333100   -0.0000092900    0.0000834500
  -0.0000329900   -0.0000168800    0.0000845400
   0.0000017700    0.0000031300    0.0001119500
  -0.0000031800   -0.0000012800    0.0000993900
   0.0000140300   -0.0000342700    0.0000875200
   0.0000156900   -0.0000065900    0.0001475600
  -0.0000049100   -0.0000025200    0.0001070300
  -0.0000464100   -0.0000296900    0.0001727100
   0.0000164800    0.0000076600    0.0001412400
  -0.0000036700    0.0000367800    0.0000816100
  -0.0000245500    0.0000304400    0.0000904000
   0.0000174600   -0.0000001500    0.0001366600
   0.0000035800   -0.0000078200    0.0001438300

1    
 -0.0060228094711039   0.0000000000000000  -0.0079828419798203
   0.2118436000   -0.0002734100    0.0758658500
  -0.0351734300   -0.0034952500    0.0071811200
  -0.0869536700    0.0000511900   -0.0000546600
  -0.0302177300    0.0036184300    0.0058580900
   0.0382446400   -0.0397245300    0.0069032200
  -0.0410720300   -0.0345707500   -0.0000348900
  -0.0460191500    0.0401806200    0.0000588600
   0.0438537600    0.0382485600    0.0061954500
  -0.0212730500   -0.0378036900   -0.0000025400
   0.0211283400   -0.0014036600   -0.0000054000
  -0.0214462100    0.0377880100   -0.0000722900
   0.0211603100    0.0013783800   -0.0000038700
   0.0439441900   -0.0455097300    0.0062494600
   0.0380752000    0.0468015400    0.0068729200
  -0.0411253100    0.0346364900   -0.0000500600
  -0.0459039000   -0.0401369800    0.0000566000
   0.0214442700   -0.0002857900    0.0285996900
  -0.0253839600   -0.0133437900    0.0228265600
  -0.0299048100    0.0155013400   -0.0279447100
   0.0127886500    0.0088278400   -0.0619111400
  -0.0125104900   -0.0092314600    0.0118266800
  -0.0003380600   -0.0000749100   -0.0002606800
  -0.0135651400    0.0103549200   -0.0144094900
   0.0275562000    0.0014035900   -0.0022790200
   0.0004293100   -0.0155505300   -0.0135578800
   0.0008198100    0.0142816200    0.0109193800
  -0.0009228700    0.0014326400   -0.0004150600
  -0.0005447200   -0.0013054100   -0.0000558400
   0.0249295900   -0.0067736400   -0.0151852100
  -0.0122195100    0.0212293000    0.0336607100
  -0.0031173400    0.0000109700   -0.0000512400
  -0.0149427100   -0.0263812400   -0.0406857800
   0.0051326200   -0.0096725700   -0.0597037900
  -0.0252986000   -0.0133722400   -0.0242569600
  -0.0295194600    0.0152818700    0.0260618300
   0.0300873300   -0.0012243300    0.0286331200
  -0.0125892400   -0.0092121100   -0.0133779000
  -0.0003500800   -0.0000731000   -0.0000150000
  -0.0133049600    0.0102202000    0.0126678200
   0.0274023500   -0.0011658400   -0.0001131500
   0.0004103900   -0.0152391000    0.0117756400
   0.0008649300    0.0143242600   -0.0124396400
  -0.0009420600    0.0014248300    0.0002070500
  -0.0005325600   -0.0013245600   -0.0001737200
   0.0248471800    0.0126390500   -0.0169836900
  -0.0142901700    0.0223490200   -0.0357404900
  -0.0031311900    0.0000322400   -0.0001571900
  -0.0125492000   -0.0248954300    0.0379644400
   0.0000043500    0.0000450700   -0.0000394300
   0.0000099600   -0.0000197000   -0.0000378000
  -0.0000544100   -0.0000056900    0.0001318400
   0.0000324200   -0.0002429200    0.0000112800
  -0.0000396900    0.0000293400   -0.0000522500
  -0.0000006600   -0.0000052000   -0.0000253600
   0.0000006700    0.0001922900   -0.0001123700
   0.0000507700    0.0001161900   -0.0000982900
  -0.0000683200   -0.0000339100    0.0000415900
   0.0001499200   -0.0001373000   -0.0001522800
   0.0000656200   -0.0000007400   -0.0000399600
  -0.0000888800   -0.0000602800   -0.0000604000
  -0.0002106900    0.0001384100   -0.0000908900
   0.0001742600   -0.0000221800   -0.0001412000
  -0.0001168700   -0.0000898500   -0.0000627600
   0.0002141800    0.0001034500    0.0001187300
  -0.0000051100   -0.0000047500   -0.0000565900
   0.0000077800    0.0000524500   -0.0000676900
   0.0000092200   -0.0000026700   -0.0000694900
   0.0000118200    0.0000579100   -0.0000749100
   0.0000449000   -0.0000209000   -0.0000573200
  -0.0000457200   -0.0000305100   -0.0000781800
   0.0000217000   -0.0001069600    0.0000061000
   0.0000021200   -0.0000793300   -0.0000348800
   0.0000034000    0.0000082500   -0.0000628400
  -0.0000753600    0.0000734400    0.0000137600
  -0.0000054600    0.0000000800   -0.0000676900
   0.0000762900    0.0000366100   -0.0000417300
   0.0000463600   -0.0000188400   -0.0000414100
  -0.0000835100    0.0000332200   -0.0000065700
   0.0000876600    0.0000453500   -0.0000213000
  -0.0000528900   -0.0000365000   -0.0001080700
   0.0000408600    0.0000018200    0.0002634600
  -0.0000750700    0.0001438900   -0.0009790800
  -0.0001144800    0.0000188200    0.0000237200
   0.0000083500    0.0000630100    0.0008795100
   0.0001508100   -0.0001348500   -0.0005833800
  -0.0000400100   -0.0000467500   -0.0000923400
  -0.0000432000    0.0000501200    0.0000981100
   0.0000185400   -0.0000384100    0.0003823400
   0.0000090900   -0.0000702400    0.0000015900
   0.0000416200    0.0000001100    0.0000017700
  -0.0000226300    0.0000533400    0.0000327700
  -0.0000031700   -0.0000557700    0.0000597700
   0.0001437300   -0.0000746400    0.0003467100
  -0.0000791200    0.0000418500   -0.0005398200
  -0.0000969600    0.0000540200    0.0000066400
  -0.0000020500    0.0000004400    0.0001055600
   0.0000178400    0.0000005200    0.0000493000
   0.0000360300    0.0000070100    0.0000850400
  -0.0000040000   -0.0000355100    0.0000151100
  -0.0000304300    0.0000086500    0.0000920400
   0.0000338900    0.0000173200    0.0000892100
  -0.0000014400   -0.0000031400    0.0000617800
   0.0000038900    0.0000015700    0.0000762300
  -0.0000123300    0.0000349800    0.0000853300
  -0.0000151700    0.0000068500    0.0000267700
   0.0000052700    0.0000035600    0.0000690500
   0.0000477800    0.0000299400    0.0000018900
  -0.0000152100   -0.0000078200    0.0000329100
   0.0000048100   -0.0000357000    0.0000932500
   0.0000249800   -0.0000295100    0.0000828400
  -0.0000164200    0.0000007900    0.0000376800
  -0.0000027000    0.0000070300    0.0000294000

17   
  0.0060228094711039   0.0000000000000000   0.0079828419798203
  -0.0816361700   -0.0311922700    0.0097294200
   0.0415005100   -0.0390635000    0.0206973400
   0.0650875100   -0.0022228300    0.0008480100
  -0.0058641000    0.0008090700    0.0007500700
  -0.0268803900    0.0718672400    0.0154218600
   0.0657688900    0.0556093900    0.0019819600
   0.0033758800   -0.0000565000    0.0000912100
  -0.0370923200    0.0046638100    0.0004553800
   0.0160561500    0.0321667400    0.0008051400
   0.0007205900    0.0015341500    0.0001068000
   0.0007592500   -0.0015096800    0.0000807300
  -0.0173970600    0.0284977400    0.0007937600
  -0.0041241700   -0.0058404200    0.0007616400
  -0.0297809100   -0.0603458700    0.0012105700
   0.0325060900   -0.0549373100    0.0008404900
   0.0001497800   -0.0000037500    0.0001016900
  -0.0616433300    0.0022955700   -0.1139528300
   0.0430665700    0.0198873900   -0.0408484800
   0.0004403300   -0.0001775900   -0.0004811300
  -0.0025113300    0.0018183200   -0.0060299000
   0.0193873000    0.0173072500   -0.0244699700
   0.0019055000    0.0011592700   -0.0019626400
   0.0002924800   -0.0001683500    0.0002474300
  -0.0212453300    0.0107282100   -0.0215930400
  -0.0000649700    0.0001861500   -0.0005783300
  -0.0000468500   -0.0009639900   -0.0007816200
   0.0001156700   -0.0002548200   -0.0004551400
  -0.0000389000    0.0015914900   -0.0008485700
  -0.0028913300   -0.0039241400   -0.0075537400
   0.0009203200   -0.0464195300   -0.0394580900
   0.0026438400   -0.0015060000   -0.0015554400
  -0.0003225700   -0.0000880300   -0.0002854300
  -0.0364840000    0.0005275600    0.0708602700
   0.0418076900    0.0209330900    0.0397144600
   0.0004790200   -0.0001837400   -0.0000719600
  -0.0056659100    0.0020706500    0.0035166200
   0.0198261300    0.0165201600    0.0226292500
   0.0019484000    0.0011949100    0.0014938100
   0.0003586900   -0.0002137700   -0.0005324700
  -0.0229107000    0.0125406400    0.0197742900
  -0.0001289000    0.0002477200    0.0000347900
  -0.0000631500   -0.0009534800    0.0004109600
   0.0000582700   -0.0003130700   -0.0001132200
  -0.0000291800    0.0014425500    0.0004889900
  -0.0034377300   -0.0056186500    0.0050227700
   0.0002083800   -0.0470492900    0.0383354000
   0.0025936600   -0.0014679100    0.0011748900
  -0.0001186800    0.0000233900   -0.0000617200
  -0.0000384400   -0.0000057400    0.0000370100
  -0.0000178500   -0.0000169300   -0.0000520700
  -0.0000022600   -0.0000284400   -0.0000609600
  -0.0000367300   -0.0000326700   -0.0000252500
  -0.0000339100   -0.0000168200   -0.0000532500
  -0.0000248500   -0.0000168700   -0.0000671700
  -0.0000194900   -0.0000269300   -0.0000632000
  -0.0000267000   -0.0000421100   -0.0000054800
  -0.0000275400    0.0000046800   -0.0000563100
  -0.0000283800   -0.0000249200   -0.0000569000
  -0.0000237700   -0.0000315300   -0.0000523300
  -0.0000058300   -0.0000161200   -0.0000680100
  -0.0000606500   -0.0000162100    0.0000050000
  -0.0000390300   -0.0000100800    0.0000268800
  -0.0000020500   -0.0000069200   -0.0000616900
   0.0000042200    0.0000001900   -0.0000373500
  -0.0000373400   -0.0000248200   -0.0000403200
  -0.0000330600   -0.0000170200   -0.0000349500
  -0.0000144800   -0.0000193100   -0.0000430000
  -0.0000119600   -0.0000240000   -0.0000417800
  -0.0000283700   -0.0000233500   -0.0000381200
  -0.0000239400   -0.0000186100   -0.0000350200
  -0.0000171000   -0.0000287400   -0.0000393800
  -0.0000272700   -0.0000234900   -0.0000529800
  -0.0000227000   -0.0000105700   -0.0000424200
  -0.0000302600   -0.0000071200   -0.0000358500
  -0.0000270900   -0.0000211800   -0.0000405900
  -0.0000215700   -0.0000170100   -0.0000398200
  -0.0000239100   -0.0000041600   -0.0000407900
  -0.0000313200   -0.0000164900   -0.0000496600
  -0.0000205000   -0.0000155200   -0.0000397300
  -0.0000227000   -0.0000159500   -0.0000561300
  -0.0000933700   -0.0000451400    0.0002825100
   0.0000181700   -0.0000511500    0.0013057000
   0.0000312500   -0.0000151700    0.0001186600
  -0.0000509400   -0.0000207300    0.0000674100
  -0.0000431800    0.0000457000    0.0007770000
   0.0000315500    0.0000341000    0.0001923800
  -0.0000229800   -0.0000085100    0.0000514300
  -0.0000760600   -0.0000085300    0.0000975400
  -0.0000066800    0.0000237900    0.0000925200
  -0.0000112400   -0.0000246900    0.0000508100
  -0.0000281400   -0.0000202200    0.0000553200
  -0.0000463100    0.0000145600    0.0000911800
  -0.0000469400   -0.0000408500    0.0000705400
  -0.0000592200   -0.0000824100    0.0001437900
  -0.0000021500   -0.0000682400    0.0001167700
  -0.0000254500   -0.0000195600    0.0000593800
  -0.0000292400   -0.0000215100    0.0000511100
  -0.0000167400   -0.0000215900    0.0000574900
  -0.0000147200   -0.0000132100    0.0000628000
  -0.0000376100   -0.0000152400    0.0000639100
  -0.0000232200   -0.0000105100    0.0000549300
  -0.0000116500   -0.0000116200    0.0000593700
  -0.0000283200   -0.0000151200    0.0000550800
  -0.0000330200   -0.0000116500    0.0000548400
  -0.0000151800   -0.0000098200    0.0000618200
  -0.0000219300   -0.0000216200    0.0000556400
  -0.0000270800   -0.0000170000    0.0000542300
  -0.0000329300   -0.0000100700    0.0000649000
  -0.0000288000   -0.0000308800    0.0000629200
  -0.0000223800   -0.0000303100    0.0000567200
  -0.0000234100   -0.0000280500    0.0000641900
  -0.0000241700   -0.0000179000    0.0000623900

17   
 -0.0060228094711039   0.0000000000000000  -0.0079828419798203
   0.0724505000    0.0292114900   -0.0094294800
  -0.0425960500    0.0380923700   -0.0224525300
  -0.0569850100    0.0021485400   -0.0004800700
   0.0059533100   -0.0008385000   -0.0003729600
   0.0226035900   -0.0656593800   -0.0157709800
  -0.0595046100   -0.0487060500   -0.0015861900
  -0.0032869300    0.0000119800    0.0002775200
   0.0348393900   -0.0047821400   -0.0000893700
  -0.0149787100   -0.0301259300   -0.0004315300
  -0.0007095700   -0.0014735500    0.0002674900
  -0.0007449400    0.0014538100    0.0003007200
   0.0162440500   -0.0265543000   -0.0004111400
   0.0041535800    0.0059094200   -0.0003791600
   0.0256702600    0.0534857700   -0.0008449300
  -0.0284977200    0.0479283500   -0.0004520000
  -0.0001437200   -0.0000201000    0.0002591400
   0.0602451000    0.0012841900    0.1090325800
  -0.0379181800   -0.0172775700    0.0358817300
  -0.0004714600    0.0001276000    0.0003456700
   0.0024543300   -0.0019717100    0.0058599400
  -0.0181447100   -0.0160055700    0.0227650600
  -0.0017755900   -0.0011594400    0.0015857900
  -0.0003388800    0.0002015600   -0.0004053700
   0.0198448100   -0.0099276900    0.0200586400
  -0.0000520400   -0.0001768300    0.0004271000
   0.0001156200    0.0009343500    0.0005782200
  -0.0001644200    0.0001118900    0.0002436100
   0.0000824300   -0.0016096600    0.0006210200
   0.0025380300    0.0038043100    0.0073292000
  -0.0010092600    0.0406746300    0.0345373900
  -0.0023259300    0.0014238900    0.0011425300
   0.0003962900    0.0000881900    0.0000652000
   0.0314258000    0.0006335000   -0.0651207900
  -0.0367336400   -0.0183442100   -0.0352048300
  -0.0005143400    0.0001338100   -0.0001899800
   0.0056432400   -0.0022489600   -0.0037618200
  -0.0186026700   -0.0152323900   -0.0213641000
  -0.0018133000   -0.0011914000   -0.0015298600
  -0.0004072600    0.0002495000    0.0002943900
   0.0215264900   -0.0117351600   -0.0186727800
   0.0000102500   -0.0002372400   -0.0002829800
   0.0001314000    0.0009157600   -0.0006061500
  -0.0001089600    0.0001738000   -0.0000777400
   0.0000747800   -0.0014575000   -0.0006631800
   0.0030737200    0.0055142400   -0.0052119500
  -0.0002930300    0.0413388600   -0.0338631100
  -0.0022738400    0.0013848300   -0.0011664200
   0.0001885800   -0.0000272600   -0.0001241700
   0.0000240000   -0.0000176100   -0.0001564000
   0.0000082700   -0.0000087100   -0.0000782200
  -0.0000116400    0.0000020500   -0.0000706800
   0.0000203400    0.0000051300   -0.0001038400
   0.0000210100   -0.0000042000   -0.0000783600
   0.0000123700   -0.0000073500   -0.0000670000
   0.0000037500    0.0000018900   -0.0000686800
   0.0000132500    0.0000186300   -0.0001242700
   0.0000117000   -0.0000299800   -0.0000752800
   0.0000141500   -0.0000034300   -0.0000736900
   0.0000110400    0.0000058900   -0.0000785900
  -0.0000056100   -0.0000082700   -0.0000652100
   0.0000414900   -0.0000108900   -0.0001282900
   0.0000281100   -0.0000174600   -0.0001506300
  -0.0000089500   -0.0000181100   -0.0000708200
  -0.0000175300   -0.0000264900   -0.0000971000
   0.0000238400   -0.0000005300   -0.0000410200
   0.0000190500   -0.0000072500   -0.0000460100
   0.0000017500   -0.0000059400   -0.0000393000
  -0.0000022500   -0.0000005600   -0.0000398800
   0.0000151700   -0.0000026300   -0.0000432700
   0.0000098800   -0.0000067600   -0.0000465900
   0.0000042200    0.0000029000   -0.0000431500
   0.0000131100   -0.0000016300   -0.0000288500
   0.0000098500   -0.0000142100   -0.0000398700
   0.0000157600   -0.0000176300   -0.0000463700
   0.0000139300   -0.0000043800   -0.0000418000
   0.0000076600   -0.0000078500   -0.0000422200
   0.0000109800   -0.0000222500   -0.0000409300
   0.0000171100   -0.0000091600   -0.0000318300
   0.0000075500   -0.0000106400   -0.0000420200
   0.0000084200   -0.0000097200   -0.0000256700
   0.0000729500    0.0000184300   -0.0001132500
  -0.0000318800    0.0000268600   -0.0009899200
  -0.0000373700   -0.0000093400    0.0000480500
   0.0000370900   -0.0000029300    0.0000893500
   0.0000281500   -0.0000667700   -0.0005650000
  -0.0000413700   -0.0000523800   -0.0000216100
   0.0000109700   -0.0000167500    0.0001049600
   0.0000585400   -0.0000164200    0.0000624500
  -0.0000029800   -0.0000477500    0.0000683500
  -0.0000040700   -0.0000005900    0.0001075600
   0.0000147300   -0.0000067800    0.0001042400
   0.0000303100   -0.0000372500    0.0000662400
   0.0000339400    0.0000138100    0.0000882600
   0.0000399800    0.0000504300    0.0000194200
  -0.0000061700    0.0000358800    0.0000543400
   0.0000107400   -0.0000065000    0.0001001900
   0.0000156000   -0.0000037400    0.0001310500
   0.0000039300   -0.0000036400    0.0001238300
   0.0000013700   -0.0000119100    0.0001191800
   0.0000234400   -0.0000102500    0.0001186000
   0.0000096800   -0.0000144200    0.0001271400
  -0.0000014600   -0.0000134100    0.0001231500
   0.0000141800   -0.0000105200    0.0001273600
   0.0000199300   -0.0000135600    0.0001282100
   0.0000018800   -0.0000156700    0.0001198400
   0.0000080600   -0.0000044400    0.0001274800
   0.0000132200   -0.0000080500    0.0001280200
   0.0000195500   -0.0000148800    0.0001175200
   0.0000147200    0.0000054500    0.0001193400
   0.0000093100    0.0000046400    0.0001257200
   0.0000105600    0.0000030100    0.0001178900
   0.0000099000   -0.0000075000    0.0001204700

33   
  0.0060228094711039   0.0000000000000000   0.0079828419798203
   0.0420561800    0.0377539700    0.0236891900
  -0.0717085100    0.0287846700    0.0097784800
  -0.0058644900   -0.0007906200    0.0008464900
   0.0565842700    0.0022050800    0.0009374100
  -0.0225736300   -0.0649645000    0.0165948000
  -0.0345374600   -0.0047129800    0.0003055200
   0.0033492800    0.0000659400    0.0001768400
   0.0589768800   -0.0483385300    0.0021181600
  -0.0160543200   -0.0263607500    0.0009298700
   0.0008291500    0.0014565600    0.0001755800
   0.0006869300   -0.0015130600    0.0001667400
   0.0147481800   -0.0298880100    0.0008533400
   0.0283586500    0.0475814900    0.0009750600
  -0.0255287900    0.0530359200    0.0012083900
  -0.0041482800    0.0057881000    0.0008085900
   0.0001902700    0.0000075500    0.0002028400
  -0.0314590100    0.0005918800    0.0649223100
  -0.0055944300   -0.0021360900    0.0035082900
   0.0005450800    0.0001347000   -0.0000120700
   0.0367268600   -0.0182183800    0.0351140800
  -0.0213846000   -0.0117630900    0.0184899700
   0.0004300300    0.0002532600   -0.0004675900
   0.0018747900   -0.0011363600    0.0014105900
   0.0184331100   -0.0152629200    0.0210880400
   0.0001382200    0.0002112900   -0.0000934000
  -0.0000517800    0.0008540400    0.0004487900
  -0.0000721800   -0.0002903700    0.0000744300
  -0.0000839800   -0.0014691000    0.0003918600
   0.0003348200    0.0412939500    0.0337953100
  -0.0031251300    0.0054409300    0.0048683600
  -0.0002033700   -0.0000107400   -0.0001598500
   0.0023203100    0.0014007400    0.0009903700
  -0.0619137000    0.0010496600   -0.1136338500
  -0.0021619800   -0.0019776100   -0.0058711400
   0.0004721400    0.0001068000   -0.0005542300
   0.0376346200   -0.0170084900   -0.0355331000
  -0.0195061900   -0.0096133900   -0.0198463700
   0.0003196400    0.0001934900    0.0001888900
   0.0018103600   -0.0011064400   -0.0018856200
   0.0178829000   -0.0159347600   -0.0224915000
   0.0001816200    0.0001466100   -0.0004821200
  -0.0000611600    0.0008815900   -0.0008296200
   0.0000219600   -0.0001928900   -0.0006267700
  -0.0000679400   -0.0016064100   -0.0007898900
   0.0009495000    0.0402115400   -0.0341910800
  -0.0024399600    0.0036875300   -0.0072524000
  -0.0003905600    0.0001058800   -0.0002261600
   0.0023749400    0.0014208200   -0.0013964100
   0.0002178300    0.0002095200    0.0000360200
   0.0001161200   -0.0000541500   -0.0000120900
  -0.0000478100   -0.0000665100   -0.0000616000
  -0.0002841400    0.0000709700    0.0000880200
   0.0000173000    0.0001141900   -0.0000314800
   0.0000120500   -0.0000059400   -0.0000592800
   0.0000306200    0.0000711600   -0.0000414200
  -0.0000987200    0.0002808800    0.0001164800
  -0.0000838000   -0.0000476400   -0.0000570100
   0.0000940900   -0.0000497300   -0.0000172300
   0.0000653200   -0.0000107000   -0.0000296300
  -0.0000788900    0.0000838100   -0.0000111100
  -0.0001529400   -0.0002970100    0.0000641700
   0.0002179300   -0.0001896500    0.0002935900
   0.0000750900   -0.0000898600   -0.0000194300
  -0.0002789800   -0.0001105500   -0.0000556600
  -0.0000204800   -0.0000281500    0.0001042800
   0.0000069600   -0.0000432100   -0.0000339800
  -0.0000112600    0.0000185800   -0.0000564900
   0.0000117900   -0.0000033400    0.0000116000
  -0.0000191000   -0.0000020400   -0.0000279300
   0.0000237300   -0.0000053600   -0.0000687200
  -0.0000178100    0.0000130600   -0.0000631300
   0.0000168800    0.0000451700   -0.0000148100
   0.0000132500   -0.0000081400   -0.0000387300
   0.0000328000   -0.0000131500   -0.0000515300
  -0.0000365400    0.0000207100   -0.0000729400
  -0.0000206900   -0.0000412900   -0.0000582800
   0.0000170600    0.0000135900    0.0000578600
   0.0001166400   -0.0000627100   -0.0000461300
  -0.0000822200    0.0000039800   -0.0000657100
   0.0000282200    0.0000013300    0.0000158700
  -0.0006543300   -0.0003273900   -0.0006391700
   0.0015059800   -0.0009335100    0.0011889400
  -0.0000685600    0.0000540700   -0.0000067500
   0.0001461500    0.0000169400   -0.0000573000
  -0.0000988600    0.0012411700    0.0002602600
  -0.0002186500   -0.0001184000   -0.0000490400
  -0.0000120800   -0.0000214800    0.0000492700
   0.0002190200   -0.0001431500   -0.0002364400
  -0.0000170400   -0.0001364200   -0.0000497900
  -0.0000279200    0.0000027000    0.0000474900
   0.0000004800    0.0000002700    0.0000503700
   0.0000184500   -0.0001061800   -0.0000164500
   0.0001067600    0.0001168900   -0.0000726800
  -0.0000213500    0.0002473600   -0.0001417900
  -0.0000730200    0.0000175900    0.0000101100
   0.0000021200   -0.0000046500    0.0000687400
   0.0000133400   -0.0000029000    0.0000496600
  -0.0000568800    0.0000323000    0.0000196500
   0.0000245900    0.0000443100    0.0001361200
   0.0000557300   -0.0000286100    0.0000307600
   0.0000087900   -0.0000461800    0.0000345900
  -0.0000468700   -0.0000273100    0.0000464900
  -0.0000150300   -0.0000144700    0.0000779500
   0.0000395400   -0.0000340500    0.0000691500
   0.0000173600   -0.0000221500    0.0000915600
  -0.0000207300   -0.0000023200    0.0000681400
  -0.0000056900   -0.0000005900    0.0000882200
   0.0000104300   -0.0000304000    0.0000741700
   0.0000113400    0.0000397600    0.0000388700
  -0.0000097300    0.0000440100    0.0000581600
  -0.0000274600   -0.0000377300    0.0001267800
   0.0000145200   -0.0000058100    0.0000749300

33   
 -0.0060228094711039   0.0000000000000000  -0.0079828419798203
  -0.0410344000   -0.0387084000   -0.0214885700
   0.0806745200   -0.0307362000   -0.0092980900
   0.0057926400    0.0007618500   -0.0004665100
  -0.0644954000   -0.0022834300   -0.0005666200
   0.0267285900    0.0710463600   -0.0155872200
   0.0367305200    0.0046049300    0.0001040100
  -0.0033902700   -0.0000836200    0.0002178800
  -0.0651460300    0.0551221000   -0.0017673100
   0.0171892100    0.0283032800   -0.0005584600
  -0.0008263500   -0.0014741700    0.0002240400
  -0.0007006700    0.0015589200    0.0002186100
  -0.0158523000    0.0318866800   -0.0004838500
  -0.0323155500   -0.0544179900   -0.0005975600
   0.0295486100   -0.0597634000   -0.0008234300
   0.0040925300   -0.0057407300   -0.0004224600
  -0.0001645100   -0.0000124000    0.0001672600
   0.0364614200    0.0005326800   -0.0710152400
   0.0055653600    0.0019863200   -0.0037006500
  -0.0004616500   -0.0001504200   -0.0001111000
  -0.0417697600    0.0207889400   -0.0399330000
   0.0227712400    0.0125843100   -0.0200017900
  -0.0003762200   -0.0002415500    0.0003074500
  -0.0020136300    0.0011737100   -0.0016968100
  -0.0196872400    0.0165163100   -0.0227730100
  -0.0001218400   -0.0002661000   -0.0000456200
   0.0000326800   -0.0009348900   -0.0006613500
   0.0001217800    0.0003111300   -0.0001967600
   0.0000615600    0.0014554300   -0.0006462200
  -0.0003515200   -0.0469466300   -0.0385864100
   0.0035175900   -0.0055105800   -0.0050869600
   0.0001006900   -0.0000264800   -0.0000980100
  -0.0025621000   -0.0014767300   -0.0013018600
   0.0640222100    0.0016563100    0.1141891700
   0.0021666100    0.0018452100    0.0056900200
  -0.0003880300   -0.0001215900    0.0002954300
  -0.0426722300    0.0195548600    0.0399348000
   0.0208767400    0.0104143900    0.0209735300
  -0.0002629400   -0.0001777900   -0.0004131300
  -0.0019439100    0.0011398300    0.0017874000
  -0.0191278800    0.0171898600    0.0238059500
  -0.0001603000   -0.0001999800    0.0002467700
   0.0000396300   -0.0009662700    0.0006572800
   0.0000269400    0.0002120900    0.0003675500
   0.0000426300    0.0015923000    0.0006590600
  -0.0009716900   -0.0458038000    0.0385551700
   0.0028336200   -0.0037676800    0.0071078700
   0.0002851200   -0.0001424600    0.0000909000
  -0.0026144300   -0.0014981200    0.0013242400
  -0.0002046500   -0.0002228200   -0.0001461000
  -0.0001098000    0.0000350800   -0.0001056000
   0.0000506400    0.0000484300   -0.0000555600
   0.0002877200   -0.0000867800   -0.0001907100
  -0.0000094600   -0.0001313400   -0.0000866700
  -0.0000077000   -0.0000115800   -0.0000619500
  -0.0000252600   -0.0000862600   -0.0000764900
   0.0001044800   -0.0002933600   -0.0002281500
   0.0000889700    0.0000269500   -0.0000608100
  -0.0000853900    0.0000323800   -0.0001005600
  -0.0000606900   -0.0000053100   -0.0000888800
   0.0000846500   -0.0001020900   -0.0001050000
   0.0001595400    0.0002719800   -0.0001677300
  -0.0002067900    0.0001673700   -0.0004013900
  -0.0000721300    0.0000719200   -0.0000976700
   0.0002808000    0.0000894400   -0.0000514800
   0.0000269900    0.0000099100   -0.0001784900
  -0.0000009300    0.0000240200   -0.0000420100
   0.0000174300   -0.0000363800   -0.0000183000
  -0.0000059600   -0.0000152400   -0.0000872600
   0.0000243400   -0.0000160200   -0.0000483900
  -0.0000167400   -0.0000126600   -0.0000062400
   0.0000233800   -0.0000310500   -0.0000119300
  -0.0000097900   -0.0000611100   -0.0000606400
  -0.0000068500   -0.0000088200   -0.0000368700
  -0.0000263800   -0.0000044700   -0.0000240700
   0.0000429300   -0.0000372600   -0.0000027100
   0.0000260700    0.0000237100   -0.0000185100
  -0.0000112000   -0.0000314300   -0.0001328600
  -0.0001059500    0.0000430400   -0.0000305100
   0.0000873600   -0.0000221900   -0.0000102500
  -0.0000228900   -0.0000200200   -0.0000915000
   0.0006662300    0.0003149600    0.0009416200
  -0.0014609900    0.0008901600   -0.0009793800
   0.0000764500   -0.0000706900    0.0001723200
  -0.0001478200   -0.0000346100    0.0002324900
   0.0001007000   -0.0012419300   -0.0000352100
   0.0002262500    0.0000993600    0.0002147900
   0.0000162400    0.0000019100    0.0001163500
  -0.0002150000    0.0001311700    0.0004160100
   0.0000262200    0.0001207600    0.0002159100
   0.0000324000   -0.0000217000    0.0001226300
   0.0000077600   -0.0000173700    0.0001172600
  -0.0000153500    0.0000897000    0.0001846400
  -0.0001055700   -0.0001422700    0.0002499000
   0.0000333600   -0.0002683500    0.0003138300
   0.0000792100   -0.0000375800    0.0001557800
   0.0000053400   -0.0000125300    0.0000996800
  -0.0000074000   -0.0000145500    0.0001226400
   0.0000622000   -0.0000496200    0.0001511900
  -0.0000164400   -0.0000609200    0.0000396500
  -0.0000495100    0.0000114400    0.0001433900
  -0.0000030100    0.0000284900    0.0001377000
   0.0000522100    0.0000091500    0.0001259900
   0.0000215600   -0.0000034700    0.0000950400
  -0.0000328400    0.0000159700    0.0001041000
  -0.0000112900    0.0000040800    0.0000828900
   0.0000270900   -0.0000155800    0.0001048200
   0.0000121200   -0.0000177900    0.0000854700
  -0.0000045500    0.0000117800    0.0000993300
  -0.0000051000   -0.0000581100    0.0001355800
   0.0000157600   -0.0000615700    0.0001148200
   0.0000335600    0.0000177100    0.0000478700
  -0.0000081000   -0.0000124300    0.0000998600

49   
  0.0060228094711039   0.0000000000000000   0.0079828419798203
   0.0001261700    0.0000572500   -0.0000297100
  -0.0000090800    0.0001330500    0.0000123200
  -0.0000961000    0.0000762900    0.0000085100
  -0.0000085600    0.0000500400    0.0000717100
   0.0001702200   -0.0000456500    0.0001875200
  -0.0001332500   -0.0000072700   -0.0001521100
  -0.0000644800   -0.0000768000    0.0002288100
  -0.0000165900    0.0000236200    0.0000222700
   0.0000725700   -0.0001273000   -0.0000135800
  -0.0001367500    0.0000053800    0.0002164700
  -0.0000441800    0.0000206700    0.0000697500
   0.0000521600   -0.0000064500    0.0000518600
   0.0000091200   -0.0000269400    0.0000970200
   0.0000371400    0.0000506400    0.0001185500
  -0.0000129500    0.0001404400    0.0001487100
  -0.0000342500    0.0000120300    0.0000655500
   0.0000476700    0.0000200300   -0.0001520500
  -0.0000852000    0.0000281500   -0.0001181700
   0.0000271700    0.0000556900   -0.0001497800
  -0.0000031700    0.0000003800   -0.0001924900
  -0.0000159100    0.0000317500   -0.0001015400
  -0.0000144500   -0.0000000400   -0.0000789700
  -0.0000048600   -0.0000358100   -0.0001885900
   0.0000174700    0.0000199300   -0.0001628800
  -0.0000269400   -0.0000554400   -0.0001594400
  -0.0000429500    0.0000155500   -0.0002254000
   0.0000356200    0.0000819500   -0.0001521700
   0.0000293400   -0.0000113000   -0.0001011200
   0.0000029000    0.0000621500   -0.0002636500
   0.0000692200    0.0000590600   -0.0000870900
  -0.0000455300   -0.0000420000   -0.0001011500
  -0.0000506900    0.0000527900   -0.0001808700
  -0.0000447600    0.0000277000    0.0004367600
  -0.0000440600   -0.0000712800    0.0000491000
   0.0000299200    0.0000314800    0.0000474600
   0.0000521400    0.0000078300    0.0001919100
  -0.0001327300    0.0001190000    0.0002151200
  -0.0002357400   -0.0000744700    0.0000586500
   0.0000493000   -0.0000245300    0.0001494700
   0.0001682300   -0.0001270500    0.0004917200
  -0.0000421100   -0.0000702600    0.0000473500
  -0.0000458900    0.0000440300    0.0001512800
   0.0000090100    0.0000385400    0.0001735000
   0.0000667700   -0.0000322800    0.0001265600
   0.0000329800    0.0000980300    0.0002031900
  -0.0000212300    0.0002844600    0.0002378100
  -0.0000219700   -0.0000192000    0.0000682000
  -0.0000391000    0.0000506800    0.0001150300
  -0.0448803000   -0.0021879600   -0.0947065600
   0.0039858700   -0.0000347200   -0.0014551000
   0.0006560700    0.0003405700   -0.0006373600
   0.0063598800    0.0024597500   -0.0032411600
   0.0003706100    0.0026503800   -0.0011203100
   0.0002404300    0.0000534900   -0.0003050600
   0.0006139000   -0.0002317500   -0.0006033800
  -0.0004976900   -0.0058896000   -0.0035771000
   0.0000384100    0.0003736700   -0.0004263900
   0.0001807100    0.0002337500   -0.0004542400
  -0.0005229400   -0.0006624800   -0.0008478200
   0.0001800500   -0.0002101900   -0.0004533400
   0.0015808300    0.0022379300   -0.0020130200
  -0.0017067900   -0.0013152100   -0.0026843000
   0.0002286300   -0.0000125300   -0.0003149900
   0.0006241000    0.0002727300   -0.0005941300
   0.0006885800    0.0000153400    0.0447563100
   0.0008388300   -0.0002127500    0.0008934200
   0.0002555000   -0.0002062200   -0.0003575300
  -0.0021852000   -0.0008916500   -0.0012528200
   0.0001388000    0.0009714500    0.0007178900
   0.0002491000    0.0001901000   -0.0002203800
  -0.0000411500    0.0000121600   -0.0004061400
  -0.0003865300    0.0022509100   -0.0010817700
  -0.0001603100    0.0002577700   -0.0002474900
  -0.0000500900   -0.0001501200   -0.0003132300
   0.0002259500    0.0000005800   -0.0004688400
  -0.0000265800    0.0002154800   -0.0003093000
  -0.0013879300   -0.0009939300   -0.0003565900
   0.0011110100   -0.0010216100   -0.0000103600
   0.0002853700   -0.0001630900   -0.0002068800
  -0.0000576200   -0.0000009900   -0.0004112400
  -0.0006956800   -0.0008309300    0.0010688800
   0.0004827800    0.0258597100    0.0209712700
   0.0001735700    0.0003618200    0.0005023900
  -0.0002276200   -0.0000308200    0.0004031500
   0.0391529700   -0.0222719000    0.0375997800
  -0.0052801300   -0.0032731300    0.0039856000
  -0.0001507800   -0.0002482200    0.0007208800
  -0.0014572300   -0.0001423500    0.0009928800
   0.0007734000    0.0005103500    0.0007815000
  -0.0002319900   -0.0001253200    0.0005057800
  -0.0002513700    0.0000136600    0.0003919700
  -0.0005089800    0.0014995200    0.0011963500
  -0.0000342900   -0.0000935200    0.0004443400
  -0.0003467800   -0.0004341500    0.0006425500
   0.0006756000   -0.0004429300    0.0010646500
   0.0000412800    0.0001793000    0.0003955100
   0.0002860300   -0.0000569500    0.0006355000
  -0.0000022000    0.0026763000   -0.0012663700
  -0.0002159300    0.0003821000    0.0000602400
  -0.0001255400    0.0000594300    0.0001997200
   0.0032386100   -0.0018542700   -0.0020329200
  -0.0013646300   -0.0007699300   -0.0004984200
  -0.0004978200   -0.0000825900   -0.0000094800
   0.0000374100    0.0001136700    0.0005267000
   0.0004149600   -0.0002742900    0.0003474900
  -0.0002953100   -0.0003103100   -0.0000430200
  -0.0001385700    0.0000161300    0.0001904400
  -0.0000249700   -0.0001190800    0.0005630600
   0.0000607000   -0.0000891900    0.0002084100
   0.0001050800    0.0001879800    0.0002250000
  -0.0001601100    0.0003114800    0.0002943800
  -0.0000135600    0.0000826000    0.0001895900

49   
 -0.0060228094711039   0.0000000000000000  -0.0079828419798203
  -0.0001276400   -0.0000394500    0.0002162400
   0.0000170100   -0.0001881400    0.0001362000
   0.0000713800   -0.0001124200    0.0001502100
   0.0000302200   -0.0000224300    0.0001086000
  -0.0001029200    0.0001047000    0.0000008000
   0.0001315500    0.0000946700    0.0003002500
   0.0001129300    0.0000971500   -0.0000941000
  -0.0000748700   -0.0000060300    0.0001658700
  -0.0000741400    0.0001491900    0.0001929200
   0.0000692800   -0.0000221200   -0.0000388300
   0.0000709800    0.0000037200    0.0001065500
  -0.0000075400    0.0001231700    0.0001434200
  -0.0000728100    0.0000312700    0.0000929400
   0.0000875800    0.0000009200    0.0000667100
   0.0000189400   -0.0000887800    0.0000031900
  -0.0000066500   -0.0000279900    0.0001311700
   0.0000264900   -0.0000467700   -0.0002654700
  -0.0000469000   -0.0000321800   -0.0003719100
   0.0000571200    0.0001131400   -0.0002423100
  -0.0000146500   -0.0000330400   -0.0002923600
   0.0000015100    0.0000992900   -0.0003027900
   0.0001417700    0.0000008000   -0.0002691200
  -0.0001163500   -0.0000167600   -0.0002181200
  -0.0000014000    0.0000324100   -0.0003216400
  -0.0000110800    0.0000083600   -0.0001875700
  -0.0000044300   -0.0000573600   -0.0003222400
  -0.0000240900    0.0000909700   -0.0001939000
   0.0000541000    0.0000294200   -0.0002077100
  -0.0000701000    0.0000041900   -0.0002842800
   0.0001254700    0.0000009000   -0.0002441700
  -0.0000263900   -0.0000973000   -0.0002245200
   0.0000031500   -0.0000095800   -0.0001871100
   0.0001194700   -0.0000621900   -0.0002991700
  -0.0001018300    0.0000604100    0.0001914100
   0.0000661900    0.0001605600    0.0000798800
  -0.0000624100   -0.0000394200    0.0000192200
   0.0001140800    0.0000179200   -0.0000633000
   0.0003786100    0.0000733900    0.0000255200
  -0.0001810300   -0.0000454600   -0.0000159300
  -0.0001526900    0.0001765800   -0.0002617000
   0.0000061500    0.0000207800    0.0000428500
  -0.0000108600   -0.0000893700    0.0001486000
   0.0000134200    0.0001498300   -0.0000812800
   0.0000172100    0.0000525000   -0.0000673600
  -0.0001016300   -0.0000230400    0.0000779800
   0.0002262600   -0.0002159500   -0.0001738700
  -0.0000568200   -0.0001365700    0.0000007100
  -0.0000096600   -0.0000127000    0.0000071800
   0.0463263300   -0.0008824600    0.0937638100
  -0.0039782400    0.0000504900    0.0013601300
  -0.0006530000   -0.0003192900    0.0005606600
  -0.0063997900   -0.0024496100    0.0031910700
  -0.0003769400   -0.0026411800    0.0010323100
  -0.0002397000   -0.0000280700    0.0002274700
  -0.0006110500    0.0002564100    0.0005289200
   0.0005147000    0.0059319800    0.0035187800
  -0.0000340000   -0.0003522300    0.0003484800
  -0.0001784600   -0.0002082500    0.0003779100
   0.0005278400    0.0006875600    0.0007731100
  -0.0001796500    0.0002358100    0.0003785100
  -0.0015640300   -0.0022115500    0.0019484900
   0.0017034500    0.0013582000    0.0026028600
  -0.0002276200    0.0000315600    0.0002376800
  -0.0006254900   -0.0002533700    0.0005184300
  -0.0008610000    0.0000037200   -0.0438429000
  -0.0008407100    0.0002371800   -0.0008770800
  -0.0002518600    0.0002288800    0.0003574600
   0.0021983800    0.0009176100    0.0012517900
  -0.0001366400   -0.0009540400   -0.0007129000
  -0.0002467100   -0.0001657900    0.0002195300
   0.0000433600    0.0000094800    0.0004045300
   0.0003921700   -0.0022398000    0.0010828100
   0.0001655100   -0.0002351800    0.0002465500
   0.0000500600    0.0001730600    0.0003121600
  -0.0002231000    0.0000224200    0.0004671200
   0.0000297200   -0.0001932000    0.0003079900
   0.0013962400    0.0010206000    0.0003500000
  -0.0011136100    0.0010492900    0.0000170000
  -0.0002826500    0.0001856000    0.0002050700
   0.0000614800    0.0000237400    0.0004118200
   0.0006991100    0.0008570300   -0.0008208000
  -0.0003591100   -0.0262048700   -0.0207986400
  -0.0001666700   -0.0003455700   -0.0002517200
   0.0002315400    0.0000469200   -0.0001654100
  -0.0406498400    0.0233053300   -0.0384076400
   0.0050907700    0.0031880100   -0.0035571600
   0.0001530100    0.0002729300   -0.0004632000
   0.0014567100    0.0001731300   -0.0007397700
  -0.0007743200   -0.0005004700   -0.0005395600
   0.0002339500    0.0001470900   -0.0002512500
   0.0002563500    0.0000032500   -0.0001477200
   0.0005136700   -0.0014861000   -0.0009525600
   0.0000339200    0.0001198700   -0.0001867900
   0.0003543600    0.0004528700   -0.0003879600
  -0.0006742700    0.0004734300   -0.0008149100
  -0.0000404300   -0.0001485200   -0.0001263100
  -0.0002841400    0.0000808000   -0.0006743700
   0.0000035000   -0.0026687000    0.0012518400
   0.0002191300   -0.0003589600   -0.0000989200
   0.0001279900   -0.0000375300   -0.0002376000
  -0.0032434800    0.0018794600    0.0020088400
   0.0013912400    0.0008059500    0.0004981900
   0.0005008300    0.0001032600   -0.0000332000
  -0.0000355400   -0.0000893300   -0.0005660500
  -0.0004134900    0.0002942500   -0.0003865700
   0.0002982800    0.0003324800    0.0000052300
   0.0001432800    0.0000048000   -0.0002263500
   0.0000270500    0.0001392100   -0.0006020500
  -0.0000573400    0.0001135000   -0.0002478300
  -0.0001019300   -0.0001674800   -0.0002620700
   0.0001627200   -0.0002885900   -0.0003356300
   0.0000162100   -0.0000582500   -0.0002292600

65   
  0.0060228094711039   0.0000000000000000   0.0079828419798203
   0.0000282800    0.0000154100    0.0000722000
  -0.0000034900   -0.0000797800    0.0000493600
   0.0000181300   -0.0000236900    0.0000408900
   0.0000471700    0.0000004100    0.0000652300
   0.0000205200    0.0000268700    0.0000457000
   0.0000678900    0.0000809600    0.0001005700
   0.0000726000    0.0000823700   -0.0000743700
  -0.0000326400    0.0000117100    0.0000966000
   0.0000179600    0.0000345800    0.0000650900
   0.0000355800   -0.0000280800   -0.0000355500
   0.0000456800    0.0000097500    0.0000651700
   0.0000175800    0.0000631900    0.0000830900
  -0.0000199900    0.0000055000    0.0000399300
   0.0001063800    0.0000298800    0.0000279600
  -0.0000174000   -0.0000160600   -0.0000114900
   0.0000357500   -0.0000089300    0.0001115000
   0.0000731900   -0.0000352200   -0.0001806900
  -0.0001006800   -0.0000132400   -0.0002642800
   0.0000940300    0.0001222500   -0.0001987200
   0.0000316800   -0.0000234400   -0.0002392800
   0.0000039900    0.0000819900   -0.0002189800
   0.0001190000    0.0000013300   -0.0001669900
  -0.0000640400   -0.0000394800   -0.0001902000
   0.0000351800    0.0000259300   -0.0002654400
  -0.0000009800   -0.0000280300   -0.0001516800
  -0.0000131500   -0.0000324300   -0.0002775700
   0.0000337400    0.0000975700   -0.0001713600
   0.0000719500    0.0000121000   -0.0001505000
  -0.0000198500    0.0000566500   -0.0002740700
   0.0001374700    0.0000670800   -0.0001609200
  -0.0000149100   -0.0001088800   -0.0001897700
  -0.0000070400    0.0000170000   -0.0001750300
   0.0001315200   -0.0000156100    0.0000832700
  -0.0001710600    0.0000290400    0.0002209200
   0.0000879900    0.0001727700    0.0000291400
   0.0000435500   -0.0000247400    0.0000660100
   0.0000186400    0.0000152000    0.0001554200
   0.0002465300    0.0000572100   -0.0000124500
  -0.0001537100   -0.0000325200   -0.0000026300
   0.0000664000    0.0000209400    0.0001475700
   0.0000374900   -0.0000327000   -0.0000162800
  -0.0000315000   -0.0000739200    0.0001047900
   0.0000004700    0.0001289900   -0.0000222900
   0.0000842700   -0.0000232000   -0.0000073000
  -0.0000166800    0.0000385700    0.0000994300
   0.0001609900    0.0000201300    0.0000054500
  -0.0000591900   -0.0000940800    0.0000293400
   0.0000176700    0.0000163300   -0.0000085700
   0.0008923000    0.0000095500    0.0437782300
  -0.0020680600    0.0008945500   -0.0013999500
   0.0002819200    0.0001806100   -0.0004320100
   0.0007723500    0.0002470000    0.0008777400
  -0.0003366700   -0.0021463100   -0.0012033300
   0.0000050200    0.0000150900   -0.0005131500
   0.0002781800   -0.0001445900   -0.0002527000
   0.0001146900   -0.0008440700    0.0006830300
   0.0002053800    0.0000561500   -0.0005784600
   0.0000038600    0.0001707700   -0.0003828000
  -0.0000866300   -0.0002000900   -0.0002853300
  -0.0000220000   -0.0001290600   -0.0003871200
   0.0010985400    0.0009846200   -0.0000622600
  -0.0012903400    0.0009390100   -0.0004545900
   0.0000083800   -0.0000064600   -0.0004965200
   0.0002540200    0.0001706600   -0.0002786400
  -0.0503883100   -0.0016703600   -0.0914094000
   0.0066115200   -0.0025689400   -0.0032874900
   0.0009206000   -0.0002983700   -0.0006512200
   0.0041147200    0.0000953800   -0.0014000800
  -0.0005993200    0.0062119700   -0.0036317600
   0.0007635200    0.0003275800   -0.0006551700
   0.0003513800   -0.0000638700   -0.0003132000
   0.0003326200   -0.0028009500   -0.0010577100
  -0.0004982900    0.0008320000   -0.0008547600
   0.0002184500   -0.0002252400   -0.0004841800
   0.0000386100   -0.0004962400   -0.0004484600
   0.0002183600    0.0002753500   -0.0004851000
  -0.0018257900    0.0014118300   -0.0026877500
   0.0015574800   -0.0022694700   -0.0020010200
   0.0007858100   -0.0003152600   -0.0006410800
   0.0003311500    0.0000775700   -0.0003274800
  -0.0001558900   -0.0003509900    0.0001797500
   0.0000325500   -0.0025248600   -0.0011894400
   0.0002724100    0.0001300000    0.0007410200
  -0.0000994300   -0.0000182400    0.0003102600
  -0.0012610400    0.0007607600   -0.0004752100
   0.0031352700    0.0018041300   -0.0019039600
  -0.0000396600   -0.0000615700    0.0005702700
  -0.0004630100    0.0000974600    0.0000975000
   0.0004757100    0.0002572200    0.0004559500
  -0.0000321800    0.0000783200    0.0006188800
  -0.0001298000    0.0000110100    0.0003073300
  -0.0002485200    0.0003061500    0.0000502100
   0.0000466900   -0.0000723300    0.0003083900
  -0.0001280800   -0.0002513300    0.0003829600
   0.0000738100   -0.0000929900    0.0002851500
   0.0000979600    0.0001290700    0.0003286900
   0.0002328000   -0.0003851000    0.0003446100
   0.0005235700   -0.0264633600    0.0215639100
  -0.0007119600    0.0009584000    0.0009985700
  -0.0002564200    0.0000574200    0.0002683100
  -0.0052198200    0.0033641800    0.0040146100
   0.0409830100    0.0234103800    0.0394855700
  -0.0014878600    0.0001188100    0.0008379200
  -0.0003181500    0.0002537900    0.0005468400
   0.0009238800   -0.0005375600    0.0006720000
  -0.0005031300   -0.0014477400    0.0011093800
  -0.0002937800    0.0000118500    0.0002739700
  -0.0002214700    0.0002847300    0.0002792500
   0.0000862300   -0.0001841900    0.0002175300
   0.0006194800    0.0003625000    0.0009626700
  -0.0002673300    0.0005000000    0.0004239200
   0.0000077500    0.0001660200    0.0003187300

65   
 -0.0060228094711039   0.0000000000000000  -0.0079828419798203
  -0.0000135500    0.0000005700    0.0000691500
   0.0000013600    0.0000161400    0.0000596700
  -0.0000289000   -0.0000165200    0.0000763300
   0.0000103600    0.0000247000    0.0000775400
   0.0000628300   -0.0000030100    0.0001177600
  -0.0000602800    0.0000078400    0.0000349900
  -0.0000084800   -0.0000649000    0.0001757700
  -0.0000454300   -0.0000363200    0.0000708700
   0.0000017400   -0.0000151300    0.0000826600
  -0.0000979500   -0.0000098300    0.0001956900
  -0.0000130200   -0.0000008500    0.0000846400
   0.0000503800    0.0000498700    0.0000825100
  -0.0000254100   -0.0000150400    0.0001177800
   0.0000205800    0.0000326300    0.0001309700
   0.0000292700    0.0000548700    0.0001177600
  -0.0000458600   -0.0000311600    0.0000524500
  -0.0000033300   -0.0000439000   -0.0002410400
  -0.0000607600    0.0000091800   -0.0002803500
   0.0000286900    0.0000741500   -0.0002437300
  -0.0000012800   -0.0000265000   -0.0002430200
   0.0000096300    0.0000670300   -0.0002143800
   0.0000406200   -0.0000117700   -0.0001813300
  -0.0000574900   -0.0000505500   -0.0002432200
  -0.0000263300    0.0000089500   -0.0002777400
  -0.0000297500   -0.0000524200   -0.0001980300
  -0.0000473700   -0.0000290200   -0.0003097800
  -0.0000053100    0.0000862000   -0.0002295000
   0.0000527700    0.0000000900   -0.0001783700
  -0.0000338000    0.0000398600   -0.0002892600
   0.0000876000   -0.0000034400   -0.0002025100
  -0.0000437800   -0.0000843800   -0.0001968500
  -0.0000458000    0.0000080400   -0.0002326600
  -0.0000637900   -0.0000726000   -0.0000298900
  -0.0000032700   -0.0000400700   -0.0000152900
   0.0000460600    0.0000456000    0.0000603000
  -0.0000030700   -0.0000284600    0.0000531600
  -0.0000088200    0.0001413300   -0.0000605700
  -0.0000687200   -0.0000709700    0.0000128300
   0.0000212000   -0.0000718400    0.0000749000
  -0.0000568100    0.0000122700    0.0000560600
  -0.0000691800   -0.0000508900    0.0000252200
  -0.0000329000    0.0000074700    0.0001503100
   0.0000367300    0.0000682900    0.0000777200
   0.0000417100    0.0000364700   -0.0000007800
  -0.0000390500    0.0000707100    0.0001086400
   0.0000755200    0.0000493800    0.0000009000
  -0.0000061800   -0.0001131800    0.0000102500
  -0.0000704100    0.0000048100    0.0000806800
  -0.0006983700   -0.0000038300   -0.0447967000
   0.0020751900   -0.0008810100    0.0012809500
  -0.0002676300   -0.0001706100    0.0003101500
  -0.0007509800   -0.0002346400   -0.0010153200
   0.0003517200    0.0021499000    0.0010802800
   0.0000102900   -0.0000040600    0.0003908600
  -0.0002607400    0.0001600400    0.0001328900
  -0.0000978400    0.0008539400   -0.0008118700
  -0.0001912400   -0.0000455100    0.0004562400
   0.0000175300   -0.0001567400    0.0002615900
   0.0001023700    0.0002134100    0.0001651600
   0.0000367900    0.0001412400    0.0002654700
  -0.0010749100   -0.0009695300   -0.0000657700
   0.0013018200   -0.0009262300    0.0003378200
   0.0000064000    0.0000144800    0.0003749100
  -0.0002390100   -0.0001615700    0.0001554100
   0.0468065800   -0.0001642300    0.0951944200
  -0.0065486500    0.0025676700    0.0032157500
  -0.0009058700    0.0003097800    0.0006046300
  -0.0041041200   -0.0000898600    0.0013760500
   0.0006022400   -0.0061805100    0.0035654700
  -0.0007459500   -0.0003159000    0.0006086400
  -0.0003348600    0.0000774700    0.0002667400
  -0.0003069500    0.0027964000    0.0010240200
   0.0005140200   -0.0008206400    0.0008072400
  -0.0001997300    0.0002363500    0.0004379500
  -0.0000259200    0.0005071000    0.0004014100
  -0.0002001200   -0.0002618000    0.0004368200
   0.0018467000   -0.0013793900    0.0026460800
  -0.0015525500    0.0022846400    0.0019440600
  -0.0007655000    0.0003253200    0.0005909900
  -0.0003136300   -0.0000666700    0.0002835700
   0.0001718600    0.0003622600    0.0000243400
  -0.0000151600    0.0025164000    0.0013630700
  -0.0002535800   -0.0001202500   -0.0005414900
   0.0001167900    0.0000241800   -0.0001215500
   0.0012553700   -0.0007312900    0.0006411900
  -0.0031058500   -0.0017846300    0.0020821900
   0.0000549000    0.0000763100   -0.0003700500
   0.0004771500   -0.0000815500    0.0001070200
  -0.0004572100   -0.0002516000   -0.0002632300
   0.0000446300   -0.0000709300   -0.0004173900
   0.0001480400   -0.0000039700   -0.0001126700
   0.0002664000   -0.0002992700    0.0001495300
  -0.0000328300    0.0000857800   -0.0001017800
   0.0001492100    0.0002639100   -0.0001798200
  -0.0000585200    0.0001079000   -0.0000877400
  -0.0000821400   -0.0001104900   -0.0001143700
  -0.0002189100    0.0003949300   -0.0004100300
  -0.0006288600    0.0261095700   -0.0215550200
   0.0007266500   -0.0009412900   -0.0010524400
   0.0002727900   -0.0000468100   -0.0003303600
   0.0054233300   -0.0034604600   -0.0042665400
  -0.0394687700   -0.0223909500   -0.0384835200
   0.0015039000   -0.0001080300   -0.0009015800
   0.0003367800   -0.0002435200   -0.0006150800
  -0.0009035000    0.0005403700   -0.0007318900
   0.0005188300    0.0014556900   -0.0011682100
   0.0003116200   -0.0000019100   -0.0003353400
   0.0002360600   -0.0002737800   -0.0003442400
  -0.0000686800    0.0001970500   -0.0002820700
  -0.0006013700   -0.0003480300   -0.0010258600
   0.0002838200   -0.0004919800   -0.0004885100
   0.0000092200   -0.0001523500   -0.0003817000

81   
  0.0060228094711039   0.0000000000000000   0.0079828419798203
  -0.0000848600   -0.0000003300   -0.0001593300
  -0.0012354900    0.0000274200    0.0002099200
   0.0000453400   -0.0000014900    0.0001127300
   0.0012049000    0.0000126700    0.0002900600
  -0.0006189600   -0.0009858500    0.0001846300
  -0.0000717600    0.0000177800    0.0000541600
   0.0000927200   -0.0000592900    0.0001103100
   0.0004388700   -0.0011506800    0.0003539500
  -0.0000203300    0.0000577900    0.0001233100
  -0.0000846300    0.0000579200    0.0001058000
  -0.0000539100   -0.0000774600    0.0001401100
  -0.0000729400   -0.0000854100    0.0001614500
   0.0004728300    0.0010442000    0.0002046000
  -0.0007213000    0.0010212400    0.0003192600
  -0.0001277300    0.0000301900    0.0001332600
   0.0000975600    0.0000961000    0.0001600300
  -0.0006585100   -0.0003925500    0.0004224800
  -0.0001600100   -0.0000124100   -0.0002767300
   0.0000388200    0.0000736500   -0.0001700200
   0.0005565400   -0.0003912300    0.0004602500
  -0.0000831700    0.0000393800   -0.0002068000
   0.0000069600   -0.0000165200   -0.0001810400
  -0.0001023600   -0.0000662300   -0.0001769900
  -0.0000840600   -0.0000552200   -0.0001927000
  -0.0000731900    0.0000212000   -0.0001315600
  -0.0000899300   -0.0000231700   -0.0002902200
  -0.0000449000    0.0000892900   -0.0002052600
  -0.0000123200    0.0000017600   -0.0001782900
  -0.0001259100    0.0007461000    0.0003983600
  -0.0000017300    0.0000401400   -0.0001438100
  -0.0000976900   -0.0001075800   -0.0002004400
  -0.0000153200    0.0000511300   -0.0000720300
  -0.0008444300   -0.0004571000   -0.0005994000
  -0.0001461600   -0.0000119100    0.0000861700
   0.0000801100    0.0000224200   -0.0001313200
   0.0015902100   -0.0010314900    0.0010425300
  -0.0000971800    0.0000386300    0.0000201300
   0.0000211500   -0.0000195700    0.0000023500
  -0.0000600800   -0.0000543100   -0.0001265500
  -0.0000707200   -0.0001348000   -0.0001096800
  -0.0000920100    0.0000748600   -0.0001078700
  -0.0000655800   -0.0000345100    0.0000539700
  -0.0000583700    0.0000929100    0.0000091200
  -0.0000305100    0.0000059600   -0.0000188900
  -0.0002077900    0.0014539600    0.0002743800
  -0.0000634000    0.0000897300   -0.0000388800
  -0.0001131300   -0.0001156600    0.0000005300
   0.0000554900    0.0000806000   -0.0003543500
   0.0000646400   -0.0003821700    0.0002719700
  -0.0002814100    0.0000426500    0.0002238300
  -0.0006924400    0.0008143800    0.0009248600
   0.0003102900    0.0264015200    0.0208731300
  -0.0000085900   -0.0001567500    0.0001950600
  -0.0000865300    0.0001129400    0.0002510200
   0.0003937700    0.0008820500    0.0010546100
  -0.0001728000   -0.0001308000    0.0002786000
   0.0007214300   -0.0004360800    0.0005985100
   0.0000447700    0.0003618400    0.0005654200
  -0.0003043800    0.0000005400    0.0002074800
  -0.0008893500   -0.0002430900    0.0007697100
   0.0407507000   -0.0233865300    0.0383840800
  -0.0006741800    0.0001303200    0.0001760100
  -0.0010393600   -0.0009973600    0.0011557900
  -0.0053161600   -0.0032865000    0.0037396700
  -0.0003957500   -0.0004594300    0.0002054300
  -0.0001802400   -0.0000159100    0.0002191800
   0.0003498300    0.0000263800    0.0005274300
  -0.0000498400    0.0011035700   -0.0012637500
  -0.0000202400   -0.0000929800    0.0002002000
   0.0000059200    0.0001072100    0.0002383100
  -0.0001716500   -0.0003504700    0.0003159000
  -0.0000449000   -0.0004501400    0.0001613600
   0.0003981600    0.0004310400    0.0003663900
  -0.0006001800    0.0002897100    0.0001558200
  -0.0002122600   -0.0000000600    0.0002137800
   0.0001567100    0.0000004700    0.0003207500
   0.0018275400   -0.0010856400   -0.0029266000
  -0.0006482000    0.0003049800    0.0000778200
  -0.0000184400    0.0002035900    0.0003978600
  -0.0000899800   -0.0000248700    0.0003904200
  -0.0461176100    0.0002980700   -0.0622883300
   0.0041231600    0.0000985700   -0.0003417400
   0.0014056100    0.0000976000   -0.0002262500
   0.0063370100    0.0005991700   -0.0020087000
   0.0005354800    0.0016637400   -0.0005223700
  -0.0000185300    0.0000580600   -0.0000323400
   0.0000982200   -0.0001243700   -0.0001572300
   0.0010608600   -0.0039672400   -0.0018142200
   0.0003371600    0.0006138300   -0.0001631500
  -0.0001197700    0.0000660700   -0.0000949300
   0.0001650700   -0.0007187200   -0.0002925200
  -0.0001175900   -0.0001010500   -0.0000944200
   0.0016618600    0.0031070600   -0.0013534900
  -0.0000752800   -0.0015023700   -0.0009856700
  -0.0000475100   -0.0000387600   -0.0000498600
   0.0001237300    0.0001432500   -0.0001322100
  -0.0006444900    0.0000007800    0.0004024400
   0.0006166500    0.0003192600    0.0005556300
   0.0001701000    0.0000148800   -0.0001394500
  -0.0002473700    0.0000127700   -0.0001627700
   0.0002299800    0.0003265600    0.0002468900
   0.0001326700    0.0001312000   -0.0001756700
  -0.0000446600   -0.0000302200   -0.0002553100
  -0.0004876200    0.0002538400    0.0001418500
  -0.0000242600    0.0001099100   -0.0001438400
  -0.0000954500   -0.0001034400   -0.0002142200
  -0.0000492500   -0.0001280800   -0.0001370000
  -0.0000679200    0.0000843900   -0.0001947400
  -0.0002078000   -0.0001272900   -0.0001109600
  -0.0000641300   -0.0007877000    0.0005034100
   0.0001214500   -0.0001098000   -0.0001548300
  -0.0000278000    0.0000234300   -0.0002357500

81   
 -0.0060228094711039   0.0000000000000000  -0.0079828419798203
   0.0000563800   -0.0000079400    0.0002536400
   0.0012277400   -0.0000995000   -0.0001404800
  -0.0000926500   -0.0000523000   -0.0000455300
  -0.0012383500   -0.0000196300   -0.0001841100
   0.0006801300    0.0010426500   -0.0000668400
   0.0000347800    0.0000610400    0.0000240100
  -0.0000756500    0.0000538900   -0.0000511400
  -0.0005672900    0.0011667500   -0.0002235800
  -0.0000178500   -0.0000558700   -0.0000175000
  -0.0000177600   -0.0000990800    0.0000126900
   0.0000624600    0.0000994800   -0.0000396800
   0.0000885500    0.0001890100   -0.0000378900
  -0.0005724700   -0.0010818000   -0.0000945700
   0.0008200200   -0.0010130900   -0.0002048700
   0.0000937600   -0.0000183700   -0.0000583600
  -0.0001563100   -0.0001424800   -0.0000421700
   0.0006960900    0.0003397800   -0.0009480100
  -0.0000033800    0.0000112200   -0.0003080900
   0.0000320500    0.0000633000   -0.0003211900
  -0.0006140600    0.0003346900   -0.0010329400
   0.0000683400    0.0000820900   -0.0002661400
   0.0000634700   -0.0000149400   -0.0002539500
  -0.0000434200    0.0000061500   -0.0003305900
   0.0000625800    0.0001041300   -0.0003867300
  -0.0000127300   -0.0001044300   -0.0002962000
   0.0000231800   -0.0000221700   -0.0003308300
   0.0000313900    0.0000445600   -0.0002167900
   0.0000689700   -0.0000116800   -0.0001909600
   0.0000541000   -0.0007117100   -0.0010303400
   0.0001490200   -0.0000160800   -0.0002806000
   0.0000050200   -0.0000611600   -0.0002292000
  -0.0000781800   -0.0000202100   -0.0003804600
   0.0008825300    0.0003975100    0.0006907500
  -0.0000332100    0.0000028900    0.0000909500
   0.0000041500    0.0001413800    0.0001994300
  -0.0016593300    0.0009835400   -0.0009402100
   0.0000742500    0.0000895700    0.0000459800
   0.0000725500   -0.0000164100    0.0000102900
  -0.0001036600   -0.0000214100    0.0002081200
   0.0000568100    0.0001853000    0.0002835300
   0.0000047400   -0.0001588600    0.0001303800
  -0.0000060800   -0.0000155200    0.0001695100
   0.0000553100    0.0000565200    0.0000034100
   0.0000877600   -0.0000161700   -0.0000132800
   0.0001340600   -0.0014174000   -0.0000758200
   0.0002224800   -0.0000572700    0.0000376900
   0.0000124400   -0.0000701800    0.0000173100
  -0.0001489600   -0.0000553800    0.0004044800
  -0.0000826500    0.0003865700   -0.0004128100
   0.0002561100   -0.0000437400   -0.0003663600
   0.0006558800   -0.0008143500   -0.0010666400
  -0.0004542000   -0.0259892700   -0.0209172900
  -0.0000174000    0.0001604800   -0.0003385900
   0.0000576100   -0.0001119800   -0.0003961300
  -0.0004185100   -0.0008731000   -0.0011914900
   0.0001421800    0.0001382400   -0.0004184800
  -0.0007534200    0.0004291400   -0.0007393400
  -0.0000616500   -0.0003529800   -0.0006962400
   0.0002782100    0.0000022700   -0.0003507000
   0.0008582300    0.0002438900   -0.0009108800
  -0.0392825100    0.0223833100   -0.0374303700
   0.0006454700   -0.0001391400   -0.0003113500
   0.0010072300    0.0009971300   -0.0012998300
   0.0054114600    0.0033518000   -0.0040389200
   0.0003683300    0.0004531300   -0.0002686700
   0.0001514000    0.0000158000   -0.0002860500
  -0.0003744600   -0.0000230400   -0.0005922800
   0.0000188800   -0.0010892300    0.0012108100
  -0.0000062700    0.0000924600   -0.0002672200
  -0.0000318500   -0.0001042100   -0.0003047800
   0.0001442300    0.0003493600   -0.0003830300
   0.0000179100    0.0004486300   -0.0002283300
  -0.0004154300   -0.0004265200   -0.0004305700
   0.0005658400   -0.0002841200   -0.0002237100
   0.0001837600    0.0000020100   -0.0002821200
  -0.0001852800   -0.0000000800   -0.0003884900
  -0.0018170500    0.0010604100    0.0028505400
   0.0006141000   -0.0003005800   -0.0001468900
  -0.0000108300   -0.0002037800   -0.0004658500
   0.0000667600    0.0000278700   -0.0004374600
   0.0475824500    0.0001015300    0.0687466600
  -0.0041248700   -0.0000943300    0.0004974100
  -0.0014340600   -0.0000970200    0.0004010700
  -0.0063835900   -0.0006078100    0.0022007100
  -0.0005705500   -0.0016725000    0.0007012500
  -0.0000038500   -0.0000528100    0.0002117000
  -0.0001262600    0.0001270600    0.0003465300
  -0.0010674600    0.0039492200    0.0020128900
  -0.0003627100   -0.0006210100    0.0003347100
   0.0000895700   -0.0000700400    0.0002809300
  -0.0001934900    0.0007149000    0.0004638400
   0.0000919000    0.0000959000    0.0002771300
  -0.0016817300   -0.0030890600    0.0015557900
   0.0000339700    0.0015246900    0.0011541000
   0.0000171500    0.0000470600    0.0002328900
  -0.0001512200   -0.0001344500    0.0003333500
   0.0006099600    0.0000025800   -0.0005226300
  -0.0006320200   -0.0003089300   -0.0006594800
  -0.0001926900   -0.0000137100    0.0000268100
   0.0002212400   -0.0000122000    0.0000463300
  -0.0002534600   -0.0003238700   -0.0003620500
  -0.0001604400   -0.0001300300    0.0000583400
   0.0000193300    0.0000288000    0.0001359900
   0.0004560400   -0.0002511200   -0.0002556700
  -0.0000024600   -0.0001102200    0.0000282400
   0.0000673400    0.0001042900    0.0000978000
   0.0000246600    0.0001254200    0.0000229600
   0.0000407700   -0.0000864500    0.0000777300
   0.0001812800    0.0001304500   -0.0000075200
   0.0000349500    0.0007733900   -0.0006060100
  -0.0001474900    0.0001102600    0.0000354400
   0.0000019200   -0.0000208100    0.0001191500

97   
  0.0060228094711039   0.0000000000000000   0.0079828419798203
   0.0000015900    0.0000007000    0.0001399700
  -0.0000066500   -0.0000413600    0.0001104200
   0.0000191900   -0.0000399900    0.0001564200
   0.0000309400    0.0000013300    0.0000832800
   0.0000341400    0.0000154600    0.0001174200
   0.0000225700    0.0000429400    0.0001482400
   0.0000415900    0.0000064200    0.0001355800
  -0.0000382000   -0.0000261300    0.0001151100
  -0.0000251100    0.0000180600    0.0002082700
   0.0000018700   -0.0000309000    0.0001683600
   0.0000191800    0.0000058500    0.0001585900
   0.0000433100    0.0000448900    0.0001353400
  -0.0000265600    0.0000088500    0.0000915300
   0.0000610000    0.0000207400    0.0001285200
   0.0000016300    0.0000103200    0.0001023000
   0.0000122800   -0.0000181500    0.0001333600
   0.0000236700   -0.0000321700   -0.0002029300
  -0.0000778600    0.0000002200   -0.0002806100
   0.0000714600    0.0000993700   -0.0001980200
   0.0000232900   -0.0000493900   -0.0002383300
   0.0000000300    0.0000631400   -0.0001862900
   0.0000822500   -0.0000233700   -0.0001631200
  -0.0000744800   -0.0000387100   -0.0002053000
   0.0000304500    0.0000073800   -0.0002655800
  -0.0000212100   -0.0000452200   -0.0001616600
  -0.0000143800   -0.0000211100   -0.0002800100
   0.0000108600    0.0000853800   -0.0001945300
   0.0000683400    0.0000074600   -0.0001471000
  -0.0000097700    0.0000465800   -0.0002649900
   0.0001039700    0.0000145400   -0.0001799100
  -0.0000234000   -0.0001105400   -0.0001863800
  -0.0000292600    0.0000105500   -0.0001792300
   0.0000250100   -0.0000387200    0.0000376000
  -0.0001118400   -0.0000166800    0.0001651200
   0.0001901800    0.0000734000    0.0000677300
  -0.0000192200   -0.0000201100    0.0000330900
  -0.0000664800    0.0000105600    0.0000811800
   0.0001082100   -0.0000263500    0.0000293600
  -0.0000301700   -0.0000855600    0.0000638000
   0.0000233700    0.0000262600    0.0001165300
   0.0000044800    0.0000787900    0.0000552500
  -0.0000130700   -0.0000005300    0.0001555100
   0.0000162900    0.0000994600    0.0000649900
   0.0000420900    0.0000173600    0.0000150300
  -0.0000021600    0.0000240500    0.0000852400
   0.0001225500    0.0000033500    0.0000461300
  -0.0000372500   -0.0001346600    0.0000520100
  -0.0000510800    0.0000025700    0.0000079900
   0.0004291900    0.0000016800    0.0005354000
  -0.0001096200    0.0000141500    0.0001988000
  -0.0003316300    0.0004371700    0.0001556800
   0.0000157300   -0.0011586200   -0.0012884100
   0.0000497500   -0.0000903000    0.0002263700
   0.0000248400    0.0000792300    0.0001694100
   0.0000351700    0.0004585400    0.0001598900
  -0.0000604800    0.0004194700    0.0003580400
   0.0004254600   -0.0004383800    0.0003454500
   0.0002594600   -0.0000385800    0.0003611000
  -0.0001241400    0.0000014300    0.0001883500
  -0.0005465600   -0.0003124100    0.0001570400
  -0.0000623600    0.0000446200    0.0004534200
   0.0001408100   -0.0002058800    0.0004608200
  -0.0005684400   -0.0003157600    0.0000580500
   0.0019398000    0.0011100100   -0.0030243700
  -0.0006765300   -0.0009179100    0.0010617100
  -0.0002700800   -0.0000769600    0.0003036400
   0.0001718000    0.0004257000    0.0003481700
   0.0006337400   -0.0264570800    0.0215277000
  -0.0000326400   -0.0001365600    0.0003327300
   0.0000994800    0.0002140900    0.0002739900
  -0.0001936200    0.0001302300    0.0003924800
   0.0005188700   -0.0009800400    0.0010596500
   0.0009113500    0.0004923000    0.0007043700
  -0.0009232600    0.0002849300    0.0008345000
  -0.0003075300    0.0000011400    0.0003069900
   0.0001699700   -0.0004730000    0.0006160900
  -0.0057072800    0.0036274000    0.0044704800
  -0.0011066900    0.0010781200    0.0011689300
  -0.0007252300   -0.0000319900    0.0002837400
   0.0397897400    0.0225730500    0.0382170700
  -0.0005709900    0.0000007100    0.0005543200
  -0.0002245400   -0.0000503000    0.0000177800
   0.0002348300   -0.0000044000    0.0000040700
   0.0007166500   -0.0003328600    0.0006529500
  -0.0004680300   -0.0002785400    0.0002862400
   0.0000604100    0.0000369300   -0.0001053300
   0.0001666400   -0.0000958100    0.0000106400
   0.0003307100   -0.0003416800    0.0003954700
   0.0000266000    0.0001178600    0.0000106100
  -0.0000028300    0.0000616000   -0.0000463200
   0.0000341100   -0.0001177000   -0.0000065100
  -0.0000271400   -0.0000616000   -0.0000667300
   0.0000086800    0.0008309900    0.0006075700
  -0.0001293800    0.0001768500    0.0000728600
   0.0000577800   -0.0000462600   -0.0001354800
   0.0001616600    0.0001137500    0.0000075300
  -0.0510645100    0.0001765200   -0.0616072400
   0.0062253700   -0.0006116300   -0.0023530600
   0.0015917900   -0.0000794600   -0.0003709500
   0.0041534300   -0.0002425800   -0.0007770200
   0.0009270900    0.0038058700   -0.0022415500
   0.0002168000    0.0001648500   -0.0003276700
   0.0000655600   -0.0000761000   -0.0001507600
   0.0006619300   -0.0016185000   -0.0008955400
   0.0002632300    0.0007665100   -0.0004224000
  -0.0000673700   -0.0000875900   -0.0002380800
   0.0004027700   -0.0006867300   -0.0003193600
  -0.0000671100    0.0001358400   -0.0002385400
  -0.0000735500    0.0016935400   -0.0014515300
   0.0016793800   -0.0030216100   -0.0016803200
   0.0002595200   -0.0001880200   -0.0002978500
   0.0000238400    0.0000534600   -0.0001803400

97   
 -0.0060228094711039   0.0000000000000000  -0.0079828419798203
   0.0000343500    0.0000039200   -0.0000357700
   0.0000111300   -0.0000335100   -0.0000382100
   0.0000027200   -0.0000117000   -0.0000841200
   0.0000360200    0.0000078300    0.0000253200
   0.0000647000    0.0000050400   -0.0000010100
   0.0000013100    0.0000397700   -0.0000687500
   0.0000396100   -0.0000055600   -0.0000828100
  -0.0000210200   -0.0000074300    0.0000213800
   0.0000476800   -0.0000108100   -0.0000997000
  -0.0000373100   -0.0000120900   -0.0000455700
   0.0000285400    0.0000017300   -0.0000517500
   0.0000465500    0.0000605500   -0.0000137300
   0.0000012400   -0.0000253500    0.0000213200
   0.0000812900    0.0000251400   -0.0000098700
   0.0000284900    0.0000109400   -0.0000373200
  -0.0000081900   -0.0000338200   -0.0000133300
   0.0000407700   -0.0000342200   -0.0002606900
  -0.0000475000   -0.0000208800   -0.0003439300
   0.0000602800    0.0000990000   -0.0002830700
   0.0000341100   -0.0000235400   -0.0003041200
   0.0000060500    0.0000787500   -0.0002835400
   0.0001138800   -0.0000070400   -0.0002449600
  -0.0000494100   -0.0000533300   -0.0002675800
   0.0000202300    0.0000051300   -0.0003254000
  -0.0000053200   -0.0000424400   -0.0002327400
  -0.0000139000   -0.0000370800   -0.0003461400
   0.0000217500    0.0000903100   -0.0002458000
   0.0000846400    0.0000046300   -0.0002221400
  -0.0000188100    0.0000377600   -0.0003240900
   0.0001306100    0.0000119500   -0.0002325900
  -0.0000150600   -0.0000955400   -0.0002305000
  -0.0000103900   -0.0000074200   -0.0002683400
   0.0000370800   -0.0000327600   -0.0000230100
  -0.0000253400   -0.0000118100    0.0000381300
  -0.0000481900    0.0001499500   -0.0000203100
   0.0000855000   -0.0000579200    0.0000707800
   0.0000641100    0.0001381300   -0.0000320000
   0.0001093300   -0.0000092800   -0.0000526800
  -0.0001086800   -0.0000206500   -0.0000298900
   0.0000336700   -0.0000166300    0.0000541800
  -0.0000340600   -0.0001677000   -0.0000775400
  -0.0000173300   -0.0000619300    0.0000592100
   0.0000233900    0.0000915600   -0.0000481300
   0.0001126400   -0.0000050300   -0.0000609100
  -0.0000302400    0.0000721300    0.0000710900
   0.0001239900    0.0000281900   -0.0000713200
  -0.0000086000   -0.0000856200   -0.0000605900
   0.0000126300   -0.0000035200    0.0000266700
  -0.0003993700    0.0000001000   -0.0006919200
   0.0001453600   -0.0000155700   -0.0003524800
   0.0003647800   -0.0004427600   -0.0003130200
   0.0000229900    0.0011702500    0.0011192000
  -0.0000178400    0.0000953800   -0.0003810500
   0.0000075200   -0.0000786900   -0.0003255800
  -0.0000003900   -0.0004548600   -0.0003125400
   0.0000939000   -0.0004158000   -0.0005137000
  -0.0004015100    0.0004415700   -0.0005025400
  -0.0002198200    0.0000404900   -0.0005155100
   0.0001584900    0.0000012000   -0.0003423200
   0.0005822900    0.0003169200   -0.0003105600
   0.0000943100   -0.0000420000   -0.0006234800
  -0.0001039900    0.0002011000   -0.0006155300
   0.0006046500    0.0003145500   -0.0002099400
  -0.0019382700   -0.0011336600    0.0028678200
   0.0007185300    0.0009168600   -0.0011417400
   0.0003023600    0.0000752800   -0.0003825600
  -0.0001484800   -0.0004196000   -0.0004295500
  -0.0004788400    0.0268631500   -0.0216884500
   0.0000664700    0.0001361000   -0.0004124100
  -0.0000658800   -0.0002123900   -0.0003532500
   0.0002283600   -0.0001270100   -0.0004763500
  -0.0004861200    0.0009838700   -0.0011465400
  -0.0008720700   -0.0004986200   -0.0007861900
   0.0009559500   -0.0002856300   -0.0009155100
   0.0003403500    0.0000004500   -0.0003876400
  -0.0001431600    0.0004783400   -0.0007091900
   0.0056083400   -0.0035498800   -0.0043778800
   0.0011426200   -0.0010727300   -0.0012497700
   0.0007586900    0.0000281600   -0.0003727900
  -0.0412622900   -0.0235824000   -0.0393780700
   0.0006097700   -0.0000002400   -0.0003818500
   0.0002555800    0.0000465300    0.0001513900
  -0.0002008100    0.0000040200    0.0001598100
  -0.0006926300    0.0003354200   -0.0005082600
   0.0005066500    0.0002835600   -0.0001173000
  -0.0000235900   -0.0000317300    0.0002701100
  -0.0001358200    0.0000991100    0.0001596700
  -0.0003034200    0.0003495600   -0.0002288100
   0.0000093700   -0.0001240200    0.0001464200
   0.0000320000   -0.0000653300    0.0002152300
   0.0000005600    0.0001141700    0.0001684300
   0.0000607100    0.0000583700    0.0002345300
   0.0000240700   -0.0008399900   -0.0004445200
   0.0001677000   -0.0001734100    0.0000977100
  -0.0000259500    0.0000521900    0.0003010200
  -0.0001309700   -0.0001066400    0.0001737100
   0.0489217400    0.0002369100    0.0704161200
  -0.0061804200    0.0006079300    0.0022323200
  -0.0015514500    0.0000821300    0.0002811000
  -0.0041441400    0.0002489100    0.0007071300
  -0.0009243900   -0.0038371200    0.0021264900
  -0.0001863700   -0.0001645200    0.0002323300
  -0.0000303600    0.0000749500    0.0000512600
  -0.0006181700    0.0016100900    0.0008047800
  -0.0002258700   -0.0007663500    0.0003344100
   0.0000990800    0.0000893900    0.0001431000
  -0.0003670100    0.0006835900    0.0002274200
   0.0000994000   -0.0001380800    0.0001428900
   0.0001286600   -0.0016643700    0.0013662500
  -0.0016549300    0.0030373600    0.0015705200
  -0.0002269000    0.0001882600    0.0001990700
   0.0000110400   -0.0000506400    0.0000844200
