96   
12   

1    
  0.0056193653408792   0.0000000000000000   0.0082718035013971
  -0.1016712800   -0.0002488300   -0.1783750600
   0.0019612700    0.0045638800   -0.0081493000
   0.0006007100   -0.0000962200   -0.0017123500
   0.0015203600   -0.0050798700   -0.0080767400
   0.0011646500   -0.0042802200   -0.0083309500
   0.0001094000   -0.0003586800   -0.0020134000
   0.0002504800    0.0002734200   -0.0019536500
   0.0014653100    0.0048828700   -0.0078910100
  -0.0002525000    0.0004927500   -0.0017644800
   0.0007265100    0.0000783100   -0.0019859100
  -0.0000967100   -0.0004049500   -0.0016574100
   0.0007290100    0.0000538300   -0.0019848000
   0.0009834000    0.0050620700   -0.0082952900
   0.0016557400   -0.0050785800   -0.0079259100
   0.0002266600    0.0002968000   -0.0019334400
   0.0001238000   -0.0003440800   -0.0020401900
  -0.0014789700   -0.0049686000    0.0100256600
  -0.0000620200   -0.0004867800   -0.0066877100
   0.0004922900    0.0004852200   -0.0068802100
   0.0398526800   -0.0188899500    0.0378750100
  -0.0001536300    0.0000439400   -0.0066284800
  -0.0000907300   -0.0000046700   -0.0075124100
   0.0001286400   -0.0005322100   -0.0069322900
  -0.0017134900   -0.0015068500   -0.0059972600
   0.0004090100    0.0000629300   -0.0067247000
   0.0001373600    0.0004367200   -0.0068397200
  -0.0001005600    0.0000161200   -0.0075628100
  -0.0000436900   -0.0000465800   -0.0076938200
   0.0071250300    0.0239576200    0.0240673900
  -0.0011597500   -0.0003272600   -0.0060406100
  -0.0001256800    0.0000343300   -0.0076241000
   0.0014551400    0.0018160600   -0.0059552500
   0.0401145900    0.0190260100    0.0647858500
   0.0004325700   -0.0002482100    0.0192817400
  -0.0001454300    0.0005174200    0.0194131600
  -0.0007144100    0.0045524800    0.0357844900
   0.0002674300    0.0004113100    0.0192811900
  -0.0000637800   -0.0000048500    0.0185619700
  -0.0002513000   -0.0000528500    0.0194066700
  -0.0017240100    0.0015684300    0.0199945500
   0.0001764600   -0.0004966100    0.0193462100
   0.0002374500   -0.0001216200    0.0193441200
  -0.0001187700    0.0000038500    0.0183544400
  -0.0000058100   -0.0000665800    0.0185543700
   0.0071606300   -0.0234688500    0.0501598800
   0.0015071900   -0.0018728900    0.0199527900
  -0.0001223100    0.0000665300    0.0184504500
  -0.0012055600    0.0002871000    0.0200363000
   0.0001549200    0.0001044100    0.0021752100
   0.0000346400    0.0001317000    0.0022874600
  -0.0000061000    0.0000887500    0.0023758000
  -0.0000821700    0.0000282000    0.0018952900
   0.0001319500   -0.0000505800    0.0022963700
   0.0000093300    0.0000040900    0.0024365300
  -0.0000829600   -0.0000188900    0.0023636200
  -0.0000176000   -0.0000004300    0.0019122600
   0.0001029900   -0.0000598200    0.0023428900
  -0.0000762100   -0.0000821600    0.0023200100
   0.0000331400    0.0000301200    0.0021896900
  -0.0000180100    0.0000035400    0.0022915100
  -0.0000302900   -0.0001433500    0.0020338200
   0.0000021900   -0.0000132400    0.0018732200
  -0.0000177600   -0.0000330300    0.0022420100
   0.0000108700    0.0000095700    0.0019496800
   0.0003835800    0.0002199000   -0.0021557000
   0.0000636200    0.0000813900   -0.0030252900
  -0.0002835100    0.0001645200   -0.0025451100
   0.0000577600   -0.0004553700   -0.0034424800
   0.0000976400   -0.0000128500   -0.0030519800
  -0.0000448900   -0.0000603200   -0.0029921600
  -0.0001060200   -0.0000114900   -0.0029229300
   0.0000529200   -0.0000076500   -0.0028784600
  -0.0000018000   -0.0003855700   -0.0023357900
  -0.0000603200   -0.0000779500   -0.0029344700
   0.0000089600    0.0000000200   -0.0029063500
   0.0000427300   -0.0000518800   -0.0028539200
  -0.0004217600    0.0002727000   -0.0035509100
   0.0000255200    0.0000654400   -0.0029139400
  -0.0000349800    0.0000808700   -0.0028850300
   0.0003717200    0.0001770700   -0.0033248200
   0.0000110600    0.0000106400   -0.0079528800
   0.0000020400    0.0000085000   -0.0079928900
  -0.0000106100    0.0000014500   -0.0079427700
  -0.0000122100   -0.0000049400   -0.0079946400
   0.0000053200    0.0000043300   -0.0080000000
  -0.0000105600   -0.0000055200   -0.0079956300
   0.0000286600   -0.0000064900   -0.0079815200
  -0.0000261300    0.0000140100   -0.0079823500
  -0.0000118600   -0.0000121300   -0.0079636400
   0.0000124800    0.0000240500   -0.0079856000
   0.0000045000    0.0000002100   -0.0080199900
  -0.0000145400    0.0000181600   -0.0079912000
  -0.0000088100   -0.0000060100   -0.0080157300
  -0.0000047800   -0.0000284200   -0.0079845100
   0.0000173100   -0.0000238700   -0.0079827700
   0.0000046300    0.0000051300   -0.0079869000

1    
 -0.0056193653408792   0.0000000000000000  -0.0082718035013971
   0.1013121700   -0.0002815000    0.1773486500
  -0.0017285600   -0.0045408900    0.0034773200
  -0.0005951300    0.0000940300   -0.0030330100
  -0.0017473200    0.0051138400    0.0032650400
  -0.0010986700    0.0044325400    0.0035408900
  -0.0001067000    0.0003562300   -0.0027283400
  -0.0002428800   -0.0002746000   -0.0027923400
  -0.0015356800   -0.0047387200    0.0032038400
   0.0002598400   -0.0005056100   -0.0029745100
  -0.0007119800   -0.0000872400   -0.0027610200
   0.0000904100    0.0004017800   -0.0030923900
  -0.0007268900   -0.0000477700   -0.0027624600
  -0.0010773100   -0.0051614400    0.0034358300
  -0.0015538500    0.0049693100    0.0033109500
  -0.0002135900   -0.0002958600   -0.0028054700
  -0.0001326700    0.0003497600   -0.0027183200
   0.0014498600    0.0049354500   -0.0251445700
   0.0000629600    0.0004949000   -0.0083603400
  -0.0005064400   -0.0004823900   -0.0081860000
  -0.0413948400    0.0198002500   -0.0543988700
   0.0001683000   -0.0000396900   -0.0084041300
   0.0000817300   -0.0000103000   -0.0075556500
  -0.0001321700    0.0005371500   -0.0081323800
   0.0016832600    0.0015165300   -0.0090698300
  -0.0004247500   -0.0000720800   -0.0083301200
  -0.0001270200   -0.0004160500   -0.0082176200
   0.0000948700   -0.0000202600   -0.0074854500
   0.0000543100    0.0000467400   -0.0073412400
  -0.0070837000   -0.0246317300   -0.0396493700
   0.0011276100    0.0003073700   -0.0090247400
   0.0001308700   -0.0000284400   -0.0074135900
  -0.0014937800   -0.0018313200   -0.0091077400
  -0.0385885000   -0.0181412800   -0.0262325300
  -0.0004047400    0.0002690500    0.0177516500
   0.0001603000   -0.0005309000    0.0176337700
   0.0007633700   -0.0045834300    0.0013082000
  -0.0002346800   -0.0004047800    0.0177614900
   0.0000522600   -0.0000097300    0.0184922200
   0.0002698300    0.0000577500    0.0176147800
   0.0017448700   -0.0015624000    0.0170610900
  -0.0001825900    0.0005014900    0.0177139700
  -0.0002154300    0.0001287500    0.0176717300
   0.0001162800   -0.0000100500    0.0186789300
   0.0000199700    0.0000684600    0.0184716500
  -0.0071566500    0.0228186000   -0.0125774700
  -0.0014833000    0.0018511700    0.0170927500
   0.0001346200   -0.0000603500    0.0185756300
   0.0012273100   -0.0002961900    0.0170217100
  -0.0001525400   -0.0001082000    0.0021699000
  -0.0000295100   -0.0001352900    0.0020508200
   0.0000130600   -0.0000858100    0.0019655000
   0.0000847800   -0.0000284100    0.0024447800
  -0.0001305400    0.0000587600    0.0020374500
  -0.0000015400    0.0000010800    0.0019040900
   0.0000828100    0.0000156900    0.0019767500
   0.0000233300   -0.0000036200    0.0024236200
  -0.0000984300    0.0000666300    0.0019956100
   0.0000679700    0.0000830800    0.0020222000
  -0.0000246300   -0.0000300500    0.0021505200
   0.0000268600    0.0000013800    0.0020469100
   0.0000348300    0.0001351600    0.0023071800
  -0.0000088900    0.0000210000    0.0024599100
   0.0000256100    0.0000297600    0.0020981000
   0.0000000500   -0.0000170400    0.0023886300
  -0.0003964800   -0.0002348000   -0.0037552900
  -0.0000518200   -0.0000780100   -0.0028671200
   0.0002882600   -0.0001625400   -0.0033471900
  -0.0000478100    0.0004514700   -0.0024468500
  -0.0000817700    0.0000281700   -0.0028365700
   0.0000487600    0.0000570800   -0.0028976800
   0.0001062700    0.0000000600   -0.0029775900
  -0.0000567800    0.0000230300   -0.0030176800
  -0.0000030900    0.0003959400   -0.0035417500
   0.0000559400    0.0000827000   -0.0029711000
   0.0000124500    0.0000015900   -0.0029890900
  -0.0000387500    0.0000416600   -0.0030175300
   0.0004136600   -0.0002690900   -0.0023306200
  -0.0000203000   -0.0000700000   -0.0029867800
   0.0000366100   -0.0000785600   -0.0030062900
  -0.0003592800   -0.0001840100   -0.0025601600
  -0.0000154600   -0.0000202300   -0.0079581700
   0.0000087400   -0.0000055600   -0.0079276600
   0.0000116300    0.0000027300   -0.0079851000
   0.0000201400    0.0000020200   -0.0079311600
   0.0000082400    0.0000106700   -0.0079252300
   0.0000155600    0.0000018300   -0.0079326100
  -0.0000288200   -0.0000059500   -0.0079304000
   0.0000230900    0.0000007300   -0.0079382900
   0.0000068000    0.0000171500   -0.0079824600
  -0.0000180300   -0.0000177800   -0.0079216100
   0.0000175400    0.0000018200   -0.0079014000
   0.0000192400   -0.0000299900   -0.0079521700
   0.0000044500    0.0000060400   -0.0079236600
   0.0000093700    0.0000241900   -0.0079321000
  -0.0000169200    0.0000268200   -0.0079395400
   0.0000101400   -0.0000094200   -0.0079437500

17   
  0.0056193653408792   0.0000000000000000   0.0082718035013971
  -0.0013819400   -0.0049208900    0.0151595400
   0.0414555600   -0.0198135400    0.0446031000
   0.0001557800    0.0000366100   -0.0014140100
   0.0003697200    0.0003179500   -0.0017938100
   0.0071383400    0.0245768800    0.0297338400
   0.0002573800    0.0011175600    0.0000791500
  -0.0001118200   -0.0001356500   -0.0024613300
   0.0001466000   -0.0010351900   -0.0017213300
   0.0004118000    0.0002696300   -0.0015121300
  -0.0001650000    0.0000252400   -0.0024429300
   0.0000787100    0.0001069800   -0.0024804100
   0.0002123400   -0.0006496900   -0.0016926600
   0.0002273100   -0.0003435500   -0.0017024400
  -0.0016621300   -0.0000741500   -0.0008231700
  -0.0002032400    0.0003423200   -0.0015044300
  -0.0000532200   -0.0000092400   -0.0023324800
  -0.0553727400    0.0003821100   -0.1123159300
   0.0028009600    0.0000371800   -0.0096890800
  -0.0000191600   -0.0001012100   -0.0078684500
   0.0039803800    0.0002364000   -0.0104947300
   0.0001941800    0.0012316800   -0.0098028100
  -0.0000121700   -0.0000334500   -0.0075753100
  -0.0000768800    0.0000527000   -0.0074221800
   0.0005747100   -0.0024204100   -0.0103637300
  -0.0000502800    0.0000148800   -0.0079203400
   0.0000319200   -0.0000278000   -0.0075008500
   0.0001474500    0.0000866800   -0.0078054300
   0.0000318600    0.0001103500   -0.0074927900
   0.0008157700    0.0020882800   -0.0102008500
  -0.0000377000   -0.0011903700   -0.0099635300
   0.0000543000   -0.0000154000   -0.0075212200
  -0.0001433400   -0.0001122400   -0.0074814400
  -0.0013656500    0.0000015500    0.0325759600
   0.0018681500    0.0014541100    0.0195218800
   0.0000758700   -0.0001334900    0.0185695500
  -0.0004619400    0.0003162800    0.0180536000
   0.0009130200    0.0006767800    0.0186684200
   0.0000857600    0.0000271600    0.0184666400
   0.0000660500   -0.0000326100    0.0184034700
  -0.0017874000    0.0004581600    0.0188768200
  -0.0001516200    0.0001285300    0.0186346000
   0.0000260800   -0.0000020900    0.0184366900
   0.0000990300    0.0000050800    0.0184896500
   0.0000687800   -0.0000036700    0.0184347700
  -0.0002667500   -0.0002520500    0.0179379800
  -0.0006483000   -0.0026846900    0.0196203300
   0.0000691700   -0.0000017800    0.0184606600
   0.0000686200   -0.0000094600    0.0184260900
   0.0000343200   -0.0000015300    0.0021293300
   0.0000439600    0.0000101100    0.0022484900
   0.0000371800   -0.0000021300    0.0021648100
   0.0000342900   -0.0000115900    0.0022337700
   0.0000428600    0.0000019500    0.0022501500
   0.0000371200    0.0000028300    0.0021668400
   0.0000203100    0.0000041400    0.0021567300
   0.0000341400    0.0000015100    0.0022340800
   0.0000187500    0.0000082400    0.0021514900
   0.0000301700   -0.0000123500    0.0021600600
   0.0000155000   -0.0000137600    0.0021778800
   0.0000456400    0.0000011800    0.0021864700
   0.0000273400   -0.0000009600    0.0022410100
   0.0000313200   -0.0000133900    0.0022388000
   0.0000322200    0.0000063500    0.0021870300
   0.0000269900   -0.0000122900    0.0021848300
   0.0000478500    0.0000112500   -0.0028921800
  -0.0000037900   -0.0000196700   -0.0029113900
   0.0000629500   -0.0000181900   -0.0028921400
   0.0000301500   -0.0000060100   -0.0028832200
  -0.0000031600   -0.0000355200   -0.0029071800
   0.0000260300    0.0000017500   -0.0028679300
   0.0000566700   -0.0000057700   -0.0028992100
   0.0000328400   -0.0000100700   -0.0028845400
   0.0000452800    0.0000414100   -0.0028922500
   0.0000387600    0.0000242400   -0.0029032100
   0.0000395400    0.0000051200   -0.0028975900
   0.0000289600    0.0000002500   -0.0028989100
   0.0000254700   -0.0000129800   -0.0028859400
   0.0000263700   -0.0000004900   -0.0028886800
   0.0000305700   -0.0000108200   -0.0028981300
   0.0000392800    0.0000019100   -0.0028721100
   0.0000225500   -0.0000044400   -0.0079082500
   0.0000278000   -0.0000064300   -0.0079196400
   0.0000332200   -0.0000077800   -0.0079245900
   0.0000385400   -0.0000102000   -0.0079075600
   0.0000239800   -0.0000029200   -0.0079255400
   0.0000335600    0.0000012300   -0.0079155200
   0.0000336800    0.0000023100   -0.0079193200
   0.0000366400   -0.0000046000   -0.0079178100
   0.0000301300    0.0000032800   -0.0079318100
   0.0000329200   -0.0000008800   -0.0079222900
   0.0000312500   -0.0000006500   -0.0079086400
   0.0000371800   -0.0000021900   -0.0079197200
   0.0000272700    0.0000063100   -0.0079098600
   0.0000327000   -0.0000016000   -0.0079167800
   0.0000329700   -0.0000021200   -0.0079150600
   0.0000354200   -0.0000025100   -0.0079277100

17   
 -0.0056193653408792   0.0000000000000000  -0.0082718035013971
   0.0014942200    0.0049354700   -0.0199433500
  -0.0397124800    0.0188637100   -0.0476831600
  -0.0000536700   -0.0000458600   -0.0032613400
  -0.0003337500   -0.0003249700   -0.0028766600
  -0.0070451500   -0.0239439800   -0.0339559400
  -0.0002368200   -0.0011206200   -0.0047386100
   0.0001706400    0.0001308600   -0.0022225300
  -0.0000858400    0.0010387800   -0.0029795300
  -0.0003384400   -0.0002501300   -0.0031629900
   0.0002217500   -0.0000288900   -0.0022435400
  -0.0000036500   -0.0000989800   -0.0022022600
  -0.0001600600    0.0006728900   -0.0029722400
  -0.0001732900    0.0003230200   -0.0029726100
   0.0017138600    0.0000852100   -0.0038625300
   0.0002846000   -0.0003722200   -0.0031670000
   0.0001009300    0.0000029800   -0.0023430900
   0.0475339200    0.0000889400    0.0888853900
  -0.0026775600   -0.0000520000   -0.0052358200
   0.0000770400    0.0001030500   -0.0070169000
  -0.0039320400   -0.0002337500   -0.0043909800
  -0.0001531800   -0.0012118800   -0.0051107700
   0.0000838000    0.0000257000   -0.0073266300
   0.0001355300   -0.0000531100   -0.0074612100
  -0.0005106200    0.0024136300   -0.0045339400
   0.0001023800   -0.0000149600   -0.0069698300
   0.0000422800    0.0000283200   -0.0073944600
  -0.0000759800   -0.0000865500   -0.0070659700
   0.0000335200   -0.0001286200   -0.0073841200
  -0.0007555800   -0.0020775100   -0.0046840400
   0.0001023500    0.0011669600   -0.0049503800
  -0.0000029600    0.0000211600   -0.0073512000
   0.0002204800    0.0001094000   -0.0074146300
   0.0013908600   -0.0000027900    0.0047851600
  -0.0017836600   -0.0014721700    0.0176487600
  -0.0000181300    0.0001333500    0.0185772300
   0.0005571500   -0.0003387500    0.0190836700
  -0.0008815000   -0.0006637800    0.0184701300
  -0.0000090400   -0.0000301500    0.0186939600
  -0.0000087500    0.0000331400    0.0187459200
   0.0018519000   -0.0004513300    0.0182657100
   0.0002027600   -0.0001274400    0.0185173000
   0.0000468900   -0.0000002800    0.0187204100
  -0.0000280600   -0.0000036500    0.0186357600
  -0.0000011800   -0.0000105100    0.0187006900
   0.0003219200    0.0002781800    0.0191905900
   0.0007167600    0.0026399000    0.0175493400
  -0.0000139400    0.0000079800    0.0186705900
   0.0000038900    0.0000048500    0.0187298400
   0.0000320800    0.0000012400    0.0022894800
   0.0000195600   -0.0000080600    0.0021760600
   0.0000302100   -0.0000045900    0.0022573200
   0.0000294400    0.0000037300    0.0021854900
   0.0000258500   -0.0000028800    0.0021712300
   0.0000228100   -0.0000028700    0.0022569400
   0.0000453800   -0.0000042700    0.0022658100
   0.0000323100   -0.0000033400    0.0021903800
   0.0000456200   -0.0000076100    0.0022685100
   0.0000335300    0.0000129500    0.0022609800
   0.0000470200    0.0000136800    0.0022480000
   0.0000235800   -0.0000005200    0.0022357700
   0.0000323100   -0.0000010600    0.0021776200
   0.0000331300    0.0000109000    0.0021841800
   0.0000360000   -0.0000066400    0.0022371600
   0.0000416100    0.0000125900    0.0022321500
   0.0000127000   -0.0000064600   -0.0028767000
   0.0000728100    0.0000142900   -0.0028648100
   0.0000042500    0.0000104700   -0.0028750300
   0.0000339000   -0.0000042700   -0.0028898000
   0.0000613900    0.0000424500   -0.0028579200
   0.0000417000    0.0000036200   -0.0029086000
   0.0000046800    0.0000108100   -0.0028799700
   0.0000402800    0.0000072000   -0.0028925300
   0.0000143200   -0.0000403700   -0.0028604100
   0.0000268800   -0.0000331700   -0.0028704700
   0.0000225000   -0.0000080200   -0.0028785300
   0.0000455700    0.0000025800   -0.0028605500
   0.0000273400    0.0000117600   -0.0028805800
   0.0000419100   -0.0000023100   -0.0028920900
   0.0000435900    0.0000096900   -0.0028687100
   0.0000260700   -0.0000065600   -0.0028825700
   0.0000380700    0.0000083000   -0.0079220000
   0.0000423400    0.0000012600   -0.0079026200
   0.0000336600    0.0000008900   -0.0079076400
   0.0000251200   -0.0000001300   -0.0079186500
   0.0000339300    0.0000097600   -0.0079102500
   0.0000348600    0.0000035300   -0.0079079400
   0.0000272900    0.0000027500   -0.0079022500
   0.0000373800    0.0000008300   -0.0079040800
   0.0000301200   -0.0000016400   -0.0079151900
   0.0000324700   -0.0000081800   -0.0079044400
   0.0000287300   -0.0000021500   -0.0079163200
   0.0000386300    0.0000045700   -0.0079194700
   0.0000265700   -0.0000072900   -0.0079219900
   0.0000354000   -0.0000001000   -0.0079002000
   0.0000398100    0.0000019000   -0.0079193300
   0.0000311800   -0.0000018900   -0.0079176100

33   
  0.0056193653408792   0.0000000000000000   0.0082718035013971
   0.0393190300    0.0185422200    0.0419303600
  -0.0014440300    0.0050004800    0.0155767400
   0.0003005300   -0.0002273000   -0.0016012300
   0.0001109100    0.0000637600   -0.0012158500
   0.0072085700   -0.0236898400    0.0288984700
   0.0002786200    0.0011090000   -0.0016726600
  -0.0000641600    0.0001851300   -0.0022909100
   0.0001901200   -0.0010553000    0.0001415400
   0.0002488800    0.0004738800   -0.0014309700
   0.0001672100   -0.0001345800   -0.0022537000
  -0.0001511100   -0.0000506000   -0.0023293900
   0.0002985800   -0.0002278800   -0.0013889600
  -0.0000543900   -0.0003409100   -0.0012383100
  -0.0016404400   -0.0000468700   -0.0007622400
   0.0001803000    0.0002714800   -0.0015809100
   0.0000134300    0.0000029400   -0.0021915800
  -0.0012985500   -0.0000049200    0.0064642600
  -0.0003444700   -0.0002680200   -0.0078980000
   0.0001069500    0.0001271400   -0.0073286700
   0.0018011500   -0.0013325000   -0.0063224100
  -0.0016345300   -0.0004277400   -0.0069882800
   0.0000822000   -0.0000175900   -0.0074694800
   0.0001326600   -0.0000182800   -0.0074444100
   0.0008140900   -0.0006149000   -0.0072374100
   0.0001126200    0.0000007700   -0.0074083400
   0.0001079900    0.0000353000   -0.0074639400
  -0.0000945600   -0.0001184200   -0.0072555400
   0.0000672200   -0.0000457400   -0.0074492700
  -0.0005429200    0.0025254700   -0.0061987000
  -0.0002293200    0.0001173200   -0.0080294500
   0.0000727200    0.0000015300   -0.0074505400
   0.0001505700    0.0000457200   -0.0074519300
  -0.0593287000    0.0000182300   -0.0985359000
   0.0046139800   -0.0001894900    0.0156533000
   0.0000270500    0.0000821500    0.0182227000
   0.0033538000   -0.0000864200    0.0165129100
   0.0007303500    0.0026366800    0.0157981200
  -0.0000467500   -0.0000839800    0.0185908100
   0.0000690500    0.0000114400    0.0184952600
   0.0003605400   -0.0014292500    0.0163856700
   0.0001397300   -0.0000617600    0.0182727100
   0.0000951600    0.0000714800    0.0185486300
   0.0000082700   -0.0000129300    0.0181805600
   0.0000975400   -0.0000688600    0.0185298400
   0.0001196400    0.0014765600    0.0162202600
   0.0009721000   -0.0023926900    0.0159530400
  -0.0000509000    0.0000902300    0.0185654300
   0.0000674400   -0.0000192200    0.0184956900
   0.0002922700    0.0000009600    0.0015260300
   0.0000933500   -0.0002384300    0.0027468100
   0.0000661400    0.0000153600    0.0023177100
   0.0001192900   -0.0003285200    0.0024923800
  -0.0000949500    0.0002227300    0.0028601200
  -0.0000581300   -0.0000512200    0.0022459400
   0.0001150000   -0.0000437700    0.0022576900
   0.0004078900    0.0000429500    0.0023810300
   0.0000969700   -0.0000155100    0.0023076400
   0.0000350000    0.0001018000    0.0022514700
   0.0000682900    0.0000047900    0.0023296800
   0.0000567000    0.0001043100    0.0022753600
  -0.0002255900    0.0000887900    0.0027323000
   0.0002551400    0.0002193000    0.0025061900
   0.0001842000   -0.0000721200    0.0023209600
   0.0000082200   -0.0000255500    0.0022282200
   0.0022694100    0.0013934900    0.0001474300
   0.0000166400   -0.0000322700   -0.0028826000
   0.0000960800   -0.0000529600   -0.0028053200
  -0.0009440900    0.0004685900   -0.0023624500
  -0.0000034500   -0.0000084800   -0.0028300000
   0.0000641200    0.0000044400   -0.0027933100
   0.0001095400   -0.0000098800   -0.0028573400
   0.0000821200    0.0000786800   -0.0029587500
   0.0000281600    0.0000632300   -0.0027876400
   0.0000626400    0.0000497100   -0.0028917700
   0.0000921300    0.0000186800   -0.0028413000
   0.0000733900   -0.0000001300   -0.0028064200
  -0.0001370800   -0.0018534700   -0.0011107400
   0.0001685300   -0.0000507100   -0.0029286500
   0.0000671300   -0.0000126900   -0.0028239800
   0.0000316900   -0.0000277300   -0.0029787600
  -0.0000052600   -0.0000433000   -0.0077953000
   0.0000742900   -0.0000069700   -0.0078104900
   0.0000390200   -0.0000007700   -0.0077915900
   0.0001345400   -0.0000354000   -0.0078019200
   0.0000667100    0.0000105000   -0.0078284000
   0.0000734700    0.0000041100   -0.0077661700
   0.0000564600    0.0000312100   -0.0077749000
   0.0000435100   -0.0000697900   -0.0078443900
   0.0000586000   -0.0000141200   -0.0078223300
   0.0000832200   -0.0000106600   -0.0077891000
   0.0000571200    0.0000027800   -0.0077638900
   0.0000815700   -0.0000089900   -0.0077626900
   0.0000731700    0.0000811800   -0.0078016000
  -0.0000040500    0.0000268200   -0.0078404300
   0.0000593800    0.0000119900   -0.0077643100
   0.0001173300    0.0000441100   -0.0078577500

33   
 -0.0056193653408792   0.0000000000000000  -0.0082718035013971
  -0.0409281500   -0.0195024600   -0.0480318500
   0.0014958400   -0.0049869000   -0.0199302000
  -0.0001885300    0.0002213700   -0.0028643300
  -0.0000603800   -0.0000639700   -0.0032546700
  -0.0071397500    0.0243440400   -0.0338277000
  -0.0001852400   -0.0010988900   -0.0027682500
   0.0001573800   -0.0001892000   -0.0021650200
  -0.0000644600    0.0010539300   -0.0046379100
  -0.0001555100   -0.0004582700   -0.0030409600
  -0.0000926900    0.0001375800   -0.0022026900
   0.0002522800    0.0000471800   -0.0021263800
  -0.0002168200    0.0002547900   -0.0030774800
   0.0001284500    0.0003157300   -0.0032358900
   0.0017461700    0.0000621100   -0.0036994100
  -0.0000762400   -0.0002879400   -0.0028814500
   0.0000794200   -0.0000077700   -0.0022680700
   0.0014145400    0.0000097600   -0.0213418600
   0.0004092100    0.0002534900   -0.0067630400
  -0.0000185200   -0.0001180700   -0.0073342500
  -0.0017218800    0.0013233000   -0.0083588800
   0.0017236500    0.0004357300   -0.0076646800
   0.0000150100    0.0000145400   -0.0071983400
  -0.0000561100    0.0000089200   -0.0072227600
  -0.0006934400    0.0006244200   -0.0074101600
  -0.0000359300    0.0000004400   -0.0072414400
  -0.0000267500   -0.0000283200   -0.0072179100
   0.0001990200    0.0001285200   -0.0074109400
   0.0000229300    0.0000350700   -0.0071973400
   0.0006335900   -0.0025627400   -0.0084844700
   0.0003265400   -0.0000984700   -0.0066219200
   0.0000083700   -0.0000042700   -0.0072103600
  -0.0000547900   -0.0000435800   -0.0072059000
   0.0524875300    0.0001986400    0.1101507200
  -0.0044869700    0.0001958700    0.0217106400
   0.0000610300   -0.0000731200    0.0191458400
  -0.0033011500    0.0000779300    0.0209002600
  -0.0006431100   -0.0026401800    0.0215714800
   0.0001425300    0.0000806400    0.0187750200
   0.0000126800   -0.0000230600    0.0188804900
  -0.0002444800    0.0014410400    0.0210083900
  -0.0000612200    0.0000614800    0.0190877800
  -0.0000135200   -0.0000643500    0.0188336700
   0.0000927600    0.0000207400    0.0191892300
  -0.0000053700    0.0000580100    0.0188241200
  -0.0000205800   -0.0014771700    0.0211794700
  -0.0008745700    0.0023946900    0.0214157100
   0.0001292400   -0.0000891200    0.0187984700
   0.0000276400    0.0000206400    0.0188683100
  -0.0001996200   -0.0000007400    0.0031132600
  -0.0000022600    0.0002388300    0.0019068200
   0.0000262100   -0.0000169100    0.0023294900
  -0.0000293400    0.0003196200    0.0021511500
   0.0001849000   -0.0002115700    0.0017979600
   0.0001430500    0.0000541200    0.0024025300
  -0.0000249300    0.0000445900    0.0023904000
  -0.0003153000   -0.0000432700    0.0022655800
  -0.0000081000    0.0000198900    0.0023353900
   0.0000507900   -0.0000972900    0.0023943800
   0.0000185800   -0.0000041300    0.0023236700
   0.0000362200   -0.0000985000    0.0023709800
   0.0003032900   -0.0000874100    0.0019152000
  -0.0001676100   -0.0002172700    0.0021406400
  -0.0000899300    0.0000720100    0.0023259600
   0.0000823900    0.0000271700    0.0024111700
  -0.0021327000   -0.0013505300   -0.0056183800
   0.0000786000    0.0000324300   -0.0026693500
  -0.0000062800    0.0000490300   -0.0027356900
   0.0010305300   -0.0004732500   -0.0032054600
   0.0000905200    0.0000210200   -0.0027113300
   0.0000253700    0.0000014300   -0.0027570800
  -0.0000244300    0.0000133000   -0.0026977500
   0.0000099100   -0.0000739200   -0.0025973400
   0.0000523400   -0.0000600400   -0.0027389800
   0.0000240800   -0.0000546600   -0.0026604800
  -0.0000018100   -0.0000191700   -0.0027097700
   0.0000237000    0.0000018000   -0.0027260400
   0.0002077100    0.0018269700   -0.0044150600
  -0.0000756600    0.0000480800   -0.0026352500
   0.0000286500    0.0000149600   -0.0027201600
   0.0000571600    0.0000242900   -0.0025547200
   0.0000874000    0.0000467600   -0.0078052700
   0.0000190900    0.0000059700   -0.0077881300
   0.0000499400   -0.0000024700   -0.0078153400
  -0.0000461600    0.0000289300   -0.0078006900
   0.0000178500    0.0000005800   -0.0077831800
   0.0000166700    0.0000012300   -0.0078347900
   0.0000282800   -0.0000275600   -0.0078199400
   0.0000497900    0.0000715200   -0.0077533700
   0.0000229100    0.0000183600   -0.0078015400
   0.0000032900    0.0000071700   -0.0078089700
   0.0000317700   -0.0000026300   -0.0078356600
   0.0000160800    0.0000104000   -0.0078545700
   0.0000039800   -0.0000791800   -0.0078077800
   0.0000938000   -0.0000269000   -0.0077505200
   0.0000353600   -0.0000095000   -0.0078436000
  -0.0000257000   -0.0000463400   -0.0077614900

49   
  0.0056193653408792   0.0000000000000000   0.0082718035013971
   0.0002351900    0.0001569700   -0.0023875400
  -0.0001699900    0.0000819300   -0.0025473300
   0.0000663700   -0.0000015100   -0.0021835500
  -0.0000610800   -0.0000282600   -0.0021561000
  -0.0000330800   -0.0002272800   -0.0024676200
   0.0000507100    0.0000467000   -0.0025847600
  -0.0000294200    0.0000879800   -0.0022574700
  -0.0000520500    0.0000209600   -0.0025823600
   0.0000223900    0.0000326900   -0.0021104100
   0.0000727100   -0.0000620300   -0.0022770700
  -0.0000771200   -0.0000294300   -0.0022409400
  -0.0000034700    0.0000865800   -0.0022275000
  -0.0000310900   -0.0000325000   -0.0020952800
  -0.0000219400   -0.0000631700   -0.0025844200
   0.0000660400   -0.0000622500   -0.0022431300
  -0.0000010500   -0.0000028800   -0.0020664900
   0.0000040400    0.0000013600   -0.0075121100
  -0.0000143000    0.0000191000   -0.0073918500
   0.0000039300   -0.0000246900   -0.0074816500
  -0.0000001300    0.0000187500   -0.0073919500
   0.0000011500   -0.0000237100   -0.0073923900
  -0.0000212400   -0.0000072600   -0.0074466100
  -0.0000001900    0.0000062700   -0.0074507200
  -0.0000188200   -0.0000091300   -0.0073841000
  -0.0000329800    0.0000162800   -0.0074799000
   0.0000013300    0.0000027400   -0.0074469200
   0.0000011100   -0.0000031000   -0.0074765400
  -0.0000144400   -0.0000014100   -0.0074674000
   0.0000201300    0.0000075300   -0.0074046100
  -0.0000207200   -0.0000044700   -0.0073943000
  -0.0000090800   -0.0000013900   -0.0074821200
  -0.0000125700    0.0000062900   -0.0074658700
   0.0002162700    0.0000011500    0.0178006100
  -0.0001590500    0.0001907000    0.0188835000
  -0.0000077400   -0.0000179400    0.0185889900
   0.0002064500    0.0004250200    0.0188757200
   0.0001142600   -0.0003069100    0.0187159500
  -0.0000580400   -0.0000131300    0.0184736600
   0.0000917000   -0.0000637100    0.0185997500
  -0.0002308900   -0.0003195000    0.0190357900
  -0.0000014500   -0.0000078500    0.0185978000
  -0.0000267700    0.0000786500    0.0185354000
   0.0000220500    0.0000162600    0.0185737500
  -0.0000452400    0.0000168700    0.0185063600
   0.0004395400    0.0000191800    0.0187247100
  -0.0002791000   -0.0000011200    0.0190504900
  -0.0000316600   -0.0000063100    0.0185719500
  -0.0000649700   -0.0000065200    0.0184535100
  -0.0921830100   -0.0002805400   -0.1932507800
  -0.0011923400    0.0054016100    0.0015014200
   0.0027487300   -0.0000110300    0.0025607500
  -0.0009237700   -0.0053920800    0.0011681000
   0.0005899700   -0.0065659000    0.0013883100
   0.0004326300   -0.0002657300    0.0018239100
   0.0003709200    0.0002945900    0.0018652600
   0.0008116000    0.0062564000    0.0012811500
   0.0005772800    0.0012543000    0.0025526700
   0.0008861800   -0.0000350800    0.0018438300
   0.0005979600   -0.0012425700    0.0025671900
   0.0008867200    0.0000329300    0.0018450000
   0.0007837300    0.0045640400    0.0012205000
   0.0006165500   -0.0041971900    0.0014441800
   0.0004288000    0.0002614900    0.0018278300
   0.0003757600   -0.0002981400    0.0018629400
  -0.0040831400   -0.0043873600    0.0096698900
  -0.0004019200   -0.0006017000   -0.0020703000
   0.0004173600    0.0008699400   -0.0033063400
   0.0417064500   -0.0220290600    0.0444073800
  -0.0000024500   -0.0000565200   -0.0023079700
  -0.0000922400   -0.0000019000   -0.0025572200
   0.0001736700   -0.0007913200   -0.0030644300
  -0.0015517200   -0.0007569800   -0.0013894200
   0.0006876500   -0.0003295200   -0.0029247200
   0.0000431500    0.0009076100   -0.0024466600
  -0.0001724900    0.0000282200   -0.0028001700
  -0.0000108600   -0.0001217200   -0.0026624100
   0.0035332800    0.0265215000    0.0271568900
  -0.0001710700   -0.0007977400   -0.0023969500
  -0.0002216800    0.0000950100   -0.0027316100
   0.0011381600    0.0015514400   -0.0003932400
   0.0436486000    0.0231128100    0.0422213900
   0.0005440200   -0.0009767100   -0.0084549600
  -0.0004685500    0.0005657100   -0.0072083900
  -0.0042352100    0.0045561400    0.0053444000
   0.0001677900    0.0008931300   -0.0082065000
  -0.0001434900   -0.0000013400   -0.0076709100
   0.0000164300    0.0001854900   -0.0074611100
  -0.0015868800    0.0005778500   -0.0062352100
  -0.0000032200   -0.0009434700   -0.0075849300
   0.0008557600    0.0002750400   -0.0080848000
  -0.0000237900    0.0001000900   -0.0077655600
  -0.0001763000   -0.0000116500   -0.0078693200
   0.0036360600   -0.0275543700    0.0236567800
   0.0010310200   -0.0015124800   -0.0053860300
  -0.0001968800   -0.0000868200   -0.0078160200
   0.0000290900    0.0009310900   -0.0070707200

49   
 -0.0056193653408792   0.0000000000000000  -0.0082718035013971
  -0.0002243200   -0.0001648000   -0.0022807800
   0.0001781300   -0.0000791200   -0.0021146600
  -0.0000425300    0.0000010200   -0.0024819300
   0.0000653400    0.0000236900   -0.0025123100
   0.0000530500    0.0002359000   -0.0021962800
  -0.0000452000   -0.0000385800   -0.0020727400
   0.0000390500   -0.0000910800   -0.0024032000
   0.0000650100   -0.0000229500   -0.0020709400
  -0.0000211100   -0.0000434300   -0.0025517300
  -0.0000569000    0.0000523800   -0.0023853700
   0.0000881400    0.0000274600   -0.0024214700
   0.0000261100   -0.0000803100   -0.0024377100
   0.0000407100    0.0000439800   -0.0025659700
   0.0000283900    0.0000696000   -0.0020732800
  -0.0000448500    0.0000570300   -0.0024239500
   0.0000134700    0.0000022100   -0.0025992600
  -0.0000003800    0.0000075200   -0.0073972700
   0.0000284100   -0.0000089900   -0.0075298100
   0.0000201100    0.0000311000   -0.0074290400
   0.0000110700   -0.0000358100   -0.0075267200
   0.0000107600    0.0000149900   -0.0075100100
   0.0000355700   -0.0000028300   -0.0074624900
  -0.0000030100   -0.0000063300   -0.0074722700
   0.0000491200    0.0000163200   -0.0075284000
   0.0000439300   -0.0000147300   -0.0074441800
   0.0000134500    0.0000026000   -0.0074759000
   0.0000190300    0.0000013200   -0.0074384400
   0.0000222200    0.0000051200   -0.0074407000
  -0.0000025500   -0.0000049100   -0.0075067900
   0.0000325400   -0.0000028100   -0.0075256400
   0.0000259000   -0.0000064300   -0.0074329000
   0.0000203000   -0.0000028300   -0.0074415500
  -0.0002221700    0.0000074300    0.0193451700
   0.0001724800   -0.0001805200    0.0182726000
   0.0000312200    0.0000240600    0.0185561900
  -0.0001864900   -0.0004361200    0.0182856600
  -0.0001014000    0.0002947700    0.0184215800
   0.0000719100    0.0000037100    0.0186700800
  -0.0000935700    0.0000628900    0.0185584100
   0.0002614500    0.0003187400    0.0181191500
   0.0000124900    0.0000098500    0.0185595400
   0.0000406400   -0.0000722900    0.0186226800
  -0.0000025700   -0.0000175900    0.0185758200
   0.0000545000   -0.0000147500    0.0186380400
  -0.0004133400   -0.0000130600    0.0184272000
   0.0002879800   -0.0000036300    0.0181092300
   0.0000467500    0.0000003600    0.0185784200
   0.0000756600    0.0000106300    0.0186901700
   0.0908976200   -0.0002186300    0.1912162400
   0.0013811900   -0.0053693800    0.0029642600
  -0.0027321800    0.0000073500    0.0018795700
   0.0007608500    0.0054210500    0.0032371700
  -0.0005583300    0.0066315000    0.0030119000
  -0.0004219800    0.0002549100    0.0026175800
  -0.0003516500   -0.0003095900    0.0025708000
  -0.0008163800   -0.0061932300    0.0031866400
  -0.0005723400   -0.0012477100    0.0018795000
  -0.0008791600    0.0000413000    0.0025943400
  -0.0005764800    0.0012406100    0.0018738800
  -0.0008688600   -0.0000390100    0.0025930800
  -0.0008066400   -0.0045925600    0.0031478200
  -0.0005695000    0.0041723000    0.0030491600
  -0.0004182200   -0.0002632400    0.0026205900
  -0.0003483900    0.0002959300    0.0025674400
   0.0041032800    0.0043652300   -0.0155220100
   0.0003980500    0.0005927300   -0.0037165500
  -0.0003949700   -0.0008576100   -0.0024789600
  -0.0433175000    0.0230322000   -0.0520291100
   0.0000107100    0.0000528800   -0.0034702000
   0.0001093600   -0.0000025200   -0.0032286600
  -0.0001618400    0.0007596200   -0.0027333000
   0.0015575600    0.0007671900   -0.0043954300
  -0.0006702600    0.0003353800   -0.0028420000
  -0.0000482800   -0.0008822100   -0.0033491800
   0.0001935800   -0.0000249200   -0.0029864200
   0.0000207900    0.0001164400   -0.0031086600
  -0.0034459600   -0.0272904100   -0.0336412200
   0.0001631800    0.0008026100   -0.0034011600
   0.0002291000   -0.0000942800   -0.0030517700
  -0.0011543100   -0.0015740000   -0.0053969400
  -0.0419847600   -0.0220973200   -0.0561949800
  -0.0005401300    0.0009831800   -0.0073549400
   0.0005021700   -0.0005696700   -0.0086189700
   0.0042250000   -0.0045668700   -0.0210956700
  -0.0001600200   -0.0009148400   -0.0076033400
   0.0001627200   -0.0000034300   -0.0081512100
  -0.0000012000   -0.0002021200   -0.0083670700
   0.0016093100   -0.0005688400   -0.0095897300
   0.0000286100    0.0009755300   -0.0082436200
  -0.0008557200   -0.0002694500   -0.0077367400
   0.0000489900   -0.0001022700   -0.0080600400
   0.0001903500    0.0000127300   -0.0079644200
  -0.0037030300    0.0267606200   -0.0387717300
  -0.0009874400    0.0014969400   -0.0104171200
   0.0002187200    0.0000867700   -0.0080089800
   0.0000098400   -0.0009316500   -0.0087560500

65   
  0.0056193653408792   0.0000000000000000   0.0082718035013971
   0.0004068100    0.0001955600   -0.0015059500
   0.0001222500   -0.0001928000   -0.0028226100
  -0.0001731300    0.0001352100   -0.0019627500
   0.0001283500   -0.0000591500   -0.0024055100
  -0.0001242700    0.0001409100   -0.0030855800
   0.0002061200    0.0000501900   -0.0025590500
   0.0000737000    0.0000649200   -0.0022965500
   0.0000492800    0.0000331500   -0.0022558600
   0.0000694500   -0.0003379900   -0.0017316700
   0.0001051000   -0.0000054700   -0.0022424800
   0.0000655100   -0.0000019600   -0.0022881400
   0.0000102100   -0.0000241200   -0.0023119800
   0.0000416900    0.0000460300   -0.0023564900
   0.0000776800   -0.0000312300   -0.0022221000
   0.0000047600   -0.0000404600   -0.0023327600
   0.0001407000    0.0000090400   -0.0024533700
   0.0000789200   -0.0000005900   -0.0074222300
   0.0000745800   -0.0000107400   -0.0074318900
   0.0000777400    0.0000042400   -0.0074237400
   0.0000412900   -0.0000112000   -0.0074615100
   0.0000644500    0.0000039600   -0.0074314400
   0.0000646300    0.0000105100   -0.0074121000
   0.0000698300   -0.0000144500   -0.0074404800
   0.0000570200   -0.0000045000   -0.0074154600
   0.0000874600    0.0000032100   -0.0074371900
   0.0000508400   -0.0000032300   -0.0074434400
   0.0000777100    0.0000116400   -0.0074367900
   0.0000714000    0.0000195200   -0.0074486900
   0.0000527000   -0.0000174900   -0.0074685600
   0.0000637600    0.0000008100   -0.0074128600
   0.0000719400   -0.0000118400   -0.0074249200
   0.0000602100    0.0000020200   -0.0073968400
   0.0024463000    0.0014769600    0.0212908200
  -0.0011722000    0.0005976800    0.0191637600
   0.0001092100    0.0000441100    0.0185486500
  -0.0000127500    0.0000555900    0.0184856600
  -0.0001279600   -0.0020857100    0.0202351200
   0.0000425000   -0.0000098600    0.0183548800
   0.0000664200    0.0000138600    0.0185342100
   0.0001391800   -0.0000445300    0.0184448800
   0.0001210700    0.0000170800    0.0185042900
   0.0000855100   -0.0000240200    0.0185226800
   0.0000628300    0.0000043900    0.0185446600
  -0.0000303100    0.0000282100    0.0185297200
   0.0000645600   -0.0000701200    0.0184847200
   0.0000750600    0.0000601600    0.0183991300
   0.0000350600   -0.0000869900    0.0185568900
   0.0000612500    0.0000018500    0.0185635200
  -0.0069426200   -0.0060829900    0.0167939400
   0.0464038400   -0.0247425600    0.0494261400
  -0.0008142200   -0.0002947500    0.0026921900
   0.0009774200    0.0005111200    0.0021537900
   0.0035711300    0.0306585300    0.0329443200
   0.0020217600    0.0020289000    0.0041684200
  -0.0001484600    0.0001109300    0.0023734400
  -0.0009033100   -0.0003378800    0.0032584700
   0.0000951300   -0.0003095900    0.0026328500
   0.0000726000   -0.0001290800    0.0024277300
  -0.0001185500    0.0000164300    0.0023143900
   0.0007966700   -0.0013627100    0.0022076400
   0.0007027200   -0.0000566000    0.0023632400
  -0.0014907500   -0.0016875700    0.0037097600
  -0.0003892800    0.0015027400    0.0024785300
  -0.0000202700   -0.0000019500    0.0025490100
  -0.0692267000    0.0002855800   -0.1119654600
   0.0070449400   -0.0000287300   -0.0040007000
   0.0002457600    0.0000443000   -0.0031351400
   0.0079844900   -0.0000196800   -0.0046469900
   0.0012284900    0.0030376900   -0.0041668100
   0.0000123400   -0.0000897600   -0.0029996100
   0.0001848600   -0.0000125000   -0.0028823200
   0.0017922100   -0.0039033600   -0.0044795500
   0.0001021700    0.0000809400   -0.0031052000
   0.0001639700    0.0000993200   -0.0029420000
   0.0000269500   -0.0001296200   -0.0031630500
   0.0001645200    0.0000904200   -0.0029352600
   0.0017515700    0.0039148800   -0.0044910500
   0.0012704200   -0.0030082800   -0.0041557300
   0.0001792700   -0.0000105000   -0.0028776700
   0.0000191000   -0.0000857300   -0.0029948500
  -0.0015236300   -0.0000015500   -0.0002789000
   0.0014583200    0.0012540000   -0.0060889500
   0.0001033000    0.0001443100   -0.0080659600
  -0.0008065600    0.0005883300   -0.0076163600
   0.0010232500    0.0005757900   -0.0070714200
  -0.0000322500   -0.0000484300   -0.0082382700
   0.0005707000   -0.0003022200   -0.0081909100
  -0.0017099900    0.0004610500   -0.0066390400
   0.0001425300   -0.0000244800   -0.0081510300
   0.0000491000    0.0003487600   -0.0082138200
  -0.0001060600   -0.0001231600   -0.0079840200
   0.0000468100    0.0000030700   -0.0082455500
  -0.0001117400   -0.0007318000   -0.0078320300
  -0.0005816600   -0.0021661400   -0.0058718500
   0.0002464500   -0.0001168900   -0.0084419200
   0.0002388600    0.0001090900   -0.0080450200

65   
 -0.0056193653408792   0.0000000000000000  -0.0082718035013971
  -0.0003739700   -0.0001953400   -0.0032072600
  -0.0000706400    0.0001947200   -0.0018682800
   0.0002154600   -0.0001399700   -0.0027452500
  -0.0000770800    0.0000578800   -0.0022922400
   0.0001698200   -0.0001412200   -0.0015984900
  -0.0001667300   -0.0000518600   -0.0021367300
  -0.0000259000   -0.0000545700   -0.0023951200
   0.0000007200   -0.0000378300   -0.0024350700
  -0.0000204800    0.0003413100   -0.0029745600
  -0.0000587900    0.0000061000   -0.0024496300
  -0.0000289700   -0.0000006000   -0.0024066300
   0.0000414100    0.0000188200   -0.0023839500
   0.0000009200   -0.0000493700   -0.0023364000
  -0.0000268900    0.0000302000   -0.0024696300
   0.0000380800    0.0000452000   -0.0023639600
  -0.0000919300   -0.0000068600   -0.0022453500
  -0.0000087300   -0.0000057400   -0.0074963600
  -0.0000419400    0.0000078600   -0.0074738500
  -0.0000244800   -0.0000181500   -0.0074999200
  -0.0000112900    0.0000299700   -0.0074393200
  -0.0000161200   -0.0000044900   -0.0074926200
  -0.0000277300    0.0000076700   -0.0074999600
  -0.0000000800    0.0000086800   -0.0074737500
  -0.0000261700   -0.0000027000   -0.0074850600
  -0.0000272400   -0.0000101900   -0.0074750600
  -0.0000183900   -0.0000025400   -0.0074624100
  -0.0000271400   -0.0000073900   -0.0074851300
  -0.0000281700   -0.0000172900   -0.0074649700
  -0.0000040400    0.0000075400   -0.0074612200
  -0.0000203100    0.0000136300   -0.0074906700
  -0.0000216300    0.0000056000   -0.0074945600
  -0.0000148300    0.0000061300   -0.0075098800
  -0.0024223200   -0.0015172000    0.0157841800
   0.0012052300   -0.0005940800    0.0179820800
  -0.0000581500   -0.0000564700    0.0185933000
   0.0000456000   -0.0000394500    0.0186354700
   0.0001881800    0.0021052600    0.0168941800
  -0.0000061200    0.0000255700    0.0187720800
   0.0000010300   -0.0000192400    0.0185980400
  -0.0001069900    0.0000380800    0.0186781900
  -0.0000620800   -0.0000235300    0.0186260900
  -0.0000517000    0.0000186900    0.0186003900
  -0.0000127800   -0.0000004000    0.0185951500
   0.0000755500   -0.0000258900    0.0186024500
  -0.0000162400    0.0000623400    0.0186626300
  -0.0000318400   -0.0000467700    0.0187233900
   0.0000154100    0.0000828700    0.0185810000
  -0.0000158000    0.0000057100    0.0185610700
   0.0069664000    0.0060441100   -0.0123618100
  -0.0445652400    0.0236896000   -0.0430576700
   0.0008862200    0.0002989900    0.0017265100
  -0.0009641100   -0.0005193500    0.0022805300
  -0.0035181900   -0.0298841900   -0.0278687900
  -0.0020217800   -0.0020341600    0.0002600000
   0.0001890200   -0.0001173700    0.0020443100
   0.0009556000    0.0003208300    0.0011356500
  -0.0000205800    0.0003288000    0.0017837100
  -0.0000410300    0.0001339500    0.0019878900
   0.0001650800   -0.0000122900    0.0021021000
  -0.0007584400    0.0013779000    0.0022194100
  -0.0006699900    0.0000305400    0.0020598300
   0.0015060700    0.0017229100    0.0006942700
   0.0004415800   -0.0015114400    0.0019415000
   0.0000626200    0.0000011300    0.0018671700
   0.0631756200    0.0000594400    0.0990908400
  -0.0069380300    0.0000043700   -0.0018302100
  -0.0001925100   -0.0000448900   -0.0026549900
  -0.0079785700    0.0000103400   -0.0011297800
  -0.0012284300   -0.0030457500   -0.0016425500
   0.0000385900    0.0000891100   -0.0028019500
  -0.0001402000    0.0000164300   -0.0029100400
  -0.0017050000    0.0038685600   -0.0013159700
  -0.0000581300   -0.0000772100   -0.0026821500
  -0.0001152100   -0.0001009100   -0.0028571900
   0.0000233000    0.0001241300   -0.0026288500
  -0.0001160400   -0.0001017300   -0.0028553600
  -0.0016945200   -0.0038793200   -0.0012931800
  -0.0012369200    0.0030456500   -0.0016651000
  -0.0001395200    0.0000143200   -0.0029135200
   0.0000376600    0.0000900100   -0.0027958200
   0.0015485900    0.0000015000   -0.0154837700
  -0.0014062100   -0.0012655500   -0.0097697100
  -0.0000559400   -0.0001446200   -0.0078001700
   0.0008715500   -0.0006032900   -0.0082674700
  -0.0010092200   -0.0005776400   -0.0088207100
   0.0000960200    0.0000555500   -0.0076217800
  -0.0005277300    0.0003070600   -0.0076664500
   0.0017481500   -0.0004593800   -0.0092206300
  -0.0001014700    0.0000269000   -0.0077182400
   0.0000017900   -0.0003571600   -0.0076438500
   0.0001526200    0.0001209200   -0.0078829100
   0.0000017100   -0.0000094100   -0.0076253300
   0.0001513500    0.0007620100   -0.0080665000
   0.0006268700    0.0021370400   -0.0099686100
  -0.0002078400    0.0001220500   -0.0074284700
  -0.0001892700   -0.0001091700   -0.0078205900

81   
  0.0056193653408792   0.0000000000000000   0.0082718035013971
  -0.0000142000    0.0000011800   -0.0023544400
  -0.0000125200   -0.0000262500   -0.0024066900
   0.0000089000   -0.0000165300   -0.0023731000
  -0.0000012100   -0.0000060800   -0.0024100500
  -0.0000277800    0.0000045200   -0.0024066600
   0.0000158000    0.0000180400   -0.0024056600
   0.0000102000    0.0000041200   -0.0023900400
   0.0000016400    0.0000064900   -0.0024051400
  -0.0000095600    0.0000126200   -0.0023637400
   0.0000056000    0.0000057800   -0.0024101900
  -0.0000081900   -0.0000025800   -0.0024332600
  -0.0000060600   -0.0000068300   -0.0023890300
  -0.0000109100    0.0000010700   -0.0024032700
   0.0000043700   -0.0000090200   -0.0024176900
  -0.0000019200   -0.0000060400   -0.0023806900
  -0.0000014000   -0.0000003900   -0.0024140000
   0.0000094600   -0.0000058000   -0.0074824900
  -0.0000109200   -0.0000004000   -0.0074639600
  -0.0000000400   -0.0000067700   -0.0074901300
  -0.0000121900    0.0000052000   -0.0074827400
   0.0000017700   -0.0000031100   -0.0074801000
  -0.0000053900    0.0000073600   -0.0074823000
   0.0000050100   -0.0000096500   -0.0074804300
  -0.0000105500   -0.0000019000   -0.0074795500
   0.0000052900   -0.0000070400   -0.0074895500
  -0.0000129800   -0.0000019200   -0.0074752500
   0.0000062300    0.0000032300   -0.0074840800
  -0.0000050400    0.0000039700   -0.0074843900
  -0.0000001600   -0.0000065500   -0.0074975600
  -0.0000050800    0.0000044500   -0.0074802700
   0.0000033500   -0.0000044100   -0.0074879000
  -0.0000057100    0.0000022900   -0.0074783500
   0.0000101700   -0.0000086400    0.0184959200
  -0.0000185000    0.0000094100    0.0185820500
   0.0000032100   -0.0000288000    0.0185293300
  -0.0000401200   -0.0000277800    0.0185405800
   0.0000093200   -0.0000089800    0.0185454800
  -0.0000243400    0.0000138800    0.0185287800
  -0.0000074400    0.0000035000    0.0185785200
  -0.0000206900   -0.0000140100    0.0184429100
  -0.0000087100    0.0000169700    0.0185300100
  -0.0000044900   -0.0000130200    0.0185784800
  -0.0000084100    0.0000016300    0.0185763900
   0.0000136700    0.0000358900    0.0185398800
  -0.0000379000   -0.0000145700    0.0185466000
  -0.0000368500    0.0000086100    0.0184853000
   0.0000294800    0.0000043000    0.0185340900
  -0.0000018000    0.0000021000    0.0185637900
   0.0448853300    0.0237792800    0.0483823700
  -0.0071638500    0.0062498800    0.0173931100
   0.0009825500   -0.0005055400    0.0018870500
  -0.0008952600    0.0002788700    0.0025966800
   0.0036805400   -0.0301864400    0.0330512400
  -0.0007128000    0.0004972500    0.0035261800
  -0.0001929700   -0.0000935500    0.0022656900
   0.0017778200   -0.0019357800    0.0041845600
   0.0008027300    0.0014118000    0.0019433400
  -0.0001745300   -0.0000119600    0.0022141100
  -0.0000141900    0.0001020500    0.0023179300
   0.0000537500    0.0003129400    0.0025426400
  -0.0004629900   -0.0015577800    0.0022990100
  -0.0015749000    0.0014392500    0.0038588800
   0.0006631100    0.0000493600    0.0021900700
  -0.0001325600   -0.0000014400    0.0024056000
  -0.0015722600   -0.0000002300    0.0046006300
  -0.0008692900   -0.0006868600   -0.0026304800
   0.0000321800   -0.0001409200   -0.0030787900
   0.0013676300   -0.0013234800   -0.0010991500
  -0.0018291400   -0.0004146200   -0.0017053400
   0.0004695000    0.0002822700   -0.0032666300
  -0.0001240300    0.0000573000   -0.0032546000
   0.0010259900   -0.0005234100   -0.0020175300
  -0.0001704400    0.0001153900   -0.0029911700
  -0.0000232200   -0.0003416100   -0.0032625300
   0.0000733800    0.0000210000   -0.0031675800
  -0.0000178500    0.0000345200   -0.0032322100
  -0.0007063100    0.0021579800   -0.0009429000
  -0.0000916800    0.0007682700   -0.0027854100
   0.0002314400   -0.0001450900   -0.0030239300
   0.0001691700    0.0001067000   -0.0034408200
  -0.0601619800    0.0002869600   -0.1069720100
   0.0079807800   -0.0000407400   -0.0099548900
   0.0002697700   -0.0000192100   -0.0081941800
   0.0065285300    0.0001892300   -0.0089790500
   0.0018332500    0.0040317000   -0.0096608500
   0.0001828300    0.0000651000   -0.0079210700
  -0.0000841500    0.0000856100   -0.0080501100
   0.0010309800   -0.0029261100   -0.0092713700
   0.0000147700    0.0001452300   -0.0082066400
   0.0000669200   -0.0001540900   -0.0079857600
   0.0000485700   -0.0001303100   -0.0081822200
   0.0000702700   -0.0001181600   -0.0079894000
   0.0011591500    0.0026138800   -0.0091722600
   0.0017006800   -0.0038765000   -0.0097580600
  -0.0000504500    0.0000680400   -0.0080788400
   0.0001508100    0.0000444400   -0.0078987100

81   
 -0.0056193653408792   0.0000000000000000  -0.0082718035013971
  -0.0000119100    0.0000025200   -0.0024366500
  -0.0000118000    0.0000246500   -0.0023867900
  -0.0000402300    0.0000126800   -0.0024226600
  -0.0000200900    0.0000007300   -0.0023863600
  -0.0000025200   -0.0000044000   -0.0023854300
  -0.0000464500   -0.0000157400   -0.0023871100
  -0.0000366800    0.0000058100   -0.0024030700
  -0.0000230900   -0.0000087700   -0.0023858900
  -0.0000132500   -0.0000159800   -0.0024296700
  -0.0000312800   -0.0000069300   -0.0023846900
  -0.0000285300    0.0000005000   -0.0023623700
  -0.0000145800    0.0000020900   -0.0024071700
  -0.0000180400   -0.0000024700   -0.0023889400
  -0.0000269000    0.0000079700   -0.0023765500
  -0.0000268800    0.0000105900   -0.0024153500
  -0.0000204900    0.0000019100   -0.0023817700
  -0.0000111300    0.0000014900   -0.0075363800
  -0.0000308200   -0.0000008600   -0.0075440200
  -0.0000167000   -0.0000026000   -0.0075355800
  -0.0000293300    0.0000096300   -0.0075230100
  -0.0000253100   -0.0000016800   -0.0075447700
  -0.0000286000    0.0000068100   -0.0075267100
  -0.0000131100    0.0000010200   -0.0075376800
  -0.0000263700   -0.0000033200   -0.0075202900
  -0.0000159100    0.0000022800   -0.0075268000
  -0.0000267500   -0.0000005200   -0.0075341700
  -0.0000241300   -0.0000005800   -0.0075410100
  -0.0000277400    0.0000004100   -0.0075301700
  -0.0000235200   -0.0000055900   -0.0075302300
  -0.0000256200    0.0000092100   -0.0075216900
  -0.0000222600   -0.0000051200   -0.0075344900
  -0.0000218200    0.0000030600   -0.0075255600
  -0.0000138200    0.0000048400    0.0185387800
  -0.0000224500   -0.0000087600    0.0184436000
  -0.0000208100    0.0000202300    0.0185120100
   0.0000008600    0.0000418600    0.0184819100
  -0.0000322300    0.0000036700    0.0184956300
  -0.0000101000   -0.0000008900    0.0184957700
  -0.0000024100   -0.0000107200    0.0184564300
  -0.0000147500    0.0000079200    0.0185742000
  -0.0000030900   -0.0000219000    0.0185021900
  -0.0000338500    0.0000105300    0.0184472900
  -0.0000111500    0.0000004700    0.0184649500
  -0.0000451000   -0.0000315700    0.0184898900
   0.0000151100    0.0000043500    0.0184962900
   0.0000048900    0.0000045300    0.0185334700
  -0.0000479200   -0.0000126500    0.0185028800
  -0.0000254200    0.0000030800    0.0184565200
  -0.0467233400   -0.0248478000   -0.0460396000
   0.0071696500   -0.0062878700   -0.0131038700
  -0.0009678700    0.0004987400    0.0024030200
   0.0008442600   -0.0002767100    0.0017117100
  -0.0037042500    0.0309728600   -0.0294006700
   0.0006889600   -0.0005071700    0.0008144900
   0.0001737500    0.0000878500    0.0020451000
  -0.0017623100    0.0019261200    0.0001175300
  -0.0008128000   -0.0013936600    0.0023501000
   0.0001485000    0.0000152600    0.0020941100
  -0.0000001800   -0.0000994700    0.0019953900
  -0.0001029100   -0.0002933300    0.0017674000
   0.0004331700    0.0015468000    0.0020043800
   0.0015706200   -0.0014112900    0.0004691400
  -0.0006706300   -0.0000782200    0.0021136300
   0.0001187800    0.0000002900    0.0018985400
   0.0015640400    0.0000008300   -0.0106013400
   0.0008299000    0.0006716800   -0.0032490400
  -0.0000625900    0.0001407300   -0.0028086100
  -0.0013923100    0.0013099000   -0.0048025900
   0.0018123500    0.0004182000   -0.0041906000
  -0.0004897900   -0.0002796800   -0.0026348600
   0.0000805100   -0.0000477200   -0.0026420700
  -0.0010173000    0.0005174800   -0.0038568400
   0.0001434000   -0.0001186400   -0.0028916200
  -0.0000049100    0.0003314700   -0.0026399500
  -0.0000968600   -0.0000206000   -0.0027248500
  -0.0000035400   -0.0000402300   -0.0026558300
   0.0006814800   -0.0021854400   -0.0049704600
   0.0000735000   -0.0007391100   -0.0030819200
  -0.0002566700    0.0001469800   -0.0028662400
  -0.0001858500   -0.0001045700   -0.0024468800
   0.0642295300    0.0000911500    0.0989395800
  -0.0079624400    0.0000318700   -0.0060268800
  -0.0003066300    0.0000184700   -0.0077751100
  -0.0066148700   -0.0002157500   -0.0069551200
  -0.0018967700   -0.0040627600   -0.0063067900
  -0.0002042900   -0.0000633600   -0.0080476600
   0.0000541300   -0.0000844200   -0.0079130800
  -0.0010097600    0.0029173100   -0.0066717800
  -0.0000457500   -0.0001506300   -0.0077671600
  -0.0000935600    0.0001505700   -0.0079803600
  -0.0000735100    0.0001341100   -0.0077851800
  -0.0000906300    0.0001074700   -0.0079832000
  -0.0011727900   -0.0025790800   -0.0067707500
  -0.0017388400    0.0039145400   -0.0062070900
   0.0000185600   -0.0000628000   -0.0078937200
  -0.0001671000   -0.0000441700   -0.0080711400
