150  
12   

1    
  0.0062747561203110  -0.0000000000000000   0.0077863621564001
  -0.1337178040   -0.0003460887   -0.2051422202
   0.0015718734    0.0058141500   -0.0055613352
   0.0012774466   -0.0004698500   -0.0023151124
   0.0008194418   -0.0000539400   -0.0023544143
   0.0021496857   -0.0060430400   -0.0054209832
   0.0018995581   -0.0063699777   -0.0056667146
   0.0002822758   -0.0004678669   -0.0039833786
  -0.0000378013    0.0005603856   -0.0022323284
   0.0005383560    0.0003134954   -0.0039849458
   0.0025032500    0.0058828388   -0.0053181937
  -0.0000726403    0.0011223938   -0.0023484778
   0.0005123272   -0.0003145927   -0.0022614899
  -0.0004592266   -0.0002480760   -0.0022035068
   0.0001560728   -0.0004792104   -0.0023200388
   0.0010692748    0.0002714906   -0.0034698872
  -0.0002989472    0.0003076204   -0.0023679888
   0.0010752548    0.0001474694   -0.0039839872
   0.0003746397   -0.0004244538   -0.0022994478
   0.0012022272    0.0007103127   -0.0017932799
  -0.0011466166    0.0006461560   -0.0017843668
   0.0022541100    0.0061274512   -0.0055938837
   0.0021512481   -0.0053317123   -0.0053869346
   0.0006374558    0.0002451069   -0.0034520286
  -0.0000254213   -0.0013554056   -0.0017879684
   0.0001673160   -0.0005222454   -0.0034833958
  -0.0005247809   -0.0002581765    0.0031465704
   0.0001317979    0.0003489970    0.0028989556
   0.0000127752    0.0005937979    0.0035816970
  -0.0001238988    0.0003756688    0.0029475079
   0.0005643863   -0.0003638615    0.0028796693
   0.0003764124   -0.0000766548    0.0028798261
   0.0012673608    0.0007354408    0.0025833603
  -0.0012772277    0.0007349808    0.0026024323
  -0.0003764645   -0.0000718254    0.0029690201
   0.0000018224   -0.0001177060    0.0038537704
   0.0005225382   -0.0002935024    0.0036000770
  -0.0000050124   -0.0014645299    0.0025919803
  -0.0005159137   -0.0003035348    0.0035620245
   0.0001416771    0.0002192355    0.0022320202
  -0.0001300791    0.0002021707    0.0022894750
   0.0002715551   -0.0002907094    0.0029031352
  -0.0002434416   -0.0002975119    0.0029421868
   0.0002523282    0.0000241454    0.0022358566
  -0.0000088621    0.0000014296   -0.0005775920
  -0.0002485368    0.0000049460    0.0022833706
  -0.0000800096    0.0006256693    0.0030105202
  -0.0000612057    0.0000425681    0.0038211529
   0.0001014029   -0.0002179931    0.0022612250
  -0.0001277779   -0.0002262578    0.0022537844
   0.0001310203    0.0000688134    0.0038841630
  -0.0042269136   -0.0063811885    0.0187472032
   0.0016607871   -0.0029225938    0.0039926812
   0.0000938745    0.0028276274   -0.0002281113
  -0.0010232698   -0.0014934475    0.0033245641
   0.0535982161   -0.0269805368    0.0584943604
  -0.0012005864    0.0026817328    0.0039253749
   0.0064203619    0.0037313307    0.0040859545
  -0.0065550391    0.0037557302    0.0041027122
   0.0012859915    0.0018461554    0.0034036669
  -0.0023117577   -0.0035860961    0.0021714451
   0.0024838298   -0.0013753165   -0.0001805464
  -0.0000493734   -0.0074900133    0.0040936418
  -0.0024075640   -0.0014466855   -0.0002752801
   0.0020925541    0.0034495368    0.0078388189
  -0.0020586246    0.0034253206    0.0078267987
  -0.0021483735   -0.0003844519    0.0035993543
   0.0030221196    0.0002721244    0.0037381933
   0.0039282391    0.0000930548    0.0078626133
  -0.0000207755    0.0000000477    0.0151688675
  -0.0040949199    0.0000701194    0.0078078736
   0.0068434834    0.0335178074    0.0387862876
  -0.0024378297    0.0000666373    0.0013805561
   0.0018850083   -0.0034303437    0.0078542482
  -0.0019909971   -0.0036071830    0.0078140587
   0.0037600889    0.0034966425    0.0029594204
   0.0542610559    0.0274459561    0.0606120502
   0.0020916153   -0.0030247584    0.0023749586
   0.0000675171   -0.0031368337    0.0021791812
  -0.0014699757   -0.0018635467    0.0029596959
  -0.0028856052    0.0055754624    0.0185684849
  -0.0011654275    0.0031273657    0.0024800787
  -0.0048846788   -0.0028112757    0.0042765469
   0.0047536603   -0.0027559206    0.0042410405
   0.0012910068    0.0023963923    0.0028454701
  -0.0023047649    0.0041627620    0.0041876826
  -0.0026997487    0.0016033098    0.0021320155
  -0.0000206853    0.0055647640    0.0042616052
   0.0027371126    0.0015392693    0.0022257507
  -0.0002796189    0.0003092961    0.0083760961
   0.0003415223    0.0002602647    0.0083984702
  -0.0026380498   -0.0005777347    0.0027666495
   0.0033816856   -0.0000581897    0.0025513939
   0.0000083945   -0.0004133756    0.0083378385
  -0.0000124415   -0.0000000723    0.0133496069
  -0.0001669771   -0.0004046191    0.0084325285
   0.0067457823   -0.0328494764    0.0394116318
   0.0043344703   -0.0038398480    0.0049385286
   0.0003596140    0.0002362453    0.0083498405
  -0.0004420644    0.0000128932    0.0084232064
  -0.0028888960   -0.0003462511    0.0034410711
   0.0032352716    0.0018549128   -0.0018393403
  -0.0001538651    0.0002419544   -0.0072429567
   0.0001904131    0.0002423374   -0.0072480146
  -0.0031156721    0.0018157109   -0.0021679431
   0.0000277855    0.0068050759   -0.0069206514
   0.0001381866   -0.0002514741   -0.0072518482
  -0.0000116122    0.0000032607   -0.0122065012
  -0.0001099638   -0.0002905265   -0.0072373573
  -0.0019455212   -0.0002594495   -0.0037508407
   0.0019024550   -0.0002328741   -0.0036760266
   0.0002993852    0.0000238264   -0.0072550693
  -0.0003015598    0.0000317110   -0.0072315805
  -0.0027871588   -0.0016088033   -0.0025839530
  -0.0000122206   -0.0065279023   -0.0068208084
   0.0027987354   -0.0016150888   -0.0025864389
   0.0000193708   -0.0036720795   -0.0020019467
  -0.0011884060   -0.0015462592   -0.0037554304
  -0.0056629834    0.0032636309   -0.0068177425
   0.0056454729    0.0032678378   -0.0068197408
   0.0011597023   -0.0015460033   -0.0036762825
   0.0058609273   -0.0033651953   -0.0069973880
   0.0007466413    0.0017778032   -0.0037135113
  -0.0000000920    0.0032236808   -0.0025847940
  -0.0007613564    0.0017970536   -0.0037150276
  -0.0059221419   -0.0034366608   -0.0068506036
  -0.0023598566   -0.0013597885   -0.0014586861
   0.0019817997    0.0035404665   -0.0068102864
  -0.0019851819    0.0035308126   -0.0068164143
   0.0023687036   -0.0013670670   -0.0014528172
  -0.0000138862   -0.0074696543   -0.0030405365
   0.0040547666   -0.0000494646   -0.0068166685
  -0.0000078277    0.0000030301   -0.0141630417
  -0.0040533667   -0.0000518392   -0.0068111635
  -0.0028997002   -0.0002932407   -0.0021995912
   0.0028962390   -0.0002882805   -0.0021761586
   0.0020689023   -0.0034847070   -0.0068201817
  -0.0020804187   -0.0034871376   -0.0068099397
   0.0018836558    0.0010895946   -0.0020948013
  -0.0000088181    0.0063541649   -0.0035405308
  -0.0018801414    0.0010837468   -0.0021075714
  -0.0000078613    0.0027252159   -0.0014563674
  -0.0016993865   -0.0023656113   -0.0021908135
   0.0054972739   -0.0031771167   -0.0035376431
  -0.0055069127   -0.0031730085   -0.0035457281
   0.0016994062   -0.0023688909   -0.0021815058
  -0.0064658075    0.0037276666   -0.0030545820
   0.0012009117    0.0026523414   -0.0021832717
  -0.0000039636   -0.0021742015   -0.0021029260
  -0.0012041753    0.0026545616   -0.0021926466
   0.0064755565    0.0037458276   -0.0030204500

1    
 -0.0062747561203110   0.0000000000000000  -0.0077863621564001
   0.1326490288   -0.0002567090    0.2003035159
  -0.0023746357   -0.0057648900    0.0027181332
  -0.0007827218    0.0000206400   -0.0032746057
  -0.0013032066   -0.0004082900   -0.0032566576
  -0.0013313134    0.0060873500    0.0024795552
  -0.0023753600    0.0055403288    0.0027105337
  -0.0005057460    0.0003183254   -0.0039266842
   0.0000386813    0.0005508856   -0.0022863916
  -0.0002941858   -0.0004475469   -0.0039360214
  -0.0020168081   -0.0067072977    0.0024870746
  -0.0000734728   -0.0004804004   -0.0032459112
   0.0004606666   -0.0002442960   -0.0022585232
  -0.0004943372   -0.0003085627   -0.0023142101
   0.0000016603    0.0011118238   -0.0032858022
  -0.0010629348    0.0002622506   -0.0034158628
  -0.0003287897   -0.0004934338   -0.0032366622
  -0.0010629748    0.0001212194   -0.0039314628
   0.0002567572    0.0002407404   -0.0032944412
   0.0010857266    0.0006031560   -0.0018388832
  -0.0011196672    0.0006671827   -0.0018464701
  -0.0017804781   -0.0052627823    0.0025915646
  -0.0026102500    0.0061913912    0.0026071637
  -0.0001688860   -0.0005152354   -0.0034174542
   0.0000383013   -0.0012738856   -0.0018426916
  -0.0006310958    0.0002500769   -0.0034142514
  -0.0008255432   -0.0005264243    0.0029818277
   0.0001795989    0.0002203747    0.0028451458
  -0.0000019480    0.0006231029    0.0035285466
  -0.0001750307    0.0001905706    0.0027979038
   0.0007998712   -0.0004134960    0.0032456946
   0.0002818350    0.0000530692    0.0028646464
   0.0012608066    0.0007260946    0.0025395060
  -0.0012414204    0.0007162688    0.0025232868
  -0.0002522618    0.0000454268    0.0027779959
  -0.0000046429   -0.0002194347    0.0041897402
   0.0005510833   -0.0003199638    0.0035097646
   0.0000011721   -0.0014450817    0.0025310204
  -0.0005290357   -0.0003051085    0.0035458461
   0.0001261014    0.0001944754    0.0022665499
  -0.0001268512    0.0002098766    0.0022086288
   0.0000824950   -0.0002628393    0.0028419382
  -0.0000977986   -0.0002523177    0.0028019398
   0.0002505196   -0.0000000462    0.0022607434
   0.0000048641   -0.0000006804   -0.0005270671
  -0.0002272727    0.0000146954    0.0022149673
   0.0000849682    0.0009377916    0.0031132816
  -0.0002141546    0.0001208264    0.0042182645
   0.0001312730   -0.0002219024    0.0022319689
  -0.0000938387   -0.0002009820    0.0022437140
   0.0001636931    0.0000968339    0.0041605508
  -0.0068465106   -0.0000265580   -0.0096126878
   0.0017493294   -0.0018550862    0.0024582704
  -0.0000947631    0.0028120365   -0.0002147427
  -0.0023991703   -0.0032636376    0.0031038405
  -0.0444977523    0.0217888821   -0.0513529353
  -0.0012209170    0.0026565978    0.0025405884
   0.0065348944    0.0037369823    0.0039972987
  -0.0063880189    0.0037216928    0.0039796602
   0.0011390583    0.0034870352    0.0030314084
   0.0022968814   -0.0010580264   -0.0016751555
   0.0024033283   -0.0014427389   -0.0002655921
   0.0000602549   -0.0074622375    0.0039861629
  -0.0024666508   -0.0013696922   -0.0001627572
   0.0018828764    0.0036153746    0.0078514448
  -0.0019058410    0.0036553523    0.0078716400
  -0.0036844034   -0.0002015797    0.0028665911
   0.0028179414   -0.0008286809    0.0027122411
   0.0041759746   -0.0001896576    0.0078310089
   0.0000402022   -0.0000006923    0.0152160125
  -0.0040151316   -0.0001667812    0.0078964652
  -0.0067795901   -0.0215967120   -0.0303026208
  -0.0016071906    0.0022474840   -0.0008860351
   0.0022637679   -0.0035432510    0.0078398516
  -0.0021404363   -0.0033753923    0.0078848726
   0.0002178512   -0.0012064741   -0.0024718211
  -0.0434653504   -0.0211684709   -0.0494074764
   0.0008707636   -0.0016453270    0.0019888362
  -0.0000670585   -0.0031435124    0.0021498729
  -0.0014460605   -0.0028328933    0.0014134328
  -0.0058965206   -0.0005035090   -0.0093594207
  -0.0014014128    0.0017461343    0.0018931757
  -0.0047382231   -0.0027561413    0.0041123407
   0.0048758334   -0.0027970764    0.0041503463
   0.0013198767    0.0024918582    0.0014995369
   0.0023255120    0.0015491264    0.0005133696
  -0.0027366666    0.0015406324    0.0021981118
   0.0000332637    0.0055493553    0.0041334200
   0.0027085393    0.0016020253    0.0021003078
  -0.0001298655    0.0000857467    0.0083925952
   0.0000828971    0.0001511966    0.0083669061
  -0.0028717211    0.0003871484    0.0016018162
   0.0021609812   -0.0001517413    0.0017830406
   0.0001286169   -0.0001514862    0.0084269027
   0.0000291348   -0.0000006823    0.0133501830
   0.0000291734   -0.0001536037    0.0083284393
  -0.0067847859    0.0218246021   -0.0295538393
   0.0006588117    0.0009557755   -0.0002306057
   0.0002119394   -0.0000739105    0.0084152581
  -0.0001017019    0.0001372820    0.0083429939
  -0.0020317535   -0.0025217881    0.0012648989
   0.0027954382    0.0016204656   -0.0030072244
  -0.0002090923    0.0002255270   -0.0072033640
   0.0001879143    0.0002154917   -0.0071964978
  -0.0028947252    0.0016631065   -0.0026727352
  -0.0000261747    0.0073328825   -0.0063239327
   0.0000921085   -0.0003006450   -0.0071901293
   0.0000115248   -0.0000008293   -0.0122431482
  -0.0000925329   -0.0002665173   -0.0072100167
  -0.0018566077   -0.0002893320   -0.0037443403
   0.0019084234   -0.0003155990   -0.0038266020
   0.0002961830    0.0000627845   -0.0071856634
  -0.0002861313    0.0000585275   -0.0072131870
  -0.0027682188   -0.0016036929   -0.0026328463
   0.0000134399   -0.0064971463   -0.0068449522
   0.0027835859   -0.0016031362   -0.0026355113
  -0.0000127377   -0.0032858182   -0.0028405945
  -0.0011773618   -0.0014790611   -0.0037445877
  -0.0056130638    0.0032475897   -0.0068425104
   0.0056393207    0.0032473931   -0.0068468504
   0.0012281458   -0.0014808078   -0.0038259306
   0.0063881023   -0.0037040119   -0.0062568026
   0.0006931083    0.0017870102   -0.0037858867
   0.0000084335    0.0032048179   -0.0026338019
  -0.0006661145    0.0017737206   -0.0037852678
  -0.0063148668   -0.0036314811   -0.0063932903
  -0.0023631676   -0.0013729760   -0.0014771756
   0.0019974335    0.0035363733   -0.0067781986
  -0.0019783380    0.0035368163   -0.0067728244
   0.0023747629   -0.0013638520   -0.0014909819
   0.0000141705   -0.0074791586   -0.0029490218
   0.0040692849   -0.0000469524   -0.0067750982
   0.0000079682   -0.0000006099   -0.0141154379
  -0.0040454026   -0.0000491900   -0.0067765152
  -0.0029272616   -0.0002929273   -0.0021527473
   0.0029408810   -0.0002976149   -0.0021687360
   0.0020796562   -0.0034936730   -0.0067727962
  -0.0020597002   -0.0034883836   -0.0067789675
   0.0018828645    0.0010795846   -0.0020597381
   0.0000097481    0.0063528356   -0.0035044688
  -0.0018598885    0.0010796339   -0.0020434683
   0.0000135786    0.0027345084   -0.0014838045
  -0.0017111711   -0.0023950436   -0.0021567886
   0.0055114276   -0.0031771844   -0.0035119051
  -0.0054933570   -0.0031779515   -0.0034975721
   0.0017328922   -0.0023936699   -0.0021648642
  -0.0064729506    0.0037447384   -0.0029313147
   0.0012193344    0.0026854270   -0.0021649975
   0.0000116052   -0.0021614786   -0.0020522530
  -0.0012045755    0.0026891783   -0.0021570343
   0.0064794347    0.0037322001   -0.0029660480

26   
  0.0062747561203110  -0.0000000000000000   0.0077863621564001
   0.0001827132    0.0001484343   -0.0002578677
  -0.0006868612    0.0000407960   -0.0016228246
   0.0002696407   -0.0002659706   -0.0027452138
  -0.0002300820   -0.0002054029   -0.0027899866
   0.0005149511   -0.0000556547   -0.0014328758
  -0.0003459082   -0.0006629216   -0.0015164416
  -0.0000491231   -0.0000367839   -0.0041770108
  -0.0000194113    0.0005893920   -0.0022658940
   0.0001095470   -0.0000276776   -0.0039625389
   0.0002621246   -0.0004643764   -0.0015931145
  -0.0000916950    0.0003755693   -0.0026986582
   0.0005055227   -0.0003194154   -0.0022690273
  -0.0004803541   -0.0002806496   -0.0023008029
   0.0000431304    0.0003086762   -0.0028011934
   0.0000394086    0.0003111977   -0.0034719698
  -0.0002998433   -0.0000983462   -0.0027984646
   0.0000410412    0.0001191834   -0.0039666088
   0.0002870386   -0.0001071754   -0.0028018899
   0.0011114457    0.0006345385   -0.0017950761
  -0.0011334721    0.0006669117   -0.0018003604
   0.0002108750    0.0004541408   -0.0013671864
  -0.0002647771    0.0004236247   -0.0016299102
   0.0002821918   -0.0001323468   -0.0034528859
   0.0000062104   -0.0013172688   -0.0018065868
  -0.0002505666   -0.0001499146   -0.0034204160
  -0.1338929119   -0.0004593906   -0.1994527987
   0.0019000734    0.0061903600   -0.0008464452
   0.0010758166    0.0004281100    0.0039692176
   0.0008588518    0.0005137000    0.0033212657
   0.0024887857   -0.0062639100   -0.0009784732
   0.0024261781   -0.0062053777   -0.0009714846
   0.0016917558    0.0003756231    0.0024672214
  -0.0012896513    0.0007335956    0.0025598416
   0.0000577160    0.0003597254    0.0028251842
   0.0022178500    0.0058518488    0.0001079163
   0.0006140697    0.0004820838    0.0039947522
   0.0000389472   -0.0014954227    0.0025790401
  -0.0005039866   -0.0002749160    0.0035320432
   0.0001408228   -0.0005632804    0.0026717912
   0.0009016548    0.0002375306    0.0021770228
   0.0002295528    0.0000551804    0.0033294812
   0.0008610448   -0.0003079206    0.0028007428
   0.0002834797   -0.0004009938    0.0026539522
   0.0000069672    0.0000193227   -0.0005621599
  -0.0001885966   -0.0000433840    0.0022529832
   0.0022028900    0.0065612712   -0.0009438137
   0.0019694981   -0.0054729123    0.0002677754
   0.0005534258    0.0001256069    0.0021631114
  -0.0001454213   -0.0001900556    0.0022460616
   0.0005199660   -0.0002959554    0.0039664142
  -0.0055122183   -0.0031798000    0.0044953873
   0.0017121032   -0.0023786500    0.0032498934
  -0.0000093824    0.0028092800   -0.0002503358
  -0.0017113247   -0.0023928800    0.0032015720
   0.0055166502   -0.0031830900    0.0045800369
  -0.0012104352    0.0026653421    0.0032495625
   0.0064676041    0.0037322935    0.0040346981
  -0.0064742688    0.0037269707    0.0040215497
   0.0011977920    0.0026780297    0.0032174205
   0.0000006786   -0.0023262892    0.0002568793
   0.0024185783   -0.0014145523   -0.0002459235
  -0.0000096191   -0.0074721204    0.0040192424
  -0.0024361509   -0.0014082200   -0.0002400627
   0.0019792774    0.0035366458    0.0078181504
  -0.0019777058    0.0035204028    0.0078259148
  -0.0029309026   -0.0002741258    0.0032063604
   0.0029196242   -0.0002947428    0.0032192748
   0.0040521883   -0.0000531977    0.0078171965
  -0.0000011591   -0.0000002896    0.0151600324
  -0.0040603009   -0.0000504900    0.0078192773
   0.0000029986    0.0063658392    0.0045881893
  -0.0020139752    0.0011522579    0.0002645125
   0.0020614941   -0.0034797235    0.0078194281
  -0.0020743188   -0.0034917007    0.0078170197
   0.0020236920    0.0011613803    0.0002343505
   0.0045877354    0.0025627000    0.0041972860
   0.0013693559   -0.0022118600    0.0023747665
  -0.0000132778   -0.0031582600    0.0021403208
  -0.0014611508   -0.0023357600    0.0021538656
  -0.0043345565    0.0028803200    0.0048609426
  -0.0012131511    0.0021963406    0.0022995945
  -0.0048361902   -0.0027833444    0.0040939620
   0.0048078755   -0.0027780773    0.0041805814
   0.0013589030    0.0023943195    0.0021593710
  -0.0002063172    0.0026971867    0.0026860425
  -0.0027086899    0.0015868876    0.0021338193
  -0.0000043370    0.0055551885    0.0041815173
   0.0027101030    0.0015660012    0.0021486075
  -0.0001793455    0.0001640138    0.0083645568
   0.0001547305    0.0002131630    0.0083314264
  -0.0027649655   -0.0001309238    0.0021456668
   0.0027454905   -0.0000537330    0.0021173664
   0.0000635601   -0.0002336376    0.0083638193
  -0.0000021170    0.0000073115    0.0133458373
  -0.0000833370   -0.0002868512    0.0083755875
   0.0003347928   -0.0051210167    0.0047523925
   0.0023157189   -0.0014861506    0.0026536245
   0.0002541998    0.0000612844    0.0083499620
  -0.0002976645    0.0000714973    0.0083778514
  -0.0025235770   -0.0014288195    0.0022777910
   0.0044472733   -0.0012930942    0.0111790336
  -0.0002110393   -0.0003487881   -0.0064218464
   0.0002628467    0.0002380375   -0.0072306222
  -0.0023853172    0.0024991028   -0.0022637687
   0.0479176756   -0.0167204799    0.0466724371
   0.0000670943   -0.0002035679   -0.0064913669
  -0.0000400455   -0.0000077178   -0.0122008459
  -0.0001786879   -0.0002543506   -0.0071501294
  -0.0017777886   -0.0010108298   -0.0035168217
  -0.0003782046   -0.0016821930   -0.0020492475
   0.0003155203    0.0000747445   -0.0071833572
  -0.0003230136    0.0000242759   -0.0071732092
  -0.0027772736   -0.0016503266   -0.0026639610
   0.0001151035   -0.0065714933   -0.0068433138
   0.0027057255   -0.0017490661   -0.0026361234
   0.0006455369   -0.0035585424   -0.0020100001
  -0.0010321696   -0.0009629351   -0.0031933527
  -0.0057488968    0.0033813602   -0.0068064781
   0.0056244049    0.0032542677   -0.0068630528
   0.0011520617   -0.0013771282   -0.0038139298
   0.0128203402    0.0234365462    0.0269937912
   0.0001441803    0.0007918706   -0.0029715803
  -0.0001908643    0.0032806740   -0.0025914129
  -0.0006415930    0.0016469884   -0.0038064650
  -0.0042626412   -0.0011487739   -0.0040043785
   0.0477723856    0.0236409681    0.0546544865
   0.0026756966    0.0026706922   -0.0066907057
  -0.0018864259    0.0035312064   -0.0067981477
   0.0023300314   -0.0008329788   -0.0007354538
   0.0012780392   -0.0042540954    0.0112232471
   0.0041313469    0.0007500028   -0.0066044216
  -0.0000786805   -0.0000171368   -0.0140732109
  -0.0041227032   -0.0000413284   -0.0067502889
  -0.0029187381   -0.0003061910   -0.0015316437
   0.0006459000    0.0009393333   -0.0002862955
   0.0020998609   -0.0034497317   -0.0068510532
  -0.0021216950   -0.0034840771   -0.0067402834
   0.0019115419    0.0010441007   -0.0020287983
  -0.0000719490    0.0064664507   -0.0035495409
  -0.0017644167    0.0011691547   -0.0020765760
   0.0001140890    0.0021963381   -0.0009663084
  -0.0009539910   -0.0023118047   -0.0018492723
   0.0054694523   -0.0032933223   -0.0035674068
  -0.0055386720   -0.0031788423   -0.0035491926
   0.0015943373   -0.0025296955   -0.0021556796
   0.0003713231   -0.0243246105    0.0319974260
   0.0029711918    0.0003356824    0.0004837630
   0.0000814882   -0.0020585729   -0.0021082143
  -0.0013940145    0.0026183400   -0.0021691821
   0.0060971414    0.0048262079   -0.0018692287

26   
 -0.0062747561203110   0.0000000000000000  -0.0077863621564001
  -0.0001918091   -0.0001536835   -0.0004085704
  -0.0004020863   -0.0000337585   -0.0013405593
   0.0001961588   -0.0001943888   -0.0029223279
  -0.0002543252   -0.0002542979   -0.0028785270
   0.0005592121    0.0000611730   -0.0015300656
  -0.0001930904   -0.0002787693   -0.0014505702
  -0.0001939503   -0.0001004734   -0.0038033830
   0.0000114679    0.0005247078   -0.0023207244
   0.0001145771   -0.0001046869   -0.0040219750
   0.0002662357   -0.0004804881   -0.0013663429
  -0.0000760851    0.0002637594   -0.0029672652
   0.0004521268   -0.0002396060   -0.0023173006
  -0.0004900679   -0.0002770296   -0.0022858380
   0.0001042518    0.0003313046   -0.0028670966
  -0.0000444884    0.0002355319   -0.0034781168
  -0.0003431182   -0.0000847376   -0.0028679570
  -0.0000475509    0.0001485393   -0.0040171150
   0.0003377829   -0.0000793055   -0.0028654602
   0.0011573837    0.0006785148   -0.0019036245
  -0.0011495076    0.0006457499   -0.0018983903
   0.0003306176    0.0004765748   -0.0015961161
  -0.0002933224    0.0005119360   -0.0013299204
   0.0001837445   -0.0001397046   -0.0034986701
  -0.0000146223   -0.0013122008   -0.0018919723
  -0.0002300308   -0.0001265208   -0.0035302903
   0.1336953384   -0.0008648803    0.2056364219
  -0.0013237157   -0.0055782300    0.0066358732
  -0.0010745818    0.0007887000    0.0031513343
  -0.0011806866    0.0000557900    0.0024146724
  -0.0014116434    0.0055168000    0.0070494452
  -0.0017289300    0.0063016388    0.0066496637
   0.0008149540    0.0010691554    0.0026633358
  -0.0012360687    0.0007188156    0.0025664784
  -0.0007086858   -0.0003915169    0.0029157186
  -0.0022813281   -0.0060667477    0.0079968746
   0.0004382172   -0.0010946204    0.0031192288
  -0.0000480134   -0.0014115560    0.0025452968
  -0.0005597272   -0.0003350027    0.0035792399
   0.0001085103    0.0009743638    0.0018232278
  -0.0011714148    0.0001642906    0.0023206372
   0.0001079703   -0.0006091938    0.0024096578
  -0.0012113948   -0.0002411506    0.0029445072
   0.0001945272    0.0004164704    0.0018499688
  -0.0000142834   -0.0000211140   -0.0005432132
  -0.0003085972    0.0000601127    0.0022475199
  -0.0022870781   -0.0050620923    0.0069499446
  -0.0021879000    0.0055643312    0.0078835037
  -0.0003356060   -0.0005557454    0.0023513958
  -0.0000908187   -0.0002445056    0.0022528384
  -0.0002366958    0.0004663469    0.0040648486
  -0.0055049941   -0.0031772700    0.0046344219
   0.0017022714   -0.0023889200    0.0031883750
   0.0000013819    0.0028286300   -0.0002144938
  -0.0017187788   -0.0023764000    0.0032312939
   0.0054850019   -0.0031727300    0.0045481383
  -0.0012143698    0.0026788816    0.0031886016
   0.0064710364    0.0037401766    0.0040327827
  -0.0064812623    0.0037466994    0.0040432884
   0.0012131543    0.0026692633    0.0032196730
  -0.0000093193   -0.0023123327    0.0002244933
   0.0024568621   -0.0014039277   -0.0002185765
   0.0000024788   -0.0074799898    0.0040451362
  -0.0024535893   -0.0014110193   -0.0002212392
   0.0019824920    0.0035317865    0.0078570674
  -0.0020014033    0.0035519595    0.0078514734
  -0.0029189180   -0.0003068965    0.0032301574
   0.0029145567   -0.0002853595    0.0032206234
   0.0040467221   -0.0000456023    0.0078602935
  -0.0000036812   -0.0000001102    0.0152051562
  -0.0040572893   -0.0000483007    0.0078615508
  -0.0000085993    0.0063438627    0.0045418633
  -0.0020108098    0.0011637584    0.0002181616
   0.0020702864   -0.0034963266    0.0078591327
  -0.0020724123   -0.0034856894    0.0078608084
   0.0019828843    0.0011546267    0.0002455830
   0.0042801229    0.0025652900    0.0049494378
   0.0015674314   -0.0024708800    0.0019360855
   0.0000051183   -0.0031238000    0.0021464623
  -0.0014916048   -0.0023489600    0.0021614868
  -0.0045488746    0.0022523200    0.0042980482
  -0.0013764496    0.0026884478    0.0020119003
  -0.0048006497   -0.0027776620    0.0042490310
   0.0048114774   -0.0027816704    0.0041660763
   0.0012185006    0.0024963908    0.0021526811
   0.0001972726    0.0030144382    0.0019715617
  -0.0027383104    0.0015542380    0.0021523158
  -0.0000033339    0.0055598098    0.0041651431
   0.0027221140    0.0015739429    0.0021345914
  -0.0002469210    0.0002362297    0.0083589031
   0.0002536505    0.0001897667    0.0083900310
  -0.0027727810   -0.0000786697    0.0021653731
   0.0027764005   -0.0001528567    0.0021905910
   0.0000662596   -0.0003303380    0.0083565758
  -0.0000033339   -0.0000079598    0.0133106931
  -0.0000649060   -0.0002775229    0.0083429614
  -0.0003333774   -0.0051359382    0.0044030017
   0.0026259004   -0.0013764378    0.0020005003
   0.0002945203    0.0000972320    0.0083696310
  -0.0002677626    0.0000856704    0.0083440763
  -0.0024375794   -0.0014331908    0.0023758011
   0.0014921225    0.0047154577   -0.0160787180
  -0.0001897343    0.0007992481   -0.0080729722
   0.0001007147    0.0002234964   -0.0072576519
  -0.0036576722    0.0009905020   -0.0026363964
  -0.0498358514    0.0320105251   -0.0619704915
   0.0001260822   -0.0003557515   -0.0079842699
   0.0000340719    0.0000093107   -0.0122970909
  -0.0000441002   -0.0003011264   -0.0073394482
  -0.0020477813    0.0004499900   -0.0040468629
   0.0041645176    0.0011341408   -0.0055037044
   0.0002643178    0.0000134401   -0.0073025113
  -0.0002738149    0.0000619033   -0.0073163561
  -0.0027980711   -0.0015653411   -0.0025981063
  -0.0001238929   -0.0064535653   -0.0068672825
   0.0028542390   -0.0014688111   -0.0026278679
  -0.0006542337   -0.0034064989   -0.0028637744
  -0.0013668795   -0.0020455712   -0.0043624529
  -0.0055389095    0.0031324770   -0.0069039397
   0.0056485118    0.0032570877   -0.0068462772
   0.0012161468   -0.0016543836   -0.0037312314
  -0.0005309767   -0.0312828207   -0.0409432240
   0.0012520796    0.0027776506   -0.0045872886
   0.0001797606    0.0031471913   -0.0026732273
  -0.0008045505    0.0019250264   -0.0037398236
  -0.0080288098   -0.0059431181   -0.0092975834
  -0.0505895796   -0.0252118228   -0.0555873018
   0.0012945732    0.0044131326   -0.0068814691
  -0.0020914255    0.0035399474   -0.0067901283
   0.0024132621   -0.0019094612   -0.0021945277
  -0.0012161650   -0.0107492111   -0.0171912025
   0.0039770231   -0.0008660824   -0.0069628738
   0.0000704285    0.0000165698   -0.0142009314
  -0.0039972631   -0.0000562586   -0.0068369843
  -0.0029119985   -0.0002830784   -0.0028238295
   0.0052000463   -0.0015242055   -0.0040533139
   0.0020316538   -0.0035259660   -0.0067416595
  -0.0020264765   -0.0034950037   -0.0068470914
   0.0018334700    0.0011205539   -0.0021225033
   0.0000655946    0.0062391421   -0.0034946377
  -0.0019951238    0.0009964567   -0.0020738976
  -0.0001066500    0.0032847755   -0.0019590360
  -0.0024776621   -0.0024563567   -0.0025072931
   0.0055282192   -0.0030625095   -0.0034789520
  -0.0054746447   -0.0031760523   -0.0034944374
   0.0018207290   -0.0022329173   -0.0021874227
  -0.0133807065    0.0310110561   -0.0373189630
  -0.0005242414    0.0049856158   -0.0048149317
  -0.0000862248   -0.0022750923   -0.0020454770
  -0.0010260017    0.0027240152   -0.0021747877
   0.0068734488    0.0026470634   -0.0041047523

51   
  0.0062747561203110  -0.0000000000000000   0.0077863621564001
  -0.0000446594   -0.0039859020    0.0149444278
   0.0509383323   -0.0258071121    0.0533932853
   0.0001625303   -0.0003694024   -0.0020663905
  -0.0001427769   -0.0001675965   -0.0028069273
   0.0012419606    0.0003738662   -0.0012994304
   0.0065463701    0.0290425220    0.0333659908
   0.0015218288    0.0022109541   -0.0011435689
  -0.0001000337    0.0004842123   -0.0021680526
   0.0000730621   -0.0000918290   -0.0040806516
  -0.0000355594   -0.0016504240   -0.0004194949
   0.0002702234    0.0005441497   -0.0020903811
   0.0003527016   -0.0003689988   -0.0022422252
  -0.0005301322   -0.0002916477   -0.0022866125
   0.0000428754    0.0003748176   -0.0028481289
   0.0005071186   -0.0007886391   -0.0032661011
  -0.0002136783   -0.0001080311   -0.0028029979
  -0.0000098790    0.0001982377   -0.0040481600
   0.0003413236   -0.0000956446   -0.0027415948
   0.0011047408    0.0005686922   -0.0018230128
  -0.0012103249    0.0006466775   -0.0017619429
   0.0006208670    0.0001775022   -0.0010323484
  -0.0026041614   -0.0006647636    0.0004692155
  -0.0000396383    0.0006710748   -0.0029756084
  -0.0000771311   -0.0013275828   -0.0017727702
  -0.0003168544   -0.0001597323   -0.0033810587
  -0.0006973159   -0.0004062200    0.0030992081
   0.0001421281    0.0002828300    0.0030123017
  -0.0000138512    0.0006087400    0.0036527761
  -0.0001648719    0.0002682000    0.0029620438
   0.0006880086   -0.0004018600    0.0031900250
   0.0003103393   -0.0000369727    0.0030112167
   0.0012662357    0.0007151233    0.0026700970
  -0.0012712877    0.0007106994    0.0026506416
  -0.0003385764   -0.0000193734    0.0029574673
  -0.0000095602   -0.0001953184    0.0041554384
   0.0005212780   -0.0003216535    0.0036438626
  -0.0000161007   -0.0014643593    0.0026507592
  -0.0005394388   -0.0003186898    0.0036456138
   0.0001094779    0.0001898823    0.0023463465
  -0.0001382467    0.0001946095    0.0023567966
   0.0001542179   -0.0002891423    0.0029601365
  -0.0001716467   -0.0003074795    0.0029723366
   0.0002188380   -0.0000111965    0.0023512326
  -0.0000117207   -0.0000160207   -0.0004468508
  -0.0002579788   -0.0000046302    0.0023410738
  -0.0000019002    0.0007891384    0.0031963284
  -0.0001611607    0.0000650927    0.0041603367
   0.0000999357   -0.0002290733    0.0023581270
  -0.0001254477   -0.0002282594    0.0023475016
   0.0001279436    0.0000632434    0.0041326473
  -0.0749394874   -0.0007663594   -0.1067479276
   0.0061697811   -0.0025275500    0.0017633002
   0.0000452274    0.0027764200   -0.0004003837
  -0.0016610996   -0.0024796800    0.0030547393
   0.0119220845   -0.0029477100    0.0015043897
  -0.0006967250    0.0045141145    0.0014032748
   0.0063707176    0.0036813129    0.0040009254
  -0.0064224739    0.0037261725    0.0039823203
   0.0011065027    0.0026960519    0.0033114971
   0.0014364193   -0.0060028200   -0.0024698654
   0.0024076640   -0.0014094523   -0.0004335354
   0.0000076348   -0.0074688895    0.0039896396
  -0.0024428269   -0.0014458157   -0.0002891091
   0.0020554383    0.0035686806    0.0077207011
  -0.0020109477    0.0036044556    0.0078732214
  -0.0029531617   -0.0002218906    0.0030201111
   0.0028961223   -0.0003026556    0.0032539814
   0.0041248740   -0.0000914177    0.0077215546
  -0.0000104452   -0.0000397205    0.0151367896
  -0.0040412769   -0.0000437043    0.0077836909
   0.0015344393    0.0095790200    0.0019556646
  -0.0016001550   -0.0003939945   -0.0016676852
   0.0020535976   -0.0035030129    0.0078782954
  -0.0020298139   -0.0034973425    0.0077857703
   0.0018402327    0.0010561881    0.0002752571
   0.0029343635    0.0025474500    0.0158027286
   0.0033287710   -0.0006317400    0.0033043491
   0.0000004768   -0.0030786600    0.0021048059
  -0.0014704801   -0.0024660900    0.0021113825
  -0.0049472257    0.0029453200    0.0038863473
  -0.0003848909    0.0030010947    0.0021208115
  -0.0047719190   -0.0027478944    0.0039391201
   0.0048118305   -0.0027978467    0.0041517409
   0.0013605726    0.0023662207    0.0018018884
  -0.0021148821    0.0032658671    0.0028151003
  -0.0027926783    0.0015049887    0.0021101982
  -0.0000195535    0.0055495057    0.0041510340
   0.0027042229    0.0015559642    0.0021219158
  -0.0002445194    0.0002651335    0.0082979765
   0.0001952989    0.0002540862    0.0080666816
  -0.0028407494    0.0000235165    0.0021185365
   0.0027341389   -0.0001000562    0.0018557316
   0.0000324917   -0.0004242787    0.0082976582
  -0.0000219435   -0.0000185257    0.0132971940
  -0.0000747871   -0.0002946242    0.0083459858
  -0.0002748721   -0.0053088371    0.0036197303
   0.0015339991   -0.0044109147    0.0037414615
   0.0003917110   -0.0000033556    0.0080528901
  -0.0002881695    0.0000663367    0.0083404609
  -0.0024870174   -0.0014496607    0.0020426484
   0.0030144357    0.0017258941   -0.0024596528
  -0.0002023860    0.0002171601   -0.0072831023
   0.0001552989    0.0001995280   -0.0072637396
  -0.0030103148    0.0017398485   -0.0024734701
  -0.0000061019    0.0070562568   -0.0066269095
   0.0000908766   -0.0003186608   -0.0072919336
  -0.0000320048   -0.0000164632   -0.0122761026
  -0.0000974088   -0.0002921916   -0.0072595949
  -0.0019267318   -0.0003006285   -0.0038115922
   0.0018881524   -0.0002726806   -0.0037913522
   0.0002801223    0.0000297025   -0.0072575236
  -0.0003033447    0.0000356555   -0.0072622242
  -0.0028017134   -0.0016073302   -0.0026545666
   0.0000088547   -0.0065288836   -0.0068806246
   0.0027609811   -0.0016321404   -0.0026625519
   0.0000034455   -0.0034814606   -0.0024901085
  -0.0011949470   -0.0015281567   -0.0038161292
  -0.0056553183    0.0032479032   -0.0068706824
   0.0056262845    0.0032397098   -0.0068866772
   0.0011789671   -0.0015206298   -0.0038088932
   0.0061266321   -0.0035501198   -0.0066480495
   0.0007094183    0.0017655132   -0.0038088071
  -0.0000228004    0.0032102227   -0.0026508006
  -0.0007190223    0.0017655666   -0.0038098141
  -0.0061468315   -0.0035463848   -0.0066551397
  -0.0023992737   -0.0013881904   -0.0014854845
   0.0019862201    0.0035245807   -0.0068276939
  -0.0020084859    0.0035086423   -0.0068163650
   0.0023537117   -0.0013648432   -0.0015030360
   0.0000045278   -0.0075061427   -0.0030043548
   0.0040482051   -0.0000675308   -0.0068220758
  -0.0000230389   -0.0000077874   -0.0141621605
  -0.0040491107   -0.0000648000   -0.0068236882
  -0.0029476041   -0.0003168413   -0.0021926642
   0.0029109586   -0.0002891688   -0.0021921031
   0.0020629665   -0.0035019525   -0.0068199734
  -0.0020853080   -0.0035047325   -0.0068239294
   0.0018580125    0.0010785702   -0.0020973467
   0.0000017916    0.0063394295   -0.0035478490
  -0.0018974321    0.0010604077   -0.0021030231
  -0.0000125797    0.0027104607   -0.0014925519
  -0.0017195706   -0.0024064760   -0.0021932482
   0.0054883685   -0.0031917225   -0.0035551440
  -0.0055184274   -0.0031937200   -0.0035416353
   0.0017051592   -0.0023923426   -0.0021959879
  -0.0064893822    0.0037488331   -0.0030017447
   0.0012073477    0.0026531327   -0.0021866199
  -0.0000182155   -0.0021715677   -0.0021095812
  -0.0012122510    0.0026582145   -0.0021932409
   0.0064539018    0.0037222260   -0.0030063863

51   
 -0.0062747561203110   0.0000000000000000  -0.0077863621564001
   0.0001460836    0.0040113685   -0.0156500732
  -0.0499816461    0.0246020168   -0.0541336104
   0.0003207798   -0.0001062525   -0.0034998641
  -0.0003478745   -0.0003031574   -0.0027591587
  -0.0002203171   -0.0003902762   -0.0015532312
  -0.0070875434   -0.0293162774   -0.0356915276
  -0.0018006789   -0.0023536925   -0.0067164804
   0.0000716071    0.0006044730   -0.0023185187
   0.0001281017   -0.0000681963   -0.0038037082
   0.0005443397    0.0006791927   -0.0024696761
  -0.0004283565    0.0001002119   -0.0034741643
   0.0005827999   -0.0001995394   -0.0022451936
  -0.0004663145   -0.0002837477   -0.0022017775
   0.0001050009    0.0002581852   -0.0027181333
  -0.0005477196    0.0013423556   -0.0035724933
  -0.0004286798   -0.0000963135   -0.0027642236
  -0.0000218254    0.0000517394   -0.0038378687
   0.0002800759   -0.0000922768   -0.0028249289
   0.0011507940    0.0007230855   -0.0017681499
  -0.0011005366    0.0006356833   -0.0018338518
  -0.0001042136    0.0007158872   -0.0018258649
   0.0019959277    0.0016040861   -0.0033413451
   0.0004985685   -0.0009798554   -0.0038704869
   0.0000384991   -0.0013191502   -0.0018210522
  -0.0001695619   -0.0001245707   -0.0034715845
  -0.0006853117   -0.0004001600    0.0031588027
   0.0001390998    0.0002691700    0.0028715731
  -0.0000103753    0.0005889600    0.0035926480
  -0.0001535876    0.0002832800    0.0029188358
   0.0006478768   -0.0003960000    0.0030701466
   0.0003131914   -0.0000011692    0.0028727807
   0.0012360080    0.0007249197    0.0025917495
  -0.0012730712    0.0007249807    0.0026113303
  -0.0003245541   -0.0000259265    0.0029219719
  -0.0000184848   -0.0001595979    0.0040297675
   0.0005165826   -0.0003087442    0.0036010796
  -0.0000122491   -0.0014575500    0.0026113927
  -0.0005386009   -0.0003076504    0.0036025776
   0.0001289217    0.0002034877    0.0022881635
  -0.0001408842    0.0002012228    0.0022761452
   0.0001682817   -0.0002814477    0.0029230535
  -0.0001943542   -0.0002708928    0.0029113952
   0.0002532426    0.0000180542    0.0022847296
  -0.0000186191    0.0000024900   -0.0005211473
  -0.0002496409    0.0000014304    0.0022911676
  -0.0000249148    0.0007681579    0.0030639875
  -0.0001450486    0.0000851792    0.0040234007
   0.0001128280   -0.0002299297    0.0022746795
  -0.0001326812   -0.0002180607    0.0022861603
   0.0001410759    0.0000853465    0.0040464119
   0.0651388308   -0.0023474692    0.1084684681
  -0.0027002245   -0.0022650300    0.0046561003
  -0.0000613204    0.0028300500   -0.0000560893
  -0.0017817374   -0.0023040000    0.0034063137
  -0.0009883911   -0.0034449900    0.0076548398
  -0.0017667693    0.0008072400    0.0050204554
   0.0065378973    0.0037781219    0.0040734829
  -0.0065327061    0.0037274425    0.0040854497
   0.0012753824    0.0026225829    0.0031192246
  -0.0014336250    0.0013494145    0.0029572852
   0.0024631717   -0.0014210694   -0.0000190011
  -0.0000358331   -0.0074925457    0.0040943791
  -0.0024673348   -0.0013940795   -0.0001897596
   0.0019186660    0.0035029577    0.0079904654
  -0.0020025923    0.0034298356    0.0078122186
  -0.0029056740   -0.0003827777    0.0034382054
   0.0029060177   -0.0002908956    0.0031899986
   0.0039933117   -0.0000234406    0.0079850089
  -0.0000448731   -0.0000011643    0.0152365591
  -0.0040736148   -0.0000758105    0.0078869604
  -0.0015517250    0.0031363255    0.0071963752
  -0.0024464793    0.0026989300    0.0021318854
   0.0020424373   -0.0034850319    0.0078127129
  -0.0021237061   -0.0034757825    0.0078890197
   0.0021629124    0.0012532571    0.0002141046
   0.0058875939    0.0025558200   -0.0065203453
  -0.0003936399   -0.0040744200    0.0009867982
  -0.0000158896   -0.0032329100    0.0021533085
  -0.0014995478   -0.0022342000    0.0021545784
  -0.0039319198    0.0021283200    0.0052212095
  -0.0022502948    0.0018630853    0.0021415613
  -0.0048836152   -0.0028201982    0.0043750392
   0.0048059566   -0.0027811406    0.0041715408
   0.0011863940    0.0024988859    0.0024998092
   0.0020921393    0.0024590465    0.0018101471
  -0.0026588644    0.0016257606    0.0021452667
  -0.0000084635    0.0055551191    0.0041557060
   0.0027074780    0.0015639548    0.0021592137
  -0.0001722064    0.0001414567    0.0083676666
   0.0001814750    0.0001163581    0.0086254367
  -0.0027085764   -0.0002586467    0.0021522666
   0.0027577050   -0.0001253281    0.0024283367
   0.0001154556   -0.0001586706    0.0083734267
  -0.0000332035   -0.0000225391    0.0133304260
  -0.0000707720   -0.0002901548    0.0083602137
   0.0002504993   -0.0049343165    0.0054711571
   0.0033936452    0.0014798347    0.0009087813
   0.0001242948    0.0001495882    0.0086317392
  -0.0002833534    0.0000948706    0.0083630908
  -0.0024847760   -0.0014247159    0.0025850092
   0.0029752708    0.0017286948   -0.0024290838
  -0.0001784726    0.0002328052   -0.0072027796
   0.0001854842    0.0002347724   -0.0072295089
  -0.0030350050    0.0017362213   -0.0024103234
  -0.0000078976    0.0070515033   -0.0066653897
   0.0001088915   -0.0002543235   -0.0072003769
   0.0000005880    0.0000065455   -0.0122237247
  -0.0001224104   -0.0002817185   -0.0072301955
  -0.0019232610   -0.0002747908   -0.0037410594
   0.0019033181   -0.0002744191   -0.0037628753
   0.0002911483    0.0000413891   -0.0072288057
  -0.0003118554    0.0000292738   -0.0072246955
  -0.0027964664   -0.0016177612   -0.0026162932
  -0.0000173453   -0.0065137560   -0.0068331353
   0.0027800688   -0.0016128365   -0.0026044465
  -0.0000281499   -0.0035035034   -0.0024074497
  -0.0011986529   -0.0015263968   -0.0037389984
  -0.0056469685    0.0032492923   -0.0068323133
   0.0056232664    0.0032546698   -0.0068348124
   0.0011830731   -0.0015197796   -0.0037429677
   0.0060958302   -0.0035195572   -0.0066478500
   0.0007134184    0.0017813537   -0.0037487813
  -0.0000064629    0.0032060449   -0.0026073435
  -0.0007291863    0.0017857235   -0.0037443066
  -0.0061309568   -0.0035410768   -0.0066426719
  -0.0023670257   -0.0013669190   -0.0014715224
   0.0019747209    0.0035353896   -0.0067845942
  -0.0019931040    0.0035349478   -0.0067882849
   0.0023570477   -0.0013686267   -0.0014635250
  -0.0000175089   -0.0074758269   -0.0029968953
   0.0040465554   -0.0000508984   -0.0067842629
  -0.0000093408   -0.0000014324   -0.0141336791
  -0.0040649894   -0.0000540199   -0.0067871820
  -0.0029277363   -0.0002960882   -0.0021686464
   0.0029063012   -0.0002959201   -0.0021670162
   0.0020617635   -0.0034923274   -0.0067914665
  -0.0020837620   -0.0034949076   -0.0067889706
   0.0018665674    0.0010786897   -0.0020701334
  -0.0000103014    0.0063497307   -0.0035143118
  -0.0018839685    0.0010762720   -0.0020692669
  -0.0000119906    0.0027254487   -0.0014576183
  -0.0017191093   -0.0023838749   -0.0021647911
   0.0054931016   -0.0031768270   -0.0035171756
  -0.0055170825   -0.0031784400   -0.0035131047
   0.0017023602   -0.0023828482   -0.0021663330
  -0.0064807381    0.0037266659   -0.0029960638
   0.0011961132    0.0026668766   -0.0021673077
  -0.0000126249   -0.0021755628   -0.0020704483
  -0.0012158591    0.0026655751   -0.0021679903
   0.0064618174    0.0037351035   -0.0029911247

76   
  0.0062747561203110  -0.0000000000000000   0.0077863621564001
   0.0496257604    0.0247430609    0.0521979464
  -0.0008742694    0.0041118590    0.0140271807
   0.0009211605   -0.0005200567   -0.0025775228
  -0.0001510315   -0.0002951176   -0.0027902929
   0.0004762764    0.0001766870   -0.0007200562
   0.0065066859   -0.0295224221    0.0327616393
  -0.0003130765    0.0011519381   -0.0030277889
   0.0000058219    0.0006011780   -0.0023569639
   0.0000315106    0.0000000705   -0.0038605281
   0.0019256283   -0.0027342155    0.0012830157
   0.0004246411    0.0012261416   -0.0025242662
   0.0004864766   -0.0003409163   -0.0022759593
  -0.0004979548   -0.0002672077   -0.0022634230
  -0.0000427969    0.0004391162   -0.0027855427
   0.0002423888    0.0000873913   -0.0027680106
  -0.0003441434   -0.0000166324   -0.0027896818
   0.0000568029    0.0001360434   -0.0038760161
   0.0003391655   -0.0002010767   -0.0028820852
   0.0012318107    0.0006720247   -0.0018075878
  -0.0011597937    0.0006420647   -0.0017575100
   0.0000997628   -0.0002525843   -0.0009184357
  -0.0025594620    0.0015497636    0.0003856604
   0.0005477833    0.0000298718   -0.0030195969
  -0.0000767834   -0.0012714636   -0.0017511963
  -0.0002698569   -0.0001328087   -0.0033888407
  -0.0005161229   -0.0003836700    0.0027797022
   0.0002020146    0.0002483600    0.0033104618
   0.0000086748    0.0005709000    0.0036605832
  -0.0001421683    0.0003240400    0.0029592177
   0.0006515786   -0.0005926800    0.0033273745
   0.0003247574    0.0001396882    0.0034264583
   0.0012105394    0.0007305208    0.0026232189
  -0.0012643574    0.0007314596    0.0026815337
  -0.0003261603   -0.0000250820    0.0029497690
   0.0001903996   -0.0001009022    0.0041775897
   0.0005259610   -0.0002796403    0.0036521969
  -0.0000009340   -0.0014469571    0.0026767586
  -0.0005211661   -0.0002897002    0.0036781469
   0.0001459204    0.0002064480    0.0023445742
  -0.0001388605    0.0002767967    0.0023082090
   0.0001949904   -0.0002820280    0.0029619542
  -0.0002138905   -0.0002413467    0.0029440790
   0.0002821710    0.0000487203    0.0023546569
   0.0000027860    0.0000063871   -0.0004458914
  -0.0002407761    0.0000185202    0.0023586969
  -0.0001870604    0.0007719522    0.0035287897
  -0.0000642826    0.0001794218    0.0042598983
   0.0002000194   -0.0002613608    0.0023476789
  -0.0001095474   -0.0002034696    0.0023566737
   0.0001229797    0.0000848220    0.0040436690
  -0.0069642639   -0.0031691800    0.0156790453
   0.0012534898   -0.0027559200    0.0025530805
   0.0000201478    0.0029307700   -0.0002201084
  -0.0016932304   -0.0024563800    0.0032266615
   0.0073199699   -0.0048435900    0.0057945418
  -0.0032394993    0.0022890165    0.0037683429
   0.0065468760    0.0037849059    0.0037314008
  -0.0064598666    0.0037493494    0.0040502492
   0.0012641852    0.0026548118    0.0030202808
   0.0008840748   -0.0028553347    0.0002622787
   0.0024060064   -0.0014610133   -0.0002250966
   0.0000125720   -0.0074673252    0.0040521763
  -0.0024344265   -0.0013995709   -0.0002086660
   0.0019315244    0.0036035606    0.0078606033
  -0.0019931150    0.0034419081    0.0075864033
  -0.0029576356   -0.0001580806    0.0032199033
   0.0029328150   -0.0002886581    0.0029745533
   0.0040046764   -0.0001839967    0.0078652934
  -0.0000147680    0.0000049652    0.0152094763
  -0.0040290265   -0.0000459391    0.0078562240
  -0.0008870652    0.0092209747    0.0060554287
  -0.0022692893    0.0012850335   -0.0006920471
   0.0020710660   -0.0034798859    0.0076078708
  -0.0020658066   -0.0034631094    0.0078650792
   0.0021723752    0.0012693782   -0.0000230392
  -0.0675799280    0.0014328801   -0.1081520297
   0.0083215211   -0.0025415100   -0.0009391498
   0.0000380574   -0.0030746100    0.0019341663
  -0.0014117796   -0.0023083400    0.0019303493
   0.0003470345    0.0026614600    0.0031199997
   0.0002355350    0.0062243445   -0.0005613152
  -0.0049176824   -0.0028404071    0.0041849854
   0.0048651961   -0.0027746475    0.0040685703
   0.0012442827    0.0024919719    0.0020709671
   0.0006506793    0.0008777900    0.0005059846
  -0.0026618660    0.0015464377    0.0019551146
   0.0000145548    0.0055864105    0.0040561596
   0.0027419331    0.0015668543    0.0020423209
  -0.0002094117    0.0001888006    0.0081070811
   0.0002299723    0.0001247356    0.0083222814
  -0.0026995617   -0.0000790606    0.0019619711
   0.0027875723   -0.0000615056    0.0021116514
   0.0000584440   -0.0003191577    0.0081113846
   0.0000166448   -0.0000006205    0.0132234796
  -0.0000473869   -0.0002530343    0.0082518309
   0.0005465993   -0.0033674900    0.0026749546
   0.0041042850   -0.0048310945   -0.0003156452
   0.0001412576    0.0001846871    0.0083310654
  -0.0002340239    0.0000837975    0.0082500303
  -0.0024823273   -0.0014348019    0.0022666071
   0.0046675747    0.0028483704    0.0000252355
  -0.0001575039    0.0002747855   -0.0073382677
   0.0001961142    0.0002305775   -0.0072887506
  -0.0029877902    0.0017589007   -0.0024825349
  -0.0007162579    0.0073514863   -0.0064743880
   0.0001377390   -0.0002682359   -0.0073133185
   0.0000069266    0.0000161745   -0.0122904184
  -0.0000813129   -0.0002759808   -0.0072742648
  -0.0019140484   -0.0002948824   -0.0038482628
   0.0019089657   -0.0001698487   -0.0039505220
   0.0002995347    0.0000639285   -0.0072901913
  -0.0002901992    0.0000533029   -0.0072798439
  -0.0027808281   -0.0015980640   -0.0026780343
   0.0000222587   -0.0065023356   -0.0069044369
   0.0027774314   -0.0016015748   -0.0026760181
   0.0000067775   -0.0034691861   -0.0024840300
  -0.0012082992   -0.0015241679   -0.0038777569
  -0.0056197327    0.0032660648   -0.0069061649
   0.0056495158    0.0032660390   -0.0069038042
   0.0012038274   -0.0014955493   -0.0038131735
   0.0058776236   -0.0048907138   -0.0053340618
   0.0008563697    0.0017172433   -0.0039022241
   0.0000114448    0.0032168152   -0.0026783523
  -0.0006991534    0.0017961103   -0.0038175198
  -0.0061364722   -0.0035333993   -0.0068788524
  -0.0024016170   -0.0013843182   -0.0014342947
   0.0019886926    0.0035350398   -0.0068308638
  -0.0019818612    0.0035392880   -0.0068055296
   0.0023514356   -0.0013382515   -0.0014844201
   0.0000580918   -0.0074927947   -0.0030147362
   0.0040479859   -0.0000513119   -0.0068255448
   0.0000086350    0.0000154367   -0.0141472827
  -0.0040379988   -0.0000402216   -0.0068099248
  -0.0029390313   -0.0002721188   -0.0021799024
   0.0029054629   -0.0003231927   -0.0022255646
   0.0020816822   -0.0034755976   -0.0067997836
  -0.0020629447   -0.0034857944   -0.0068062342
   0.0018789266    0.0010962299   -0.0020899766
   0.0000238348    0.0063527263   -0.0035254747
  -0.0018802989    0.0010742093   -0.0020878420
   0.0000040559    0.0027376900   -0.0014896090
  -0.0016942272   -0.0023828756   -0.0021894702
   0.0054969815   -0.0031561766   -0.0035336426
  -0.0054973456   -0.0031670202   -0.0035320272
   0.0017248972   -0.0023622398   -0.0021770332
  -0.0064595666    0.0038026839   -0.0029845488
   0.0011636261    0.0026997047   -0.0022176909
  -0.0000115608   -0.0021456372   -0.0020947408
  -0.0011899223    0.0026769066   -0.0021724941
   0.0065102198    0.0037772857   -0.0030442806

76   
 -0.0062747561203110   0.0000000000000000  -0.0077863621564001
  -0.0516638559   -0.0259677061   -0.0549517302
  -0.0002877048   -0.0040669524   -0.0167910449
  -0.0003776043    0.0000406067   -0.0030483659
  -0.0002861771   -0.0001813463   -0.0028264112
   0.0006034147   -0.0001792216   -0.0021954386
  -0.0070080623    0.0292629464   -0.0362203518
   0.0001312560   -0.0013053589   -0.0048825911
   0.0000293644    0.0005012568   -0.0021767664
   0.0002393060   -0.0001526553   -0.0040714905
  -0.0013298503    0.0017920480   -0.0042260186
  -0.0005277302   -0.0005882953   -0.0031023295
   0.0005157671   -0.0002275009   -0.0022590185
  -0.0004336585   -0.0003019777   -0.0022725869
   0.0002473255    0.0001904656   -0.0028308085
  -0.0002294656    0.0004727697   -0.0041358239
  -0.0002485913   -0.0001819798   -0.0028271055
  -0.0000193523    0.0001178253   -0.0040562602
   0.0003328089    0.0000103339   -0.0027336561
   0.0010809474    0.0006287607   -0.0018395807
  -0.0010835547    0.0006570660   -0.0018924352
   0.0004798275    0.0011516443   -0.0019993587
   0.0020838849   -0.0006158920   -0.0032940026
  -0.0000183768   -0.0003410023   -0.0038844501
   0.0001107997   -0.0013696294   -0.0018976805
  -0.0001646712   -0.0001514543   -0.0035144769
  -0.0008008554   -0.0004158600    0.0035190140
   0.0001411465    0.0003165500    0.0026278274
   0.0000269208    0.0006346800    0.0036328544
  -0.0001257922    0.0002330300    0.0029693692
   0.0007449641   -0.0002017900    0.0029767435
   0.0003579372   -0.0001741633    0.0025147975
   0.0013470670    0.0007075195    0.0026856690
  -0.0012135455    0.0007022227    0.0026289886
  -0.0002871898   -0.0000098544    0.0029727380
  -0.0001536989   -0.0002482794    0.0040550055
   0.0005665655   -0.0003474562    0.0036389532
   0.0000319070   -0.0014691288    0.0026352925
  -0.0004930130   -0.0003351215    0.0036186927
   0.0001506499    0.0001926376    0.0023390707
  -0.0000844005    0.0001284230    0.0023678836
   0.0001853799   -0.0002789976    0.0029683107
  -0.0000910305   -0.0003304030    0.0029877336
   0.0002428555   -0.0000412238    0.0023298132
   0.0000333670   -0.0000234512   -0.0004735575
  -0.0002125130   -0.0000148385    0.0023236927
   0.0002210711    0.0007856994    0.0027845255
  -0.0001876928   -0.0000282067    0.0039723175
   0.0000709470   -0.0001895995    0.0023364990
  -0.0000828955   -0.0002379527    0.0023248686
   0.0001967002    0.0000630244    0.0041751780
  -0.0039834135   -0.0032043100   -0.0067308986
   0.0021853457   -0.0020380000    0.0038886427
   0.0000163701    0.0026858200   -0.0002590225
  -0.0016959468   -0.0023228100    0.0031958641
   0.0037196990   -0.0015344600    0.0033071309
   0.0008751321    0.0030454271    0.0026527897
   0.0064270574    0.0036748107    0.0043160816
  -0.0064460005    0.0037197633    0.0039987191
   0.0011829990    0.0026718456    0.0033936299
  -0.0008150291   -0.0017921453    0.0002267785
   0.0025114794   -0.0013638265   -0.0002410465
   0.0000309071   -0.0075013258    0.0040044642
  -0.0024253365   -0.0014354143   -0.0002756940
   0.0020879583    0.0034650787    0.0078085818
  -0.0019467589    0.0036017662    0.0080748784
  -0.0028533617   -0.0004446687    0.0032087418
   0.0029411811   -0.0002985762    0.0034490184
   0.0041532094    0.0000700365    0.0078088835
   0.0000329671   -0.0000153842    0.0151454042
  -0.0040270765   -0.0000646357    0.0078056560
   0.0009397109    0.0034296553    0.0030296185
  -0.0017122379    0.0010393029    0.0011851797
   0.0021082974   -0.0035109207    0.0080629516
  -0.0020395805   -0.0035229233    0.0078047991
   0.0018787290    0.0010372244    0.0004920199
   0.0730025351    0.0062850606    0.1207445165
  -0.0052707345   -0.0021493300    0.0051071503
  -0.0000055904   -0.0032281600    0.0022434707
  -0.0014993774   -0.0023878700    0.0022695737
  -0.0092500111    0.0024400300    0.0059538498
  -0.0027891493   -0.0013652200    0.0047625254
  -0.0046842727   -0.0027352681    0.0040494529
   0.0048029839   -0.0027892575    0.0041684897
   0.0013775324    0.0023738529    0.0021416946
  -0.0005849050    0.0048318045    0.0040589652
  -0.0027452783    0.0015846006    0.0022112589
   0.0000286169    0.0055111943    0.0041725791
   0.0027206552    0.0015575205    0.0021376404
  -0.0001589240    0.0002096377    0.0084980054
   0.0002197777    0.0002467556    0.0082905486
  -0.0028013840   -0.0001503377    0.0022322354
   0.0027761577   -0.0001515856    0.0020836686
   0.0001290617   -0.0002588706    0.0084878289
   0.0000013569   -0.0000102843    0.0133188391
  -0.0000399748   -0.0003224105    0.0083623304
  -0.0004853550   -0.0068853245    0.0063923752
   0.0008776907    0.0019640200    0.0048426154
   0.0004519173   -0.0000368319    0.0082666629
  -0.0002896261    0.0000635275    0.0083557997
  -0.0024363376   -0.0014382829    0.0022746246
   0.0014182917    0.0006399407   -0.0049201783
  -0.0001584431    0.0001810737   -0.0072198915
   0.0001974288    0.0002019342   -0.0072816360
  -0.0030074335    0.0017306472   -0.0024823482
   0.0007769398    0.0067572287   -0.0069171333
   0.0001269359   -0.0003045484   -0.0072585000
   0.0000141499   -0.0000266919   -0.0122925877
  -0.0000735527   -0.0002947098   -0.0072895847
  -0.0018843804   -0.0002790815   -0.0037831686
   0.0019411481   -0.0003653324   -0.0036839525
   0.0003272183    0.0000149589   -0.0072780095
  -0.0002617217    0.0000187583   -0.0072877785
  -0.0027626804   -0.0016211310   -0.0026726368
   0.0000361411   -0.0065362919   -0.0068843291
   0.0028154855   -0.0016407447   -0.0026681348
   0.0000284908   -0.0035163056   -0.0024917362
  -0.0011277685   -0.0015274023   -0.0037525076
  -0.0056252558    0.0032279446   -0.0068791482
   0.0056590768    0.0032319890   -0.0068954356
   0.0012163005   -0.0015379143   -0.0038132191
   0.0064001985   -0.0021859470   -0.0080272401
   0.0006221760    0.0018355556   -0.0037419761
   0.0000231764    0.0032163066   -0.0026591029
  -0.0006892370    0.0017570304   -0.0038120481
  -0.0060882267   -0.0035557189   -0.0065058992
  -0.0023117565   -0.0013692730   -0.0015648621
   0.0020361188    0.0035290755   -0.0068325982
  -0.0019671357    0.0035027424   -0.0068444989
   0.0024095146   -0.0013809987   -0.0015230934
   0.0000003087   -0.0074869352   -0.0030267230
   0.0041100322   -0.0000662625   -0.0068245257
   0.0000116881   -0.0000253044   -0.0141877846
  -0.0040108104   -0.0000750585   -0.0068490155
  -0.0028852315   -0.0003397005   -0.0022227391
   0.0029701477   -0.0002501170   -0.0021765829
   0.0020983784   -0.0035104108   -0.0068519857
  -0.0020426355   -0.0035065263   -0.0068471055
   0.0018999936    0.0010670087   -0.0021191032
   0.0000348646    0.0063409141   -0.0035839253
  -0.0018495012    0.0010647638   -0.0021289464
   0.0000307297    0.0026971259   -0.0015036193
  -0.0016867327   -0.0024036078   -0.0022150875
   0.0055422118   -0.0032157880   -0.0035781631
  -0.0054793535   -0.0032012602   -0.0035670924
   0.0017410630   -0.0024051896   -0.0022314877
  -0.0064487911    0.0036842492   -0.0030569107
   0.0012934406    0.0026267021   -0.0021736075
   0.0000448075   -0.0021855052   -0.0021288532
  -0.0011778663    0.0026476835   -0.0022353467
   0.0064575019    0.0036776427   -0.0029904809

101  
  0.0062747561203110  -0.0000000000000000   0.0077863621564001
   0.0002698618    0.0001453844    0.0002203144
  -0.0004943153   -0.0000881225   -0.0017756473
   0.0000991852   -0.0001230165   -0.0025480648
  -0.0002124643   -0.0002500617   -0.0028599922
   0.0005749523    0.0000060230   -0.0014875960
  -0.0003720023   -0.0003773381   -0.0019581874
  -0.0000470332   -0.0000483689   -0.0041025297
   0.0000051745    0.0006157894   -0.0022824022
   0.0001264265   -0.0000596879   -0.0039614081
   0.0002728017   -0.0004024302   -0.0014118033
  -0.0000475923    0.0000892882   -0.0024139055
   0.0005258942   -0.0002878322   -0.0022634894
  -0.0004754007   -0.0002714831   -0.0022637296
   0.0000834038    0.0003272803   -0.0028272696
  -0.0000563782    0.0002362111   -0.0034238823
  -0.0003202330   -0.0000671745   -0.0028480266
   0.0000119241    0.0001392962   -0.0039547387
   0.0003225601   -0.0000867437   -0.0028164578
   0.0011466288    0.0006625829   -0.0018263337
  -0.0011064787    0.0006536525   -0.0018678230
   0.0002813515    0.0004866350   -0.0014859207
  -0.0002322034    0.0004450390   -0.0014230180
   0.0001783677   -0.0001602280   -0.0034540597
   0.0000322229   -0.0012951627   -0.0018783133
  -0.0002289948   -0.0001293307   -0.0034518618
  -0.0006872625   -0.0042609677    0.0179053480
   0.0516064214   -0.0255560751    0.0570358915
  -0.0000530778    0.0004796580    0.0043591864
  -0.0000635047    0.0003593136    0.0029239119
   0.0013817443   -0.0000182881    0.0033496822
   0.0070175267    0.0294858207    0.0371486340
   0.0030610698    0.0030948681    0.0053235634
  -0.0013495195    0.0006893636    0.0027108536
  -0.0003214806   -0.0000398513    0.0028069173
  -0.0004728496   -0.0011994406    0.0047958986
   0.0008601437   -0.0000769511    0.0042936844
  -0.0001182068   -0.0015609164    0.0026329514
  -0.0005318318   -0.0002982577    0.0035842872
   0.0001274595    0.0002863230    0.0022609097
   0.0003760295   -0.0007901188    0.0026024929
   0.0002570522   -0.0002663601    0.0029306713
  -0.0001503390   -0.0001495589    0.0028349479
   0.0002872929    0.0000168953    0.0023677325
  -0.0000310489   -0.0000630589   -0.0005083737
  -0.0002600751    0.0000493067    0.0023578561
   0.0003530478    0.0005522715    0.0035417599
  -0.0024251576   -0.0012203508    0.0057853344
  -0.0001190787    0.0005803100    0.0028599029
  -0.0001294598   -0.0002099036    0.0023448282
   0.0000701481    0.0000561893    0.0041440209
  -0.0055068508   -0.0031888548    0.0046356538
   0.0017540776   -0.0023861433    0.0032618397
   0.0000150950    0.0028304887   -0.0002003466
  -0.0017094442   -0.0023749324    0.0032579689
   0.0055051926   -0.0031868852    0.0045679396
  -0.0011811902    0.0027063472    0.0032761300
   0.0064927768    0.0037550368    0.0040779019
  -0.0064681337    0.0037367965    0.0040658066
   0.0012212429    0.0026750951    0.0032438735
  -0.0000098184   -0.0023066037    0.0002831013
   0.0024582099   -0.0013994866   -0.0002084903
   0.0000018569   -0.0074701304    0.0040621777
  -0.0024292764   -0.0014022198   -0.0001982076
   0.0020006085    0.0035438677    0.0078675533
  -0.0019658971    0.0035561068    0.0078507084
  -0.0029098683   -0.0002883491    0.0032547457
   0.0029283312   -0.0002774635    0.0032445465
   0.0040684253   -0.0000370040    0.0078721253
   0.0000057264    0.0000092312    0.0152249132
  -0.0040402046   -0.0000366538    0.0078742555
   0.0000003685    0.0063580135    0.0045736169
  -0.0020078681    0.0011488591    0.0002842653
   0.0020865310   -0.0034831392    0.0078648794
  -0.0020579596   -0.0034790515    0.0078805255
   0.0020099920    0.0011587745    0.0002704147
   0.0062774583    0.0037637993    0.0068660383
   0.0005365102   -0.0019303287    0.0025673533
   0.0000623835   -0.0031182872    0.0021305482
  -0.0014534588   -0.0023356142    0.0021650960
  -0.0044497969    0.0026057763    0.0045561815
  -0.0015242485    0.0008496170    0.0035101401
  -0.0048151833   -0.0027750511    0.0039964492
   0.0048361470   -0.0027606104    0.0041778781
   0.0013044036    0.0024516034    0.0021617729
   0.0001291040    0.0027928244    0.0022647961
  -0.0026849608    0.0015962956    0.0021378362
   0.0000292195    0.0055715543    0.0041732691
   0.0027320132    0.0015774210    0.0021526656
  -0.0001951842    0.0002037754    0.0083711582
   0.0001641985    0.0002242023    0.0083329176
  -0.0027563383   -0.0000912089    0.0021636495
   0.0027767945   -0.0001083153    0.0021559948
   0.0000758589   -0.0002797481    0.0083699091
   0.0000083204    0.0000006910    0.0133390968
  -0.0000633183   -0.0002707983    0.0083795885
   0.0000222341   -0.0051433516    0.0045674900
   0.0024789919   -0.0013482176    0.0022076925
   0.0002925704    0.0000212315    0.0083363286
  -0.0002589073    0.0000788198    0.0083785647
  -0.0024636599   -0.0014198081    0.0023457177
  -0.0707647591    0.0010383462   -0.1189408512
   0.0046210311    0.0001771300   -0.0086624698
   0.0002407274    0.0002468900   -0.0074092137
  -0.0029650996    0.0016806500   -0.0026021007
   0.0065182045    0.0073263900   -0.0094660603
   0.0007359150    0.0017539045   -0.0089459952
  -0.0000487524   -0.0000382771   -0.0122828346
  -0.0000627139   -0.0002671575   -0.0072821397
  -0.0019969573   -0.0001971881   -0.0036727829
   0.0032749293   -0.0039347800   -0.0063180254
   0.0002880340    0.0000503477   -0.0074276854
  -0.0002636152    0.0000598005   -0.0072856204
  -0.0027602769   -0.0016125857   -0.0026665591
   0.0000415783   -0.0064708394   -0.0069944789
   0.0028133923   -0.0015088444   -0.0025970086
  -0.0000085417   -0.0034048206   -0.0026242189
  -0.0011598677   -0.0015325756   -0.0037395486
  -0.0055954960    0.0032161023   -0.0069983154
   0.0056723248    0.0032555895   -0.0068963604
   0.0012102631   -0.0014948943   -0.0038102491
   0.0076551893   -0.0002658600   -0.0090476854
   0.0011837350   -0.0000191145   -0.0056173252
   0.0000106676    0.0032327671   -0.0026144646
  -0.0006727839    0.0017867375   -0.0038127497
  -0.0062714773   -0.0036316319   -0.0065925029
  -0.0038275678   -0.0013591600    0.0098083275
   0.0038358865    0.0051932300   -0.0055116057
  -0.0019698757    0.0036372500   -0.0067688144
   0.0024052288   -0.0014784400   -0.0014421266
  -0.0004439959   -0.0071498100   -0.0035503922
   0.0048982471    0.0005479548   -0.0067280547
   0.0000686257    0.0000345221   -0.0143165611
  -0.0040494998   -0.0000450867   -0.0067584790
  -0.0027756687   -0.0003552882   -0.0024522495
   0.0009066232    0.0001257918   -0.0015239081
   0.0020101811   -0.0035502727   -0.0067620218
  -0.0020594236   -0.0034843344   -0.0067475959
   0.0018912529    0.0010954643   -0.0020504341
  -0.0000235593    0.0064204138   -0.0035020529
  -0.0018640304    0.0011994339   -0.0023218079
  -0.0000483893    0.0029012162   -0.0014359029
  -0.0016905104   -0.0023313539   -0.0024022479
   0.0054632211   -0.0033001573   -0.0035024818
  -0.0054708636   -0.0031543456   -0.0034907159
   0.0017041129   -0.0023696443   -0.0021310341
  -0.0067843668    0.0036480482   -0.0038383181
   0.0003269571   -0.0002214248   -0.0005941347
   0.0001873157   -0.0022609921   -0.0023364311
  -0.0012038998    0.0026571667   -0.0021361790
   0.0064725813    0.0037353382   -0.0032202495

101  
 -0.0062747561203110   0.0000000000000000  -0.0077863621564001
  -0.0002718816   -0.0001526528   -0.0008255097
  -0.0005875155    0.0001043041   -0.0011169386
   0.0003839421   -0.0003389109   -0.0030552569
  -0.0002571231   -0.0002060074   -0.0027349954
   0.0005076751   -0.0000003644   -0.0014048533
  -0.0001480573   -0.0005740047   -0.0009299120
  -0.0001889281   -0.0000909892   -0.0038160464
   0.0000011564    0.0005043964   -0.0022337924
   0.0001033120   -0.0000773408   -0.0039497760
   0.0002696887   -0.0005388132   -0.0014827287
  -0.0001116708    0.0005588295   -0.0031923233
   0.0004516577   -0.0002703767   -0.0022532575
  -0.0004868429   -0.0002896578   -0.0022518392
   0.0000778634    0.0003173191   -0.0027704275
   0.0000594060    0.0003117392   -0.0034602896
  -0.0003091652   -0.0001191364   -0.0027507007
  -0.0000155454    0.0001271788   -0.0039604411
   0.0003184206   -0.0001009877   -0.0027813216
   0.0011394488    0.0006494933   -0.0018015070
  -0.0011673202    0.0006577490   -0.0017619095
   0.0002748134    0.0004455241   -0.0014092218
  -0.0003107250    0.0004915341   -0.0014697634
   0.0002943612   -0.0001125605   -0.0034276593
  -0.0000292262   -0.0013372535   -0.0017509827
  -0.0002396678   -0.0001431607   -0.0034266788
  -0.0005593133    0.0035196242   -0.0117703136
  -0.0492313556    0.0249311899   -0.0489975671
   0.0001003872    0.0007409772    0.0029007687
  -0.0002433367    0.0002027725    0.0029718522
  -0.0000481807   -0.0007740419    0.0029334564
  -0.0063524602   -0.0288145762   -0.0306913012
  -0.0005628088   -0.0016282061   -0.0000165615
  -0.0011607870    0.0007621016    0.0025624750
  -0.0003227757    0.0000243760    0.0030884229
   0.0004598297    0.0008617494    0.0033802703
   0.0002205631   -0.0005016276    0.0029671001
   0.0001224383   -0.0013461518    0.0026406598
  -0.0005170249   -0.0003116177    0.0036737728
   0.0001265868    0.0001291498    0.0023862681
  -0.0006482004    0.0012133551    0.0020572627
   0.0000798897   -0.0002811845    0.0029659672
  -0.0001825355   -0.0003993939    0.0030588434
   0.0002013365   -0.0000069467    0.0022792838
   0.0000385536    0.0000657666   -0.0004485290
  -0.0002192164   -0.0000248459    0.0022886392
  -0.0003666543    0.0010002679    0.0027379669
   0.0021041746    0.0013960730    0.0024072275
   0.0003546686   -0.0010285402    0.0017948817
  -0.0000899821   -0.0002233294    0.0023007694
   0.0002145855    0.0001033978    0.0040497759
  -0.0054830957   -0.0031558841    0.0045407328
   0.0016531219   -0.0023837268    0.0032062395
   0.0000081748    0.0028084215   -0.0002310299
  -0.0017087589   -0.0024094780    0.0032268496
   0.0054911260   -0.0031809601    0.0045847723
  -0.0012467121    0.0026244398    0.0031943595
   0.0064612815    0.0037219048    0.0040220497
  -0.0064801777    0.0037468834    0.0040386541
   0.0011957504    0.0026880273    0.0032183006
   0.0000336717   -0.0023316432    0.0002327071
   0.0024390845   -0.0014116994   -0.0002254915
   0.0000069929   -0.0074903902    0.0040449032
  -0.0024491845   -0.0014338098   -0.0002247928
   0.0019668083    0.0035215668    0.0078519724
  -0.0020101830    0.0035279967    0.0078597392
  -0.0029340123   -0.0002842525    0.0032234436
   0.0029124989   -0.0002978296    0.0032135319
   0.0040511253   -0.0000554364    0.0078326146
   0.0000067134   -0.0000091098    0.0151854266
  -0.0040693453   -0.0000853255    0.0078325142
  -0.0000038066    0.0063413408    0.0045874536
  -0.0020018124    0.0011778706    0.0002405922
   0.0020593918   -0.0035066415    0.0078409922
  -0.0020965712   -0.0034795784    0.0078285249
   0.0020317648    0.0011747332    0.0002446926
   0.0025891853    0.0013463596    0.0022148445
   0.0023927679   -0.0027506763    0.0017624580
  -0.0000414698   -0.0031621207    0.0021565949
  -0.0014875442   -0.0023641675    0.0021317706
  -0.0044448561    0.0025099545    0.0046048677
  -0.0010576936    0.0040413638    0.0007893318
  -0.0048078078   -0.0027826007    0.0043475924
   0.0047899534   -0.0027891003    0.0041614598
   0.0012786952    0.0024550448    0.0021577023
  -0.0001052797    0.0029255567    0.0023900341
  -0.0027408175    0.0015509361    0.0021511200
  -0.0000206774    0.0055345093    0.0041627635
   0.0027116242    0.0015458710    0.0021243942
  -0.0002248873    0.0001932752    0.0083408549
   0.0002482192    0.0001908079    0.0083892469
  -0.0027757547   -0.0001097685    0.0021382613
   0.0027520986   -0.0000952052    0.0021653281
   0.0000746613   -0.0002786344    0.0083562469
   0.0000041781   -0.0000008060    0.0133046043
  -0.0000775908   -0.0003170529    0.0083458439
  -0.0000258890   -0.0051257241    0.0045840785
   0.0024800143   -0.0015021013    0.0024354620
   0.0002709984    0.0001252524    0.0083895128
  -0.0003147571    0.0000963508    0.0083443948
  -0.0024635266   -0.0014253945    0.0023061284
   0.0742292984    0.0030802504    0.1044197228
  -0.0049345345    0.0002567200   -0.0058581497
   0.0001279896    0.0002220400   -0.0070745393
  -0.0030455374    0.0017957300   -0.0022904363
  -0.0065866611    0.0068204500   -0.0037985702
  -0.0005593493   -0.0023028700   -0.0055675546
   0.0000649373    0.0000347619   -0.0122228271
  -0.0001561261   -0.0002790875   -0.0071902503
  -0.0018012376   -0.0003476471   -0.0038659054
   0.0005539350    0.0033579145   -0.0012300448
   0.0002936517    0.0000348206   -0.0070597011
  -0.0003083831    0.0000212043   -0.0071955309
  -0.0028115348   -0.0016029395   -0.0025751096
  -0.0000424940   -0.0065628523   -0.0067228146
   0.0027712377   -0.0017047744   -0.0026580614
   0.0000115460   -0.0035444777   -0.0022647546
  -0.0012028623   -0.0014944756   -0.0037988714
  -0.0056920983    0.0032848294   -0.0067181811
   0.0056244869    0.0032642357   -0.0068018609
   0.0011608552   -0.0015323905   -0.0037231496
   0.0045954050   -0.0068060445   -0.0042326648
   0.0002269307    0.0036196000   -0.0019578646
   0.0000063573    0.0032038681   -0.0026453671
  -0.0007614861    0.0017718675   -0.0037235503
  -0.0059631676   -0.0034370629   -0.0066816254
  -0.0009109649   -0.0013712400   -0.0125551260
   0.0001384258    0.0018545900   -0.0080340657
  -0.0020024072    0.0034428800   -0.0067919713
   0.0023363633   -0.0012554000   -0.0014625324
   0.0004598103   -0.0078095800   -0.0024188110
   0.0031690575   -0.0006432642   -0.0068472418
  -0.0000432700   -0.0000322147   -0.0139221596
  -0.0040643931   -0.0000450706   -0.0068143993
  -0.0030497648   -0.0002245452   -0.0018649729
   0.0049186139   -0.0007188581   -0.0027891943
   0.0021247361   -0.0034275079   -0.0067957133
  -0.0020655033   -0.0035000908   -0.0068156941
   0.0018591081    0.0010706046   -0.0020927065
   0.0000197036    0.0062814064   -0.0035047839
  -0.0018717957    0.0009732404   -0.0018094437
   0.0000493836    0.0025688136   -0.0014704339
  -0.0017167157   -0.0024340404   -0.0019182837
   0.0055325061   -0.0030674821   -0.0035035333
  -0.0055175433   -0.0031928092   -0.0035353541
   0.0017124281   -0.0023921946   -0.0021961265
  -0.0061614761    0.0038379481   -0.0021347743
   0.0020683275    0.0055313742   -0.0036895518
  -0.0001705400   -0.0020662053   -0.0017912196
  -0.0012095731    0.0026744906   -0.0021890693
   0.0064801652    0.0037359852   -0.0027431029

126  
  0.0062747561203110  -0.0000000000000000   0.0077863621564001
   0.0000109976    0.0000064560   -0.0002928844
  -0.0005297505   -0.0000141714   -0.0015064782
   0.0002646171   -0.0002308880   -0.0028031081
  -0.0002247820   -0.0002225163   -0.0028313756
   0.0005596965    0.0000058067   -0.0014834214
  -0.0002669794   -0.0004584584   -0.0015041153
  -0.0000719147   -0.0000423501   -0.0040184820
   0.0000124055    0.0005696617   -0.0022819157
   0.0001296348   -0.0000723114   -0.0039970370
   0.0002896456   -0.0004535770   -0.0014796325
  -0.0000674286    0.0003351816   -0.0027996855
   0.0005022878   -0.0002815801   -0.0022953758
  -0.0004749430   -0.0002773785   -0.0022912079
   0.0001040424    0.0003208244   -0.0028321249
   0.0000087411    0.0002693736   -0.0034599314
  -0.0003055462   -0.0000871270   -0.0028332938
   0.0000040585    0.0001451661   -0.0040013617
   0.0003326119   -0.0000755656   -0.0028326712
   0.0011603355    0.0006680954   -0.0018507019
  -0.0011178798    0.0006615336   -0.0018493625
   0.0002868851    0.0004783124   -0.0014837618
  -0.0002458210    0.0004739549   -0.0014885340
   0.0002437616   -0.0001321927   -0.0034558327
   0.0000146226   -0.0013046200   -0.0018475848
  -0.0002192082   -0.0001299301   -0.0034792521
   0.0488977096    0.0242602528    0.0559968718
  -0.0000606450    0.0043874611    0.0183172825
   0.0007513479    0.0002619412    0.0036923877
  -0.0000335545    0.0002173526    0.0028933883
   0.0006086868   -0.0002496926    0.0037943691
   0.0072074865   -0.0289738461    0.0372923530
   0.0010110612    0.0018887166    0.0036238923
  -0.0012709383    0.0007358548    0.0024659677
  -0.0003790752    0.0000529723    0.0029921170
   0.0016568714   -0.0024094358    0.0067803317
   0.0010906300    0.0007424245    0.0037246160
  -0.0000164590   -0.0015124327    0.0025398927
  -0.0005436453   -0.0002985177    0.0035534174
   0.0000401908    0.0002848395    0.0022946820
   0.0002073621   -0.0000204333    0.0029482231
   0.0001588162   -0.0001929640    0.0028909595
  -0.0001160562   -0.0002652267    0.0029585276
   0.0002677354   -0.0000561321    0.0021876677
   0.0001156600    0.0000043261   -0.0005292467
  -0.0002765035    0.0000004537    0.0023261514
  -0.0002397231   -0.0000407876    0.0035299738
  -0.0023888263    0.0011927155    0.0059358139
   0.0004652785    0.0000314684    0.0026526295
  -0.0001792669   -0.0001911514    0.0023320243
   0.0001041215    0.0000848902    0.0040969114
  -0.0054908743   -0.0031725110    0.0045868324
   0.0017258889   -0.0023778931    0.0032491353
   0.0000157823    0.0028223367   -0.0002179850
  -0.0016955660   -0.0023767278    0.0032354549
   0.0055212591   -0.0031750496    0.0045763742
  -0.0011943119    0.0026805541    0.0032451338
   0.0064926226    0.0037453065    0.0040489147
  -0.0064564409    0.0037445849    0.0040484303
   0.0012244749    0.0026789128    0.0032339383
   0.0000147568   -0.0023114266    0.0002578377
   0.0024539406   -0.0014025987   -0.0002184217
   0.0000183298   -0.0074674618    0.0040493430
  -0.0024248775   -0.0014028400   -0.0002182153
   0.0020024884    0.0035416570    0.0078540056
  -0.0019668407    0.0035428249    0.0078520111
  -0.0029026035   -0.0002850526    0.0032358165
   0.0029357185   -0.0002859720    0.0032354369
   0.0040699914   -0.0000421607    0.0078547018
   0.0000153026    0.0000062903    0.0151994434
  -0.0040386180   -0.0000416324    0.0078544606
   0.0000136346    0.0063649384    0.0045769029
  -0.0019914612    0.0011624601    0.0002578562
   0.0020876563   -0.0034801618    0.0078532264
  -0.0020531306   -0.0034814101    0.0078547020
   0.0020226708    0.0011647524    0.0002563391
   0.0045000265    0.0025896430    0.0045847121
   0.0014513813   -0.0023092448    0.0022214830
   0.0000153254   -0.0031321713    0.0021535534
  -0.0014540343   -0.0023293124    0.0021767289
  -0.0044520788    0.0025484445    0.0045899982
  -0.0012668189    0.0024060808    0.0021930107
  -0.0048130319   -0.0027684627    0.0041874809
   0.0048340763   -0.0027742335    0.0042077867
   0.0012958225    0.0024504152    0.0021741532
   0.0000087494    0.0028563579    0.0022646975
  -0.0027034097    0.0015917341    0.0021506393
   0.0000176170    0.0055663596    0.0042039377
   0.0027339635    0.0015767402    0.0021610624
  -0.0001974518    0.0002208780    0.0083819431
   0.0002291627    0.0002238178    0.0083764575
  -0.0027422784   -0.0001001692    0.0021774457
   0.0027776112   -0.0001037538    0.0021778664
   0.0000928354   -0.0002829841    0.0083895253
   0.0000107164    0.0000019913    0.0133478832
  -0.0000522145   -0.0002741537    0.0083803755
  -0.0000143022   -0.0051363375    0.0045854557
   0.0024691323   -0.0014194530    0.0023025129
   0.0002938815    0.0000874305    0.0083743391
  -0.0002587896    0.0000847385    0.0083749455
  -0.0024585381   -0.0014235856    0.0023512146
   0.0015828949    0.0017452200    0.0086602160
  -0.0006271603   -0.0001942400   -0.0078091990
   0.0002203767    0.0003513700   -0.0072135176
  -0.0029825128    0.0016512900   -0.0024358287
   0.0018359342    0.0053640800   -0.0053722143
  -0.0019624539   -0.0006406281   -0.0066636657
   0.0001176948    0.0000642148   -0.0125781571
  -0.0000986369   -0.0002631206   -0.0072123707
  -0.0018275900   -0.0003017247   -0.0039490304
   0.0028278325   -0.0007975242   -0.0036395482
   0.0002650364   -0.0000187836   -0.0072274761
  -0.0002683581    0.0000414046   -0.0072274035
  -0.0027729867   -0.0015991408   -0.0025853559
  -0.0000447161   -0.0064426079   -0.0068316767
   0.0028102757   -0.0016745496   -0.0028671763
  -0.0000272261   -0.0033337221   -0.0024392867
  -0.0011708243   -0.0015298004   -0.0040250563
  -0.0056821836    0.0031091136   -0.0068207361
   0.0056458819    0.0032593954   -0.0068220835
   0.0012206933   -0.0015207492   -0.0037439059
   0.0052066625   -0.0006385858   -0.0051517582
   0.0005072861    0.0019224581   -0.0045660957
   0.0000478048    0.0032089952   -0.0028369471
  -0.0007064469    0.0018080206   -0.0037424407
  -0.0059477400   -0.0034434653   -0.0069123704
  -0.0740471182   -0.0020191591   -0.1115641366
   0.0084954211    0.0032857600   -0.0098773698
  -0.0019021826    0.0036234700   -0.0069585237
   0.0024384504   -0.0013514100   -0.0016223607
   0.0044198345   -0.0073571800   -0.0044087003
   0.0054965850    0.0036253345   -0.0095025152
  -0.0000651224   -0.0000437871   -0.0140169646
  -0.0039916039   -0.0000494075   -0.0068286397
  -0.0029698873   -0.0002437981   -0.0021858529
   0.0034877093   -0.0021364300   -0.0039551354
   0.0021418940   -0.0035103023   -0.0069246654
  -0.0020389352   -0.0034630395   -0.0068170604
   0.0019184531    0.0010778843   -0.0021216991
  -0.0000079817    0.0063516006   -0.0037079989
  -0.0018549977    0.0009892356   -0.0020253286
   0.0000679783    0.0027744294   -0.0015939089
  -0.0016896377   -0.0023684356   -0.0021199386
   0.0054982840   -0.0032620177   -0.0037138854
  -0.0054790352   -0.0031938705   -0.0035496904
   0.0017616431   -0.0023684043   -0.0022102691
  -0.0060324007    0.0052945500   -0.0048673254
   0.0027744450   -0.0005486345   -0.0047869952
  -0.0001450424   -0.0020639929   -0.0020208546
  -0.0011438439    0.0026944475   -0.0022054997
   0.0065020527    0.0037470081   -0.0029446029

126  
 -0.0062747561203110   0.0000000000000000  -0.0077863621564001
  -0.0000012834   -0.0000056815   -0.0003705339
  -0.0005415638    0.0000246143   -0.0014596535
   0.0002228964   -0.0002260330   -0.0028667128
  -0.0002389981   -0.0002349926   -0.0028373357
   0.0005333703    0.0000038435   -0.0014815636
  -0.0002558425   -0.0004840466   -0.0014615980
  -0.0001488365   -0.0000919976   -0.0039675700
  -0.0000004147    0.0005446684   -0.0023059834
   0.0001137236   -0.0000625785   -0.0039880640
   0.0002544883   -0.0004889414   -0.0014869583
  -0.0000798287    0.0003053841   -0.0028704126
   0.0004746838   -0.0002757291   -0.0022929742
  -0.0004800973   -0.0002813415   -0.0022968719
   0.0000667561    0.0003185667   -0.0028376669
   0.0000012265    0.0002755113   -0.0034941165
  -0.0003175523   -0.0000966830   -0.0028362383
   0.0000069814    0.0001219932   -0.0039848086
   0.0003127481   -0.0001066949   -0.0028381592
   0.0011247142    0.0006444554   -0.0018491287
  -0.0011447313    0.0006510076   -0.0018510503
   0.0002728334    0.0004550946   -0.0014823315
  -0.0002921090    0.0004579305   -0.0014781314
   0.0002397302   -0.0001422993   -0.0034982088
  -0.0000027133   -0.0013208008   -0.0018530265
  -0.0002419623   -0.0001417301   -0.0034741483
  -0.0523180856   -0.0262438381   -0.0519679765
   0.0002655308   -0.0037643646   -0.0123890571
  -0.0007045714    0.0009535288    0.0034457738
  -0.0002585241    0.0003531436    0.0028895877
   0.0007235934   -0.0005338022    0.0023688757
  -0.0065603931    0.0296412605   -0.0320498960
   0.0015316586   -0.0004415879    0.0015682187
  -0.0012334855    0.0007174300    0.0026996521
  -0.0002554382   -0.0000797671    0.0027939543
  -0.0016240618    0.0020915476    0.0012821270
  -0.0000075590   -0.0013389481    0.0034140484
   0.0000283727   -0.0013935745    0.0026249896
  -0.0004981080   -0.0003111577    0.0035976926
   0.0002376677    0.0001296723    0.0022448468
  -0.0004792890    0.0004604447    0.0015872523
   0.0001940591   -0.0003549083    0.0028918232
  -0.0002165633   -0.0002829747    0.0028275660
   0.0002332590    0.0000757593    0.0023524409
  -0.0001053419   -0.0000065307   -0.0005369417
  -0.0002001850    0.0000175071    0.0022094634
   0.0002458731    0.0015954772    0.0026298016
   0.0021466800   -0.0010145733    0.0021588955
  -0.0002088819   -0.0004850890    0.0018798837
  -0.0000358168   -0.0002417616    0.0022049889
   0.0001962105    0.0000815268    0.0039891709
  -0.0055068063   -0.0031834896    0.0045577945
   0.0017070722   -0.0023894473    0.0032056448
  -0.0000047317    0.0028158232   -0.0002307340
  -0.0017149641   -0.0023902123    0.0032176050
   0.0054984599   -0.0031801307    0.0045682139
  -0.0012121578    0.0026663569    0.0032091447
   0.0064644882    0.0037288240    0.0040339463
  -0.0064785890    0.0037288655    0.0040343509
   0.0012049755    0.0026666677    0.0032197512
  -0.0000043977   -0.0023250127    0.0002404699
   0.0024399697   -0.0014168307   -0.0002295881
  -0.0000077692   -0.0074817574    0.0040338579
  -0.0024464826   -0.0014152600   -0.0002305347
   0.0019802815    0.0035295425    0.0078397940
  -0.0019930994    0.0035276660    0.0078419382
  -0.0029255865   -0.0002952275    0.0032180634
   0.0029153321   -0.0002937277    0.0032196531
   0.0040503184   -0.0000551595    0.0078402690
  -0.0000048525   -0.0000063602    0.0151802067
  -0.0040595620   -0.0000540475    0.0078397394
  -0.0000022151    0.0063465908    0.0045679158
  -0.0020126686    0.0011554288    0.0002408431
   0.0020622841   -0.0034946287    0.0078407242
  -0.0020735293   -0.0034940200    0.0078398182
   0.0020024989    0.0011529474    0.0002420705
   0.0043943870    0.0025384982    0.0045815147
   0.0015035582   -0.0023733353    0.0021046762
  -0.0000042356   -0.0031493785    0.0021488301
  -0.0014792288   -0.0023532380    0.0021501196
  -0.0044200426    0.0025808502    0.0045771638
  -0.0013047834    0.0024846361    0.0021326788
  -0.0048048498   -0.0027910457    0.0041723706
   0.0048055123   -0.0027857566    0.0041522041
   0.0012992108    0.0024391572    0.0021523208
   0.0000014239    0.0028630253    0.0024017809
  -0.0027252759    0.0015480600    0.0021507090
  -0.0000071672    0.0055512798    0.0041555032
   0.0027165156    0.0015643102    0.0021411472
  -0.0002081515    0.0001816066    0.0083544726
   0.0001987172    0.0001780656    0.0083591102
  -0.0027740822   -0.0001085924    0.0021481136
   0.0027612789   -0.0001042893    0.0021465420
   0.0000581152   -0.0002803163    0.0083453847
  -0.0000001766   -0.0000020199    0.0133252566
  -0.0000768553   -0.0002869256    0.0083559842
   0.0000262441   -0.0051210281    0.0045817548
   0.0024947871   -0.0014406673    0.0023645646
   0.0002746813    0.0000725088    0.0083611624
  -0.0002864212    0.0000741916    0.0083614248
  -0.0024853450   -0.0014371167    0.0023156927
   0.0044807678    0.0017338100   -0.0137024875
   0.0002473759    0.0006407700   -0.0066503678
   0.0001603312    0.0001106200   -0.0072600334
  -0.0030361143    0.0018313400   -0.0024417256
  -0.0018293165    0.0087631900   -0.0079226143
   0.0021992368    0.0000879918   -0.0078151419
  -0.0001071113   -0.0000639882   -0.0119107005
  -0.0001053502   -0.0002896467   -0.0072600710
  -0.0019812157   -0.0002394379   -0.0035875989
   0.0010317529    0.0002511648   -0.0038780953
   0.0003327593    0.0001082838   -0.0072452471
  -0.0003071929    0.0000479243   -0.0072450259
  -0.0027874764   -0.0016163744   -0.0026635341
   0.0000576589   -0.0065817427   -0.0068663682
   0.0027676704   -0.0015413661   -0.0023801421
   0.0000400489   -0.0036289073   -0.0024361082
  -0.0011958196   -0.0015010639   -0.0035107921
  -0.0055867107    0.0034035062   -0.0068761971
   0.0056457071    0.0032533957   -0.0068736959
   0.0011669236   -0.0015085356   -0.0037878641
   0.0070583929   -0.0064756248   -0.0081585053
   0.0009406468    0.0016727882   -0.0029508319
  -0.0000361013    0.0032205882   -0.0024137305
  -0.0007177402    0.0017647667   -0.0037902410
  -0.0062836257   -0.0036251821   -0.0063616889
   0.0697123771   -0.0001808510    0.1090913588
  -0.0044538345    0.0037891100   -0.0037251597
  -0.0020642804    0.0034485100   -0.0066217893
   0.0023002126   -0.0013771800   -0.0013059163
  -0.0044708811   -0.0076080000   -0.0015289802
   0.0026105707   -0.0037446500   -0.0040724346
   0.0000741673    0.0000420319   -0.0142486771
  -0.0041077661   -0.0000475275   -0.0067541203
  -0.0028547876   -0.0003405271   -0.0021454754
   0.0023906050    0.0015556945   -0.0003548448
   0.0020062217   -0.0034695594   -0.0066540711
  -0.0020895631   -0.0035129257   -0.0067649509
   0.0018429252    0.0010885905   -0.0020243296
   0.0000212660    0.0063536577   -0.0033252146
  -0.0018868923    0.0011718656   -0.0021204414
  -0.0000559740    0.0026858123   -0.0013339946
  -0.0017213623   -0.0023946256   -0.0022153914
   0.0055153017   -0.0030889806   -0.0033204411
  -0.0055142431   -0.0031596943   -0.0034847109
   0.0016710952   -0.0023954305   -0.0021263796
  -0.0068894050    0.0021937855   -0.0010732248
  -0.0003534293    0.0059052300    0.0004493454
   0.0001506873   -0.0022655419   -0.0021263171
  -0.0012598561    0.0026501475   -0.0021311703
   0.0064604224    0.0037289271   -0.0030292454
