64   
4    

1    
  0.0060822996926363   0.0000000000000000   0.0079376086102148
  -0.1024469300   -0.0007307600   -0.0159592800
   0.0043994300    0.0009963600    0.0016405500
   0.0003184500    0.0005919900    0.0014132500
   0.0019313200    0.0020610300    0.0035100300
   0.0003521000    0.0035787200    0.0031223200
   0.0004947400    0.0000928500    0.0019830900
   0.0007529400   -0.0002401700    0.0020546800
  -0.0035256200   -0.0029789700    0.0020317300
  -0.0001481300    0.0002712300    0.0018033000
   0.0003358700    0.0001539600    0.0020189000
  -0.0011722700   -0.0008586100    0.0010233800
   0.0003344200    0.0000558700    0.0020165500
  -0.0008701000    0.0003918900    0.0040588000
  -0.0023087600   -0.0040283200    0.0010990500
   0.0006677000   -0.0001915200    0.0021165000
   0.0005783900    0.0001412100    0.0019168300
   0.0297120200    0.0125704600   -0.0059230700
   0.0002547800   -0.0015349000    0.0008692400
  -0.0003513700   -0.0000991400    0.0004035300
   0.0594010800   -0.0295628200    0.0175495200
  -0.0005917400   -0.0000603800    0.0002168600
  -0.0008096100   -0.0000029100    0.0011239400
   0.0005201500    0.0013978600    0.0010544500
   0.0012079400    0.0002052100    0.0007213400
   0.0003546000    0.0001383500   -0.0000155800
   0.0020671100    0.0001493400    0.0012870600
  -0.0000954400    0.0001262100    0.0007957500
   0.0000608700   -0.0002168500    0.0009136600
   0.0080710100    0.0176831500    0.0059645700
   0.0000182000    0.0006910100    0.0008604600
  -0.0003149800    0.0000907200    0.0008547900
  -0.0003517800   -0.0008961900    0.0005817300
   0.0000350500    0.0000004400   -0.0022734100
   0.0000376300   -0.0000000400   -0.0022720800
   0.0000369800    0.0000005800   -0.0022712100
   0.0000345300    0.0000012300   -0.0022727100
   0.0000358800    0.0000017100   -0.0022721400
   0.0000379900    0.0000001600   -0.0022711500
   0.0000361500    0.0000000500   -0.0022711900
   0.0000344000    0.0000016100   -0.0022721400
   0.0000358900    0.0000005500   -0.0022717800
   0.0000371800   -0.0000004800   -0.0022715700
   0.0000360400   -0.0000000900   -0.0022713700
   0.0000352300    0.0000008900   -0.0022715600
   0.0000355300    0.0000004300   -0.0022730800
   0.0000372800   -0.0000012000   -0.0022722500
   0.0000368900    0.0000002100   -0.0022712700
   0.0000345300    0.0000009400   -0.0022719300
   0.0000371000    0.0000014600   -0.0004220500
   0.0000378100    0.0000012200   -0.0004224900
   0.0000352800    0.0000010100   -0.0004228600
   0.0000337400    0.0000008900   -0.0004223900
   0.0000365700    0.0000011300   -0.0004223100
   0.0000363300   -0.0000001700   -0.0004226800
   0.0000351500   -0.0000001000   -0.0004223500
   0.0000360700    0.0000009700   -0.0004217600
   0.0000362700   -0.0000010400   -0.0004224600
   0.0000356700   -0.0000014200   -0.0004224800
   0.0000361200    0.0000002100   -0.0004222100
   0.0000362600    0.0000005200   -0.0004219200
   0.0000348700   -0.0000002100   -0.0004222900
   0.0000373900    0.0000005200   -0.0004222500
   0.0000368300    0.0000011500   -0.0004222400
   0.0000349800    0.0000009900   -0.0004223900

1    
 -0.0060822996926363   0.0000000000000000  -0.0079376086102148
   0.1029309200   -0.0006669500    0.0179628500
  -0.0043642500   -0.0009723600    0.0025449300
  -0.0003062600   -0.0005869300    0.0027874200
  -0.0019659500   -0.0020543200    0.0006867200
  -0.0003020400   -0.0035835700    0.0010765600
  -0.0004834200   -0.0000943200    0.0022209700
  -0.0007438000    0.0002438100    0.0021510100
   0.0035207900    0.0030075300    0.0021584500
   0.0001663800   -0.0002719400    0.0023960100
  -0.0003206700   -0.0001464800    0.0021859700
   0.0011820500    0.0008602000    0.0031791400
  -0.0003239600   -0.0000518200    0.0021841900
   0.0009102200   -0.0004082500    0.0001488800
   0.0023049300    0.0040252800    0.0030893700
  -0.0006622100    0.0001951100    0.0020857500
  -0.0005672700   -0.0001411400    0.0022829400
  -0.0296729600   -0.0124355400    0.0069413600
  -0.0002357100    0.0015264500    0.0004641400
   0.0003681600    0.0000796700    0.0009259600
  -0.0608059300    0.0305592300   -0.0161753400
   0.0005977700    0.0000600300    0.0011184400
   0.0008300700   -0.0000041600    0.0002026400
  -0.0004931800   -0.0013948400    0.0002698600
  -0.0012067100   -0.0002212400    0.0006086600
  -0.0003469100   -0.0001341000    0.0013500400
  -0.0020479700   -0.0001541400    0.0000390600
   0.0001053800   -0.0001325800    0.0005338500
  -0.0000445500    0.0002160400    0.0004164800
  -0.0080071700   -0.0174251600   -0.0044678800
  -0.0000010500   -0.0006928900    0.0004663200
   0.0003318800   -0.0000870400    0.0004752000
   0.0003650800    0.0009103400    0.0007508900
  -0.0000223200   -0.0000014700   -0.0022679300
  -0.0000227600   -0.0000005400   -0.0022696100
  -0.0000224100    0.0000001500   -0.0022707300
  -0.0000219600   -0.0000001200   -0.0022693600
  -0.0000220600   -0.0000017200   -0.0022693100
  -0.0000211700   -0.0000009600   -0.0022702900
  -0.0000226500   -0.0000005800   -0.0022709400
  -0.0000233000   -0.0000020100   -0.0022694200
  -0.0000212100   -0.0000010800   -0.0022700800
  -0.0000218800   -0.0000010400   -0.0022702800
  -0.0000235400   -0.0000011100   -0.0022706100
  -0.0000224300   -0.0000014100   -0.0022702000
  -0.0000209500   -0.0000001500   -0.0022686300
  -0.0000232800   -0.0000005700   -0.0022690200
  -0.0000231700    0.0000001200   -0.0022702100
  -0.0000215700    0.0000005600   -0.0022699700
  -0.0000233300   -0.0000003300   -0.0004224800
  -0.0000218700   -0.0000012200   -0.0004211100
  -0.0000212700   -0.0000020900   -0.0004205800
  -0.0000222900   -0.0000007900   -0.0004217000
  -0.0000238300    0.0000005100   -0.0004217700
  -0.0000223500   -0.0000008100   -0.0004204400
  -0.0000206600   -0.0000009000   -0.0004211000
  -0.0000218500    0.0000001100   -0.0004221900
  -0.0000236200    0.0000001000   -0.0004215500
  -0.0000216700   -0.0000007500   -0.0004212000
  -0.0000207000   -0.0000009700   -0.0004217600
  -0.0000227600   -0.0000006800   -0.0004221600
  -0.0000234800   -0.0000000800   -0.0004215800
  -0.0000213400   -0.0000008700   -0.0004216900
  -0.0000210800   -0.0000019400   -0.0004215400
  -0.0000228800   -0.0000012900   -0.0004214200

17   
  0.0060822996926363   0.0000000000000000   0.0079376086102148
   0.0296789400    0.0124349700   -0.0041909000
   0.0608137200   -0.0305677100    0.0189293700
  -0.0003639700   -0.0000846800    0.0018270900
   0.0002388900   -0.0015306500    0.0022886000
   0.0080082400    0.0174229000    0.0072209600
  -0.0003615600   -0.0009121600    0.0020031200
  -0.0003276500    0.0000852200    0.0022784700
   0.0000037300    0.0006921000    0.0022866000
   0.0003482400    0.0001352600    0.0014032400
   0.0000488000   -0.0002158500    0.0023375700
  -0.0001009600    0.0001319500    0.0022192600
   0.0020499800    0.0001546700    0.0027140500
  -0.0005958000   -0.0000622800    0.0016336500
   0.0012107400    0.0002176000    0.0021443700
   0.0004966400    0.0013911200    0.0024831400
  -0.0008274200    0.0000008300    0.0025501900
  -0.1031336300    0.0008062000   -0.0167794900
   0.0019682100    0.0020499600    0.0020661800
   0.0003110600    0.0005817600   -0.0000346300
   0.0043677600    0.0009676900    0.0002081400
  -0.0009082800    0.0004054400    0.0026032100
   0.0005699100    0.0001375300    0.0004693200
   0.0006662900   -0.0001984900    0.0006675500
  -0.0023015100   -0.0040294500   -0.0003361600
  -0.0001650300    0.0002734900    0.0003569200
   0.0003266500    0.0000526100    0.0005686900
  -0.0011781700   -0.0008609700   -0.0004256000
   0.0003248200    0.0001463600    0.0005677000
   0.0003041200    0.0035823300    0.0016765000
  -0.0035180100   -0.0030079800    0.0005949500
   0.0007476200   -0.0002458400    0.0006024700
   0.0004876600    0.0000932700    0.0005327700
   0.0000240400   -0.0000018100   -0.0022766400
   0.0000254400   -0.0000005100   -0.0022831100
   0.0000255500   -0.0000002300   -0.0022832300
   0.0000252000   -0.0000007800   -0.0022823900
   0.0000258200   -0.0000014200   -0.0022825300
   0.0000268100   -0.0000012700   -0.0022824400
   0.0000247500   -0.0000016900   -0.0022830700
   0.0000240100   -0.0000025700   -0.0022826500
   0.0000263100   -0.0000021900   -0.0022825700
   0.0000253200   -0.0000023900   -0.0022829100
   0.0000237800   -0.0000024300   -0.0022836700
   0.0000256100   -0.0000023200   -0.0022830400
   0.0000257300   -0.0000011100   -0.0022821600
   0.0000240800   -0.0000018800   -0.0022828500
   0.0000256400   -0.0000007500   -0.0022833600
   0.0000259600   -0.0000001800   -0.0022825600
   0.0000240000   -0.0000008900   -0.0004357800
   0.0000266800   -0.0000016800   -0.0004336500
   0.0000268200   -0.0000027400   -0.0004338300
   0.0000239600   -0.0000018300   -0.0004357600
   0.0000239600   -0.0000003100   -0.0004341100
   0.0000257900   -0.0000016600   -0.0004332300
   0.0000264700   -0.0000025200   -0.0004334500
   0.0000253600   -0.0000009800   -0.0004345800
   0.0000246000   -0.0000005100   -0.0004343300
   0.0000253400   -0.0000024300   -0.0004335500
   0.0000267000   -0.0000018700   -0.0004333800
   0.0000249600   -0.0000009700   -0.0004340900
   0.0000229500   -0.0000006900   -0.0004356600
   0.0000264900   -0.0000015500   -0.0004340300
   0.0000270500   -0.0000020100   -0.0004335000
   0.0000247900   -0.0000010800   -0.0004352100

17   
 -0.0060822996926363   0.0000000000000000  -0.0079376086102148
  -0.0296971900   -0.0125728800    0.0086755900
  -0.0593786000    0.0295555500   -0.0147990300
   0.0003691800    0.0000949000    0.0023485500
  -0.0002387100    0.0015314700    0.0018827200
  -0.0080560300   -0.0176800900   -0.0032128500
   0.0003687500    0.0008955900    0.0021709800
   0.0003318100   -0.0000919700    0.0018979000
  -0.0000023900   -0.0006912800    0.0018920200
  -0.0003399200   -0.0001364300    0.0027679200
  -0.0000437700    0.0002173100    0.0018390600
   0.0001127900   -0.0001265200    0.0019573100
  -0.0020515400   -0.0001480700    0.0014650900
   0.0006068700    0.0000586300    0.0025344300
  -0.0011915600   -0.0002083200    0.0020316500
  -0.0005028400   -0.0014006800    0.0016985100
   0.0008254500    0.0000002700    0.0016278900
   0.1014209700    0.0008254900    0.0172536600
  -0.0019152300   -0.0020647100   -0.0007572600
  -0.0003011400   -0.0005964600    0.0013391100
  -0.0043826700   -0.0010009700    0.0011112900
   0.0008853600   -0.0003934800   -0.0013069900
  -0.0005629700   -0.0001439800    0.0008356400
  -0.0006510500    0.0001884200    0.0006361600
   0.0023261700    0.0040253700    0.0016536300
   0.0001626000   -0.0002694400    0.0009495300
  -0.0003197100   -0.0000548900    0.0007357500
   0.0011900600    0.0008584400    0.0017293000
  -0.0003182900   -0.0001534200    0.0007342900
  -0.0003376200   -0.0035792500   -0.0003702600
   0.0035421200    0.0029796100    0.0007205900
  -0.0007355600    0.0002393700    0.0006982000
  -0.0004777300   -0.0000936800    0.0007698800
  -0.0000206100   -0.0000025200   -0.0022867700
  -0.0000187800   -0.0000031900   -0.0022841400
  -0.0000195300   -0.0000021900   -0.0022841000
  -0.0000208900   -0.0000011300   -0.0022851400
  -0.0000203000   -0.0000016500   -0.0022844800
  -0.0000184200   -0.0000027800   -0.0022842300
  -0.0000194600   -0.0000018600   -0.0022845900
  -0.0000215100   -0.0000010800   -0.0022843200
  -0.0000200700   -0.0000016700   -0.0022847300
  -0.0000181800   -0.0000022300   -0.0022844200
  -0.0000198900   -0.0000020200   -0.0022836700
  -0.0000211900   -0.0000013700   -0.0022841700
  -0.0000192600   -0.0000016600   -0.0022851200
  -0.0000186200   -0.0000031800   -0.0022838100
  -0.0000202700   -0.0000020900   -0.0022834300
  -0.0000215900   -0.0000014900   -0.0022847100
  -0.0000184600   -0.0000009400   -0.0004341600
  -0.0000192000   -0.0000015000   -0.0004351800
  -0.0000211600   -0.0000014700   -0.0004350300
  -0.0000211200   -0.0000012300   -0.0004335100
  -0.0000197700   -0.0000011900   -0.0004352100
  -0.0000201200   -0.0000023200   -0.0004353600
  -0.0000205000   -0.0000017500   -0.0004352300
  -0.0000194100   -0.0000009400   -0.0004347500
  -0.0000202700   -0.0000036000   -0.0004350900
  -0.0000199600   -0.0000030600   -0.0004353600
  -0.0000194400   -0.0000019900   -0.0004360500
  -0.0000200200   -0.0000024700   -0.0004352800
  -0.0000201500   -0.0000029400   -0.0004333900
  -0.0000186400   -0.0000019500   -0.0004352800
  -0.0000197800   -0.0000020500   -0.0004355800
  -0.0000210400   -0.0000024100   -0.0004339600
