128  
16   

1    
  0.0060230414797497   0.0000000000000000   0.0079826669311211
  -0.0451599900   -0.0001549200   -0.1163449700
   0.0036219300    0.0002616500   -0.0159475200
   0.0009174200    0.0006090800   -0.0154033000
   0.0056397600    0.0037153900   -0.0174706700
   0.0005395500    0.0029134000   -0.0150257100
   0.0003656900    0.0000352600   -0.0148399700
   0.0007942100   -0.0002842900   -0.0151263000
  -0.0018880900   -0.0066645800   -0.0183852800
   0.0000807400    0.0004824600   -0.0150051900
   0.0003032900    0.0002467900   -0.0149831500
  -0.0009763200   -0.0010939000   -0.0158004100
   0.0003044000   -0.0002185800   -0.0149823500
   0.0015634700    0.0012246600   -0.0157883600
  -0.0029108000   -0.0014482900   -0.0176250200
   0.0003909300   -0.0000505500   -0.0148216800
   0.0007686400    0.0002674200   -0.0151443900
   0.0015610200   -0.0000038000    0.0438290800
   0.0008591500   -0.0004729900   -0.0147159000
   0.0002967200   -0.0003381800   -0.0156828800
  -0.0025756900   -0.0012302900   -0.0172594800
  -0.0000113800    0.0011196000   -0.0148027200
   0.0002764300    0.0002041000   -0.0154909000
  -0.0000382600   -0.0000239100   -0.0157514500
  -0.0002572200    0.0027041600   -0.0171758900
  -0.0001927000    0.0002820600   -0.0154815700
  -0.0000782100   -0.0001821400   -0.0156211000
   0.0003899800    0.0000534000   -0.0158843400
  -0.0000689400    0.0002317600   -0.0156183700
  -0.0017339500   -0.0011052700   -0.0160765100
   0.0014578200   -0.0010224400   -0.0159057600
   0.0003237700   -0.0002276300   -0.0155050300
  -0.0000786000   -0.0000065500   -0.0157311100
  -0.0000044700   -0.0000074100    0.0125946300
   0.0000176700    0.0000034500    0.0126694300
  -0.0000063200    0.0000063600    0.0127337400
   0.0000156900    0.0000505900    0.0127197300
   0.0000224100   -0.0000036600    0.0126497400
   0.0000147200   -0.0000026000    0.0126890000
  -0.0000032400    0.0000216200    0.0127242200
  -0.0000132000   -0.0000447500    0.0125778900
   0.0000062800   -0.0000020300    0.0126641900
  -0.0000004000   -0.0000088600    0.0126678100
   0.0000073000   -0.0000008700    0.0126591100
   0.0000129200    0.0000261500    0.0126343200
   0.0000668800   -0.0000304200    0.0127120500
  -0.0000263800    0.0000127900    0.0125942000
  -0.0000028900   -0.0000128500    0.0127075400
  -0.0000225100   -0.0000230700    0.0127269500
   0.0000754300    0.0000532700    0.0234604300
   0.0001218000    0.0000017600    0.0235339200
   0.0000632100   -0.0000484600    0.0235833200
  -0.0002407500   -0.0001972200    0.0235130400
   0.0000351100    0.0000491200    0.0235260900
   0.0000303900   -0.0000536900    0.0235418600
  -0.0000387000   -0.0001639000    0.0235173400
   0.0000006600    0.0001970000    0.0235864900
  -0.0000189400   -0.0000078900    0.0235220600
  -0.0000158800   -0.0000822400    0.0235376800
   0.0000691400   -0.0000009100    0.0235238000
  -0.0000260600    0.0000289600    0.0235662600
  -0.0003343500    0.0000530200    0.0234607800
   0.0002092200   -0.0000533900    0.0235725400
   0.0001595400    0.0000680700    0.0235315800
   0.0000051200    0.0001409000    0.0235657500
  -0.0011441300   -0.0026195300   -0.0108201600
  -0.0002971000   -0.0003534700   -0.0146891900
  -0.0017100700   -0.0004040000   -0.0143018700
   0.0333744600   -0.0172609100    0.0164780700
  -0.0003183300   -0.0003536100   -0.0150552700
  -0.0003694300   -0.0000013900   -0.0150547400
  -0.0003709600    0.0019514900   -0.0139370500
   0.0007029300    0.0002935300   -0.0146543800
  -0.0003777600   -0.0004063500   -0.0148614700
   0.0009821500   -0.0004425400   -0.0141315900
   0.0000548200    0.0001804400   -0.0151183400
  -0.0000649300   -0.0001137000   -0.0149754300
   0.0034356100    0.0201515500    0.0029853900
  -0.0000482500    0.0004335300   -0.0149941100
  -0.0002598800   -0.0000701500   -0.0150484600
  -0.0005637300   -0.0007313100   -0.0143162500
  -0.0015724200   -0.0007769300   -0.0265590500
  -0.0006615500   -0.0000878600   -0.0264716600
  -0.0000866000    0.0003022900   -0.0256293700
   0.0046511400   -0.0028161700   -0.0296954900
  -0.0003204800   -0.0004131400   -0.0265041600
  -0.0001935600   -0.0000012300   -0.0262067000
  -0.0002206800   -0.0001946400   -0.0255969700
   0.0007233100   -0.0002972400   -0.0259090200
   0.0001787800    0.0000604900   -0.0260835600
  -0.0002962700    0.0003256600   -0.0260170500
   0.0000299900    0.0000973200   -0.0261820900
   0.0001010200   -0.0001403700   -0.0262749600
  -0.0002267300    0.0035943800   -0.0281317000
  -0.0001673100    0.0005139500   -0.0262623400
  -0.0001404600    0.0000400400   -0.0262274700
   0.0003444000   -0.0002187700   -0.0255535100
   0.0000261500   -0.0000009100    0.0135170700
   0.0000342600    0.0000350700    0.0135088100
  -0.0000426100   -0.0000103600    0.0135353600
  -0.0000000800   -0.0000106400    0.0134897100
   0.0000592600    0.0000163500    0.0135140700
  -0.0000310100   -0.0000074200    0.0135473600
  -0.0000274500    0.0000027300    0.0135037600
   0.0000193400   -0.0000022300    0.0134876800
  -0.0000208100   -0.0000136000    0.0135710100
  -0.0000204300    0.0000013800    0.0135251300
  -0.0000044000    0.0000210800    0.0134999100
   0.0000650700   -0.0000020400    0.0135362200
   0.0000034200   -0.0000349200    0.0135024200
  -0.0000027500   -0.0000100600    0.0134984300
   0.0000096800    0.0000311200    0.0135471200
   0.0000116200   -0.0000320200    0.0135238600
   0.0001266200   -0.0000007500    0.0221713100
  -0.0000440900    0.0000681000    0.0222825500
  -0.0000685300   -0.0000092900    0.0222349600
  -0.0000245700   -0.0000108500    0.0222180200
   0.0000761400   -0.0001028600    0.0222832900
  -0.0000371100   -0.0000132300    0.0222523500
  -0.0000450900    0.0000153500    0.0222110500
   0.0000348600    0.0000536700    0.0222172000
  -0.0000043400   -0.0000379000    0.0222445800
  -0.0000163600   -0.0000054900    0.0222328300
   0.0000098700    0.0000442600    0.0222238200
   0.0000307000   -0.0000050900    0.0222394000
   0.0000744800   -0.0000263200    0.0222526300
   0.0000136600    0.0000116500    0.0222489700
  -0.0000224000    0.0000298100    0.0222540400
  -0.0000152500   -0.0000276900    0.0222257600

1    
 -0.0060230414797497   0.0000000000000000  -0.0079826669311211
   0.0469932200    0.0003427900    0.0849768400
  -0.0036183800   -0.0002716900   -0.0132620300
  -0.0009181200   -0.0006140600   -0.0137910100
  -0.0056728200   -0.0037381800   -0.0117148900
  -0.0005408500   -0.0029315500   -0.0141789800
  -0.0003684700   -0.0000397300   -0.0143549200
  -0.0007969600    0.0002775000   -0.0140676900
   0.0019052000    0.0066885200   -0.0107909500
  -0.0000767900   -0.0004903900   -0.0141899700
  -0.0003078600   -0.0002520600   -0.0142113000
   0.0009778300    0.0010900500   -0.0133910400
  -0.0003067300    0.0002155900   -0.0142104000
  -0.0015531400   -0.0012265700   -0.0134062900
   0.0029188300    0.0014578100   -0.0115658000
  -0.0003922800    0.0000448200   -0.0143735400
  -0.0007734700   -0.0002740600   -0.0140486200
  -0.0018254300   -0.0000078400   -0.0730915800
  -0.0008633700    0.0004690400   -0.0158459100
  -0.0002982900    0.0003319900   -0.0148934100
   0.0025891600    0.0012293200   -0.0133117600
   0.0000117400   -0.0011295900   -0.0157684900
  -0.0002778100   -0.0002090900   -0.0150851000
   0.0000364400    0.0000181000   -0.0148246400
   0.0002567200   -0.0027241600   -0.0133922500
   0.0001931100   -0.0002882300   -0.0150959900
   0.0000762500    0.0001769500   -0.0149547800
  -0.0003919000   -0.0000585000   -0.0146909500
   0.0000687700   -0.0002368900   -0.0149568300
   0.0017396700    0.0011044500   -0.0145034500
  -0.0014650600    0.0010196300   -0.0146610200
  -0.0003244200    0.0002221200   -0.0150700400
   0.0000780400    0.0000003800   -0.0148430700
   0.0000038400    0.0000012100    0.0126352400
  -0.0000185400   -0.0000095400    0.0125605100
   0.0000053800   -0.0000122300    0.0124959300
  -0.0000167200   -0.0000573200    0.0125092100
  -0.0000235000   -0.0000020700    0.0125800400
  -0.0000156300   -0.0000032400    0.0125409700
   0.0000022300   -0.0000273000    0.0125056100
   0.0000125000    0.0000391200    0.0126521800
  -0.0000072700   -0.0000040300    0.0125656100
  -0.0000003700    0.0000026800    0.0125623700
  -0.0000080800   -0.0000048900    0.0125709000
  -0.0000140900   -0.0000323700    0.0125955100
  -0.0000683900    0.0000249100    0.0125158900
   0.0000255100   -0.0000187300    0.0126352700
   0.0000016700    0.0000066900    0.0125222500
   0.0000222100    0.0000174100    0.0125020500
  -0.0000755900   -0.0000594400    0.0235048900
  -0.0001225700   -0.0000075700    0.0234315200
  -0.0000642600    0.0000426100    0.0233828300
   0.0002391600    0.0001938600    0.0234522000
  -0.0000361000   -0.0000548700    0.0234396800
  -0.0000316000    0.0000475700    0.0234234000
   0.0000381100    0.0001579600    0.0234478500
  -0.0000014500   -0.0002016500    0.0233785800
   0.0000182900    0.0000017400    0.0234440300
   0.0000149100    0.0000765300    0.0234274400
  -0.0000700300   -0.0000049200    0.0234416900
   0.0000248500   -0.0000350500    0.0233990300
   0.0003360000   -0.0000609600    0.0235057300
  -0.0002096300    0.0000470500    0.0233930300
  -0.0001603000   -0.0000743300    0.0234336200
  -0.0000088300   -0.0001482400    0.0233992300
   0.0009508600    0.0025187300   -0.0198197800
   0.0002973900    0.0003464300   -0.0160851600
   0.0017084900    0.0003988000   -0.0164755200
  -0.0347331000    0.0181273800   -0.0480097300
   0.0003191000    0.0003513900   -0.0157188000
   0.0003699800   -0.0000053700   -0.0157212700
   0.0003701300   -0.0019627600   -0.0168433700
  -0.0007073300   -0.0003053000   -0.0161231800
   0.0003748500    0.0003951900   -0.0159134300
  -0.0009858500    0.0004383700   -0.0166492200
  -0.0000557700   -0.0001869000   -0.0156568300
   0.0000631500    0.0001078700   -0.0158009500
  -0.0033728300   -0.0203755100   -0.0337562600
   0.0000485300   -0.0004405300   -0.0157817700
   0.0002588700    0.0000636800   -0.0157303500
   0.0005632800    0.0007295600   -0.0164661600
   0.0016179300    0.0007993500   -0.0264530600
   0.0006597000    0.0000807200   -0.0265996100
   0.0000871500   -0.0003089300   -0.0274433800
  -0.0046736500    0.0028251800   -0.0233500300
   0.0003195700    0.0004071200   -0.0265652400
   0.0001935400   -0.0000052500   -0.0268606400
   0.0002220300    0.0001882000   -0.0274784900
  -0.0007266200    0.0002898200   -0.0271634900
  -0.0001789600   -0.0000676500   -0.0269876500
   0.0002962400   -0.0003305900   -0.0270550900
  -0.0000311000   -0.0001033800   -0.0268883200
  -0.0001030000    0.0001349200   -0.0267954800
   0.0002264800   -0.0036352700   -0.0249061200
   0.0001661700   -0.0005196800   -0.0268078000
   0.0001391700   -0.0000464600   -0.0268407800
  -0.0003458200    0.0002158400   -0.0275168500
  -0.0000270100   -0.0000050100    0.0135212500
  -0.0000355100   -0.0000415500    0.0135308500
   0.0000416000    0.0000047300    0.0135063400
  -0.0000010600    0.0000042500    0.0135533300
  -0.0000608600   -0.0000225700    0.0135329000
   0.0000304000    0.0000013300    0.0134965100
   0.0000259400   -0.0000094300    0.0135396100
  -0.0000200000   -0.0000040200    0.0135542200
   0.0000200400    0.0000074000    0.0134708100
   0.0000188200   -0.0000072700    0.0135180300
   0.0000033600   -0.0000271000    0.0135424600
  -0.0000662000   -0.0000040400    0.0135080500
  -0.0000044900    0.0000291100    0.0135422400
   0.0000014500    0.0000043400    0.0135439700
  -0.0000107700   -0.0000368600    0.0134972000
  -0.0000123900    0.0000259000    0.0135180400
  -0.0001277200   -0.0000048500    0.0222933600
   0.0000417900   -0.0000738100    0.0221802300
   0.0000674200    0.0000032100    0.0222295100
   0.0000239400    0.0000049700    0.0222427600
  -0.0000776200    0.0000948400    0.0221764600
   0.0000360000    0.0000067700    0.0222088000
   0.0000440200   -0.0000219800    0.0222501100
  -0.0000354800   -0.0000606600    0.0222458900
   0.0000035700    0.0000319700    0.0222211100
   0.0000151000   -0.0000003200    0.0222303200
  -0.0000108100   -0.0000502700    0.0222364900
  -0.0000320700   -0.0000008300    0.0222215900
  -0.0000751800    0.0000207400    0.0222092800
  -0.0000151400   -0.0000168200    0.0222146100
   0.0000214800   -0.0000358100    0.0222087000
   0.0000142400    0.0000215900    0.0222344100

17   
  0.0060230414797497   0.0000000000000000   0.0079826669311211
   0.0018043200   -0.0000046700    0.0431985400
  -0.0025637200    0.0012217000   -0.0166301100
   0.0002840900    0.0003072600   -0.0150183200
   0.0008105300    0.0004694300   -0.0140358300
  -0.0002605100   -0.0026853500   -0.0165394800
  -0.0000405700    0.0000221500   -0.0151061200
   0.0002599200   -0.0001987100   -0.0148026500
  -0.0000427700   -0.0010872100   -0.0141234200
   0.0003535900   -0.0000414900   -0.0152389100
  -0.0000815000    0.0001720800   -0.0149544200
  -0.0001830500   -0.0002710100   -0.0147976500
  -0.0000912800   -0.0002012000   -0.0149574000
   0.0014290400    0.0009946600   -0.0152403200
  -0.0017247800    0.0010748500   -0.0154188600
  -0.0000668400   -0.0000158400   -0.0150764600
   0.0002791200    0.0002120900   -0.0148388900
  -0.0453999400   -0.0000605600   -0.1132298500
   0.0057287500   -0.0037885200   -0.0182000200
   0.0009964800   -0.0006049400   -0.0161286400
   0.0036173000   -0.0002631000   -0.0166113900
  -0.0019672900    0.0068062100   -0.0191287300
   0.0008261800    0.0003048700   -0.0158546400
   0.0003912000   -0.0000571300   -0.0155570000
   0.0004915800   -0.0029695800   -0.0156896500
  -0.0009926800    0.0011470900   -0.0165249300
   0.0002953600   -0.0002524300   -0.0157058100
   0.0000516200   -0.0005467800   -0.0157334200
   0.0002939800    0.0002273200   -0.0157067500
  -0.0030099900    0.0014668200   -0.0183334900
   0.0015321100   -0.0012545800   -0.0164827100
   0.0008068800   -0.0002974700   -0.0158708600
   0.0004111600    0.0000662500   -0.0155412400
   0.0000002400    0.0000083000    0.0126532400
   0.0000153800   -0.0000106200    0.0126180200
   0.0000028400   -0.0000136200    0.0126338000
  -0.0000513400    0.0000050400    0.0126808600
  -0.0000112400    0.0000136400    0.0126130400
   0.0000040300   -0.0000082600    0.0126229000
  -0.0000110800   -0.0000101200    0.0126382500
  -0.0000137700    0.0000480000    0.0126612900
  -0.0000176600   -0.0000002300    0.0126434900
   0.0000104200   -0.0000215300    0.0126507900
   0.0000008600   -0.0000017200    0.0126153100
  -0.0000267000   -0.0000003800    0.0126486700
  -0.0000327600   -0.0000124500    0.0126836600
   0.0000411300   -0.0000262700    0.0126619200
   0.0000068500   -0.0000003800    0.0126372000
  -0.0000447500    0.0000019500    0.0126775200
  -0.0000853200   -0.0000361900    0.0235654200
   0.0000147700    0.0000071300    0.0235085500
   0.0000199300   -0.0000282700    0.0235206400
   0.0000198000   -0.0000584100    0.0235315800
   0.0000032400    0.0000049100    0.0235149300
  -0.0000121800   -0.0000173000    0.0235022400
  -0.0000174100   -0.0000716200    0.0234891200
  -0.0000071100   -0.0001378000    0.0234909300
  -0.0000259700    0.0000589700    0.0235431700
  -0.0000936300    0.0000340700    0.0234838400
  -0.0000010200   -0.0000017600    0.0235179400
   0.0000898400    0.0000563900    0.0234963000
  -0.0000431800    0.0000345700    0.0235401700
  -0.0001127300    0.0000672600    0.0234850100
   0.0000605100    0.0000409400    0.0234953500
   0.0000547900    0.0000183800    0.0235233000
   0.0046788600    0.0028364500   -0.0186116000
  -0.0001408200   -0.0003036800   -0.0145114100
  -0.0006735100    0.0000788600   -0.0153602600
  -0.0016101800    0.0007928700   -0.0155173000
  -0.0002539400    0.0001674800   -0.0144732400
  -0.0002252100   -0.0000021500   -0.0150911600
  -0.0003290000    0.0004010300   -0.0153983800
   0.0007395700    0.0002724700   -0.0147804500
  -0.0003115800   -0.0003156800   -0.0148979100
   0.0001466200   -0.0000405000   -0.0149756000
   0.0000930600    0.0001434300   -0.0151566000
   0.0000338900   -0.0001131400   -0.0150566000
  -0.0002353800   -0.0036303300   -0.0170617300
   0.0003152500    0.0002443000   -0.0144230900
  -0.0001588000   -0.0000357800   -0.0151084000
  -0.0001611700   -0.0005205800   -0.0151408100
   0.0347782800    0.0181407000    0.0062733300
  -0.0017645500    0.0003961300   -0.0254716500
  -0.0003501600    0.0003447500   -0.0258775400
  -0.0009293600    0.0025259000   -0.0220962000
  -0.0003914900   -0.0019843000   -0.0250974600
  -0.0004123700   -0.0000021100   -0.0262173300
  -0.0003293700    0.0003820100   -0.0262506000
   0.0007299600   -0.0003241900   -0.0258192300
   0.0009701800    0.0004250400   -0.0253015000
  -0.0003830900    0.0004234700   -0.0260473000
  -0.0000768900    0.0001228000   -0.0261407000
   0.0000452200   -0.0001970700   -0.0262864400
   0.0034021500   -0.0203890200   -0.0080694400
  -0.0005919300    0.0007619000   -0.0254698200
  -0.0002929500    0.0000685900   -0.0262126200
  -0.0000390000   -0.0004449500   -0.0261681200
   0.0000093800   -0.0000017800    0.0134659300
   0.0000018400    0.0000079100    0.0134805200
  -0.0000143500    0.0000162600    0.0134918800
  -0.0000283500    0.0000006500    0.0134990700
   0.0000126700    0.0000008800    0.0134893100
  -0.0000034300    0.0000052000    0.0135001600
  -0.0000289100    0.0000052200    0.0135165300
  -0.0000129400    0.0000151300    0.0134936900
   0.0000127500   -0.0000175100    0.0134861400
  -0.0000161900   -0.0000162400    0.0135080400
  -0.0000184300   -0.0000041700    0.0134978700
  -0.0000107400    0.0000096000    0.0134935300
  -0.0000057400   -0.0000239300    0.0134965600
  -0.0000016400   -0.0000120000    0.0134854000
  -0.0000026700   -0.0000063300    0.0134855000
  -0.0000223700   -0.0000087000    0.0135005400
  -0.0000033300   -0.0000017800    0.0222085200
   0.0000600300   -0.0000361800    0.0221781200
  -0.0000237300   -0.0000064000    0.0222136300
  -0.0000470900   -0.0000171900    0.0222008800
   0.0000042800    0.0000735700    0.0221729900
  -0.0000061600    0.0000014500    0.0222091700
  -0.0000300000    0.0000081200    0.0222115800
  -0.0000060200    0.0000399600    0.0222053200
  -0.0000116600   -0.0000086300    0.0222105700
  -0.0000123300   -0.0000154500    0.0222115300
  -0.0000038900    0.0000096300    0.0222155000
  -0.0000049000    0.0000233700    0.0222132700
  -0.0000519800   -0.0000425600    0.0221859900
   0.0000447300   -0.0000288500    0.0221938900
   0.0000086600   -0.0000095200    0.0222105700
  -0.0000348400   -0.0000192400    0.0222159300

17   
 -0.0060230414797497   0.0000000000000000  -0.0079826669311211
  -0.0015641600   -0.0000010100   -0.0736758200
   0.0025362900   -0.0012161800   -0.0125625600
  -0.0002972600   -0.0003075000   -0.0141685600
  -0.0008203200   -0.0004671800   -0.0151649900
   0.0002468300    0.0026719100   -0.0126565700
   0.0000276400   -0.0000218600   -0.0140812900
  -0.0002728300    0.0001998100   -0.0143839600
   0.0000280500    0.0010831600   -0.0150677300
  -0.0003664800    0.0000423600   -0.0139488600
   0.0000695000   -0.0001711000   -0.0142326900
   0.0001681600    0.0002711700   -0.0143882400
   0.0000770400    0.0002021700   -0.0142306700
  -0.0014361700   -0.0009908600   -0.0139558400
   0.0017042500   -0.0010701600   -0.0137648600
   0.0000531600    0.0000158000   -0.0141126800
  -0.0002930100   -0.0002116500   -0.0143491600
   0.0454222000   -0.0005314800    0.0812450900
  -0.0057089800    0.0037714900   -0.0123776500
  -0.0010105300    0.0006062500   -0.0144408400
  -0.0036349600    0.0002582700   -0.0139436200
   0.0019359700   -0.0067750500   -0.0114579300
  -0.0008374700   -0.0003054300   -0.0147146900
  -0.0004032500    0.0000588700   -0.0150122700
  -0.0005045100    0.0029574900   -0.0148704800
   0.0009766900   -0.0011448600   -0.0140476800
  -0.0003047300    0.0002532100   -0.0148634700
  -0.0000703500    0.0005452900   -0.0148350600
  -0.0003060800   -0.0002237300   -0.0148642700
   0.0029864800   -0.0014505800   -0.0122398700
  -0.0015564600    0.0012580600   -0.0140862400
  -0.0008162100    0.0002969300   -0.0146998500
  -0.0004241400   -0.0000658600   -0.0150273400
  -0.0000134900   -0.0000084400    0.0125837700
  -0.0000289500    0.0000107100    0.0126187700
  -0.0000164400    0.0000138900    0.0126030300
   0.0000375400   -0.0000049600    0.0125561800
  -0.0000025200   -0.0000132200    0.0126235900
  -0.0000176700    0.0000085400    0.0126139300
  -0.0000025700    0.0000106100    0.0125986700
   0.0000003800   -0.0000472600    0.0125760300
   0.0000041100    0.0000003500    0.0125933600
  -0.0000239500    0.0000215500    0.0125864200
  -0.0000143500    0.0000020600    0.0126215900
   0.0000128200    0.0000002100    0.0125881600
   0.0000192900    0.0000125700    0.0125525700
  -0.0000546400    0.0000264300    0.0125746800
  -0.0000207500    0.0000003700    0.0125995400
   0.0000311800   -0.0000017900    0.0125593000
   0.0000716500    0.0000360200    0.0234069400
  -0.0000281000   -0.0000069300    0.0234638500
  -0.0000331900    0.0000283900    0.0234522100
  -0.0000337700    0.0000582000    0.0234410800
  -0.0000168800   -0.0000044700    0.0234576500
  -0.0000014000    0.0000173900    0.0234700500
   0.0000037900    0.0000710800    0.0234831400
  -0.0000064200    0.0001378300    0.0234811300
   0.0000124400   -0.0000585500    0.0234297000
   0.0000795600   -0.0000336700    0.0234883600
  -0.0000126000    0.0000020100    0.0234546600
  -0.0001029900   -0.0000560200    0.0234760400
   0.0000291700   -0.0000343800    0.0234330100
   0.0000988300   -0.0000669600    0.0234876100
  -0.0000735000   -0.0000404900    0.0234770000
  -0.0000682700   -0.0000179800    0.0234493600
  -0.0046706100   -0.0028213300   -0.0121809000
   0.0001248600    0.0003032000   -0.0162570300
   0.0006613500   -0.0000800700   -0.0154060200
   0.0015500200   -0.0007643100   -0.0153078400
   0.0002376900   -0.0001690000   -0.0162937300
   0.0002108200    0.0000016000   -0.0156787000
   0.0003156300   -0.0004011100   -0.0153692600
  -0.0007501400   -0.0002734400   -0.0159843400
   0.0002973900    0.0003169300   -0.0158687000
  -0.0001604500    0.0000399500   -0.0157966100
  -0.0001056100   -0.0001428500   -0.0156126100
  -0.0000477500    0.0001130300   -0.0157117700
   0.0002212200    0.0035958900   -0.0137416700
  -0.0003279200   -0.0002406700   -0.0163436900
   0.0001448200    0.0000355600   -0.0156638800
   0.0001476200    0.0005215500   -0.0156281900
  -0.0334317500   -0.0172653200   -0.0585774400
   0.0017517800   -0.0003951000   -0.0275867500
   0.0003349700   -0.0003459500   -0.0271878400
   0.0011106500   -0.0026213200   -0.0311149700
   0.0003777900    0.0019791900   -0.0279573900
   0.0003973200    0.0000016900   -0.0268428300
   0.0003142000   -0.0003772500   -0.0268161600
  -0.0007399000    0.0003178000   -0.0272385000
  -0.0009805300   -0.0004231800   -0.0277593200
   0.0003717200   -0.0004280600   -0.0270151100
   0.0000636200   -0.0001223500   -0.0269206000
  -0.0000588200    0.0001969300   -0.0267766600
  -0.0034805700    0.0201683900   -0.0450027300
   0.0005771800   -0.0007579600   -0.0275849800
   0.0002787700   -0.0000689100   -0.0268478600
   0.0000246300    0.0004440600   -0.0268916400
  -0.0000229900    0.0000020000    0.0135774800
  -0.0000153600   -0.0000079800    0.0135649900
   0.0000007200   -0.0000156700    0.0135563300
   0.0000142900   -0.0000007100    0.0135496000
  -0.0000265700   -0.0000008000    0.0135635200
  -0.0000097400   -0.0000050800    0.0135500000
   0.0000145700   -0.0000056700    0.0135333700
  -0.0000007200   -0.0000150900    0.0135540300
  -0.0000260700    0.0000174500    0.0135620200
   0.0000018900    0.0000163200    0.0135415000
   0.0000046400    0.0000042400    0.0135511100
  -0.0000030900   -0.0000095100    0.0135568200
  -0.0000079800    0.0000239200    0.0135538700
  -0.0000123500    0.0000119700    0.0135627200
  -0.0000110500    0.0000066900    0.0135650100
   0.0000089500    0.0000087400    0.0135477800
  -0.0000100000    0.0000020400    0.0222640200
  -0.0000739500    0.0000362400    0.0222912700
   0.0000100500    0.0000065000    0.0222581200
   0.0000329900    0.0000172800    0.0222666900
  -0.0000181900   -0.0000739800    0.0222931700
  -0.0000075500   -0.0000016600    0.0222592900
   0.0000160700   -0.0000086200    0.0222571300
  -0.0000074600   -0.0000400000    0.0222646500
  -0.0000016400    0.0000088900    0.0222626700
  -0.0000017800    0.0000157300    0.0222590500
  -0.0000096600   -0.0000094200    0.0222524200
  -0.0000091000   -0.0000229700    0.0222553500
   0.0000379300    0.0000424400    0.0222826300
  -0.0000584300    0.0000294000    0.0222768300
  -0.0000221800    0.0000096500    0.0222598800
   0.0000211200    0.0000192900    0.0222516500

33   
  0.0060230414797497   0.0000000000000000   0.0079826669311211
  -0.0001106900   -0.0000565500   -0.0145927900
   0.0000029200   -0.0000074400   -0.0145377200
   0.0000735700   -0.0000429400   -0.0145940500
   0.0000046500   -0.0000266100   -0.0145882600
  -0.0000001200    0.0000053100   -0.0145037000
   0.0000187800    0.0000126500   -0.0145715400
   0.0000470500   -0.0000354200   -0.0145974500
  -0.0001025400   -0.0000946600   -0.0146153600
  -0.0000066900    0.0001099800   -0.0145931800
  -0.0000284500    0.0000777000   -0.0146015100
  -0.0000060300    0.0000036600   -0.0145986000
   0.0000153500    0.0001275000   -0.0146116300
  -0.0000205400    0.0000180900   -0.0145853300
  -0.0001180600   -0.0000181500   -0.0146106600
   0.0000755300   -0.0000359100   -0.0146030100
   0.0000315000    0.0000190700   -0.0145913900
   0.0000142400    0.0000218900   -0.0152804600
  -0.0000511000    0.0000083000   -0.0152419900
  -0.0000111200   -0.0000002500   -0.0152784100
   0.0000155100   -0.0000041000   -0.0153049000
  -0.0000344800   -0.0000061200   -0.0152374900
  -0.0000427900    0.0000082400   -0.0152466800
   0.0000077000    0.0000035800   -0.0152862300
   0.0000404200    0.0000193800   -0.0152604900
  -0.0000175200   -0.0000110300   -0.0152797100
  -0.0000090600    0.0000169700   -0.0152871700
   0.0000007700    0.0000036200   -0.0153076000
  -0.0000067700   -0.0000460900   -0.0152592900
  -0.0000100600    0.0000182700   -0.0153106600
   0.0000028200    0.0000216000   -0.0152742100
  -0.0000274200    0.0000056500   -0.0152718500
   0.0000029800   -0.0000036400   -0.0152989700
  -0.0437039100   -0.0007218500   -0.0836440000
   0.0036204700    0.0002594800    0.0112549000
   0.0009950600    0.0006056800    0.0117591700
   0.0056906700    0.0037712300    0.0096916900
   0.0004904900    0.0029592000    0.0121814100
   0.0003898200    0.0000605100    0.0123263000
   0.0008227400   -0.0003031500    0.0120309000
  -0.0019498000   -0.0067691600    0.0087721100
   0.0000547400    0.0005468000    0.0121517500
   0.0002913100    0.0002538300    0.0121787600
  -0.0009884800   -0.0011412000    0.0113672600
   0.0002926100   -0.0002209300    0.0121793000
   0.0015408000    0.0012579000    0.0113984400
  -0.0029987300   -0.0014494000    0.0095523700
   0.0004113400   -0.0000647700    0.0123419500
   0.0008010600    0.0002973400    0.0120158800
   0.0015601300    0.0000003700    0.0825509500
   0.0008023400   -0.0004642300    0.0240410800
   0.0002857000   -0.0003047800    0.0230395300
  -0.0025512400   -0.0012132500    0.0214375500
  -0.0000422800    0.0010803800    0.0239456100
   0.0002576500    0.0002003600    0.0232567100
  -0.0000387400   -0.0000218800    0.0229548400
  -0.0002617100    0.0026736300    0.0215300400
  -0.0001800700    0.0002727900    0.0232602800
  -0.0000830500   -0.0001672400    0.0231057900
   0.0003527600    0.0000426500    0.0228191700
  -0.0000916900    0.0002034900    0.0231039800
  -0.0017157900   -0.0010683700    0.0226420400
   0.0014205300   -0.0009881500    0.0228300700
   0.0002789800   -0.0002105500    0.0232227900
  -0.0000668600    0.0000178700    0.0229849600
   0.0000056600    0.0000109200   -0.0154427800
  -0.0000167400    0.0000087800   -0.0154403000
  -0.0000338500    0.0000213800   -0.0154214000
   0.0000119400    0.0000210600   -0.0154266800
  -0.0000074600   -0.0000094400   -0.0154417600
  -0.0000343100   -0.0000134500   -0.0154424600
  -0.0000217500    0.0000064600   -0.0154301300
   0.0000533400   -0.0000300500   -0.0154874800
   0.0000027700   -0.0000234900   -0.0154162100
  -0.0000125400   -0.0000017500   -0.0154270100
  -0.0000177300    0.0000057800   -0.0154353900
  -0.0000055000   -0.0000272000   -0.0154313700
   0.0000190300    0.0000051800   -0.0154192400
  -0.0000049800    0.0000542100   -0.0154653800
  -0.0000349800    0.0000236000   -0.0154306700
  -0.0000087000    0.0000037200   -0.0154198700
   0.0000161100    0.0000072300   -0.0265967900
  -0.0000113700    0.0000156500   -0.0265939300
  -0.0000282100    0.0000117000   -0.0265715600
  -0.0000085600    0.0000138600   -0.0265911500
   0.0000095300   -0.0000123700   -0.0265958400
  -0.0000271100   -0.0000107300   -0.0265706200
  -0.0000157900   -0.0000112800   -0.0265817700
   0.0000023700    0.0000006400   -0.0265861600
  -0.0000040200   -0.0000154400   -0.0265734600
  -0.0000217700    0.0000069100   -0.0265716300
   0.0000042700    0.0000152800   -0.0265894000
  -0.0000107600   -0.0000036900   -0.0265897600
   0.0000060800    0.0000000400   -0.0265831500
  -0.0000026300    0.0000204000   -0.0265781900
  -0.0000201400    0.0000141300   -0.0265791500
  -0.0000146500    0.0000035700   -0.0265599200
  -0.0005884700   -0.0007548800    0.0145572900
   0.0034669300    0.0201661600    0.0319745500
  -0.0000393900    0.0004464500    0.0138659400
  -0.0002924200   -0.0000677300    0.0138201900
   0.0334236000   -0.0172661800    0.0455639100
  -0.0011194500   -0.0026176600    0.0180868700
  -0.0003513300   -0.0003441200    0.0141605300
  -0.0017621400   -0.0003932100    0.0145605600
   0.0007265000    0.0003171800    0.0142120900
  -0.0003288500   -0.0003781800    0.0137883900
  -0.0004116600    0.0000032000    0.0138150600
  -0.0003902400    0.0019775600    0.0149321000
  -0.0000772500   -0.0001208800    0.0138929800
  -0.0003839500   -0.0004246100    0.0139882600
   0.0009653000   -0.0004193700    0.0147320800
   0.0000461200    0.0001985600    0.0137478300
   0.0003141400   -0.0002380400    0.0231745600
  -0.0002457300    0.0035730500    0.0205713600
  -0.0001571500    0.0005189600    0.0224580400
  -0.0001571900    0.0000378800    0.0224921800
   0.0046230400   -0.0028065700    0.0190105400
  -0.0015554700   -0.0007517700    0.0221359300
  -0.0006700800   -0.0000768600    0.0222382400
  -0.0001359100    0.0003017100    0.0230869500
   0.0007342900   -0.0002693600    0.0228163400
  -0.0003271100   -0.0003961900    0.0222011200
  -0.0002226300    0.0000032000    0.0225077300
  -0.0002494600   -0.0001682000    0.0231245300
   0.0000930000   -0.0001412400    0.0224431500
   0.0001448600    0.0000423800    0.0226261700
  -0.0003107200    0.0003163400    0.0227021900
   0.0000340400    0.0001136700    0.0225416900

33   
 -0.0060230414797497   0.0000000000000000  -0.0079826669311211
   0.0000873000    0.0000669300   -0.0146273000
  -0.0000265800    0.0000175800   -0.0146828300
  -0.0000980600    0.0000532000   -0.0146261100
  -0.0000285200    0.0000366300   -0.0146316700
  -0.0000233700    0.0000048400   -0.0147165800
  -0.0000423400   -0.0000024900   -0.0146489400
  -0.0000715600    0.0000461700   -0.0146219200
   0.0000788600    0.0001051700   -0.0146040100
  -0.0000171500   -0.0001002500   -0.0146264000
   0.0000052000   -0.0000682600   -0.0146182800
  -0.0000182200    0.0000067900   -0.0146211700
  -0.0000392600   -0.0001176100   -0.0146079300
  -0.0000034300   -0.0000078100   -0.0146346000
   0.0000947800    0.0000280300   -0.0146094700
  -0.0000998200    0.0000464500   -0.0146172600
  -0.0000555200   -0.0000088400   -0.0146290000
  -0.0000381100   -0.0000117100   -0.0153219000
   0.0000271900    0.0000015400   -0.0153602800
  -0.0000126300    0.0000101900   -0.0153238100
  -0.0000394200    0.0000138700   -0.0152975400
   0.0000104500    0.0000162700   -0.0153648000
   0.0000193300    0.0000020300   -0.0153558900
  -0.0000316800    0.0000065600   -0.0153165700
  -0.0000644600   -0.0000092300   -0.0153423900
  -0.0000062700    0.0000215000   -0.0153231600
  -0.0000144800   -0.0000066800   -0.0153153900
  -0.0000247500    0.0000067700   -0.0152949200
  -0.0000173000    0.0000565600   -0.0153432800
  -0.0000142200   -0.0000078800   -0.0152918700
  -0.0000265000   -0.0000117700   -0.0153282400
   0.0000038000    0.0000045100   -0.0153300200
  -0.0000269600    0.0000139800   -0.0153030100
   0.0484268500   -0.0011389000    0.1100414700
  -0.0036403000   -0.0002541300    0.0139347100
  -0.0010185100   -0.0005943400    0.0134451800
  -0.0057482200   -0.0037785800    0.0155212500
  -0.0005152700   -0.0029611400    0.0130126600
  -0.0004156200   -0.0000488400    0.0128774400
  -0.0008486600    0.0003124900    0.0131731700
   0.0019439500    0.0068105900    0.0164499100
  -0.0000736100   -0.0005385200    0.0130512300
  -0.0003192300   -0.0002430400    0.0130255100
   0.0009671500    0.0011534800    0.0138397700
  -0.0003181700    0.0002340800    0.0130261500
  -0.0015538400   -0.0012442100    0.0138047200
   0.0029843600    0.0014756300    0.0156554500
  -0.0004359600    0.0000749500    0.0128616100
  -0.0008289100   -0.0002879700    0.0131898300
  -0.0018369400    0.0000031900   -0.0343433800
  -0.0008298200    0.0004765800    0.0229117400
  -0.0003101500    0.0003147400    0.0238991400
   0.0025410900    0.0012284100    0.0255067700
   0.0000194000   -0.0010744100    0.0229981500
  -0.0002822400   -0.0001895400    0.0236821000
   0.0000142700    0.0000319600    0.0239844000
   0.0002383400   -0.0026769700    0.0254175300
   0.0001574000   -0.0002628900    0.0236778300
   0.0000578200    0.0001782400    0.0238332300
  -0.0003774200   -0.0000317400    0.0241208700
   0.0000686300   -0.0001927900    0.0238362300
   0.0016987300    0.0010833400    0.0242938000
  -0.0014509800    0.0010018300    0.0241182600
  -0.0003027000    0.0002210000    0.0237166900
   0.0000433400   -0.0000079600    0.0239556300
  -0.0000291300   -0.0000005800   -0.0153589300
  -0.0000075500    0.0000012100   -0.0153630300
   0.0000102500   -0.0000116600   -0.0153797700
  -0.0000359100   -0.0000114100   -0.0153757200
  -0.0000169100    0.0000190300   -0.0153610700
   0.0000103300    0.0000234500   -0.0153601100
  -0.0000019800    0.0000036700   -0.0153709100
  -0.0000767200    0.0000402400   -0.0153137400
  -0.0000264500    0.0000338000   -0.0153850200
  -0.0000113000    0.0000121400   -0.0153769200
  -0.0000061200    0.0000042200   -0.0153667100
  -0.0000186300    0.0000373700   -0.0153700400
  -0.0000431400    0.0000048200   -0.0153832700
  -0.0000188100   -0.0000435400   -0.0153372200
   0.0000109200   -0.0000135300   -0.0153743200
  -0.0000152000    0.0000068300   -0.0153835100
  -0.0000402100    0.0000025600   -0.0264966700
  -0.0000121900   -0.0000055100   -0.0265014600
   0.0000040600   -0.0000020300   -0.0265257000
  -0.0000149200   -0.0000039200   -0.0265062200
  -0.0000333100    0.0000228100   -0.0264995400
   0.0000034000    0.0000208700   -0.0265235200
  -0.0000077900    0.0000221600   -0.0265176700
  -0.0000262400    0.0000093700   -0.0265094500
  -0.0000195800    0.0000255900   -0.0265249100
  -0.0000020600    0.0000033600   -0.0265254100
  -0.0000285500   -0.0000051300   -0.0265070800
  -0.0000129400    0.0000139300   -0.0265075300
  -0.0000298500    0.0000099400   -0.0265152900
  -0.0000215200   -0.0000105400   -0.0265166400
  -0.0000039900   -0.0000040400   -0.0265158000
  -0.0000090000    0.0000067200   -0.0265343600
   0.0005653900    0.0007689500    0.0124490600
  -0.0034259400   -0.0203584700   -0.0049492500
   0.0000165600   -0.0004373700    0.0131499300
   0.0002683400    0.0000772000    0.0131960200
  -0.0347808900    0.0181396300   -0.0192853000
   0.0008956400    0.0025296500    0.0090774500
   0.0003280900    0.0003527300    0.0128594100
   0.0017376500    0.0004041200    0.0124526000
  -0.0007537500   -0.0003136100    0.0128002400
   0.0003061100    0.0003921800    0.0132308700
   0.0003893300    0.0000062600    0.0132014600
   0.0003662300   -0.0019730300    0.0120800900
   0.0000526400    0.0001310700    0.0131241800
   0.0003573800    0.0004296300    0.0130278500
  -0.0009922600    0.0004314200    0.0122831400
  -0.0000696900   -0.0001889300    0.0132686000
  -0.0003386700    0.0002511800    0.0212614500
   0.0002219500   -0.0035972900    0.0238975100
   0.0001331900   -0.0005085900    0.0219783600
   0.0001330000   -0.0000281200    0.0219418600
  -0.0046684900    0.0028309600    0.0254447900
   0.0015777300    0.0007902500    0.0223537900
   0.0006446700    0.0000852900    0.0221946400
   0.0001139500   -0.0002924100    0.0213474900
  -0.0007605600    0.0002782800    0.0216199400
   0.0003026800    0.0004060500    0.0222355400
   0.0001994400    0.0000063600    0.0219272600
   0.0002274100    0.0001772300    0.0213076200
  -0.0001184700    0.0001515600    0.0219914400
  -0.0001686200   -0.0000328900    0.0218119100
   0.0002877700   -0.0003052700    0.0217327100
  -0.0000578400   -0.0001037900    0.0218923800

49   
  0.0060230414797497   0.0000000000000000   0.0079826669311211
  -0.0000189900   -0.0000030500   -0.0145870600
  -0.0002475000   -0.0000886100   -0.0146000200
   0.0001444700   -0.0001053600   -0.0145960400
   0.0001151700   -0.0000193800   -0.0145789900
  -0.0002418100   -0.0000104800   -0.0147287500
  -0.0001001600    0.0000778000   -0.0144707200
   0.0001502500   -0.0000318700   -0.0145791100
   0.0002043100    0.0000931500   -0.0145418400
  -0.0000257400    0.0000876800   -0.0145912600
  -0.0000083000    0.0001296600   -0.0145643300
   0.0000624600   -0.0000068200   -0.0145890200
  -0.0000466100   -0.0002279800   -0.0145568900
   0.0000155500    0.0000506500   -0.0145771900
   0.0000202900    0.0000542400   -0.0145458600
  -0.0000719500   -0.0000589700   -0.0145758900
   0.0000368800   -0.0000520100   -0.0145809800
   0.0000036500    0.0000065100   -0.0152738100
   0.0000265400    0.0000056900   -0.0152457900
  -0.0000565800    0.0000142600   -0.0151944700
   0.0000212600    0.0000024500   -0.0152689500
   0.0000233100   -0.0000050700   -0.0152826800
   0.0000013300   -0.0000215100   -0.0152089200
  -0.0000127600    0.0000237500   -0.0152227000
  -0.0000267400   -0.0000267100   -0.0153528600
  -0.0000196200   -0.0000417000   -0.0152343600
   0.0000130200   -0.0000307400   -0.0152187600
   0.0000052600   -0.0000068500   -0.0152598100
  -0.0000037400    0.0000236400   -0.0153565700
   0.0000102200   -0.0000005900   -0.0152631900
  -0.0000045600   -0.0000108100   -0.0152837700
  -0.0000069900   -0.0000209100   -0.0152911600
  -0.0000062900   -0.0000227500   -0.0152745400
   0.0018175900   -0.0000101700    0.0704335000
  -0.0025999000    0.0012313300    0.0106087200
   0.0002928200    0.0003314300    0.0121846900
   0.0008537400    0.0004688100    0.0131409100
  -0.0002623200   -0.0027291500    0.0106894700
  -0.0000454400    0.0000161600    0.0121180100
   0.0002708100   -0.0002121800    0.0123785800
  -0.0000214200   -0.0011322300    0.0130631000
   0.0003861300   -0.0000604400    0.0119827000
  -0.0000850700    0.0001759900    0.0122484100
  -0.0002011100   -0.0002916600    0.0123864100
  -0.0000765600   -0.0002382200    0.0122500500
   0.0014591600    0.0010158500    0.0119571900
  -0.0017515000    0.0011025700    0.0117985900
  -0.0000845400   -0.0000024500    0.0121380100
   0.0003166600    0.0002199700    0.0123620700
  -0.0460167600    0.0005958600   -0.0733252800
   0.0056733800   -0.0037477600    0.0205593200
   0.0009000500   -0.0006144800    0.0226422100
   0.0036134400   -0.0002858900    0.0221105600
  -0.0019163800    0.0066926000    0.0196304200
   0.0007877300    0.0002736000    0.0229216700
   0.0003552000   -0.0000376900    0.0232036700
   0.0005441900   -0.0029250800    0.0230327800
  -0.0009852900    0.0010818400    0.0222435500
   0.0003018800   -0.0002563500    0.0230625900
   0.0000667700   -0.0004876500    0.0230403300
   0.0003009300    0.0002096900    0.0230619200
  -0.0029327500    0.0014617700    0.0204070900
   0.0015588900   -0.0012292900    0.0222583700
   0.0007589600   -0.0002711200    0.0228983300
   0.0003845600    0.0000416700    0.0232261800
   0.0001145500    0.0000028700   -0.0154388800
  -0.0000223400    0.0000621300   -0.0154940100
  -0.0000547800    0.0000113800   -0.0154392900
  -0.0000388500   -0.0000340200   -0.0154102400
   0.0000973600   -0.0000860600   -0.0154667100
  -0.0000127700   -0.0000164300   -0.0154306600
  -0.0000826300   -0.0000132200   -0.0154141800
  -0.0000630900    0.0000318100   -0.0153219400
   0.0000177600   -0.0000408000   -0.0154243700
  -0.0000356800   -0.0000340200   -0.0154298700
  -0.0000248000    0.0000264000   -0.0154007200
   0.0000326700    0.0000171000   -0.0154248200
  -0.0000050300   -0.0000346200   -0.0154100600
   0.0000037000   -0.0000360300   -0.0153763400
  -0.0000059000    0.0000386000   -0.0154414700
  -0.0000120800   -0.0000067400   -0.0154149700
   0.0000118000   -0.0000240600   -0.0265793600
   0.0000245100    0.0000027800   -0.0265781600
  -0.0000288700   -0.0000042300   -0.0266031300
  -0.0000134100   -0.0000459000   -0.0265385900
   0.0000413200    0.0000003700   -0.0265790800
  -0.0000059700   -0.0000062900   -0.0265885700
  -0.0000569400    0.0000009000   -0.0265551800
   0.0000123000   -0.0000182700   -0.0265634600
   0.0000115000   -0.0000204900   -0.0265968000
  -0.0000273100   -0.0000241200   -0.0265742700
  -0.0000405200    0.0000026900   -0.0265334800
   0.0000500600    0.0000114400   -0.0265455800
  -0.0000112600   -0.0000179700   -0.0265644600
  -0.0000072800    0.0000035100   -0.0265759800
   0.0000120900    0.0000349900   -0.0265765600
  -0.0000002600   -0.0000068700   -0.0265633700
  -0.0001744700   -0.0005218900    0.0137599300
  -0.0002323200   -0.0036403600    0.0118532000
   0.0003386900    0.0002136800    0.0144715300
  -0.0001468100   -0.0000483400    0.0137943100
  -0.0016242100    0.0007975300    0.0134118700
   0.0046733000    0.0028262300    0.0102949000
  -0.0000933700   -0.0003125900    0.0143966600
  -0.0006685200    0.0000784800    0.0135504600
   0.0007191400    0.0002883400    0.0141172500
  -0.0002301600    0.0001876400    0.0144296500
  -0.0002008600   -0.0000072900    0.0138150200
  -0.0003276100    0.0004067400    0.0135183600
   0.0000230800   -0.0001051600    0.0138422300
  -0.0003050400   -0.0003335800    0.0140058800
   0.0001735900   -0.0000706600    0.0139405400
   0.0000949100    0.0001322100    0.0137472000
  -0.0000472100   -0.0004371700    0.0226017000
   0.0033867500   -0.0203460000    0.0406128300
  -0.0005673700    0.0007246700    0.0232742800
  -0.0002644000    0.0000625500    0.0225420500
  -0.0009227200    0.0025073900    0.0266743000
   0.0347036600    0.0181020400    0.0548636900
  -0.0017124400    0.0003990700    0.0232890100
  -0.0002936600    0.0003507900    0.0228971800
   0.0006991300   -0.0003103300    0.0229388900
  -0.0003741700   -0.0019670300    0.0236623500
  -0.0003776700   -0.0000073100    0.0225319500
  -0.0003270600    0.0003408100    0.0225259200
   0.0000476800   -0.0001874900    0.0224712600
   0.0009876200    0.0004400400    0.0234658700
  -0.0003843100    0.0003920000    0.0227227600
  -0.0000725200    0.0001035100    0.0226136900

49   
 -0.0060230414797497   0.0000000000000000  -0.0079826669311211
   0.0000143700   -0.0000045800   -0.0146164100
   0.0002429000    0.0000798300   -0.0146036500
  -0.0001463900    0.0000968600   -0.0146078700
  -0.0001189000    0.0000118600   -0.0146242000
   0.0002368600    0.0000030200   -0.0144740600
   0.0000984100   -0.0000839400   -0.0147326200
  -0.0001546600    0.0000254600   -0.0146233900
  -0.0002084000   -0.0001002800   -0.0146608100
   0.0000219300   -0.0000927500   -0.0146118800
   0.0000051800   -0.0001377600   -0.0146384600
  -0.0000662400   -0.0000000600   -0.0146140500
   0.0000424900    0.0002210500   -0.0146460300
  -0.0000195700   -0.0000575200   -0.0146259400
  -0.0000235100   -0.0000616700   -0.0146574000
   0.0000676000    0.0000518000   -0.0146277000
  -0.0000406300    0.0000450500   -0.0146226700
  -0.0000072100   -0.0000135400   -0.0153112100
  -0.0000302200   -0.0000129300   -0.0153388700
   0.0000522700   -0.0000213400   -0.0153899700
  -0.0000249800   -0.0000100600   -0.0153165600
  -0.0000270100   -0.0000020500   -0.0153020400
  -0.0000050700    0.0000142800   -0.0153757800
   0.0000089700   -0.0000308800   -0.0153634200
   0.0000228700    0.0000195800   -0.0152330600
   0.0000158600    0.0000341700   -0.0153508100
  -0.0000163500    0.0000238200   -0.0153670900
  -0.0000093200   -0.0000001100   -0.0153259800
  -0.0000002700   -0.0000306800   -0.0152291500
  -0.0000143900   -0.0000063200   -0.0153224300
   0.0000008900    0.0000031400   -0.0153017800
   0.0000033700    0.0000136800   -0.0152940300
   0.0000024400    0.0000156900   -0.0153104700
  -0.0015690800   -0.0000030600   -0.0464784500
   0.0025823000   -0.0012333500    0.0146074800
  -0.0002958700   -0.0003386900    0.0130367400
  -0.0008539800   -0.0004739200    0.0120666200
   0.0002579400    0.0027085600    0.0145231100
   0.0000421700   -0.0000232600    0.0131029300
  -0.0002738100    0.0002057200    0.0128425400
   0.0000164900    0.0011208100    0.0121540500
  -0.0003890100    0.0000539700    0.0132372900
   0.0000824600   -0.0001823000    0.0129728200
   0.0001960800    0.0002842500    0.0128359100
   0.0000718100    0.0002314700    0.0129699800
  -0.0014564400   -0.0010195000    0.0132542400
   0.0017404200   -0.0011049700    0.0134260600
   0.0000803500   -0.0000052100    0.0130815400
  -0.0003203700   -0.0002267500    0.0128584300
   0.0448068000   -0.0002515300    0.1209160100
  -0.0056445600    0.0037234300    0.0263879900
  -0.0009040000    0.0006084200    0.0243136700
  -0.0036211900    0.0002739000    0.0248599800
   0.0018941700   -0.0066696100    0.0273082000
  -0.0007896300   -0.0002817800    0.0240342400
  -0.0003570600    0.0000317200    0.0237528300
  -0.0005469300    0.0029055400    0.0239329400
   0.0009789400   -0.0010870000    0.0247100000
  -0.0003019000    0.0002498300    0.0238935000
  -0.0000754300    0.0004784900    0.0239168300
  -0.0003031500   -0.0002142300    0.0238928500
   0.0029195800   -0.0014526600    0.0265453600
  -0.0015737900    0.0012260700    0.0246981800
  -0.0007590000    0.0002632600    0.0240559700
  -0.0003875100   -0.0000486000    0.0237303600
  -0.0001172900   -0.0000093400   -0.0153465300
   0.0000170900   -0.0000687800   -0.0152941500
   0.0000508600   -0.0000189600   -0.0153452100
   0.0000351600    0.0000262800   -0.0153756300
  -0.0001016500    0.0000773200   -0.0153205900
   0.0000085900    0.0000089700   -0.0153556800
   0.0000789800    0.0000060100   -0.0153700600
   0.0000607800   -0.0000393100   -0.0154636000
  -0.0000214100    0.0000334500   -0.0153601600
   0.0000318000    0.0000270700   -0.0153575600
   0.0000209600   -0.0000337800   -0.0153844900
  -0.0000364700   -0.0000245900   -0.0153601300
   0.0000010800    0.0000273200   -0.0153758600
  -0.0000072800    0.0000299000   -0.0154099900
   0.0000017700   -0.0000455000   -0.0153469300
   0.0000082900   -0.0000000800   -0.0153718300
  -0.0000156800    0.0000165200   -0.0264968400
  -0.0000280400   -0.0000099200   -0.0264997000
   0.0000244900   -0.0000037400   -0.0264767000
   0.0000100500    0.0000383800   -0.0265407400
  -0.0000449100   -0.0000073600   -0.0264987700
   0.0000019900   -0.0000010900   -0.0264883700
   0.0000534000   -0.0000074100   -0.0265262000
  -0.0000158600    0.0000107900   -0.0265145500
  -0.0000153300    0.0000132600   -0.0264841100
   0.0000235000    0.0000170600   -0.0265044300
   0.0000363700   -0.0000098800   -0.0265455100
  -0.0000534200   -0.0000186600   -0.0265338200
   0.0000074400    0.0000107100   -0.0265161300
   0.0000031900   -0.0000106600   -0.0265014500
  -0.0000161000   -0.0000418400   -0.0265007900
  -0.0000033400   -0.0000001800   -0.0265130500
   0.0001706000    0.0005150400    0.0132705700
   0.0002282300    0.0035992600    0.0151442500
  -0.0003417100   -0.0002177000    0.0125642100
   0.0001424500    0.0000404900    0.0132391800
   0.0015740000   -0.0007762500    0.0135711700
  -0.0046561100   -0.0028191900    0.0167171900
   0.0000870500    0.0003044100    0.0126395500
   0.0006656500   -0.0000869000    0.0134842700
  -0.0007201600   -0.0002970100    0.0129188300
   0.0002235600   -0.0001960300    0.0126072700
   0.0001962000   -0.0000005200    0.0132182200
   0.0003235800   -0.0004142600    0.0135174100
  -0.0000270400    0.0000975700    0.0131933800
   0.0002997900    0.0003268900    0.0130286800
  -0.0001778300    0.0000624600    0.0130940600
  -0.0000973900   -0.0001390800    0.0132856900
   0.0000424700    0.0004285200    0.0218534400
  -0.0034538400    0.0201310200    0.0038307500
   0.0005629200   -0.0007282200    0.0211855900
   0.0002598600   -0.0000701400    0.0219088200
   0.0011181100   -0.0026136000    0.0176290400
  -0.0333615900   -0.0172422700   -0.0096604400
   0.0017089300   -0.0004058400    0.0211651400
   0.0002879500   -0.0003592300    0.0215532900
  -0.0006989100    0.0002972100    0.0215203200
   0.0003699100    0.0019544200    0.0207972000
   0.0003722400   -0.0000005100    0.0219189600
   0.0003207000   -0.0003436400    0.0219233700
  -0.0000520100    0.0001795000    0.0219798200
  -0.0009888000   -0.0004454000    0.0209909700
   0.0003827700   -0.0004042900    0.0217304800
   0.0000693200   -0.0001105200    0.0218384700

65   
  0.0060230414797497   0.0000000000000000   0.0079826669311211
  -0.0017784300   -0.0030263100   -0.0095333700
   0.0356155700   -0.0186329800    0.0173981000
  -0.0007171400    0.0000616000   -0.0142378000
  -0.0012308100   -0.0014844800   -0.0131759100
   0.0034040700    0.0213648900    0.0037767900
   0.0001767400   -0.0003287800   -0.0140594000
  -0.0002299800    0.0001028800   -0.0142557900
  -0.0007290800    0.0008364900   -0.0136711600
  -0.0001507500   -0.0002103100   -0.0142195600
   0.0001201800   -0.0002076900   -0.0143010200
  -0.0000700900    0.0000868500   -0.0142107600
   0.0008199000    0.0013531000   -0.0131905700
  -0.0010546200   -0.0002288400   -0.0136881900
   0.0007329800   -0.0005268100   -0.0138655600
   0.0004301500    0.0004828800   -0.0137212200
  -0.0003393000   -0.0000052200   -0.0142631000
  -0.0004790500   -0.0001693900   -0.0145514800
   0.0036710400   -0.0022404900   -0.0192759100
  -0.0009256100    0.0004250400   -0.0150151000
   0.0001961000    0.0003251000   -0.0146124300
  -0.0001975200    0.0023874900   -0.0169108700
  -0.0003512000   -0.0006622700   -0.0148357900
  -0.0001155500    0.0000694400   -0.0149836000
   0.0005940900    0.0001044600   -0.0144775600
   0.0000105800   -0.0006770500   -0.0149865800
   0.0001727300   -0.0001717800   -0.0150054100
   0.0000424000    0.0000857900   -0.0149612700
  -0.0000882000   -0.0006851700   -0.0146400900
   0.0003616700    0.0000309800   -0.0147849700
   0.0007855500    0.0005410400   -0.0146561700
  -0.0008588400    0.0005496600   -0.0148410700
  -0.0001816200   -0.0000051200   -0.0149678600
   0.0000362500   -0.0000058400    0.0126145300
   0.0000295900   -0.0000033300    0.0126399600
   0.0000356900    0.0000112700    0.0126050700
   0.0000403200   -0.0000079200    0.0125972200
   0.0000423900   -0.0000147300    0.0126428600
   0.0000345800   -0.0000054800    0.0126273900
   0.0000290100   -0.0000110000    0.0126020500
   0.0000385700   -0.0000396000    0.0125819700
   0.0000519000   -0.0000129300    0.0126254700
   0.0000323100   -0.0000021700    0.0126196700
   0.0000223300   -0.0000050900    0.0126138000
   0.0000346900   -0.0000129700    0.0126178100
   0.0000364000   -0.0000030300    0.0126055600
   0.0000234100    0.0000032000    0.0126150000
   0.0000218000    0.0000016600    0.0126157700
   0.0000825600    0.0000199400    0.0125488100
   0.0001189800   -0.0000158800    0.0234873700
   0.0000097500   -0.0000068400    0.0234825700
  -0.0000292200    0.0000183600    0.0234708000
   0.0000484800    0.0000446100    0.0233857700
   0.0000512800   -0.0000411100    0.0234769700
   0.0000247500   -0.0000056200    0.0234870600
   0.0000122500    0.0000523000    0.0234764200
   0.0000413100    0.0000761500    0.0235251700
   0.0000625400   -0.0000468700    0.0234710600
   0.0000622300   -0.0000090500    0.0234822400
   0.0000260100    0.0000359600    0.0234912200
  -0.0000115300   -0.0000251600    0.0234828900
   0.0001360600   -0.0000457900    0.0234368400
   0.0000688900   -0.0000213100    0.0235059300
  -0.0000456300   -0.0000270600    0.0234870500
  -0.0000717300   -0.0000705700    0.0235442100
  -0.0558588600    0.0009833100   -0.0732966200
   0.0028731300   -0.0001933600   -0.0153014500
   0.0014561800    0.0001509600   -0.0159044600
   0.0064486600    0.0012304900   -0.0180209700
   0.0002067000    0.0011968200   -0.0156387000
   0.0002059900    0.0001213500   -0.0156446600
   0.0002176900   -0.0001376200   -0.0157447300
   0.0011119400   -0.0048661700   -0.0176873700
   0.0004233700    0.0005909400   -0.0158016200
  -0.0000125100    0.0000005900   -0.0156957100
   0.0001510600   -0.0007590600   -0.0160097400
  -0.0000132400   -0.0000836700   -0.0156938000
   0.0020122100    0.0028926900   -0.0169982900
  -0.0007095800   -0.0002943400   -0.0163278600
   0.0001431400   -0.0000961600   -0.0156931500
   0.0002788200    0.0001628900   -0.0156977900
  -0.0007037200   -0.0000046400   -0.0270517600
   0.0014303400    0.0008825800   -0.0251548800
   0.0003601800   -0.0001052400   -0.0268129800
  -0.0004325500    0.0001508700   -0.0265762700
   0.0008085100    0.0005275000   -0.0258594700
   0.0002317200    0.0001538300   -0.0268123600
   0.0000914600   -0.0000832000   -0.0269174800
  -0.0010247000    0.0005520200   -0.0258733100
   0.0000117800    0.0001956700   -0.0267459400
  -0.0000441100   -0.0000866400   -0.0268651400
   0.0001845500   -0.0001070100   -0.0268804200
  -0.0000292900    0.0000799200   -0.0268605100
  -0.0001243800   -0.0003592200   -0.0265695800
  -0.0000972400   -0.0017885900   -0.0251611800
   0.0002386200   -0.0001606900   -0.0268114200
   0.0000907600    0.0000635000   -0.0269067000
   0.0000128300   -0.0000080700    0.0135615800
   0.0000256900   -0.0000103800    0.0135699200
   0.0000435600   -0.0000205900    0.0135696800
   0.0000698100   -0.0000240600    0.0135948400
   0.0000172300    0.0000019100    0.0135697700
   0.0000261300   -0.0000099100    0.0135648600
   0.0000548700   -0.0000110500    0.0135627000
   0.0000441500   -0.0000116000    0.0135763000
   0.0000070500   -0.0000013000    0.0135759700
   0.0000382800    0.0000040100    0.0135552600
   0.0000477500   -0.0000098300    0.0135697000
   0.0000494300   -0.0000161000    0.0135895900
   0.0000267300    0.0000360700    0.0135893000
   0.0000334300    0.0000048400    0.0135702900
   0.0000425900   -0.0000074100    0.0135773300
   0.0000396600   -0.0000056300    0.0135700300
   0.0003601500    0.0002118000    0.0226593600
  -0.0001193700    0.0000534700    0.0223896600
   0.0000553100   -0.0000103600    0.0222770800
   0.0000693100    0.0000028100    0.0222756100
  -0.0000167500   -0.0002831300    0.0225229200
   0.0000446300    0.0000110200    0.0222597400
   0.0000565600   -0.0000128500    0.0222739300
   0.0000183000   -0.0000070200    0.0222614900
   0.0000303700    0.0000010900    0.0222806600
   0.0000334100    0.0000078400    0.0222731200
   0.0000459100   -0.0000117700    0.0222753700
   0.0000340400   -0.0000262200    0.0222733500
   0.0000460500    0.0000155400    0.0222787200
   0.0000157800   -0.0000206400    0.0222613700
   0.0000360800   -0.0000163900    0.0222737000
   0.0000522400   -0.0000055800    0.0222713200

65   
 -0.0060230414797497   0.0000000000000000  -0.0079826669311211
   0.0019277200    0.0030779800   -0.0197431700
  -0.0342203600    0.0177494500   -0.0458020600
   0.0007386500   -0.0000601800   -0.0149020100
   0.0012491100    0.0014916900   -0.0159704100
  -0.0034412700   -0.0210740100   -0.0329236500
  -0.0001513000    0.0003326100   -0.0150833000
   0.0002497800   -0.0001047300   -0.0148867500
   0.0007426200   -0.0008404200   -0.0154718900
   0.0001714700    0.0002112400   -0.0149232100
  -0.0001008900    0.0002086500   -0.0148416800
   0.0000887200   -0.0000867400   -0.0149320300
  -0.0007974100   -0.0013475100   -0.0159456900
   0.0010769500    0.0002286400   -0.0154569900
  -0.0007202900    0.0005239200   -0.0152779100
  -0.0004019400   -0.0004796400   -0.0154111400
   0.0003603400    0.0000064700   -0.0148803600
   0.0005074400    0.0001795600   -0.0159468500
  -0.0036107300    0.0022078400   -0.0112319100
   0.0009424300   -0.0004240000   -0.0155116900
  -0.0001813400   -0.0003275600   -0.0159157700
   0.0002050100   -0.0023743700   -0.0135866600
   0.0003750100    0.0006584200   -0.0156871900
   0.0001348400   -0.0000694500   -0.0155423900
  -0.0005733300   -0.0000994600   -0.0160482300
   0.0000085600    0.0006805500   -0.0155408100
  -0.0001514000    0.0001716600   -0.0155199200
  -0.0000208800   -0.0000835700   -0.0155643000
   0.0001079300    0.0006878900   -0.0158858300
  -0.0003472400   -0.0000321500   -0.0157426000
  -0.0007553800   -0.0005405600   -0.0158671800
   0.0008758700   -0.0005457800   -0.0156834000
   0.0002004700    0.0000065800   -0.0155573800
  -0.0000157400    0.0000063100    0.0126678200
  -0.0000093400    0.0000037600    0.0126413000
  -0.0000154900   -0.0000106700    0.0126760200
  -0.0000200300    0.0000081800    0.0126837700
  -0.0000223200    0.0000156300    0.0126382500
  -0.0000144000    0.0000062600    0.0126536800
  -0.0000086500    0.0000119400    0.0126789600
  -0.0000182100    0.0000410500    0.0126999400
  -0.0000316400    0.0000137600    0.0126557300
  -0.0000119100    0.0000031000    0.0126616700
  -0.0000022600    0.0000060400    0.0126672800
  -0.0000144500    0.0000135000    0.0126632800
  -0.0000163600    0.0000039000    0.0126754600
  -0.0000026300   -0.0000028200    0.0126669800
  -0.0000017400   -0.0000007900    0.0126652500
  -0.0000628600   -0.0000194600    0.0127327000
  -0.0000984900    0.0000145400    0.0235284200
   0.0000102200    0.0000075300    0.0235337400
   0.0000496000   -0.0000176800    0.0235456300
  -0.0000280600   -0.0000437400    0.0236313200
  -0.0000312000    0.0000414400    0.0235395800
  -0.0000046600    0.0000061100    0.0235291200
   0.0000080200   -0.0000520300    0.0235397800
  -0.0000203300   -0.0000764100    0.0234899300
  -0.0000420200    0.0000478200    0.0235454600
  -0.0000423900    0.0000101200    0.0235338500
  -0.0000057200   -0.0000349800    0.0235252000
   0.0000320200    0.0000257600    0.0235336000
  -0.0001138200    0.0000473200    0.0235801300
  -0.0000511200    0.0000241100    0.0235095400
   0.0000658400    0.0000281300    0.0235293800
   0.0000928600    0.0000717900    0.0234702100
   0.0518342500   -0.0005197700    0.0340258800
  -0.0028278700    0.0001912200   -0.0154274100
  -0.0014398500   -0.0001501500   -0.0148195700
  -0.0064648200   -0.0012312900   -0.0126892700
  -0.0001924300   -0.0011938800   -0.0150871600
  -0.0001858900   -0.0001205400   -0.0150809500
  -0.0001942400    0.0001392800   -0.0149789500
  -0.0010747400    0.0048450500   -0.0130333400
  -0.0004038500   -0.0005918200   -0.0149220300
   0.0000348400    0.0000007200   -0.0150311500
  -0.0001345800    0.0007600300   -0.0147194900
   0.0000332000    0.0000840200   -0.0150297500
  -0.0019927600   -0.0028971100   -0.0137182500
   0.0007107800    0.0003227800   -0.0144029500
  -0.0001243200    0.0000967600   -0.0150355700
  -0.0002587900   -0.0001625300   -0.0150268000
   0.0007200800    0.0000070800   -0.0259792100
  -0.0013974600   -0.0008700500   -0.0278507000
  -0.0003388100    0.0001069100   -0.0262052200
   0.0004572700   -0.0001526200   -0.0264482900
  -0.0007865100   -0.0005271600   -0.0271593200
  -0.0002120700   -0.0001524200   -0.0262050300
  -0.0000703400    0.0000837600   -0.0261040400
   0.0010399700   -0.0005496100   -0.0271414400
   0.0000098600   -0.0001950500   -0.0262734900
   0.0000629300    0.0000878600   -0.0261547200
  -0.0001645900    0.0001066800   -0.0261380500
   0.0000502700   -0.0000793700   -0.0261580500
   0.0001445900    0.0003655700   -0.0264577900
   0.0001138600    0.0017694600   -0.0278411200
  -0.0002176100    0.0001603800   -0.0262055800
  -0.0000692900   -0.0000631100   -0.0261077700
   0.0000072800    0.0000091100    0.0135273200
  -0.0000055000    0.0000107900    0.0135206900
  -0.0000229000    0.0000218600    0.0135232000
  -0.0000504700    0.0000249200    0.0134987300
   0.0000022600   -0.0000011900    0.0135283600
  -0.0000051400    0.0000108800    0.0135303200
  -0.0000352300    0.0000113200    0.0135324300
  -0.0000239000    0.0000122500    0.0135170300
   0.0000136100    0.0000019700    0.0135169500
  -0.0000186000   -0.0000034200    0.0135394900
  -0.0000276000    0.0000104300    0.0135246300
  -0.0000297500    0.0000168400    0.0135060600
  -0.0000065200   -0.0000361000    0.0135060600
  -0.0000135800   -0.0000046500    0.0135231800
  -0.0000225000    0.0000076600    0.0135181400
  -0.0000192500    0.0000061100    0.0135237300
  -0.0003475200   -0.0002165200    0.0218442300
   0.0001409300   -0.0000535600    0.0221218700
  -0.0000347100    0.0000109200    0.0222367100
  -0.0000495500   -0.0000020000    0.0222338700
   0.0000378300    0.0002874800    0.0219812800
  -0.0000242700   -0.0000102700    0.0222501900
  -0.0000364100    0.0000131100    0.0222368500
   0.0000020800    0.0000073000    0.0222504800
  -0.0000098100   -0.0000000600    0.0222344900
  -0.0000134900   -0.0000070200    0.0222397100
  -0.0000255900    0.0000123500    0.0222347500
  -0.0000144500    0.0000269200    0.0222372800
  -0.0000264000   -0.0000153800    0.0222316500
   0.0000040700    0.0000215400    0.0222510900
  -0.0000158200    0.0000166100    0.0222388500
  -0.0000320100    0.0000061600    0.0222383700

81   
  0.0060230414797497   0.0000000000000000   0.0079826669311211
   0.0035760400    0.0021930200   -0.0186671400
  -0.0005547200    0.0001825400   -0.0139501100
   0.0001757400   -0.0003274600   -0.0139769700
  -0.0009390100   -0.0004251300   -0.0144101600
  -0.0002304200   -0.0023913400   -0.0163114800
   0.0005461100   -0.0000974200   -0.0138585300
  -0.0001502800   -0.0000741100   -0.0143731600
  -0.0003915700    0.0006310800   -0.0142459200
  -0.0001128700    0.0006786900   -0.0140150800
  -0.0000060400   -0.0000865700   -0.0143465000
   0.0001159200    0.0001504500   -0.0144005400
  -0.0000246300    0.0006534700   -0.0143730600
  -0.0008797900   -0.0005521200   -0.0142319000
   0.0007080900   -0.0005441500   -0.0140527600
   0.0003230000   -0.0000464800   -0.0141567000
  -0.0002035000   -0.0000030900   -0.0143545400
   0.0343586800    0.0178066900    0.0160162200
  -0.0020173600    0.0031330300   -0.0100491800
  -0.0013178800    0.0015002400   -0.0139522300
  -0.0007915500   -0.0000587600   -0.0150235500
   0.0034639100   -0.0212139400    0.0031342200
  -0.0007675500   -0.0008740900   -0.0144266200
  -0.0002900000   -0.0001159300   -0.0150246900
   0.0001444800    0.0003360400   -0.0148440300
   0.0007874500   -0.0013948700   -0.0139813200
  -0.0001083600   -0.0001082600   -0.0149782600
   0.0000838000    0.0002123500   -0.0150710100
  -0.0001989300    0.0002112100   -0.0149979800
   0.0003961900   -0.0005124700   -0.0145174000
   0.0007365500    0.0005250400   -0.0146350900
  -0.0011158900    0.0002415200   -0.0144626700
  -0.0004094500   -0.0000030300   -0.0150281700
   0.0000032500   -0.0000090200    0.0125268700
  -0.0000280900    0.0000015700    0.0125391200
  -0.0000030100    0.0000024300    0.0125244800
   0.0000071000   -0.0000004900    0.0125059300
  -0.0000058700   -0.0000223700    0.0125414500
  -0.0000119900   -0.0000033800    0.0125520500
  -0.0000026400   -0.0000114500    0.0125220900
   0.0000002300   -0.0000140700    0.0125336300
   0.0000062100   -0.0000025200    0.0125342300
  -0.0000157900    0.0000120400    0.0125295600
  -0.0000174100   -0.0000058300    0.0125423500
   0.0000056200   -0.0000143400    0.0125222400
   0.0000124800   -0.0000009800    0.0125159900
  -0.0000191200    0.0000077300    0.0125443200
  -0.0000131400    0.0000099300    0.0125322000
  -0.0000002400   -0.0000036000    0.0125222900
   0.0000130900   -0.0000176200    0.0233836700
   0.0000178000   -0.0000312600    0.0234030700
  -0.0000668000   -0.0000033400    0.0233921500
   0.0000155500    0.0000090300    0.0233932200
   0.0000057200    0.0000070900    0.0233888800
  -0.0000039100   -0.0000034700    0.0234029400
  -0.0000123900    0.0000732200    0.0234063700
  -0.0000105500    0.0000166900    0.0233918000
  -0.0000062800   -0.0000418300    0.0233834000
   0.0000599400   -0.0000242100    0.0234118000
  -0.0000101500    0.0000256700    0.0234093800
  -0.0000637000   -0.0000015000    0.0234191900
   0.0000373500   -0.0000018700    0.0233887800
   0.0000169700   -0.0000192900    0.0233989600
  -0.0000603900   -0.0000343200    0.0234142800
  -0.0000176800   -0.0000074300    0.0233850900
  -0.0007406400   -0.0000023400   -0.0159664400
  -0.0004837600   -0.0001752100   -0.0154945600
   0.0003181300    0.0001006100   -0.0157413300
   0.0013829200   -0.0008858800   -0.0141002900
  -0.0010748700   -0.0005615400   -0.0148089600
   0.0000609600    0.0000720200   -0.0158462500
   0.0001864400   -0.0001509500   -0.0157303300
   0.0007743700   -0.0005355400   -0.0147824000
   0.0001467600    0.0000953700   -0.0158059400
  -0.0000694800    0.0000687800   -0.0157894100
  -0.0000331800   -0.0002064000   -0.0156765000
  -0.0000848800   -0.0000800500   -0.0157926000
  -0.0001368300    0.0017713900   -0.0141137200
  -0.0001567900    0.0003644700   -0.0154815900
   0.0000534900   -0.0000837000   -0.0158494900
   0.0001859600    0.0001527800   -0.0157389500
  -0.0491441300    0.0007011100   -0.0733669500
   0.0064446100   -0.0012531700   -0.0292712000
   0.0014319700   -0.0001615300   -0.0271288800
   0.0028222500    0.0001853300   -0.0265439400
   0.0010419700    0.0048465400   -0.0289317800
   0.0001894000    0.0001414300   -0.0269814500
   0.0001663000   -0.0001329500   -0.0268682000
   0.0001747300   -0.0012230700   -0.0268774200
   0.0001123400    0.0007587300   -0.0272307900
  -0.0000601900   -0.0000173700   -0.0269249900
   0.0003846500   -0.0006080800   -0.0270251400
  -0.0000584000    0.0000855200   -0.0269254000
  -0.0007362000    0.0003203900   -0.0275694200
   0.0019673000   -0.0028969800   -0.0282416800
   0.0002560100   -0.0001854700   -0.0269339000
   0.0001025700    0.0000891800   -0.0269141400
  -0.0000096500    0.0000033000    0.0134971700
  -0.0000210200   -0.0000036400    0.0134882300
   0.0000056000   -0.0000065000    0.0134929300
   0.0000048000   -0.0000008300    0.0134937100
  -0.0000214000   -0.0000100200    0.0134967600
  -0.0000083400   -0.0000029300    0.0134865800
   0.0000075500   -0.0000120300    0.0134933300
   0.0000007100   -0.0000092400    0.0134935400
  -0.0000106600    0.0000054800    0.0134921900
  -0.0000070700    0.0000050200    0.0134893900
   0.0000076800   -0.0000035200    0.0134968800
  -0.0000107600   -0.0000117000    0.0134950400
  -0.0000079800    0.0000044800    0.0134936900
  -0.0000095300    0.0000018300    0.0134897700
  -0.0000072800   -0.0000115400    0.0134950400
   0.0000044800   -0.0000034600    0.0135016300
  -0.0000245200   -0.0000083900    0.0221897500
  -0.0000238600    0.0000009300    0.0221996100
   0.0000003600    0.0000061400    0.0221996200
   0.0000346600    0.0000194300    0.0222108400
  -0.0000161200   -0.0000030700    0.0221920400
  -0.0000217200    0.0000099500    0.0222114300
   0.0000094900   -0.0000034000    0.0221989300
   0.0000042800   -0.0000320500    0.0222250500
  -0.0000003500   -0.0000194700    0.0222103800
  -0.0000045600    0.0000046900    0.0222010100
  -0.0000048300   -0.0000117800    0.0221972800
  -0.0000115700   -0.0000333700    0.0222010900
   0.0000279900    0.0000168500    0.0222148600
  -0.0000451300    0.0000117400    0.0222189700
  -0.0000171400   -0.0000102300    0.0221953700
   0.0000138300   -0.0000034500    0.0221964700

81   
 -0.0060230414797497   0.0000000000000000  -0.0079826669311211
  -0.0036164900   -0.0022125200   -0.0106113600
   0.0005453000   -0.0001596700   -0.0153380400
  -0.0001714200    0.0003377300   -0.0152815200
   0.0009410300    0.0004384600   -0.0148490000
   0.0002423000    0.0024161800   -0.0129777100
  -0.0005474600    0.0001148300   -0.0154028200
   0.0001498100    0.0000866000   -0.0148871600
   0.0003872600   -0.0006222700   -0.0150167600
   0.0001121900   -0.0006635700   -0.0152452500
   0.0000039500    0.0001009400   -0.0149146200
  -0.0001178100   -0.0001377300   -0.0148603800
   0.0000246800   -0.0006373600   -0.0148861600
   0.0008816500    0.0005683300   -0.0150292000
  -0.0007185100    0.0005569400   -0.0152103100
  -0.0003184600    0.0000575600   -0.0151027200
   0.0002035700    0.0000169500   -0.0149067600
  -0.0357200500   -0.0186693600   -0.0473909700
   0.0018805500   -0.0030646000   -0.0204552000
   0.0013187300   -0.0014802300   -0.0166880900
   0.0007894300    0.0000731100   -0.0156235200
  -0.0034063500    0.0215092400   -0.0337680900
   0.0007735700    0.0008823100   -0.0162163100
   0.0002891800    0.0001264300   -0.0156193000
  -0.0001507500   -0.0003202000   -0.0158003400
  -0.0007903300    0.0014128700   -0.0166694300
   0.0001091700    0.0001205600   -0.0156654000
  -0.0000838200   -0.0001987900   -0.0155731700
   0.0001970900   -0.0001978900   -0.0156457800
  -0.0004048100    0.0005283100   -0.0161375600
  -0.0007299100   -0.0005151400   -0.0160081400
   0.0011125600   -0.0002291100   -0.0161783800
   0.0004074900    0.0000170100   -0.0156149600
  -0.0000042500    0.0000217700    0.0126375000
   0.0000270300    0.0000116100    0.0126253800
   0.0000021600    0.0000109200    0.0126399500
  -0.0000083100    0.0000133700    0.0126583900
   0.0000046600    0.0000356500    0.0126228400
   0.0000108900    0.0000166300    0.0126125400
   0.0000015500    0.0000245400    0.0126424000
  -0.0000011900    0.0000272900    0.0126311600
  -0.0000070600    0.0000158600    0.0126302600
   0.0000145500    0.0000012000    0.0126352400
   0.0000163000    0.0000191500    0.0126221400
  -0.0000067900    0.0000273400    0.0126423300
  -0.0000136500    0.0000144200    0.0126474800
   0.0000176900    0.0000056700    0.0126196700
   0.0000119900    0.0000033200    0.0126321400
  -0.0000004200    0.0000171000    0.0126420000
  -0.0000139300    0.0000308300    0.0235147100
  -0.0000185100    0.0000444600    0.0234957200
   0.0000657300    0.0000163500    0.0235069000
  -0.0000170900    0.0000038300    0.0235055400
  -0.0000069800    0.0000066400    0.0235103000
   0.0000027400    0.0000165500    0.0234958200
   0.0000113300   -0.0000602700    0.0234924300
   0.0000097500   -0.0000029200    0.0235068200
   0.0000048600    0.0000550900    0.0235158400
  -0.0000613200    0.0000374300    0.0234868100
   0.0000095100   -0.0000123100    0.0234896100
   0.0000628500    0.0000148300    0.0234796900
  -0.0000389600    0.0000148900    0.0235105200
  -0.0000176700    0.0000324400    0.0235001300
   0.0000597700    0.0000474100    0.0234846700
   0.0000162700    0.0000204600    0.0235139200
   0.0007436200    0.0000177200   -0.0148601000
   0.0004779100    0.0001856000   -0.0153426100
  -0.0003202100   -0.0000862900   -0.0151008900
  -0.0013961100    0.0009101300   -0.0167540800
   0.0010780400    0.0005760200   -0.0160357400
  -0.0000627300   -0.0000597000   -0.0149958900
  -0.0001867200    0.0001649000   -0.0151091900
  -0.0007761000    0.0005480800   -0.0160571600
  -0.0001473800   -0.0000833100   -0.0150351900
   0.0000697100   -0.0000551800   -0.0150535200
   0.0000310600    0.0002192200   -0.0151662300
   0.0000831500    0.0000929800   -0.0150491100
   0.0001389700   -0.0017777100   -0.0167432500
   0.0001561400   -0.0003444000   -0.0153535700
  -0.0000555500    0.0000963300   -0.0149971500
  -0.0001881300   -0.0001402200   -0.0151047100
   0.0507339600   -0.0018297700    0.0280808900
  -0.0064090300    0.0012655200   -0.0238761500
  -0.0014291300    0.0001746300   -0.0260063900
  -0.0028486300   -0.0001747000   -0.0265886100
  -0.0010593200   -0.0048548700   -0.0242043100
  -0.0001934200   -0.0001272200   -0.0261505000
  -0.0001671500    0.0001472200   -0.0262686400
  -0.0001699800    0.0012386100   -0.0262552900
  -0.0001093600   -0.0007451800   -0.0259012500
   0.0000569900    0.0000311100   -0.0262096700
  -0.0003847700    0.0006197200   -0.0261098600
   0.0000575900   -0.0000725100   -0.0262101200
   0.0007546000   -0.0002804800   -0.0255619300
  -0.0019682200    0.0029054200   -0.0248994800
  -0.0002570600    0.0001977100   -0.0262003300
  -0.0001022400   -0.0000760300   -0.0262169800
   0.0000087700    0.0000099300    0.0134752700
   0.0000199700    0.0000166500    0.0134857300
  -0.0000067900    0.0000199300    0.0134838300
  -0.0000064600    0.0000136800    0.0134837900
   0.0000200900    0.0000230200    0.0134847700
   0.0000076800    0.0000161100    0.0134923300
  -0.0000094000    0.0000245900    0.0134849600
  -0.0000018900    0.0000224200    0.0134831200
   0.0000097800    0.0000074600    0.0134843400
   0.0000052000    0.0000081000    0.0134885200
  -0.0000088400    0.0000167000    0.0134807800
   0.0000095000    0.0000248800    0.0134840800
   0.0000067600    0.0000085000    0.0134855200
   0.0000080900    0.0000111200    0.0134872800
   0.0000061000    0.0000249600    0.0134842800
  -0.0000054500    0.0000165100    0.0134752000
   0.0000238600    0.0000217100    0.0222056900
   0.0000224300    0.0000120100    0.0221928600
  -0.0000016800    0.0000070000    0.0221951200
  -0.0000361200   -0.0000061400    0.0221797300
   0.0000147400    0.0000157500    0.0221966900
   0.0000205700    0.0000028100    0.0221800400
  -0.0000109800    0.0000160600    0.0221926600
  -0.0000051600    0.0000449800    0.0221681200
  -0.0000004500    0.0000325700    0.0221856200
   0.0000031000    0.0000084900    0.0221928000
   0.0000037400    0.0000250000    0.0221934900
   0.0000100200    0.0000464800    0.0221906200
  -0.0000294400   -0.0000040100    0.0221763800
   0.0000441400    0.0000019000    0.0221748300
   0.0000158600    0.0000234800    0.0221980400
  -0.0000150400    0.0000165700    0.0221941100

97   
  0.0060230414797497   0.0000000000000000   0.0079826669311211
  -0.0000067600   -0.0000002500   -0.0146189300
  -0.0000293300   -0.0000124000   -0.0146521900
  -0.0000753200    0.0000536700   -0.0146033300
  -0.0000023900    0.0000315900   -0.0146258200
  -0.0000307200   -0.0000302400   -0.0146367100
  -0.0000361600   -0.0000400400   -0.0146026300
  -0.0000073600    0.0000228200   -0.0146039500
  -0.0000345500   -0.0000035900   -0.0146409400
   0.0000009400   -0.0000442900   -0.0146093400
   0.0000328200    0.0000163800   -0.0146033800
  -0.0000927700   -0.0000102300   -0.0145968400
  -0.0000526200   -0.0000329700   -0.0146134400
   0.0000215800    0.0000166800   -0.0146235600
  -0.0000089700   -0.0000039400   -0.0146545000
  -0.0000899300    0.0000213600   -0.0146122500
  -0.0000334300    0.0000109000   -0.0146153800
  -0.0000103900   -0.0000002400   -0.0153372600
  -0.0000224100    0.0000004400   -0.0153261100
  -0.0000343000   -0.0000088100   -0.0153133700
  -0.0000438800    0.0000011300   -0.0153038100
  -0.0000171200   -0.0000008200   -0.0153164300
  -0.0000218800    0.0000046000   -0.0153210500
  -0.0000427200    0.0000067600   -0.0153059800
  -0.0000299900    0.0000175600   -0.0153137300
  -0.0000297000   -0.0000029100   -0.0153019400
  -0.0000302500   -0.0000122000   -0.0153134600
  -0.0000151900    0.0000109000   -0.0153253900
  -0.0000356300    0.0000120800   -0.0152988700
  -0.0000245400   -0.0000139400   -0.0153054200
  -0.0000156100   -0.0000064300   -0.0153246200
  -0.0000250900   -0.0000062200   -0.0153079700
  -0.0000465200   -0.0000064800   -0.0152890400
   0.0001279400   -0.0003363800    0.0131251000
  -0.0003126900    0.0001092200    0.0129407600
  -0.0007974400    0.0008651400    0.0135386100
   0.0033858800    0.0214870300    0.0310851400
   0.0000599400   -0.0002155300    0.0128942900
  -0.0001324000    0.0001037300    0.0129871800
   0.0007657300    0.0013966400    0.0139911100
  -0.0002203300   -0.0002134400    0.0129703300
   0.0007055700   -0.0005325500    0.0133317300
   0.0003814800    0.0005097100    0.0134614400
  -0.0004319100    0.0000000900    0.0129366500
  -0.0011366900   -0.0002468500    0.0135011300
   0.0356841500   -0.0186770200    0.0446950900
  -0.0008113900    0.0000563100    0.0129485000
  -0.0013431700   -0.0014968500    0.0140093900
  -0.0019090000   -0.0030858700    0.0177826700
  -0.0004112400   -0.0006395200    0.0238978800
  -0.0001731900    0.0000701700    0.0237673800
   0.0005241400    0.0000977900    0.0242841700
  -0.0002649600    0.0024084300    0.0218548700
   0.0000938700   -0.0001544900    0.0237407900
  -0.0000285100    0.0000832300    0.0237943800
  -0.0001347900   -0.0006826100    0.0241261600
  -0.0000486700   -0.0006548400    0.0237646000
   0.0006948400    0.0005405400    0.0240914900
  -0.0009068400    0.0005528500    0.0239088400
  -0.0002270800    0.0000000300    0.0237870300
   0.0002950700    0.0000415900    0.0239820500
   0.0036047300   -0.0022357900    0.0194873300
  -0.0009658800    0.0004220300    0.0237276100
   0.0001494800    0.0003205700    0.0241620800
  -0.0005728500   -0.0001794000    0.0242169600
  -0.0000490600   -0.0000022500   -0.0153611700
   0.0000093900    0.0000086600   -0.0153315200
  -0.0000231000   -0.0000093000   -0.0153509900
  -0.0000392500   -0.0000044200   -0.0153515300
  -0.0000207800    0.0000246700   -0.0153475600
  -0.0000240300   -0.0000003800   -0.0153539000
  -0.0000371700    0.0000028100   -0.0153345500
  -0.0000298400    0.0000092500   -0.0153527700
  -0.0000431300    0.0000035500   -0.0153570300
  -0.0000271300   -0.0000325900   -0.0153261200
  -0.0000106600   -0.0000017300   -0.0153576400
  -0.0000301800    0.0000121600   -0.0153645500
  -0.0000459000    0.0000053700   -0.0153566700
  -0.0000204500   -0.0000055900   -0.0153467000
  -0.0000084700   -0.0000115300   -0.0153630400
  -0.0000368600   -0.0000040600   -0.0153612800
  -0.0000316700    0.0000066700   -0.0264949700
  -0.0000167400   -0.0000006200   -0.0265018100
  -0.0000178200   -0.0000019300   -0.0265021200
  -0.0000444900   -0.0000000200   -0.0265048100
  -0.0000308300    0.0000111100   -0.0265017400
  -0.0000180000   -0.0000003000   -0.0264921300
  -0.0000296800   -0.0000097100   -0.0265031300
  -0.0000319600    0.0000059900   -0.0265050800
  -0.0000341200    0.0000060800   -0.0265030900
  -0.0000325100   -0.0000064700   -0.0265020000
  -0.0000170900   -0.0000015300   -0.0264970500
  -0.0000272700    0.0000070300   -0.0265078400
  -0.0000439400   -0.0000079800   -0.0265013400
  -0.0000211000   -0.0000068200   -0.0265015700
  -0.0000149000   -0.0000063500   -0.0265014300
  -0.0000319000   -0.0000002700   -0.0265075200
  -0.0476920200    0.0003191700   -0.0417447800
   0.0028191600   -0.0001925600    0.0135735400
   0.0014065000    0.0001585500    0.0129878200
   0.0063845300    0.0012487600    0.0108608600
   0.0001433000    0.0012184700    0.0132434900
   0.0001449100    0.0001308300    0.0132512800
   0.0001688600   -0.0001443300    0.0131360400
   0.0010360200   -0.0048731700    0.0111892900
   0.0003618400    0.0006028200    0.0130917300
  -0.0000813600    0.0000130700    0.0131935500
   0.0000859000   -0.0007628400    0.0128821800
  -0.0000818400   -0.0000891500    0.0131943800
   0.0019443500    0.0028892100    0.0118853700
  -0.0007803500   -0.0002933800    0.0125468400
   0.0000790300   -0.0000934800    0.0132020600
   0.0002330900    0.0001809300    0.0131852700
  -0.0007649000    0.0000007200    0.0216864800
   0.0013576000    0.0008961200    0.0235882700
   0.0002935600   -0.0001008900    0.0219376200
  -0.0004990900    0.0001699800    0.0221745600
   0.0007501600    0.0005196900    0.0228908400
   0.0001622800    0.0001465700    0.0219421900
   0.0000384600   -0.0000758800    0.0218291800
  -0.0010990500    0.0005531100    0.0228686700
  -0.0000540000    0.0002003100    0.0220031500
  -0.0000922600   -0.0000719500    0.0218864700
   0.0001206500   -0.0001003600    0.0218700300
  -0.0001070400    0.0000762500    0.0218824900
  -0.0001751300   -0.0003587900    0.0221875200
  -0.0001702400   -0.0017840200    0.0235771700
   0.0001635200   -0.0001567900    0.0219372600
   0.0000306300    0.0000786900    0.0218287400

97   
 -0.0060230414797497   0.0000000000000000  -0.0079826669311211
   0.0000016500    0.0000019000   -0.0146048600
   0.0000244600    0.0000136700   -0.0145725300
   0.0000693600   -0.0000524300   -0.0146212100
  -0.0000031300   -0.0000302300   -0.0145983600
   0.0000255000    0.0000320100   -0.0145876200
   0.0000310200    0.0000412800   -0.0146219100
   0.0000020100   -0.0000208900   -0.0146200800
   0.0000291100    0.0000056800   -0.0145829400
  -0.0000067300    0.0000458300   -0.0146146700
  -0.0000372100   -0.0000148600   -0.0146210300
   0.0000871100    0.0000122300   -0.0146272200
   0.0000471700    0.0000347900   -0.0146106600
  -0.0000271500   -0.0000149800   -0.0146005200
   0.0000042300    0.0000048600   -0.0145703700
   0.0000846300   -0.0000196700   -0.0146125700
   0.0000275000   -0.0000094100   -0.0146094600
   0.0000052600    0.0000019100   -0.0152699100
   0.0000167300    0.0000010400   -0.0152806000
   0.0000288800    0.0000102900   -0.0152935400
   0.0000386900    0.0000000400   -0.0153030700
   0.0000117500    0.0000020500   -0.0152901700
   0.0000167000   -0.0000029400   -0.0152859400
   0.0000370100   -0.0000051900   -0.0153013300
   0.0000247300   -0.0000162400   -0.0152937000
   0.0000244600    0.0000044700   -0.0153055100
   0.0000250800    0.0000137000   -0.0152936100
   0.0000096600   -0.0000091000   -0.0152821700
   0.0000301400   -0.0000105100   -0.0153085000
   0.0000189500    0.0000159400   -0.0153015800
   0.0000103000    0.0000079900   -0.0152822500
   0.0000197300    0.0000080200   -0.0152987100
   0.0000411700    0.0000083100   -0.0153175900
  -0.0001278100    0.0003402200    0.0120768000
   0.0003067900   -0.0001105200    0.0122607400
   0.0007852900   -0.0008686100    0.0116621300
  -0.0034497200   -0.0211978900   -0.0058920500
  -0.0000666300    0.0002173900    0.0123071800
   0.0001253300   -0.0001029800    0.0122142500
  -0.0007691800   -0.0013903400    0.0112169700
   0.0002157200    0.0002152600    0.0122314800
  -0.0007183300    0.0005310200    0.0118693500
  -0.0003798500   -0.0005057200    0.0117513800
   0.0004274000    0.0000022200    0.0122648200
   0.0011335400    0.0002472900    0.0116982500
  -0.0343210100    0.0177982700   -0.0187652700
   0.0008069400   -0.0000531800    0.0122560800
   0.0013357300    0.0015051600    0.0111888200
   0.0020363400    0.0031416400    0.0072806700
   0.0004092300    0.0006363800    0.0230392300
   0.0001672800   -0.0000694900    0.0231677300
  -0.0005290100   -0.0000920300    0.0226514600
   0.0002466800   -0.0023949200    0.0251085400
  -0.0000987800    0.0001554700    0.0231949000
   0.0000244600   -0.0000806100    0.0231410000
   0.0001290400    0.0006858800    0.0228088400
   0.0000424200    0.0006594000    0.0231689000
  -0.0006908800   -0.0005391100    0.0228458000
   0.0008982700   -0.0005484500    0.0230265300
   0.0002204900    0.0000021400    0.0231480800
  -0.0003057900   -0.0000424700    0.0229513100
  -0.0035704600    0.0022044400    0.0274664500
   0.0009575100   -0.0004201000    0.0232061400
  -0.0001603600   -0.0003217700    0.0227705300
   0.0005754000    0.0001903600    0.0227451800
   0.0000440400    0.0000038400   -0.0154438200
  -0.0000152000   -0.0000073000   -0.0154746000
   0.0000181200    0.0000105300   -0.0154535500
   0.0000338600    0.0000054600   -0.0154541200
   0.0000149600   -0.0000236400   -0.0154582700
   0.0000184400    0.0000017400   -0.0154520200
   0.0000319400   -0.0000013700   -0.0154692300
   0.0000248200   -0.0000076900   -0.0154513300
   0.0000381100   -0.0000018300   -0.0154476300
   0.0000216500    0.0000343200   -0.0154810900
   0.0000052000    0.0000030000   -0.0154471700
   0.0000247100   -0.0000107400   -0.0154398300
   0.0000404400   -0.0000039700   -0.0154494100
   0.0000149700    0.0000077300   -0.0154591400
   0.0000029700    0.0000131500   -0.0154452000
   0.0000315000    0.0000060400   -0.0154458400
   0.0000259600   -0.0000055100   -0.0266012800
   0.0000116600    0.0000021600   -0.0265962000
   0.0000123200    0.0000031400   -0.0265979700
   0.0000395500    0.0000013000   -0.0265950500
   0.0000255100   -0.0000093000   -0.0265963000
   0.0000129300    0.0000018700   -0.0266047300
   0.0000245200    0.0000117500   -0.0265990300
   0.0000266700   -0.0000046100   -0.0265931600
   0.0000291900   -0.0000044900   -0.0265983300
   0.0000269300    0.0000081600   -0.0265973600
   0.0000114700    0.0000031500   -0.0266023100
   0.0000220700   -0.0000053800   -0.0265920500
   0.0000386300    0.0000094000   -0.0265996200
   0.0000154900    0.0000080900   -0.0265960500
   0.0000092800    0.0000077800   -0.0265961700
   0.0000268100    0.0000019500   -0.0265893600
   0.0469217200    0.0000332400    0.0705870900
  -0.0027988700    0.0001911700    0.0134347300
  -0.0014159100   -0.0001564300    0.0140251100
  -0.0064261400   -0.0012483400    0.0161676000
  -0.0001548600   -0.0012146300    0.0137738800
  -0.0001497600   -0.0001287200    0.0137635900
  -0.0001719000    0.0001462400    0.0138784500
  -0.0010248400    0.0048523900    0.0158265800
  -0.0003680700   -0.0006030600    0.0139214400
   0.0000772500   -0.0000113800    0.0138208000
  -0.0000949400    0.0007646500    0.0141273300
   0.0000760300    0.0000902800    0.0138214900
  -0.0019500400   -0.0028920000    0.0151386800
   0.0007554100    0.0003218000    0.0144615600
  -0.0000857000    0.0000949400    0.0138125700
  -0.0002385800   -0.0001804000    0.0138295400
   0.0007560700    0.0000029100    0.0227293200
  -0.0013511400   -0.0008833600    0.0208515800
  -0.0002978500    0.0001036600    0.0224939000
   0.0004975600   -0.0001709000    0.0222457000
  -0.0007546700   -0.0005193200    0.0215317400
  -0.0001683200   -0.0001446400    0.0224838800
  -0.0000436100    0.0000762100    0.0225976900
   0.0010888700   -0.0005501900    0.0215622000
   0.0000497500   -0.0001988300    0.0224295300
   0.0000852800    0.0000737200    0.0225417800
  -0.0001262000    0.0001007300    0.0225564500
   0.0001017900   -0.0000748400    0.0225450500
   0.0001690700    0.0003661900    0.0222323200
   0.0001613000    0.0017667000    0.0208667000
  -0.0001678500    0.0001573200    0.0224917600
  -0.0000351900   -0.0000777300    0.0225991300

113  
  0.0060230414797497   0.0000000000000000   0.0079826669311211
   0.0001060800   -0.0000004300   -0.0146824400
  -0.0000961200    0.0000537300   -0.0145962400
  -0.0000887700    0.0000135500   -0.0146212500
  -0.0000118700    0.0000007000   -0.0146105500
   0.0000272300   -0.0001353700   -0.0145800900
  -0.0000563600   -0.0000394700   -0.0146117900
  -0.0000209300    0.0000182000   -0.0146167100
   0.0000215400    0.0000338100   -0.0146260000
  -0.0000056500   -0.0000482500   -0.0146264400
   0.0000114100    0.0000201700   -0.0146143000
  -0.0000297600    0.0000338800   -0.0146155300
  -0.0000359300   -0.0000319100   -0.0146222600
   0.0000805600    0.0000104100   -0.0145874200
  -0.0000096500    0.0000348600   -0.0146193400
  -0.0000882100    0.0000300500   -0.0146258000
  -0.0000334500    0.0000012900   -0.0146195100
  -0.0000103500   -0.0000002200   -0.0153140100
   0.0000153700   -0.0000273700   -0.0153710200
  -0.0000307100   -0.0000065000   -0.0153074300
  -0.0000161700   -0.0000023000   -0.0152903700
  -0.0000151100    0.0000360000   -0.0153670300
  -0.0000151700   -0.0000023700   -0.0153234900
  -0.0000244800    0.0000071300   -0.0152910700
  -0.0000059600    0.0000052900   -0.0152947200
  -0.0000196700   -0.0000066200   -0.0153105600
  -0.0000114200   -0.0000055500   -0.0153072400
  -0.0000091300    0.0000123000   -0.0153048500
  -0.0000188500    0.0000009900   -0.0153099600
  -0.0000284700   -0.0000118500   -0.0153268600
   0.0000126600   -0.0000017200   -0.0153348400
  -0.0000235500    0.0000025400   -0.0153185600
  -0.0000258000   -0.0000042400   -0.0153007500
   0.0005445400   -0.0001038200    0.0133996500
  -0.0001638200   -0.0000757000    0.0128965500
  -0.0004032800    0.0006491300    0.0130425900
  -0.0002466700   -0.0023804200    0.0109407700
  -0.0000088900   -0.0000896500    0.0129187900
   0.0001212300    0.0001643900    0.0128737900
  -0.0000383800    0.0006729400    0.0128962400
  -0.0001412100    0.0006812800    0.0132399900
   0.0007224800   -0.0005466500    0.0132207400
   0.0003188600   -0.0000403000    0.0130974200
  -0.0002291700    0.0000000700    0.0129109500
  -0.0009046200   -0.0005473100    0.0130387300
  -0.0005504700    0.0001738600    0.0132839400
   0.0001531300   -0.0003363500    0.0132695600
  -0.0009677900   -0.0004304400    0.0128676000
   0.0035662900    0.0021997400    0.0086030400
  -0.0007595700   -0.0008384900    0.0243876700
  -0.0002775100   -0.0001102700    0.0238018200
   0.0001195800    0.0003257500    0.0239946900
   0.0034356500   -0.0210666600    0.0418772300
  -0.0001194100   -0.0000916800    0.0238476800
   0.0000686300    0.0001994600    0.0237559700
  -0.0002039300    0.0001961700    0.0238321400
   0.0007767400   -0.0013538800    0.0248635900
   0.0006881400    0.0005091800    0.0241914100
  -0.0011119700    0.0002175100    0.0243688700
  -0.0003906900   -0.0000000300    0.0237927400
   0.0003805300   -0.0004874600    0.0243256200
  -0.0019474700    0.0030789800    0.0287248900
  -0.0012721500    0.0014925500    0.0248871000
  -0.0007601300   -0.0000595000    0.0238120500
   0.0341796900    0.0177225000    0.0547296100
   0.0002566800    0.0001875300   -0.0149262100
   0.0000118100    0.0000076100   -0.0153608700
   0.0000111600    0.0000001800   -0.0153705600
  -0.0001099600    0.0000241200   -0.0152988900
  -0.0000058300    0.0000165600   -0.0153621700
   0.0000014200   -0.0000004000   -0.0153694700
  -0.0000135000   -0.0000207000   -0.0153687100
  -0.0000344500    0.0000001200   -0.0153802300
  -0.0000149100    0.0000078800   -0.0153669400
  -0.0000218800   -0.0000135200   -0.0153651000
  -0.0000088700   -0.0000088000   -0.0153629700
  -0.0000131800    0.0000105700   -0.0153721500
  -0.0000680500   -0.0002118000   -0.0151139400
  -0.0000189400   -0.0000090500   -0.0153910100
   0.0000056500   -0.0000028100   -0.0153692500
  -0.0000196800    0.0000085900   -0.0153717600
  -0.0000417700   -0.0000096100   -0.0265156800
   0.0000170000    0.0000171000   -0.0264919200
  -0.0000011400    0.0000034800   -0.0265189700
  -0.0000263400    0.0000000100   -0.0265166000
   0.0000095600    0.0000159100   -0.0264877200
   0.0000042000   -0.0000002700   -0.0265126800
  -0.0000178300   -0.0000112000   -0.0265243800
  -0.0000551900    0.0000095300   -0.0264916900
  -0.0000108200   -0.0000063800   -0.0265024400
  -0.0000205900   -0.0000203600   -0.0265101300
  -0.0000162700   -0.0000093900   -0.0265124400
  -0.0000127400    0.0000069600   -0.0265121300
  -0.0000258000    0.0000083700   -0.0265175800
  -0.0000100900   -0.0000265500   -0.0264818000
  -0.0000004900    0.0000015600   -0.0265113200
  -0.0000269700    0.0000160400   -0.0265005300
  -0.0007484100    0.0000008000    0.0129829300
  -0.0004939300   -0.0001588500    0.0134673700
   0.0003051700    0.0001006500    0.0132198700
   0.0013616800   -0.0008744900    0.0148587600
  -0.0010709900   -0.0005608400    0.0141630200
   0.0000400600    0.0000768400    0.0131166100
   0.0001794500   -0.0001581600    0.0132199200
   0.0007542400   -0.0005314800    0.0141691200
   0.0001327600    0.0000990000    0.0131543100
  -0.0000937700    0.0000802000    0.0131681100
  -0.0000412900   -0.0002005300    0.0132862300
  -0.0000793500   -0.0000849200    0.0131719100
  -0.0001427000    0.0017600700    0.0148549500
  -0.0001761800    0.0003617000    0.0134728600
   0.0000393900   -0.0000690800    0.0131236200
   0.0001856900    0.0001521900    0.0132193100
  -0.0480734800    0.0003060800   -0.0320451500
   0.0064572000   -0.0012456000    0.0195300100
   0.0013969800   -0.0001594600    0.0216869800
   0.0027963500    0.0001948300    0.0222856600
   0.0010567700    0.0048600400    0.0198779500
   0.0001650400    0.0001336800    0.0218473000
   0.0001528000   -0.0001262100    0.0219493000
   0.0001609900   -0.0012029900    0.0219420400
   0.0000976100    0.0007500700    0.0215851100
  -0.0000661500   -0.0000079900    0.0218994200
   0.0003721800   -0.0005920900    0.0217895000
  -0.0000648100    0.0000786500    0.0218982700
  -0.0007407600    0.0002991900    0.0212574800
   0.0019729700   -0.0029080500    0.0205636300
   0.0002285500   -0.0001699100    0.0218940900
   0.0000920600    0.0000897600    0.0219027300

113  
 -0.0060230414797497   0.0000000000000000  -0.0079826669311211
  -0.0001107800   -0.0000002000   -0.0144523600
   0.0000921700   -0.0000532000   -0.0145391200
   0.0000849600   -0.0000141100   -0.0145155800
   0.0000095900   -0.0000009300   -0.0145259400
  -0.0000301400    0.0001339100   -0.0145546400
   0.0000528700    0.0000387100   -0.0145250000
   0.0000174200   -0.0000186100   -0.0145194400
  -0.0000248900   -0.0000360600   -0.0145097800
   0.0000018600    0.0000479500   -0.0145098000
  -0.0000144100   -0.0000205300   -0.0145223300
   0.0000259700   -0.0000340400   -0.0145209400
   0.0000323800    0.0000312300   -0.0145140700
  -0.0000831300   -0.0000097300   -0.0145481900
   0.0000044900   -0.0000346000   -0.0145168200
   0.0000844600   -0.0000299800   -0.0145113700
   0.0000302300   -0.0000011700   -0.0145175100
   0.0000073200    0.0000000200   -0.0152053200
  -0.0000186700    0.0000264700   -0.0151476300
   0.0000270200    0.0000060400   -0.0152109200
   0.0000125100    0.0000012100   -0.0152285600
   0.0000114200   -0.0000357900   -0.0151516100
   0.0000117100    0.0000021400   -0.0151946600
   0.0000206400   -0.0000074400   -0.0152277100
   0.0000026200   -0.0000052500   -0.0152248600
   0.0000162400    0.0000062000   -0.0152082600
   0.0000080400    0.0000052000   -0.0152110900
   0.0000053700   -0.0000124700   -0.0152140100
   0.0000152400   -0.0000014800   -0.0152088200
   0.0000240000    0.0000116300   -0.0151922600
  -0.0000154800    0.0000010400   -0.0151842400
   0.0000199600   -0.0000026500   -0.0151995000
   0.0000223100    0.0000040800   -0.0152175200
  -0.0005482500    0.0001073200    0.0118888800
   0.0001609300    0.0000744200    0.0123922400
   0.0003965200   -0.0006543400    0.0122434500
   0.0002554300    0.0023917500    0.0143198800
   0.0000038400    0.0000907000    0.0123693700
  -0.0001257100   -0.0001654800    0.0124146200
   0.0000359000   -0.0006706800    0.0123935300
   0.0001382300   -0.0006795400    0.0120490900
  -0.0007357300    0.0005463200    0.0120658000
  -0.0003172300    0.0000378100    0.0121931800
   0.0002270500    0.0000003200    0.0123778100
   0.0009044000    0.0005498600    0.0122493100
   0.0005386600   -0.0001649400    0.0119766900
  -0.0001513600    0.0003332600    0.0120212600
   0.0009676600    0.0004304700    0.0124222700
  -0.0036100700   -0.0022333100    0.0166688700
   0.0007631600    0.0008332600    0.0226353000
   0.0002744300    0.0001072300    0.0232210300
  -0.0001285800   -0.0003232000    0.0230277400
  -0.0033801800    0.0213519300    0.0051506600
   0.0001171600    0.0000906200    0.0231755100
  -0.0000711700   -0.0001997400    0.0232665200
   0.0002000600   -0.0001961000    0.0231906300
  -0.0007819300    0.0013584800    0.0221527600
  -0.0006843700   -0.0005129900    0.0228317300
   0.0011061900   -0.0002188900    0.0226559500
   0.0003863200    0.0000002100    0.0232301100
  -0.0003914900    0.0004892900    0.0226862300
   0.0018110900   -0.0030263700    0.0184336000
   0.0012707300   -0.0014860700    0.0221394600
   0.0007552100    0.0000599800    0.0232073200
  -0.0355459300   -0.0186006600   -0.0084412900
  -0.0002520700   -0.0001822700   -0.0157782700
  -0.0000157000   -0.0000081500   -0.0153581200
  -0.0000146700   -0.0000007400   -0.0153462600
   0.0001064600   -0.0000244300   -0.0154205500
   0.0000019300   -0.0000171900   -0.0153564700
  -0.0000051500   -0.0000001400   -0.0153489300
   0.0000098900    0.0000206200   -0.0153477000
   0.0000312700    0.0000000600   -0.0153362500
   0.0000115400   -0.0000084200   -0.0153503100
   0.0000184900    0.0000132200   -0.0153546800
   0.0000052500    0.0000083100   -0.0153547200
   0.0000094800   -0.0000111300   -0.0153448400
   0.0000639700    0.0002070700   -0.0156004100
   0.0000158000    0.0000090200   -0.0153272200
  -0.0000095500    0.0000023600   -0.0153515400
   0.0000156800   -0.0000087800   -0.0153474600
   0.0000381900    0.0000089400   -0.0264918300
  -0.0000199800   -0.0000170700   -0.0265172700
  -0.0000028500   -0.0000040600   -0.0264923700
   0.0000230800   -0.0000005100   -0.0264943600
  -0.0000124400   -0.0000158600   -0.0265213500
  -0.0000076500   -0.0000000700   -0.0264957000
   0.0000142200    0.0000115500   -0.0264889600
   0.0000514200   -0.0000097100   -0.0265173000
   0.0000077400    0.0000055500   -0.0265098900
   0.0000167900    0.0000197500   -0.0265006500
   0.0000123800    0.0000090600   -0.0264982700
   0.0000093500   -0.0000073500   -0.0264992800
   0.0000224000   -0.0000090700   -0.0264946600
   0.0000064900    0.0000256700   -0.0265265000
  -0.0000034600   -0.0000020000   -0.0264975800
   0.0000233600   -0.0000162400   -0.0265071200
   0.0007487400    0.0000010500    0.0141286000
   0.0004863800    0.0001558900    0.0136358900
  -0.0003101600   -0.0000995100    0.0138794400
  -0.0013783100    0.0008857300    0.0122302500
   0.0010719900    0.0005621200    0.0129397300
  -0.0000437800   -0.0000779700    0.0139858000
  -0.0001829200    0.0001578500    0.0138830500
  -0.0007594200    0.0005305000    0.0129324200
  -0.0001361900   -0.0001008100    0.0139457700
   0.0000908500   -0.0000804700    0.0139344500
   0.0000367900    0.0002000000    0.0138139300
   0.0000749500    0.0000841700    0.0139303400
   0.0001424300   -0.0017804200    0.0122331200
   0.0001725400   -0.0003565900    0.0136346500
  -0.0000439800    0.0000683400    0.0139776900
  -0.0001902400   -0.0001537300    0.0138815000
   0.0499722400    0.0002904300    0.0684939600
  -0.0064241800    0.0012441900    0.0249721800
  -0.0013965700    0.0001592400    0.0228330800
  -0.0028255300   -0.0001972000    0.0222330400
  -0.0010764800   -0.0048820600    0.0246324300
  -0.0001717300   -0.0001335100    0.0226691800
  -0.0001566100    0.0001255800    0.0225677100
  -0.0001589400    0.0012037400    0.0225771400
  -0.0000973600   -0.0007500100    0.0229405200
   0.0000601900    0.0000079800    0.0226194300
  -0.0003746600    0.0005899800    0.0227263200
   0.0000608700   -0.0000794000    0.0226182000
   0.0007560700   -0.0002734500    0.0232641000
  -0.0019765300    0.0029034500    0.0239464000
  -0.0002320100    0.0001687400    0.0226230100
  -0.0000943900   -0.0000902900    0.0226138500
