150  
6    

1    
  0.0063449343826994   0.0000000000000000   0.0077292824815269
  -0.1317046400   -0.0003066100   -0.1862645100
   0.0035783700    0.0064639600   -0.0027205700
   0.0012799400   -0.0000496200    0.0014095600
   0.0007299200    0.0000374100    0.0013555700
   0.0031509100   -0.0064798300   -0.0025388700
   0.0021001400   -0.0055861200   -0.0027588900
  -0.0001126400   -0.0007180900    0.0018810700
   0.0000600400   -0.0001054000    0.0011390300
   0.0005439200    0.0003304600    0.0018330800
   0.0020387100    0.0058618900   -0.0025026500
   0.0001134200    0.0008707800    0.0013799600
  -0.0000344100    0.0000554400    0.0011190700
   0.0001458800    0.0000504100    0.0011596400
  -0.0001501600   -0.0003963900    0.0013829100
   0.0011237700   -0.0003010600    0.0019161300
  -0.0001563700    0.0003157700    0.0013546200
   0.0011231600    0.0003764700    0.0018579100
   0.0001214800   -0.0007793000    0.0014110000
   0.0000278200   -0.0000185100    0.0011285000
   0.0000822100   -0.0000138600    0.0011108800
   0.0019647700    0.0071328800   -0.0026658600
   0.0021734800   -0.0073050900   -0.0025915600
  -0.0000433300    0.0006741100    0.0019517300
   0.0000592300    0.0000298300    0.0011195400
   0.0004743500   -0.0003743300    0.0018822100
   0.0000735400    0.0000298200    0.0017109800
  -0.0000878700    0.0001299500    0.0020923100
   0.0000099300   -0.0006778200    0.0021092700
   0.0001081500    0.0001249700    0.0021316900
  -0.0000499300    0.0000390400    0.0014613000
   0.0000923100   -0.0001574000    0.0020725100
   0.0000559200    0.0000463500    0.0016659000
  -0.0000794500    0.0000334200    0.0016660200
  -0.0000334000   -0.0001397200    0.0021527600
  -0.0000438200    0.0006225500    0.0021870500
  -0.0005646000    0.0003321000    0.0021209600
  -0.0000228100   -0.0000778200    0.0016662200
   0.0006066200    0.0003446400    0.0020985800
   0.0000990700    0.0001611700    0.0016417100
  -0.0000616600    0.0001688800    0.0016262900
   0.0001857600    0.0000092400    0.0020926400
  -0.0001357000    0.0000319300    0.0021332800
   0.0001901100   -0.0000114400    0.0016429100
   0.0000167500   -0.0000008000    0.0016682500
  -0.0001746900   -0.0000154900    0.0016245200
   0.0000201000   -0.0000724900    0.0015864500
   0.0005737100   -0.0003573000    0.0022081700
   0.0001174500   -0.0001444400    0.0016355500
  -0.0000880400   -0.0001582400    0.0016318500
  -0.0005018000   -0.0002650700    0.0021673800
   0.0018678800   -0.0033898200    0.0213746000
  -0.0006110600    0.0016680300    0.0123901300
   0.0000495900    0.0006482800    0.0024043100
   0.0011495300    0.0029665300    0.0118597500
   0.0455945400   -0.0218494200    0.0572183800
   0.0016301800   -0.0015312200    0.0122759700
   0.0010590500    0.0006275400    0.0068861000
  -0.0011712300    0.0006604600    0.0069095700
  -0.0015025100   -0.0023161000    0.0119759900
  -0.0022452900   -0.0014699900    0.0043656500
   0.0005855700   -0.0003103100    0.0024625400
  -0.0000276100   -0.0012888300    0.0068993000
  -0.0005372000   -0.0003398100    0.0023477300
  -0.0003529500   -0.0004884500    0.0053181700
   0.0003815000   -0.0005513300    0.0052916700
   0.0028384000   -0.0007372800    0.0120156900
  -0.0020607200   -0.0000515700    0.0122458900
  -0.0007497000   -0.0000182800    0.0053550800
  -0.0000458100   -0.0000010900    0.0051584500
   0.0005163400   -0.0000976600    0.0052557300
   0.0077448100    0.0253720100    0.0394478300
  -0.0008810700   -0.0007934800    0.0040338600
  -0.0003800800    0.0006881700    0.0053408700
   0.0001544300    0.0004693800    0.0052680600
   0.0016653900    0.0022516000    0.0046938300
   0.0475227200    0.0230944600    0.0508734000
  -0.0022067100    0.0046561700   -0.0017441600
   0.0000304900    0.0049298100    0.0018485900
   0.0027360400    0.0058609800   -0.0011814800
   0.0011869200    0.0036673400    0.0134264200
   0.0033910400   -0.0043843100   -0.0015952800
  -0.0015300000   -0.0008816800    0.0007472300
   0.0014343300   -0.0008298700    0.0007018500
  -0.0032463300   -0.0051595400   -0.0013322700
  -0.0022290400   -0.0036622200    0.0033380700
   0.0042794000   -0.0024540400    0.0017911200
  -0.0000028800    0.0017105800    0.0007230300
  -0.0042591500   -0.0024778100    0.0019038000
  -0.0007341200   -0.0008067900   -0.0028918500
   0.0007575600   -0.0009162100   -0.0028793900
   0.0061464000   -0.0008155000   -0.0013190700
  -0.0054375700   -0.0001593400   -0.0016186600
  -0.0012233500   -0.0001969000   -0.0029539500
  -0.0000310000   -0.0000011100   -0.0073473600
   0.0010131700   -0.0002335300   -0.0028188000
   0.0075305100   -0.0266168700    0.0319871700
  -0.0027465400    0.0002928700    0.0037826100
  -0.0004833700    0.0011971100   -0.0029464100
   0.0002636800    0.0009581700   -0.0028240300
   0.0035972100    0.0033573200    0.0028974700
   0.0002518000    0.0000005500   -0.0008591000
  -0.0011126300    0.0001892700   -0.0057716800
   0.0017546000    0.0006750800    0.0041525900
  -0.0017444900    0.0006786500    0.0041527000
   0.0011811900    0.0003156600   -0.0058470800
  -0.0003360600   -0.0011434300   -0.0056968400
   0.0001385000    0.0000787900   -0.0013164700
   0.0000041500    0.0012446300   -0.0005405400
  -0.0001251100    0.0000720900   -0.0013867400
   0.0003732400   -0.0010970400   -0.0059224600
   0.0014769400    0.0011904200    0.0041515600
   0.0010795500   -0.0006209600   -0.0005400200
  -0.0010785300   -0.0006250800   -0.0005386100
  -0.0014429700    0.0011628300    0.0041523900
  -0.0000221800   -0.0004697800   -0.0010234900
  -0.0002880700   -0.0018709300    0.0041528400
   0.0000008100   -0.0001522100   -0.0013493200
   0.0002895800   -0.0018346100    0.0041540900
   0.0000754400    0.0000497400    0.0000243100
  -0.0000762700    0.0000375700    0.0000459900
   0.0008936700    0.0008606600   -0.0057351200
  -0.0006910500    0.0008736700   -0.0058848300
  -0.0004520900    0.0002476300   -0.0010653900
  -0.0000107900   -0.0000880300    0.0000344000
   0.0003628600    0.0002219500   -0.0009804400
   0.0000107700    0.0000000800   -0.0160393200
  -0.0001763400    0.0001447400   -0.0057698700
   0.0070785500    0.0002026300   -0.0079076900
  -0.0070708000    0.0002042200   -0.0079138400
   0.0001918400    0.0001226400   -0.0057802200
   0.0000317800   -0.0002281900   -0.0057736600
   0.0036467600    0.0021062500   -0.0113784000
   0.0000043100   -0.0037344400   -0.0057160900
  -0.0036471500    0.0021037800   -0.0113856500
  -0.0000161100   -0.0002261000   -0.0057748600
   0.0037144400    0.0060235300   -0.0079099800
  -0.0032259100    0.0018650800   -0.0057179200
   0.0032396300    0.0018679100   -0.0057162800
  -0.0037111100    0.0060259100   -0.0079100900
   0.0000025700    0.0044272700   -0.0109736100
  -0.0033566600   -0.0062257000   -0.0079142100
  -0.0000026200   -0.0042114600   -0.0113841800
   0.0033660500   -0.0062299800   -0.0079082400
  -0.0029062300   -0.0016783100   -0.0062346400
   0.0029056100   -0.0016770400   -0.0062320500
   0.0002069800    0.0000983600   -0.0057791600
  -0.0002087000    0.0000866900   -0.0057705700
   0.0038299900   -0.0022101900   -0.0109695200
   0.0000009600    0.0033549600   -0.0062321800
  -0.0038377300   -0.0022174200   -0.0109777300

1    
 -0.0063449343826994   0.0000000000000000  -0.0077292824815269
   0.1305690100   -0.0003289400    0.1892116700
  -0.0034431700   -0.0063702500    0.0047990700
  -0.0006683000    0.0000802900    0.0006420600
  -0.0013272500   -0.0000061700    0.0006767600
  -0.0032684700    0.0065759200    0.0044866600
  -0.0020908300    0.0055514500    0.0047153000
  -0.0004662100    0.0003687600    0.0015678300
  -0.0000552900   -0.0000777700    0.0011653300
   0.0000539300   -0.0006778700    0.0016146300
  -0.0020365900   -0.0058975800    0.0045727900
   0.0002178300   -0.0003708300    0.0006649800
  -0.0001151700    0.0000314100    0.0011839900
   0.0000206200    0.0000400900    0.0011447400
  -0.0001675700    0.0008926500    0.0006522300
  -0.0011144800   -0.0002360800    0.0016487200
  -0.0001094900   -0.0008505100    0.0006837900
  -0.0011126300    0.0002970500    0.0015911500
   0.0001560500    0.0002459100    0.0006368300
  -0.0001203400   -0.0000431200    0.0011335900
   0.0000273300   -0.0000480700    0.0011545300
  -0.0019247700   -0.0070948400    0.0045602800
  -0.0021989400    0.0073400300    0.0047297100
  -0.0004062100   -0.0004049200    0.0016294600
  -0.0000509900    0.0000868100    0.0011448900
  -0.0000122300    0.0006392600    0.0016713800
  -0.0002434800   -0.0001347400    0.0015964300
  -0.0000506300    0.0002081800    0.0020653300
  -0.0000027900   -0.0007107000    0.0020102500
   0.0000536700    0.0002131900    0.0020306200
   0.0002295600   -0.0001408600    0.0018378100
   0.0001341100   -0.0001430600    0.0020865500
   0.0000883600    0.0000283800    0.0015539600
  -0.0000428900    0.0000447000    0.0015582600
  -0.0001777600   -0.0001630300    0.0020108700
   0.0000456700    0.0005611800    0.0019872500
  -0.0006292700    0.0003605100    0.0020001500
   0.0000352100   -0.0000775900    0.0015567200
   0.0006005000    0.0003467100    0.0020226400
   0.0000507300    0.0001508800    0.0015778000
  -0.0000752500    0.0001459800    0.0015929000
   0.0001922400   -0.0000445900    0.0020705600
  -0.0002249900   -0.0000720600    0.0020267000
   0.0001580200   -0.0000229600    0.0015731200
  -0.0000062200    0.0000007800    0.0016295000
  -0.0001633100   -0.0000146800    0.0015944400
  -0.0000132800    0.0002768200    0.0017147800
   0.0004571300   -0.0002357900    0.0019651500
   0.0000917700   -0.0001320000    0.0015819000
  -0.0001043100   -0.0001216100    0.0015871300
  -0.0005149300   -0.0003229900    0.0020105800
  -0.0023576100    0.0030922900   -0.0063640100
  -0.0004359000    0.0027198800    0.0110130500
  -0.0000416400    0.0006468300    0.0023692400
  -0.0001194600    0.0014406700    0.0115317900
  -0.0469155600    0.0226454200   -0.0439792600
   0.0016558400   -0.0015689500    0.0111438500
   0.0011664300    0.0006527800    0.0068344100
  -0.0010384200    0.0006197800    0.0068097600
  -0.0017866900   -0.0007892700    0.0114058500
   0.0022309900    0.0009328200    0.0013633100
   0.0005427200   -0.0003380000    0.0023115900
   0.0000350300   -0.0012743000    0.0068215200
  -0.0005749400   -0.0003080600    0.0024323300
  -0.0005313600   -0.0003288200    0.0053385100
   0.0005177200   -0.0002657500    0.0053677500
   0.0014937500   -0.0005710300    0.0114049600
  -0.0022690200   -0.0012319500    0.0111508200
  -0.0003961700   -0.0003411800    0.0053049700
   0.0000549800    0.0000006100    0.0051916000
   0.0006427100   -0.0002694500    0.0054055100
  -0.0077030700   -0.0255891900   -0.0250115800
   0.0003905200    0.0010569000    0.0016872500
   0.0001217600    0.0004916000    0.0053197500
   0.0001111600    0.0007130900    0.0053914000
  -0.0012260500   -0.0020010400    0.0010333900
  -0.0433501100   -0.0206624800   -0.0487730700
  -0.0033542200    0.0059726800   -0.0021739400
  -0.0000222700    0.0049548900    0.0017987000
   0.0028747700    0.0047446600   -0.0027418800
  -0.0035260900   -0.0023229300   -0.0131074000
   0.0030304200   -0.0057685700   -0.0023141500
  -0.0014055700   -0.0008189800    0.0005988600
   0.0015122700   -0.0008665400    0.0006466200
  -0.0031352900   -0.0049876400   -0.0026066700
   0.0022587300   -0.0063695800    0.0006328500
   0.0042856800   -0.0024879900    0.0018514200
   0.0000120200    0.0016835000    0.0006231000
  -0.0042935300   -0.0024663300    0.0017400000
  -0.0005542200   -0.0011183200   -0.0028526400
   0.0005485900   -0.0010074300   -0.0028648800
   0.0058587000    0.0003587800   -0.0025997100
  -0.0065378000   -0.0003209600   -0.0023269700
  -0.0010828200    0.0000346400   -0.0027958200
   0.0000385800    0.0000003900   -0.0073749700
   0.0013090200    0.0000728400   -0.0029255400
  -0.0075555900    0.0231187200   -0.0310894300
  -0.0058965700    0.0047026300    0.0001884200
  -0.0005243600    0.0008897700   -0.0028018600
   0.0007634600    0.0011273500   -0.0029201100
   0.0051341900    0.0016548500    0.0010849000
  -0.0002411300   -0.0000001400    0.0005045100
  -0.0012229300    0.0005775000   -0.0063304200
   0.0017423800    0.0007006900    0.0041579600
  -0.0017346900    0.0006975400    0.0041564200
   0.0011650200    0.0004503100   -0.0062471800
  -0.0001643300   -0.0012674400   -0.0064031900
   0.0000416700    0.0000192800   -0.0013599300
   0.0000049100    0.0012378900   -0.0005151300
  -0.0000381300    0.0000261800   -0.0012898800
   0.0001384900   -0.0013151100   -0.0061715000
   0.0014650000    0.0011429700    0.0041574900
   0.0010804800   -0.0006207800   -0.0005128500
  -0.0010651400   -0.0006174000   -0.0005145700
  -0.0014845300    0.0011682100    0.0041562100
   0.0000292800   -0.0004832400   -0.0009296800
  -0.0002567500   -0.0018363300    0.0041566900
   0.0000076800   -0.0000465700   -0.0013242300
   0.0002707900   -0.0018739100    0.0041584400
   0.0000910300    0.0000420200    0.0000140300
  -0.0000754300    0.0000548200   -0.0000081200
   0.0009462900    0.0007843800   -0.0063634500
  -0.0011394600    0.0007725600   -0.0062143700
  -0.0003655300    0.0002284500   -0.0008852800
   0.0000194500   -0.0000952600    0.0000046300
   0.0004712100    0.0002561800   -0.0009714000
  -0.0000058400   -0.0000004500   -0.0158892900
  -0.0001786800    0.0000777800   -0.0057810800
   0.0070865400    0.0001859300   -0.0078890800
  -0.0070775200    0.0001843100   -0.0078813100
   0.0001789900    0.0001001400   -0.0057741100
  -0.0000133300   -0.0001975100   -0.0057775500
   0.0036612300    0.0021074800   -0.0113826800
   0.0000047100   -0.0037249000   -0.0056803100
  -0.0036455700    0.0021107000   -0.0113762500
   0.0000103500   -0.0002018400   -0.0057795400
   0.0037069200    0.0060422100   -0.0078855900
  -0.0032236300    0.0018642700   -0.0056812600
   0.0032260700    0.0018600400   -0.0056827500
  -0.0036960000    0.0060374800   -0.0078846900
   0.0000042900    0.0044466200   -0.0109511400
  -0.0033779900   -0.0062276000   -0.0078814400
   0.0000102000   -0.0042193900   -0.0113802300
   0.0033835000   -0.0062239600   -0.0078892600
  -0.0028964300   -0.0016754500   -0.0062033800
   0.0029118100   -0.0016770400   -0.0062056600
   0.0001741700    0.0001061400   -0.0057735600
  -0.0001596900    0.0001168600   -0.0057829700
   0.0038632800   -0.0022276900   -0.0109559900
   0.0000069300    0.0033540700   -0.0062055700
  -0.0038392900   -0.0022180400   -0.0109479300

51   
  0.0063449343826994   0.0000000000000000   0.0077292824815269
   0.0018376900   -0.0034196400    0.0163277400
   0.0473960500   -0.0229642100    0.0522668800
   0.0002407600   -0.0002674200    0.0016868200
  -0.0002810900    0.0000739000    0.0009809000
   0.0006209000    0.0002699500    0.0010833700
   0.0076881800    0.0260334800    0.0334241800
   0.0004628000    0.0015602400    0.0040352700
  -0.0001884300   -0.0002047800    0.0011802600
   0.0001912500   -0.0001966800    0.0015287100
  -0.0000119000   -0.0013951500    0.0015821500
   0.0003835700    0.0005354900    0.0016232400
  -0.0002928200   -0.0000985100    0.0011157200
  -0.0000005200    0.0000219700    0.0010759900
  -0.0002559700    0.0003169700    0.0008908500
   0.0005007600   -0.0011393100    0.0019261300
  -0.0000703100   -0.0003166700    0.0009816100
  -0.0000379200    0.0004118700    0.0015757000
   0.0001319900   -0.0002684900    0.0010023700
  -0.0001339100   -0.0001101000    0.0010905500
  -0.0000103800   -0.0000374500    0.0011139000
   0.0002479100   -0.0002318100    0.0013131000
  -0.0023347900   -0.0004242500    0.0024451900
  -0.0003603400    0.0008928200    0.0022184600
  -0.0000763200    0.0000423400    0.0011078500
   0.0001247500    0.0000818600    0.0017693400
  -0.0001114100   -0.0000764700    0.0015450200
  -0.0000950300    0.0001400400    0.0020478200
  -0.0000268300   -0.0007242200    0.0020108200
   0.0000422900    0.0001449200    0.0020381300
   0.0000546500   -0.0000784200    0.0016205700
   0.0000842600   -0.0001563000    0.0020638300
   0.0000371600    0.0000187900    0.0015741100
  -0.0000970100    0.0000138200    0.0015607100
  -0.0001475400   -0.0001749000    0.0020503400
  -0.0000267700    0.0005626300    0.0020403800
  -0.0006320700    0.0003262400    0.0020190400
  -0.0000275600   -0.0001033000    0.0015580300
   0.0005733600    0.0003239500    0.0020139000
   0.0000381900    0.0001351900    0.0015577300
  -0.0001013900    0.0001370600    0.0015648600
   0.0001520800   -0.0000472600    0.0020431600
  -0.0002221200   -0.0000498600    0.0020479900
   0.0001448000   -0.0000446100    0.0015544200
  -0.0000340300   -0.0000257700    0.0016011600
  -0.0002035400   -0.0000424600    0.0015632100
  -0.0000407400    0.0000667500    0.0016355000
   0.0004826500   -0.0003177500    0.0020383500
   0.0000678500   -0.0001620400    0.0015570300
  -0.0001336000   -0.0001627100    0.0015624200
  -0.0005539700   -0.0003263200    0.0020498300
  -0.0627294300    0.0038288500   -0.0882208000
   0.0037943300    0.0021155700    0.0098812200
  -0.0000217300    0.0005786600    0.0022037000
   0.0005196500    0.0020895800    0.0115027500
   0.0059077800    0.0000816400    0.0045511800
   0.0021182800    0.0003441700    0.0096514400
   0.0009727000    0.0005647900    0.0067719300
  -0.0010811100    0.0006222800    0.0067780300
  -0.0017919600   -0.0015154200    0.0117894200
   0.0010553900   -0.0035502900    0.0001051200
   0.0004827500   -0.0003414300    0.0021536500
   0.0000074200   -0.0012920700    0.0067686900
  -0.0005667700   -0.0003683500    0.0023148300
  -0.0003995800   -0.0003967400    0.0051780100
   0.0003946000   -0.0003153400    0.0053289500
   0.0020951000   -0.0006113500    0.0114644800
  -0.0022123900   -0.0006845600    0.0117038700
  -0.0005424200   -0.0001875200    0.0051883900
   0.0000122700   -0.0000349200    0.0050850500
   0.0005652800   -0.0001850000    0.0052496000
   0.0012080100    0.0031107600    0.0049049600
   0.0000943900   -0.0016116200    0.0006868600
  -0.0001702300    0.0005583300    0.0053248500
   0.0001590600    0.0005515100    0.0052429800
  -0.0000082000   -0.0000014500    0.0028733400
  -0.0006482900    0.0006706500    0.0106406100
  -0.0010632500    0.0068261300   -0.0006458800
   0.0000030600    0.0050032700    0.0017696800
   0.0027750200    0.0051642600   -0.0020193400
  -0.0017571900    0.0010698900   -0.0004448300
   0.0039916800   -0.0044779900   -0.0017747500
  -0.0014265200   -0.0008271100    0.0004957500
   0.0014435600   -0.0008786500    0.0006354700
  -0.0030922200   -0.0051808100   -0.0022529300
  -0.0020329000   -0.0046568300    0.0025276800
   0.0041994200   -0.0025421300    0.0017887700
  -0.0000230600    0.0016726400    0.0006458400
  -0.0042967300   -0.0024900200    0.0017740600
  -0.0007080100   -0.0009057500   -0.0029482300
   0.0006233600   -0.0009544700   -0.0031080500
   0.0059011700   -0.0001239300   -0.0020016900
  -0.0060309200   -0.0002244200   -0.0021984300
  -0.0012085000   -0.0002441400   -0.0029483900
  -0.0000050300   -0.0000151300   -0.0074005600
   0.0011289000   -0.0001041500   -0.0029129000
  -0.0003377200   -0.0016257100   -0.0006209200
  -0.0052344000   -0.0002753000    0.0034813200
  -0.0004091700    0.0009458300   -0.0031476100
   0.0004850900    0.0010045500   -0.0029112100
   0.0043901400    0.0025232000    0.0017851500
  -0.0000144300   -0.0000161600   -0.0002175400
  -0.0012210200    0.0003714400   -0.0061032100
   0.0016853200    0.0006810700    0.0041122800
  -0.0017682300    0.0006617000    0.0041181900
   0.0011443500    0.0003693800   -0.0060941400
  -0.0002837100   -0.0012511500   -0.0060947600
   0.0000468400    0.0000253400   -0.0014449600
  -0.0000385900    0.0012162900   -0.0005734000
  -0.0001039100    0.0000278900   -0.0013627800
   0.0002154400   -0.0012320000   -0.0060756800
   0.0014400400    0.0011235000    0.0041112400
   0.0010407100   -0.0006567500   -0.0005692900
  -0.0011026700   -0.0006456100   -0.0005618300
  -0.0014952600    0.0011328200    0.0041258600
  -0.0000357800   -0.0005269000   -0.0010268900
  -0.0003056400   -0.0018768900    0.0041131300
  -0.0000198800   -0.0001145100   -0.0013693500
   0.0002422700   -0.0018731900    0.0041158700
   0.0000522900    0.0000191100   -0.0000148500
  -0.0001104000    0.0000207100   -0.0000175200
   0.0008953100    0.0007960700   -0.0060901700
  -0.0009591500    0.0007975200   -0.0061132700
  -0.0004760900    0.0002293800   -0.0010227000
  -0.0000212400   -0.0001214800   -0.0000113900
   0.0003908500    0.0002193300   -0.0010160200
  -0.0000267300   -0.0000194500   -0.0159916100
  -0.0002139300    0.0000846800   -0.0058061900
   0.0070489000    0.0001679700   -0.0079429800
  -0.0071033200    0.0001688200   -0.0079434600
   0.0001566100    0.0000850300   -0.0058210500
  -0.0000318500   -0.0002425200   -0.0058023800
   0.0036166400    0.0020813900   -0.0114251800
  -0.0000290400   -0.0037539800   -0.0057450700
  -0.0036764100    0.0020823300   -0.0114294600
  -0.0000350600   -0.0002420800   -0.0058197500
   0.0036774600    0.0060085800   -0.0079405200
  -0.0032585700    0.0018390200   -0.0057445700
   0.0031998100    0.0018395800   -0.0057436400
  -0.0037356600    0.0060053700   -0.0079464700
  -0.0000252800    0.0044107500   -0.0110045700
  -0.0033993900   -0.0062508000   -0.0079410300
  -0.0000274900   -0.0042387800   -0.0114280100
   0.0033407500   -0.0062516700   -0.0079460800
  -0.0029328500   -0.0017039100   -0.0062639400
   0.0028769600   -0.0017044500   -0.0062637000
   0.0001595300    0.0000805900   -0.0058212400
  -0.0002229700    0.0000803600   -0.0058219400
   0.0038153800   -0.0022407800   -0.0110063300
  -0.0000287900    0.0033308000   -0.0062662000
  -0.0038683900   -0.0022412000   -0.0110071200

51   
 -0.0063449343826994   0.0000000000000000  -0.0077292824815269
  -0.0017668700    0.0034390000   -0.0118557500
  -0.0456944800    0.0219080600   -0.0483782900
   0.0003480300    0.0002810300    0.0002898700
  -0.0003553800   -0.0000635500    0.0009947700
  -0.0005373400   -0.0002643800    0.0008727400
  -0.0077375100   -0.0255948700   -0.0309860100
  -0.0011234900   -0.0019223800   -0.0006272800
   0.0001429300   -0.0000025900    0.0010537000
   0.0003544400   -0.0001586200    0.0018490800
   0.0000032200    0.0012236000    0.0003336100
  -0.0000762600   -0.0000278500    0.0003530900
   0.0000871500    0.0001729000    0.0011188300
   0.0001173700    0.0000541500    0.0011585100
  -0.0001144500    0.0001645000    0.0010811800
  -0.0005491000    0.0006093100    0.0015882900
  -0.0002394200   -0.0002302900    0.0009936400
  -0.0000017600    0.0002502600    0.0018022700
   0.0000951500   -0.0002773500    0.0009691100
  -0.0000099800    0.0000363200    0.0011065800
   0.0000781600   -0.0000382300    0.0010841300
  -0.0001969500    0.0003114700    0.0006347200
   0.0021635600    0.0005331800   -0.0005105000
  -0.0001303300   -0.0006588400    0.0012876900
   0.0000350400    0.0000607800    0.0010889100
   0.0002916400    0.0001587200    0.0017304100
  -0.0001057900   -0.0000457600    0.0017224600
  -0.0000949600    0.0001806500    0.0020841400
  -0.0000144100   -0.0006818900    0.0020788600
   0.0000714600    0.0001760800    0.0020942500
   0.0000827500   -0.0000435500    0.0016485600
   0.0000958000   -0.0001621100    0.0020664600
   0.0000568800    0.0000408700    0.0016161700
  -0.0000768300    0.0000470800    0.0016306000
  -0.0001104100   -0.0001456400    0.0020827800
  -0.0000134300    0.0006015600    0.0021020600
  -0.0006073200    0.0003485900    0.0020708200
  -0.0000113400   -0.0000691600    0.0016333700
   0.0005856000    0.0003512600    0.0020758800
   0.0000642400    0.0001576300    0.0016295800
  -0.0000795800    0.0001565700    0.0016222100
   0.0001796100   -0.0000115000    0.0020896000
  -0.0001883800   -0.0000073000    0.0020851000
   0.0001550700   -0.0000074200    0.0016316800
  -0.0000037600    0.0000071600    0.0016643200
  -0.0001775500   -0.0000108400    0.0016246900
   0.0000016300    0.0001200400    0.0016330200
   0.0005000300   -0.0002918500    0.0021042000
   0.0000920000   -0.0001326600    0.0016274900
  -0.0001062200   -0.0001343700    0.0016248000
  -0.0005078500   -0.0002815300    0.0020935300
   0.0662755400   -0.0008678000    0.1064409400
  -0.0047909400    0.0022501800    0.0134413500
  -0.0000185400    0.0006999600    0.0025221400
   0.0004799100    0.0022889400    0.0118550900
  -0.0055562300   -0.0003470700    0.0104771500
   0.0011059000   -0.0034451400    0.0136748800
   0.0012036000    0.0006931100    0.0068968100
  -0.0011749800    0.0006410100    0.0068985900
  -0.0015388600   -0.0015937900    0.0115681800
  -0.0010879100    0.0029748300    0.0055646000
   0.0005970000   -0.0003243100    0.0025710800
  -0.0000435200   -0.0012854700    0.0069102100
  -0.0005955700   -0.0002989500    0.0024148400
  -0.0005287600   -0.0004451100    0.0054293400
   0.0004579200   -0.0005239200    0.0052824000
   0.0021891200   -0.0007081100    0.0118978700
  -0.0021491800   -0.0006395000    0.0116571900
  -0.0006517900   -0.0001940200    0.0054234200
  -0.0000494800    0.0000151900    0.0052160500
   0.0005475900   -0.0001977000    0.0053623500
  -0.0012433400   -0.0026101500    0.0101114100
  -0.0006112000    0.0018572700    0.0049650400
  -0.0001354400    0.0006066600    0.0052871100
   0.0000646400    0.0006094900    0.0053655200
   0.0004409600    0.0002533700    0.0028160800
   0.0029865200    0.0007012500   -0.0102827600
  -0.0045475500    0.0037614500   -0.0033160600
  -0.0000430100    0.0048657000    0.0018261700
   0.0027672900    0.0054344600   -0.0019596700
  -0.0006691500    0.0002855200    0.0006447300
   0.0023377000   -0.0056805900   -0.0022161400
  -0.0015459000   -0.0008874900    0.0008016400
   0.0014595100   -0.0008367000    0.0006568600
  -0.0033538200   -0.0049756200   -0.0017198100
   0.0019853200   -0.0053939600    0.0013907600
   0.0043192300   -0.0024164600    0.0018077500
  -0.0000126500    0.0017070600    0.0006452700
  -0.0043044700   -0.0024719100    0.0018168300
  -0.0006285200   -0.0010389200   -0.0028493500
   0.0006371700   -0.0009876000   -0.0026912900
   0.0060423400   -0.0003694200   -0.0019799000
  -0.0059913200   -0.0002742100   -0.0017801700
  -0.0011485000    0.0000627800   -0.0028517300
  -0.0000321100   -0.0000051100   -0.0073738400
   0.0011457200   -0.0000767700   -0.0028863200
   0.0002940300   -0.0011511300    0.0008169300
  -0.0035034500    0.0052294100    0.0004637500
  -0.0006511300    0.0011252800   -0.0026536300
   0.0004946400    0.0010624600   -0.0028851700
   0.0042594400    0.0024716800    0.0021266000
  -0.0000261500   -0.0000028400   -0.0001935400
  -0.0011545300    0.0003755300   -0.0060372500
   0.0017625600    0.0006765300    0.0041501300
  -0.0017569500    0.0006956000    0.0041476500
   0.0011520200    0.0003774300   -0.0060408400
  -0.0002633300   -0.0011744200   -0.0060498900
   0.0000883800    0.0000540800   -0.0012818300
  -0.0000008600    0.0012495300   -0.0005280600
  -0.0001055800    0.0000521700   -0.0013568600
   0.0002480100   -0.0011925400   -0.0060615000
   0.0014537700    0.0011932400    0.0041476400
   0.0010717100   -0.0006046800   -0.0005327500
  -0.0010879600   -0.0006151700   -0.0005381800
  -0.0014784900    0.0011789600    0.0041393100
  -0.0000040400   -0.0004437300   -0.0009705600
  -0.0002867100   -0.0018482700    0.0041492100
  -0.0000185200   -0.0001016400   -0.0013509700
   0.0002690200   -0.0018524800    0.0041495400
   0.0000669000    0.0000528500    0.0000095600
  -0.0000873400    0.0000524800    0.0000103800
   0.0008954200    0.0008279900   -0.0060469400
  -0.0009119800    0.0008238900   -0.0060248600
  -0.0003894500    0.0002285900   -0.0009741400
  -0.0000165100   -0.0000799700    0.0000057500
   0.0003947900    0.0002391500   -0.0009787800
  -0.0000148500   -0.0000000500   -0.0159871600
  -0.0001887900    0.0001201900   -0.0057924600
   0.0070680700    0.0002022100   -0.0078990600
  -0.0070908900    0.0002002400   -0.0079024900
   0.0001667500    0.0001195600   -0.0057839600
   0.0000017100   -0.0002033600   -0.0057932500
   0.0036468500    0.0021139500   -0.0113795200
  -0.0000104100   -0.0037222400   -0.0056983700
  -0.0036623400    0.0021137800   -0.0113833700
  -0.0000187000   -0.0002036300   -0.0057831900
   0.0036961900    0.0060408700   -0.0078972000
  -0.0032388600    0.0018706600   -0.0056977400
   0.0032188100    0.0018699400   -0.0057013900
  -0.0037175500    0.0060391600   -0.0078988900
  -0.0000147900    0.0044461900   -0.0109683200
  -0.0033831600   -0.0062199400   -0.0079010100
  -0.0000112800   -0.0042095000   -0.0113830800
   0.0033602900   -0.0062199200   -0.0078986200
  -0.0029169200   -0.0016702000   -0.0062239300
   0.0028945600   -0.0016687200   -0.0062226300
   0.0001754100    0.0001059100   -0.0057810800
  -0.0001936200    0.0001039700   -0.0057806000
   0.0038305800   -0.0022149800   -0.0109665800
  -0.0000091700    0.0033607200   -0.0062207600
  -0.0038564500   -0.0022134400   -0.0109686200

76   
  0.0063449343826994   0.0000000000000000   0.0077292824815269
   0.0452184200    0.0217374200    0.0505520900
   0.0014973500    0.0034279000    0.0149099100
   0.0009105200   -0.0002877300    0.0012250500
  -0.0002633900   -0.0000901300    0.0010222800
  -0.0000248100    0.0002754600    0.0017410300
   0.0074986500   -0.0255076300    0.0322717800
  -0.0004212900    0.0010203200    0.0021004100
  -0.0000370300   -0.0000804700    0.0010042000
   0.0001174400   -0.0001292700    0.0017985600
   0.0009916200   -0.0019419900    0.0032797300
   0.0006943400    0.0010805400    0.0013212600
  -0.0001035300   -0.0000621300    0.0010848300
   0.0000517900    0.0000233100    0.0011435800
  -0.0003438700    0.0003813700    0.0010160800
   0.0001661400   -0.0005346600    0.0024233200
  -0.0001919100   -0.0002363900    0.0010140200
   0.0000214700    0.0002784900    0.0017684300
   0.0001377500   -0.0004240800    0.0009055200
   0.0000300000   -0.0000245100    0.0011413900
   0.0000479000   -0.0000854600    0.0011591900
  -0.0000502100   -0.0007685000    0.0015724600
  -0.0022807100    0.0006653600    0.0023364300
   0.0000129400    0.0002975200    0.0021589200
  -0.0000720500    0.0000735200    0.0011681500
   0.0002118300    0.0000994500    0.0018020900
   0.0001642500   -0.0000767500    0.0009609900
   0.0000105900    0.0002460400    0.0023364200
   0.0000049100   -0.0006980400    0.0020562500
   0.0000830900    0.0001246300    0.0020682900
   0.0000766700    0.0000901000    0.0018643100
   0.0002694100   -0.0002537500    0.0022307400
   0.0001171400    0.0000429900    0.0016288500
  -0.0000627900    0.0000141200    0.0015923300
  -0.0001442800   -0.0001542700    0.0020246300
  -0.0001200700    0.0005960000    0.0024045700
  -0.0005827400    0.0003131300    0.0020461200
   0.0000003400   -0.0000984600    0.0015944900
   0.0006014500    0.0003210300    0.0020396200
   0.0000888800    0.0001395900    0.0016069100
  -0.0000912100    0.0000720100    0.0015563300
   0.0001870800   -0.0000398000    0.0020620000
  -0.0001843100   -0.0000936000    0.0020628000
   0.0001710800   -0.0000453500    0.0016111100
  -0.0000120300   -0.0000260900    0.0016551900
  -0.0001565100   -0.0000560800    0.0016220200
   0.0001952900   -0.0000048400    0.0017807700
   0.0005238100   -0.0004544500    0.0024260200
   0.0000044200   -0.0001194200    0.0015612000
  -0.0001109600   -0.0001477700    0.0016189100
  -0.0005026000   -0.0003027700    0.0020282000
  -0.0020080100   -0.0001515800    0.0179301400
  -0.0010543600    0.0018310700    0.0111759700
   0.0000241800    0.0007524300    0.0023583800
   0.0005439300    0.0021008900    0.0116883300
   0.0019764200   -0.0016320900    0.0088645000
  -0.0002804300   -0.0019917400    0.0123306000
   0.0012642100    0.0007003300    0.0066330500
  -0.0010996400    0.0006162100    0.0068561200
  -0.0015882800   -0.0015982300    0.0115264600
   0.0007983700   -0.0009483200    0.0030496800
   0.0005481000   -0.0004286700    0.0023510900
   0.0000180600   -0.0013084700    0.0068471300
  -0.0005441200   -0.0003439800    0.0023935700
  -0.0005035200   -0.0003822500    0.0053234100
   0.0004403400   -0.0005114700    0.0051297700
   0.0021516200   -0.0005530800    0.0116758700
  -0.0021536200   -0.0007319000    0.0115038700
  -0.0006360500   -0.0003554700    0.0053176100
   0.0000035500   -0.0000266100    0.0051768100
   0.0006021300   -0.0002183300    0.0053248200
  -0.0007812100    0.0029090200    0.0090847900
  -0.0005953600    0.0003057600    0.0021139900
  -0.0000893300    0.0005389500    0.0051589500
   0.0001370300    0.0005788000    0.0053263600
   0.0004119600    0.0002159500    0.0026373500
  -0.0653765500    0.0045747300   -0.1003174300
   0.0031634400    0.0050108700   -0.0046668600
  -0.0000122700    0.0049779900    0.0016381400
   0.0027972500    0.0053029500   -0.0021596300
   0.0034831700    0.0005880900   -0.0015543400
   0.0042019400   -0.0018179900   -0.0045320000
  -0.0016087700   -0.0009642100    0.0007573200
   0.0015264100   -0.0008727100    0.0005949100
  -0.0032784800   -0.0050409300   -0.0020397000
   0.0007243600   -0.0071059600    0.0001697200
   0.0043163000   -0.0025483500    0.0016628500
   0.0000305900    0.0016899600    0.0005937800
  -0.0042519800   -0.0025113200    0.0017432600
  -0.0006701700   -0.0009888800   -0.0030935600
   0.0006663600   -0.0011010000   -0.0028700200
   0.0060373400   -0.0002605300   -0.0021313500
  -0.0059750700   -0.0002275100   -0.0019627800
  -0.0011887200   -0.0001320200   -0.0030895500
   0.0000317300   -0.0000390000   -0.0074391200
   0.0011856300   -0.0000903800   -0.0029508200
   0.0004103400    0.0006310300   -0.0019311200
  -0.0030348200   -0.0004256700   -0.0003409300
  -0.0007167900    0.0011488900   -0.0028474100
   0.0005644000    0.0010164900   -0.0029495600
   0.0043359300    0.0024679900    0.0019613400
  -0.0007934700   -0.0003492600    0.0001191700
   0.0003276700   -0.0006420100   -0.0038425900
   0.0017162400    0.0006861300    0.0040720700
  -0.0017390900    0.0006703500    0.0041364300
   0.0012513000    0.0004163600   -0.0060368900
  -0.0004870800    0.0000925700   -0.0047993500
   0.0002060100    0.0001678900   -0.0014431800
  -0.0000086100    0.0012338900   -0.0005675900
  -0.0000586200    0.0000244500   -0.0013477400
   0.0001916500   -0.0012662200   -0.0062942900
   0.0014802400    0.0010692300    0.0041221600
   0.0010918500   -0.0006620100   -0.0005551700
  -0.0010670400   -0.0006454900   -0.0005254700
  -0.0014475600    0.0011186400    0.0041324700
  -0.0000005000   -0.0005630000   -0.0010180000
  -0.0002609400   -0.0018841900    0.0041402300
   0.0000193200   -0.0001169500   -0.0013495000
   0.0002634700   -0.0018618900    0.0041178800
   0.0000830800    0.0000209900   -0.0000037000
  -0.0000821000    0.0000306200   -0.0000017200
   0.0010149900    0.0008364800   -0.0060317600
  -0.0010438200    0.0006918500   -0.0062227800
  -0.0004377200    0.0002290600   -0.0010633600
   0.0000135100   -0.0001254000    0.0000040300
   0.0004093000    0.0002136200   -0.0010025100
   0.0000126700   -0.0000200100   -0.0159636700
  -0.0001924400    0.0000964800   -0.0058062300
   0.0070762700    0.0001841200   -0.0079268000
  -0.0070684500    0.0001654200   -0.0079065600
   0.0001700600    0.0000836400   -0.0057787100
   0.0000102500   -0.0002519300   -0.0057893200
   0.0036024900    0.0020595100   -0.0114176700
  -0.0000058600   -0.0037574900   -0.0057111300
  -0.0036326000    0.0020851800   -0.0113803000
   0.0000341600   -0.0002663000   -0.0058119500
   0.0037168400    0.0060084300   -0.0079075900
  -0.0032326000    0.0018293600   -0.0057058000
   0.0032365400    0.0018396000   -0.0057036200
  -0.0036974500    0.0059985800   -0.0079018300
  -0.0000035600    0.0044168800   -0.0109813200
  -0.0033682600   -0.0062469400   -0.0079065800
   0.0000126600   -0.0042277300   -0.0113826900
   0.0033733100   -0.0062417800   -0.0079091200
  -0.0028950600   -0.0017014000   -0.0062270300
   0.0029089000   -0.0016943200   -0.0062260200
   0.0001821400    0.0000675600   -0.0057743200
  -0.0001966100    0.0001286900   -0.0058134600
   0.0038331400   -0.0022467700   -0.0109955000
   0.0000199600    0.0033210200   -0.0062256500
  -0.0038364100   -0.0022412100   -0.0109694900

76   
 -0.0063449343826994   0.0000000000000000  -0.0077292824815269
  -0.0471191700   -0.0228420800   -0.0478982000
  -0.0017588100   -0.0033846600   -0.0128090900
  -0.0002780600    0.0002848800    0.0007709600
  -0.0003225000    0.0000931800    0.0009854600
   0.0001519900   -0.0002706200    0.0002324100
  -0.0075881400    0.0259461100   -0.0308092500
  -0.0001405200   -0.0013859300    0.0013341100
   0.0000466300   -0.0001280100    0.0012668600
   0.0004830900   -0.0002388600    0.0016160000
  -0.0009019900    0.0017628000   -0.0013369300
  -0.0003517900   -0.0005903200    0.0006733100
  -0.0000458500    0.0001304600    0.0011878600
   0.0001162000    0.0000448900    0.0011280600
   0.0000301500    0.0000902500    0.0009924300
  -0.0001810000    0.0000092900    0.0011064400
  -0.0000724200   -0.0003153600    0.0009941500
  -0.0000125400    0.0003773800    0.0016487200
   0.0001383200   -0.0001301100    0.0011048300
  -0.0001295700   -0.0000599700    0.0010872400
   0.0000644300    0.0000014500    0.0010717700
   0.0001566000    0.0008479500    0.0003983800
   0.0022048400   -0.0005658400   -0.0003545200
  -0.0004470300   -0.0000822500    0.0013700200
   0.0000803300    0.0000177200    0.0010625600
   0.0002543700    0.0001363900    0.0017334000
  -0.0003319900   -0.0000539700    0.0023394700
  -0.0001494400    0.0000674300    0.0018362600
   0.0000007300   -0.0007160200    0.0020696200
   0.0000773900    0.0001886700    0.0020993100
   0.0001059200   -0.0002191600    0.0014430300
  -0.0000424400   -0.0000728100    0.0019360300
   0.0000252800    0.0000100800    0.0015979200
  -0.0000652700    0.0000394100    0.0016359000
  -0.0000679500   -0.0001737400    0.0021437100
   0.0001233600    0.0005615900    0.0017775600
  -0.0006107800    0.0003545200    0.0020797600
   0.0000073900   -0.0000821100    0.0016333700
   0.0006029500    0.0003461600    0.0020873400
   0.0000593400    0.0001447200    0.0016168400
  -0.0000434700    0.0002153300    0.0016673900
   0.0001904400   -0.0000263700    0.0021058800
  -0.0001801300    0.0000269300    0.0021065800
   0.0001749600   -0.0000149000    0.0016120600
   0.0000206500   -0.0000006800    0.0016467200
  -0.0001780900   -0.0000046500    0.0016025200
  -0.0001878300    0.0001838100    0.0015254600
   0.0005070500   -0.0001682400    0.0017596000
   0.0002015300   -0.0001831700    0.0016617400
  -0.0000817500   -0.0001568200    0.0016047800
  -0.0005140700   -0.0003137600    0.0021501300
   0.0016032900   -0.0001293600   -0.0030184800
   0.0000125300    0.0025229000    0.0122374500
  -0.0000238900    0.0005181500    0.0024070100
   0.0004918500    0.0022715800    0.0117042500
  -0.0015341800    0.0013416900    0.0061717000
   0.0035898300   -0.0011253000    0.0110636000
   0.0009611600    0.0005525700    0.0070724300
  -0.0011132100    0.0006379200    0.0068577400
  -0.0017047100   -0.0015140600    0.0118689200
  -0.0007560100    0.0003849000    0.0026860500
   0.0005781200   -0.0002466800    0.0024152000
  -0.0000107300   -0.0012771600    0.0068677900
  -0.0005723800   -0.0003299400    0.0023732000
  -0.0003801200   -0.0004599800    0.0053229400
   0.0004572400   -0.0003325000    0.0055225000
   0.0021789200   -0.0007800900    0.0117247800
  -0.0021627500   -0.0006012100    0.0118939000
  -0.0005110000   -0.0000310800    0.0053336900
   0.0000047600    0.0000003500    0.0051633200
   0.0005563800   -0.0001741600    0.0053258800
   0.0007995800   -0.0024710200    0.0059407400
   0.0001401200   -0.0000440900    0.0036276600
  -0.0001679300    0.0006166300    0.0054931200
   0.0001295300    0.0005744900    0.0053197500
   0.0000639300    0.0000271700    0.0030893400
   0.0686898900    0.0012110200    0.1029958300
  -0.0086747200    0.0055853000    0.0007127800
   0.0000078100    0.0048824800    0.0019937100
   0.0027876500    0.0052889600   -0.0017791500
  -0.0059507100    0.0007635500    0.0018519700
   0.0022012300   -0.0083660300    0.0006043600
  -0.0013263200   -0.0007634500    0.0005751000
   0.0014199000   -0.0008519100    0.0007349800
  -0.0031195500   -0.0051262400   -0.0018967800
  -0.0006860600   -0.0029473500    0.0038183300
   0.0042466500   -0.0024248100    0.0019704500
  -0.0000229700    0.0016820900    0.0007349500
  -0.0043032400   -0.0024568800    0.0018849100
  -0.0006199400   -0.0009626100   -0.0026641300
   0.0006393200   -0.0008527000   -0.0028900500
   0.0059531600   -0.0002429500   -0.0018123500
  -0.0060023300   -0.0002756900   -0.0019818100
  -0.0011226500   -0.0000518100   -0.0026730300
  -0.0000235400    0.0000124400   -0.0072969900
   0.0011350200   -0.0000999700   -0.0028100400
  -0.0003911100   -0.0034382800    0.0022181800
  -0.0056482500    0.0054193400    0.0042940000
  -0.0003008800    0.0009157600   -0.0029174600
   0.0004584400    0.0010417400   -0.0028076700
   0.0043626000    0.0025207700    0.0019905900
   0.0007993300    0.0003244500   -0.0005086900
  -0.0026214700    0.0013514300   -0.0081991700
   0.0017780700    0.0006642800    0.0042273400
  -0.0017409300    0.0006797300    0.0041672100
   0.0010917900    0.0003228800   -0.0060617300
  -0.0000226700   -0.0025070700   -0.0072919100
  -0.0000243900   -0.0000932700   -0.0012488000
   0.0000148200    0.0012241400   -0.0004962100
  -0.0001058200    0.0000473700   -0.0013338900
   0.0003188500   -0.0011666300   -0.0058057300
   0.0014604500    0.0012381200    0.0041740100
   0.0010668600   -0.0006071400   -0.0005095900
  -0.0010783900   -0.0006232100   -0.0005357400
  -0.0014802800    0.0011859800    0.0041708700
   0.0000070000   -0.0004156400   -0.0009425300
  -0.0002854200   -0.0018488300    0.0041600100
  -0.0000126100   -0.0001073200   -0.0013328900
   0.0002938200   -0.0018715500    0.0041850900
   0.0000821700    0.0000436800    0.0000364800
  -0.0000696700    0.0000358200    0.0000322800
   0.0008226100    0.0007796700   -0.0060689400
  -0.0007830700    0.0009214000   -0.0058803900
  -0.0003811100    0.0002211600   -0.0008968300
  -0.0000054000   -0.0000844200    0.0000267300
   0.0004219600    0.0002362400   -0.0009548400
  -0.0000081000   -0.0000074400   -0.0159767200
  -0.0001643900    0.0001001100   -0.0057547000
   0.0070863700    0.0001798600   -0.0078778200
  -0.0070803200    0.0001964500   -0.0079018600
   0.0001987400    0.0001136800   -0.0057884400
   0.0000060400   -0.0002013500   -0.0057692500
   0.0037056000    0.0021280900   -0.0113489100
   0.0000124400   -0.0037271700   -0.0056953500
  -0.0036608600    0.0021030400   -0.0113950000
  -0.0000413600   -0.0001868400   -0.0057524300
   0.0037036200    0.0060319500   -0.0078923700
  -0.0032187400    0.0018727700   -0.0056994400
   0.0032277600    0.0018620200   -0.0057050500
  -0.0037098000    0.0060387300   -0.0079059100
   0.0000082300    0.0044314400   -0.0109537600
  -0.0033683700   -0.0062314400   -0.0078985300
  -0.0000059800   -0.0042287300   -0.0113913400
   0.0033741200   -0.0062376300   -0.0078978900
  -0.0029087300   -0.0016803300   -0.0062235800
   0.0029084700   -0.0016856300   -0.0062230200
   0.0001989900    0.0001103100   -0.0057900000
  -0.0001735600    0.0000485300   -0.0057506300
   0.0038569000   -0.0022170200   -0.0109398000
  -0.0000118400    0.0033618400   -0.0062230400
  -0.0038427800   -0.0022220300   -0.0109683600
