150  
6    

1    
  0.0063726054869155   0.0000000000000000   0.0077064842378438
  -0.0865267500   -0.0008016400   -0.0461118300
   0.0198054000   -0.0017879600   -0.0126069600
   0.0085730100    0.0001321300    0.0095538300
  -0.0062732900    0.0006678000    0.0093574800
   0.0105901200    0.0027618700   -0.0132786300
   0.0026921400    0.0146997800   -0.0129627600
   0.0070161200    0.0040828500    0.0088659200
   0.0008626100    0.0016243600    0.0122987300
  -0.0042068900    0.0024157500    0.0089238200
  -0.0026554600   -0.0073861600   -0.0129247500
   0.0036843800    0.0073802700    0.0095714400
   0.0016329700   -0.0004397700    0.0123219000
  -0.0011711500   -0.0011700300    0.0122704300
  -0.0044264200    0.0050907300    0.0093421100
  -0.0000557600    0.0058044800    0.0081312700
  -0.0037299600   -0.0060237800    0.0094846300
  -0.0000421300   -0.0064710900    0.0088960400
   0.0029959800   -0.0072307700    0.0094339300
   0.0012328800    0.0002129400    0.0100554500
  -0.0007883900    0.0009487100    0.0100651800
  -0.0017728400    0.0023361000   -0.0133029700
   0.0018073700   -0.0106437500   -0.0125824100
   0.0064252200   -0.0037489000    0.0081793700
   0.0008625700   -0.0011630800    0.0100569500
  -0.0036185500   -0.0020482900    0.0080741300
  -0.0122359000   -0.0070324000   -0.0053654700
   0.0012856900   -0.0013497100   -0.0143045900
   0.0001610600   -0.0065308300   -0.0076018100
  -0.0010777200   -0.0014407300   -0.0146794800
   0.0115368500   -0.0066934100   -0.0053727600
  -0.0005982600    0.0018177600   -0.0142503000
   0.0140120300    0.0080704300   -0.0038676700
  -0.0136664600    0.0079167200   -0.0039962300
   0.0006480900    0.0016397700   -0.0147383200
  -0.0007796700    0.0061449300   -0.0084141600
  -0.0056874100    0.0033831700   -0.0075757500
   0.0000327000   -0.0159721400   -0.0039293700
   0.0056344500    0.0031614400   -0.0076417800
  -0.0026814600   -0.0063117200    0.0114914600
   0.0023283900   -0.0061504100    0.0115478700
  -0.0018450200   -0.0002793600   -0.0144449200
   0.0017476300   -0.0003551400   -0.0145427600
  -0.0067368100    0.0008084200    0.0115649000
  -0.0000651900    0.0000043400   -0.0171377900
   0.0065694800    0.0010899200    0.0114760900
  -0.0000503100    0.0137279100   -0.0053737300
   0.0050620900   -0.0033740500   -0.0083243200
  -0.0040832100    0.0052389300    0.0115943500
   0.0042097600    0.0053474800    0.0114408700
  -0.0055596500   -0.0027507500   -0.0085150400
   0.0101721200    0.0018663000    0.0018911000
  -0.0000265100   -0.0019819500   -0.0004428100
  -0.0007947500   -0.0041037600   -0.0004684800
  -0.0026469700   -0.0012964000   -0.0004574800
   0.0151157400   -0.0046784700    0.0285269700
  -0.0016249600    0.0010133200   -0.0004527100
  -0.0021207700   -0.0010626900   -0.0009815800
   0.0009169000   -0.0006791100   -0.0009712600
  -0.0000943700    0.0029145200   -0.0004377300
   0.0028537100    0.0054053900    0.0009158700
  -0.0038433700    0.0017658700   -0.0004977400
  -0.0002700000    0.0017443600   -0.0009780100
   0.0032682900    0.0023442800   -0.0004270700
   0.0008906300    0.0017308700   -0.0007309000
  -0.0005647600    0.0012611000   -0.0007405400
  -0.0020693300   -0.0004411800   -0.0004726400
   0.0021079900   -0.0001957800   -0.0004336900
   0.0014753000    0.0004222400   -0.0008360200
  -0.0001568600   -0.0000005800   -0.0015352200
  -0.0018348200   -0.0006326800   -0.0006249500
   0.0069956700    0.0029680500    0.0153713000
   0.0043887000   -0.0008814400    0.0009332000
   0.0002505500   -0.0012190200   -0.0008440800
  -0.0015875300   -0.0015268100   -0.0006272800
  -0.0049795900   -0.0044939000    0.0009039200
   0.0189046400    0.0069329500    0.0278545300
  -0.0012431200   -0.0008518800   -0.0011605200
  -0.0007531400    0.0004525800   -0.0007704900
  -0.0014004500    0.0001167100   -0.0007380300
   0.0082272100   -0.0007236500    0.0002376400
  -0.0011550500   -0.0005306900   -0.0010452500
  -0.0011763900   -0.0005028700   -0.0033951800
  -0.0000675500   -0.0001259700   -0.0033748500
  -0.0005963600    0.0010530100   -0.0008618700
   0.0025426900   -0.0015621800    0.0000764600
   0.0000886700   -0.0004794000   -0.0007881600
  -0.0002958600    0.0006307400   -0.0033833800
  -0.0006926100    0.0000337000   -0.0007629400
  -0.0004681800   -0.0010111600   -0.0019145600
   0.0008613500   -0.0014552300   -0.0019728000
  -0.0003680300   -0.0001347900   -0.0008214700
   0.0003749700    0.0003585700   -0.0010701000
  -0.0015481800    0.0005678400   -0.0018725200
  -0.0001249100   -0.0000002400   -0.0023850300
   0.0012612400   -0.0004582400   -0.0020229600
   0.0069559000   -0.0060453500    0.0138761700
  -0.0018299900    0.0025288300   -0.0001242600
  -0.0013588200    0.0013504900   -0.0018992400
   0.0001392700    0.0010454400   -0.0019870200
   0.0008717100   -0.0009360800    0.0002739200
   0.0001573900   -0.0000065400   -0.0018899400
   0.0007163600    0.0002510300    0.0008133600
  -0.0027696200    0.0000245600    0.0022828900
   0.0023399800   -0.0000350000    0.0023256800
  -0.0010325200    0.0001126900    0.0009524200
   0.0006399700    0.0003799400    0.0007477800
   0.0009354100    0.0005482800    0.0014295500
  -0.0001929000   -0.0001275100   -0.0000234300
  -0.0013131700    0.0007545600    0.0015252800
  -0.0005364600    0.0009668200    0.0010258500
  -0.0013499900   -0.0023146400    0.0022868100
  -0.0002218900    0.0000171800   -0.0000342800
   0.0000123000    0.0001184000   -0.0000114100
   0.0012150800   -0.0020945900    0.0023303100
  -0.0000382800    0.0012161200    0.0014250900
   0.0012084300    0.0021580100    0.0023055100
  -0.0000255700   -0.0012972000    0.0014705700
  -0.0013242500    0.0022723000    0.0023034300
  -0.0003024300   -0.0000655600    0.0000084200
   0.0000788100   -0.0001485700   -0.0000015600
  -0.0001334800   -0.0008431300    0.0008251500
   0.0004161300   -0.0008251700    0.0009526800
   0.0008831900   -0.0005356400    0.0013796500
  -0.0001718700    0.0002240700    0.0000038800
  -0.0012254700   -0.0006747800    0.0014626100
  -0.0001029200   -0.0000058400    0.0016388600
   0.0011017900   -0.0001970100   -0.0019789600
  -0.0022655900   -0.0000963700   -0.0027201900
   0.0020135700   -0.0001005800   -0.0025950800
  -0.0011405700   -0.0001361000   -0.0016229000
   0.0003770500    0.0011417500   -0.0019769000
  -0.0009381400   -0.0004796700    0.0004511300
  -0.0001061700    0.0000020900    0.0015959200
   0.0007512400   -0.0004879400    0.0008629500
  -0.0004428400    0.0009823000   -0.0016332500
  -0.0012311900   -0.0018320600   -0.0026899600
  -0.0000824500   -0.0000127100    0.0015792900
  -0.0000713800    0.0000206800    0.0016109500
   0.0010807600   -0.0017639900   -0.0026327700
  -0.0000797900   -0.0008442400    0.0006347000
   0.0009182700    0.0018763500   -0.0026247500
  -0.0001152000    0.0009759900    0.0006658300
  -0.0010388100    0.0019268700   -0.0026885100
  -0.0000325100    0.0000591200    0.0016054400
  -0.0001592500    0.0000179300    0.0016350500
  -0.0007684000   -0.0009264300   -0.0018042500
   0.0006311600   -0.0008232600   -0.0018059500
  -0.0008236400    0.0004257200    0.0005444200
  -0.0001207000   -0.0000699700    0.0016191900
   0.0006361800    0.0004229700    0.0007315800

1    
 -0.0063726054869155   0.0000000000000000  -0.0077064842378438
   0.1017417500   -0.0004883700    0.0139870900
  -0.0096694700    0.0031619000    0.0110203000
   0.0063946800    0.0004812000    0.0106177100
  -0.0089056000   -0.0000655900    0.0108183300
  -0.0209625900   -0.0013817100    0.0120842100
   0.0034236500   -0.0066974100    0.0113818500
   0.0042443000    0.0024807800    0.0105153800
  -0.0009735800    0.0016185800    0.0129702000
  -0.0072579000    0.0041687900    0.0105371000
  -0.0036644700    0.0154052000    0.0117171900
   0.0042713500    0.0053782200    0.0106023200
   0.0010670300   -0.0011757500    0.0129395700
  -0.0017303800   -0.0004373400    0.0130012900
  -0.0037448400    0.0076689900    0.0108376800
  -0.0000539600    0.0057517900    0.0097666600
  -0.0033879300   -0.0073399000    0.0107040300
  -0.0000413800   -0.0066306900    0.0105220900
   0.0039025600   -0.0061246300    0.0107450700
   0.0007468900    0.0009883700    0.0107273800
  -0.0014098500    0.0002537700    0.0107306500
  -0.0020812300   -0.0117561100    0.0119283800
   0.0018430000    0.0012363300    0.0111878000
   0.0034724000   -0.0020372300    0.0096996100
  -0.0009620600   -0.0012444600    0.0107247100
  -0.0064980400   -0.0037208100    0.0098260200
  -0.0116466600   -0.0067016400   -0.0053819800
   0.0005034000   -0.0018554700   -0.0147085300
  -0.0002592800   -0.0066234400   -0.0075584000
  -0.0009059800   -0.0017786500   -0.0143183800
   0.0121451500   -0.0070315300   -0.0053863700
  -0.0013435200    0.0014358200   -0.0147656000
   0.0134089900    0.0078346400   -0.0038839200
  -0.0139550600    0.0079789400   -0.0037651000
   0.0011045300    0.0016149800   -0.0142705400
   0.0006613400    0.0058596900   -0.0094965000
  -0.0057993900    0.0031975200   -0.0075968200
  -0.0001558200   -0.0157980900   -0.0038260100
   0.0056762800    0.0034190800   -0.0075311200
  -0.0023565500   -0.0063174100    0.0115245200
   0.0025091800   -0.0064881400    0.0114473400
  -0.0019704800    0.0002479200   -0.0145723800
   0.0018710000    0.0003555800   -0.0144612500
  -0.0067769700    0.0012320000    0.0114466100
  -0.0000354000    0.0000045700   -0.0170453600
   0.0067407800    0.0009545300    0.0115307000
  -0.0000294000    0.0137367500   -0.0053857100
   0.0052037000   -0.0026249500   -0.0095864500
  -0.0044882700    0.0053634300    0.0114197100
   0.0041613800    0.0052543300    0.0115541300
  -0.0049281400   -0.0032213000   -0.0094003700
  -0.0073916700   -0.0002007000   -0.0036418500
   0.0013214800   -0.0004818300   -0.0010028900
   0.0006704100   -0.0043811300   -0.0007694300
   0.0012004900   -0.0012174800   -0.0010157600
  -0.0192794400    0.0071149700   -0.0316578000
   0.0000741200    0.0014329500   -0.0009809400
  -0.0009991900   -0.0006852400   -0.0009567300
   0.0019953600   -0.0010424200   -0.0009762900
   0.0014881100   -0.0004640500   -0.0010235200
  -0.0029415400    0.0031726200   -0.0022765500
  -0.0036274300    0.0024803600   -0.0007382100
   0.0001890100    0.0017203900   -0.0009698200
   0.0039697800    0.0019015400   -0.0007945300
   0.0004888600    0.0011534700   -0.0012575400
  -0.0010134100    0.0016207700   -0.0012374000
  -0.0008981800    0.0005054400   -0.0009886300
   0.0006579500    0.0002381100   -0.0010320900
   0.0016520300   -0.0005790500   -0.0011467800
   0.0000600200   -0.0000024400   -0.0017680500
  -0.0015017900    0.0005005100   -0.0013535000
  -0.0070160700   -0.0067494000   -0.0174757900
   0.0029336200   -0.0033740600   -0.0023113400
   0.0013965800   -0.0014780500   -0.0011389000
  -0.0002451700   -0.0012025200   -0.0013685900
  -0.0025541800    0.0002239400   -0.0022471100
  -0.0164206400   -0.0053490000   -0.0333448700
   0.0021497800   -0.0008781400   -0.0013362800
   0.0006353500    0.0006810300   -0.0009359200
   0.0003066500   -0.0018207300   -0.0017364800
  -0.0097279500    0.0015293400   -0.0071036000
   0.0000660600    0.0022770200   -0.0014566800
  -0.0002029700   -0.0002410700   -0.0032222800
   0.0012183500   -0.0005790000   -0.0032539100
   0.0014847100    0.0006812600   -0.0016287000
  -0.0026667000    0.0003756100   -0.0020016900
   0.0007746300   -0.0000808800   -0.0009195500
   0.0002152400    0.0008125400   -0.0032349600
  -0.0003970500   -0.0005990600   -0.0009582000
  -0.0009578600   -0.0014748600   -0.0022262700
   0.0003774600   -0.0010251400   -0.0021788000
  -0.0017399200    0.0001138100   -0.0016556500
   0.0015420000   -0.0003612600   -0.0014138800
  -0.0013787800   -0.0004694400   -0.0022634900
   0.0000277700   -0.0000019000   -0.0024932300
   0.0014536300    0.0005727900   -0.0021354100
  -0.0071341600    0.0039748700   -0.0203941700
   0.0006848300   -0.0019165400   -0.0018012700
  -0.0002346700    0.0010730700   -0.0022374500
   0.0012734300    0.0013416600   -0.0021539100
   0.0000431100    0.0015642600   -0.0021949900
  -0.0002734000   -0.0000064600   -0.0029094200
   0.0014171300   -0.0003695100    0.0011653500
  -0.0022442400   -0.0001332400    0.0023614400
   0.0024598500   -0.0001015900    0.0023325400
  -0.0012963800   -0.0002222100    0.0010286000
   0.0002557700    0.0016182700    0.0012278000
   0.0013466200    0.0008220200    0.0015424500
   0.0001039700   -0.0001421500    0.0000151900
  -0.0011809400    0.0006399600    0.0014657300
  -0.0005799100    0.0010363400    0.0009740500
  -0.0013156600   -0.0018652900    0.0023628700
  -0.0001213700    0.0001286400    0.0000180800
   0.0001327700    0.0000146300    0.0000142300
   0.0012358300   -0.0020903100    0.0023373900
  -0.0000636900    0.0015935100    0.0015889200
   0.0010414600    0.0021570800    0.0023459100
  -0.0000925300   -0.0014589500    0.0015018800
  -0.0011011100    0.0020322800    0.0023525200
  -0.0001311100   -0.0001106600    0.0000468900
   0.0001348700   -0.0000365000    0.0000474900
  -0.0011687100   -0.0010192300    0.0011668600
   0.0006902800   -0.0010199200    0.0010383800
   0.0014355600   -0.0008769900    0.0016272700
   0.0000882600    0.0001545600    0.0000475000
  -0.0013341500   -0.0007195300    0.0015464900
  -0.0000050200   -0.0000060300    0.0009374400
   0.0009651800    0.0001618500   -0.0010292800
  -0.0021193400   -0.0000685300   -0.0026340200
   0.0021602600   -0.0000883200   -0.0027687600
  -0.0011208100    0.0001142800   -0.0013732700
   0.0005623900    0.0007599600   -0.0010337300
  -0.0008626800   -0.0005030200    0.0010114300
   0.0000186000    0.0000011500    0.0015793300
   0.0008402100   -0.0004745300    0.0005884800
  -0.0007114700    0.0009187000   -0.0013768200
  -0.0011678800   -0.0017756100   -0.0026667500
  -0.0000250500    0.0000243100    0.0016032400
  -0.0000176300   -0.0000225200    0.0015547200
   0.0011042400   -0.0018512700   -0.0027400000
  -0.0000240100   -0.0008272500    0.0007624700
   0.0009713400    0.0019205000   -0.0027319700
  -0.0000034700    0.0009830900    0.0008040700
  -0.0010276800    0.0018608500   -0.0026724700
   0.0000889400    0.0000454800    0.0015634900
  -0.0001175900    0.0000784000    0.0015432500
  -0.0004245700   -0.0009262200   -0.0012112800
   0.0003683500   -0.0010049200   -0.0011983600
  -0.0007353200    0.0003995800    0.0008540400
   0.0000350200   -0.0001186100    0.0015524100
   0.0006876300    0.0004239200    0.0006727200

51   
  0.0063726054869155   0.0000000000000000   0.0077064842378438
  -0.0034908000   -0.0060645500   -0.0048224900
   0.0354008100   -0.0127725100    0.0197069600
   0.0062723900    0.0009565600    0.0098584700
  -0.0082381000    0.0002553800    0.0102545900
  -0.0063581300    0.0000179800    0.0001234700
   0.0101478000    0.0234101700    0.0158387900
   0.0054912800    0.0014641800    0.0105174400
  -0.0004721700    0.0014300500    0.0128670100
  -0.0064142600    0.0035979500    0.0100278100
  -0.0033550500    0.0058349800    0.0017323400
   0.0041180500    0.0059753000    0.0098477300
   0.0014215500   -0.0011553100    0.0128751300
  -0.0014904600   -0.0008092700    0.0127715800
  -0.0042440600    0.0068803200    0.0103929100
   0.0001206600    0.0062376900    0.0097768900
  -0.0037491100   -0.0069460500    0.0103611200
   0.0002325900   -0.0070525700    0.0099928800
   0.0037551500   -0.0064766600    0.0103605200
   0.0008876000    0.0009191100    0.0104564000
  -0.0012440600    0.0006171400    0.0104063400
  -0.0027421300   -0.0053823100   -0.0004128000
   0.0048454800   -0.0047414900    0.0009248200
   0.0042307100   -0.0022400500    0.0092618100
  -0.0005035400   -0.0010234400    0.0104097600
  -0.0055313100   -0.0030789300    0.0089515800
  -0.0119225900   -0.0068707800   -0.0049890700
   0.0007895700   -0.0016521300   -0.0147295600
  -0.0001229000   -0.0065940000   -0.0075197500
  -0.0009020900   -0.0016285800   -0.0144495700
   0.0121694600   -0.0070727600   -0.0056793300
  -0.0010862100    0.0014829600   -0.0148702500
   0.0134828200    0.0078089300   -0.0039045700
  -0.0137886400    0.0079110900   -0.0038341900
   0.0011756000    0.0014594600   -0.0145412900
   0.0002654500    0.0058907800   -0.0091263300
  -0.0057274100    0.0032029200   -0.0075383300
  -0.0000461800   -0.0158785700   -0.0038339000
   0.0057264200    0.0033267500   -0.0075398000
  -0.0024032700   -0.0063456000    0.0115643000
   0.0024758300   -0.0064471900    0.0114666300
  -0.0018184300    0.0000341000   -0.0144624100
   0.0018258800    0.0003035600   -0.0145402600
  -0.0067209200    0.0011335700    0.0115696700
  -0.0000243800    0.0000167600   -0.0170394000
   0.0067172500    0.0009968300    0.0115840900
   0.0000048700    0.0140298800   -0.0057767100
   0.0051874600   -0.0028094900   -0.0090928800
  -0.0043483700    0.0053636700    0.0114658300
   0.0042006900    0.0053173900    0.0115607700
  -0.0050834800   -0.0029365400   -0.0089834100
  -0.0371439200    0.0007801200   -0.0824239500
   0.0065406100   -0.0009545100   -0.0014083000
   0.0005146700   -0.0042468800   -0.0005625800
   0.0000589200   -0.0014163200   -0.0008562700
   0.0058910000    0.0001994200   -0.0029590500
  -0.0002261900    0.0033491800   -0.0018683200
  -0.0015033900   -0.0007958900   -0.0009690300
   0.0017181800   -0.0008987300   -0.0010510600
   0.0009673100    0.0010184300   -0.0006920100
   0.0016142900    0.0009762200   -0.0021727100
  -0.0037831000    0.0023386300   -0.0006697800
   0.0000193300    0.0018549000   -0.0010579800
   0.0037479300    0.0020436100   -0.0006900500
   0.0009064100    0.0011250500   -0.0010047100
  -0.0008670600    0.0014650200   -0.0009669800
  -0.0014173400    0.0006013900   -0.0008713400
   0.0013013500    0.0001580100   -0.0007088300
   0.0016683400   -0.0003666300   -0.0009171000
   0.0000503800   -0.0000984100   -0.0017033700
  -0.0015757800    0.0000286200   -0.0011006400
   0.0013115700    0.0027553300   -0.0027892000
   0.0045395000   -0.0050431300   -0.0015461000
   0.0010127700   -0.0015070100   -0.0008845100
  -0.0006527900   -0.0013707800   -0.0010802100
  -0.0036091000   -0.0020077800   -0.0007494000
  -0.0091106500    0.0004113500    0.0223067000
   0.0019996300    0.0018103800    0.0005023500
   0.0003265200    0.0006489000   -0.0008142700
  -0.0000628100   -0.0009169800   -0.0012014500
  -0.0006423800   -0.0000357600   -0.0027244400
  -0.0005430400    0.0005862400   -0.0003841000
  -0.0002147300   -0.0000443400   -0.0035057900
   0.0008908100   -0.0003664300   -0.0033460300
   0.0010491600    0.0004704300   -0.0011928000
  -0.0026767600   -0.0001919800    0.0005305500
   0.0005088900   -0.0002101900   -0.0008277100
   0.0001063700    0.0008221600   -0.0033478300
  -0.0003788500   -0.0003665600   -0.0008874000
  -0.0006066900   -0.0014103700   -0.0020271600
   0.0004975700   -0.0014299900   -0.0021223300
  -0.0009154400    0.0003103300   -0.0012163100
   0.0008604900    0.0000759700   -0.0013126800
  -0.0013946000   -0.0001879900   -0.0020235900
   0.0000778100   -0.0001085500   -0.0024551700
   0.0015122700    0.0001451300   -0.0021049900
  -0.0007377600    0.0008135200   -0.0030309400
  -0.0024700100   -0.0036823700    0.0011131700
  -0.0004249900    0.0009208800   -0.0021394100
   0.0010147900    0.0012071800   -0.0020881700
   0.0011654400    0.0007702600   -0.0009837200
  -0.0004426600   -0.0002977000   -0.0022927700
   0.0013073900   -0.0001291300    0.0009239800
  -0.0023861700   -0.0001224700    0.0023044400
   0.0024986900   -0.0001029000    0.0023246100
  -0.0012186900   -0.0001622000    0.0010024500
   0.0005696300    0.0013650300    0.0010149400
   0.0012723100    0.0008282700    0.0015789100
   0.0000665200   -0.0001294100   -0.0000005600
  -0.0012281300    0.0006677100    0.0015030600
  -0.0006929300    0.0010146600    0.0010527100
  -0.0012956000   -0.0019579000    0.0023259700
  -0.0001085900    0.0001381200   -0.0000019400
   0.0001204700    0.0000675400   -0.0000013200
   0.0012640700   -0.0020626400    0.0023441500
   0.0000482900    0.0015115400    0.0015016100
   0.0011650100    0.0021878000    0.0023273800
  -0.0000627300   -0.0014001500    0.0014952000
  -0.0011551200    0.0021052900    0.0023376000
  -0.0001172200   -0.0000912500    0.0000224600
   0.0001760600   -0.0000574300    0.0000264100
  -0.0007490300   -0.0009941700    0.0010107900
   0.0004417000   -0.0010828300    0.0010701300
   0.0013028400   -0.0007128000    0.0014833300
   0.0000794700    0.0001584400    0.0000358000
  -0.0012208300   -0.0007038300    0.0014983900
   0.0002261300    0.0001437400    0.0014996200
   0.0009888300    0.0000229400   -0.0015710800
  -0.0020876500   -0.0000794200   -0.0026455100
   0.0021367700   -0.0001130000   -0.0027263600
  -0.0011073100   -0.0000040800   -0.0015282300
   0.0004944500    0.0007620400   -0.0014333800
  -0.0007748200   -0.0005079400    0.0010666000
   0.0000220300   -0.0000206500    0.0015953900
   0.0008375000   -0.0004958000    0.0007125800
  -0.0005179700    0.0010036100   -0.0012191900
  -0.0011273100   -0.0017615200   -0.0026600800
  -0.0000085600    0.0000221400    0.0015770900
   0.0000026200    0.0000001200    0.0015571200
   0.0011589200   -0.0017816000   -0.0026820800
  -0.0000324600   -0.0008101300    0.0006746700
   0.0009824100    0.0019023700   -0.0027354900
  -0.0000161500    0.0009765300    0.0007094600
  -0.0009519300    0.0018925500   -0.0026667500
   0.0000967000    0.0000594600    0.0015486000
  -0.0000802600    0.0000757500    0.0015558400
  -0.0005647500   -0.0009552500   -0.0015121100
   0.0006534900   -0.0009575900   -0.0011922500
  -0.0007144300    0.0003636900    0.0007108600
   0.0000312100   -0.0001040100    0.0015715400
   0.0006855700    0.0004027000    0.0006510400

51   
 -0.0063726054869155   0.0000000000000000  -0.0077064842378438
   0.0035655300    0.0061144700   -0.0307102700
  -0.0237202200    0.0132762000   -0.0201599100
   0.0087977000   -0.0003255000    0.0103380900
  -0.0068252700    0.0003508000    0.0099461700
  -0.0038196400    0.0014200900   -0.0014738000
  -0.0038776600   -0.0147814000   -0.0170246300
   0.0059453700    0.0050854400    0.0089243000
   0.0004688100    0.0018054100    0.0124299500
  -0.0049496200    0.0029828800    0.0094183600
  -0.0029835300    0.0022612600   -0.0030684700
   0.0039619100    0.0068071400    0.0103660700
   0.0013907700   -0.0004589000    0.0124153300
  -0.0013157300   -0.0008051000    0.0125272000
  -0.0038013000    0.0058655700    0.0098128600
  -0.0001146600    0.0053382800    0.0081375600
  -0.0032641000   -0.0064104600    0.0098490200
  -0.0002126100   -0.0060918400    0.0094523900
   0.0032643100   -0.0068705600    0.0098502200
   0.0012090600    0.0002878900    0.0103571800
  -0.0008391500    0.0005935700    0.0104072700
  -0.0011054700   -0.0041406600   -0.0009339400
  -0.0009614700   -0.0047852000   -0.0022712700
   0.0057572400   -0.0035189200    0.0086467400
   0.0005181900   -0.0013793300    0.0103992300
  -0.0044698300   -0.0026918900    0.0089572800
  -0.0118625800   -0.0068629800   -0.0057314600
   0.0011034900   -0.0015625600   -0.0142569700
   0.0001289300   -0.0065701300   -0.0076155800
  -0.0009583400   -0.0016132600   -0.0145312600
   0.0116354500   -0.0066799100   -0.0050634200
  -0.0007604700    0.0017660100   -0.0141344700
   0.0140361900    0.0080882900   -0.0038240300
  -0.0137232900    0.0079787900   -0.0038966400
   0.0006972800    0.0017751800   -0.0144352700
  -0.0002433100    0.0061028700   -0.0087651800
  -0.0056539700    0.0033918300   -0.0076106700
   0.0000253600   -0.0158796300   -0.0038965400
   0.0056834500    0.0032627300   -0.0076009200
  -0.0025005100   -0.0062754400    0.0114708600
   0.0024753400   -0.0061904200    0.0115520700
  -0.0018980700   -0.0000437300   -0.0145279500
   0.0018942700   -0.0002883400   -0.0144428300
  -0.0066698500    0.0009295500    0.0114661300
   0.0000339800   -0.0000050900   -0.0171170700
   0.0067115900    0.0010507400    0.0114447900
   0.0000004100    0.0134415800   -0.0049667800
   0.0051945200   -0.0031771700   -0.0088009300
  -0.0041160900    0.0052356900    0.0115572900
   0.0042915100    0.0052866900    0.0114570800
  -0.0052792500   -0.0030435300   -0.0089107600
   0.0374937000    0.0004178300    0.0787513900
  -0.0050842400   -0.0015047400   -0.0000292000
  -0.0005271700   -0.0042315700   -0.0006554400
  -0.0013952100   -0.0010808800   -0.0005973000
  -0.0088415600    0.0014993300    0.0009699200
  -0.0012649800   -0.0009462300    0.0004195500
  -0.0015189600   -0.0009524200   -0.0009520800
   0.0012966300   -0.0008157100   -0.0008681900
   0.0005365300    0.0014223600   -0.0007597500
  -0.0016091700    0.0075679800    0.0008508900
  -0.0035781400    0.0019107300   -0.0005501000
   0.0000090900    0.0016198700   -0.0008658800
   0.0036001200    0.0022028900   -0.0005136300
   0.0005886900    0.0017560000   -0.0009608100
  -0.0006017500    0.0014143100   -0.0009967200
  -0.0014280500   -0.0005278300   -0.0005816800
   0.0015620200   -0.0000751400   -0.0007312600
   0.0015693000    0.0002097800   -0.0010488800
  -0.0000401800    0.0000953700   -0.0015774300
  -0.0016418100   -0.0001699800   -0.0008638200
  -0.0012623500   -0.0060767300    0.0007644400
   0.0028452600    0.0007348700    0.0002009900
   0.0007494600   -0.0011939200   -0.0010816600
  -0.0010719200   -0.0013611000   -0.0008992900
  -0.0037888800   -0.0022459800   -0.0006052800
   0.0102509500    0.0004223800   -0.0286315600
  -0.0009829200   -0.0034936800   -0.0029349700
  -0.0003445000    0.0004917000   -0.0008603700
  -0.0009023900   -0.0008095500   -0.0012400100
  -0.0007190100    0.0008268700   -0.0039218000
  -0.0004919400    0.0011300200   -0.0020981400
  -0.0010456300   -0.0006926200   -0.0030889600
   0.0003746500   -0.0003379300   -0.0032526400
  -0.0000305100    0.0012697800   -0.0012584700
   0.0026919700   -0.0010539800   -0.0023917400
   0.0004632600   -0.0003482900   -0.0008502400
  -0.0000753700    0.0006313900   -0.0032452800
  -0.0006037800   -0.0001969700   -0.0008059300
  -0.0007077000   -0.0010788800   -0.0020862400
   0.0008516400   -0.0010638400   -0.0019948700
  -0.0010799400   -0.0003069600   -0.0012296400
   0.0011577000   -0.0000610000   -0.0011405500
  -0.0014229000    0.0002862500   -0.0020870600
  -0.0000660500    0.0001075300   -0.0023955000
   0.0013232400   -0.0000347200   -0.0020106100
   0.0007364700   -0.0023731500   -0.0036166000
   0.0013707000    0.0042542800   -0.0029280200
  -0.0010598800    0.0015000400   -0.0019758300
   0.0005044600    0.0011761400   -0.0020104000
  -0.0001083800   -0.0001494800   -0.0008997400
   0.0004418600    0.0002819600   -0.0024895000
   0.0009474900    0.0000162200    0.0010861000
  -0.0025201500    0.0000120500    0.0023682700
   0.0024157300   -0.0000367200    0.0023571100
  -0.0010085500    0.0000584300    0.0010035400
   0.0004493000    0.0006455000    0.0009951100
   0.0011195300    0.0005434000    0.0014206800
  -0.0000443600   -0.0001392100    0.0000105100
  -0.0011547900    0.0007232700    0.0015056300
  -0.0003161400    0.0009918800    0.0009670100
  -0.0012578500   -0.0022145100    0.0023551800
  -0.0001227500    0.0000173600    0.0000155200
   0.0001289300    0.0000704500    0.0000236100
   0.0013024400   -0.0021181900    0.0023406000
  -0.0000365800    0.0013076300    0.0015387400
   0.0011930300    0.0021211200    0.0023490100
   0.0000594500   -0.0013597900    0.0015046400
  -0.0011643600    0.0022035100    0.0023396300
  -0.0001946000   -0.0000832700    0.0000619600
   0.0001418400   -0.0001251500    0.0000538800
  -0.0004416900   -0.0008772200    0.0010060100
   0.0007746200   -0.0007719200    0.0009481600
   0.0011361400   -0.0006974000    0.0015491600
  -0.0000491700    0.0002151600    0.0000499300
  -0.0012338200   -0.0006897600    0.0015338500
  -0.0002179100   -0.0001495700    0.0011247600
   0.0011923700   -0.0000513800   -0.0014143400
  -0.0021897900   -0.0000848900   -0.0026859000
   0.0021505700   -0.0000800200   -0.0026132500
  -0.0010448300   -0.0000134700   -0.0014342800
   0.0005576700    0.0011351100   -0.0015403500
  -0.0009124100   -0.0004795700    0.0004262400
  -0.0000002500    0.0000241000    0.0016117500
   0.0008631500   -0.0004682400    0.0007699300
  -0.0005251500    0.0008984600   -0.0017532700
  -0.0011601100   -0.0018400700   -0.0026769300
   0.0000126800   -0.0000028700    0.0016251000
   0.0000128200    0.0000028900    0.0016384500
   0.0011417800   -0.0018284800   -0.0026567000
   0.0000425400   -0.0008526200    0.0007440600
   0.0010149300    0.0018894500   -0.0025977200
   0.0000149300    0.0009769200    0.0007813700
  -0.0010070100    0.0018997500   -0.0026638200
   0.0000814000    0.0000474800    0.0016406200
  -0.0000922500    0.0000238700    0.0016371600
  -0.0005152600   -0.0008944100   -0.0014595800
   0.0004597700   -0.0008771100   -0.0017794300
  -0.0007289500    0.0004646700    0.0007152600
  -0.0000024400   -0.0000895700    0.0016154500
   0.0007410100    0.0004434000    0.0007750500

76   
  0.0063726054869155   0.0000000000000000   0.0077064842378438
   0.0288900800    0.0125809500    0.0025017600
   0.0020801700    0.0065399300    0.0129066700
   0.0065458700    0.0008701300    0.0107514300
  -0.0081934300    0.0002857400    0.0101818200
  -0.0065540800    0.0002327200   -0.0007202600
   0.0102623000   -0.0144938600    0.0163539400
   0.0055454200    0.0016942500    0.0114539100
  -0.0005918600    0.0013192200    0.0127750200
  -0.0061718100    0.0034752400    0.0098528000
  -0.0037866800    0.0058999600   -0.0003197600
   0.0042591100    0.0063014800    0.0109315600
   0.0012648300   -0.0012325400    0.0127661300
  -0.0014471500   -0.0007993400    0.0127059600
  -0.0040119100    0.0067912600    0.0102418400
  -0.0000637300    0.0062719900    0.0087375200
  -0.0037373500   -0.0069261200    0.0101122500
   0.0002479300   -0.0068242300    0.0098512000
   0.0038091100   -0.0062778400    0.0102385800
   0.0008473000    0.0008716200    0.0105718000
  -0.0012642400    0.0006252100    0.0103373000
  -0.0027959000   -0.0057087700   -0.0001996400
   0.0045263500   -0.0050227500    0.0003732800
   0.0043144600   -0.0023757900    0.0090703000
  -0.0005079100   -0.0010371700    0.0102628800
  -0.0055516300   -0.0030686100    0.0089550600
  -0.0116442500   -0.0068594300   -0.0048367300
   0.0007814200   -0.0019094000   -0.0147814200
  -0.0001486100   -0.0066015300   -0.0076400000
  -0.0010385600   -0.0015847400   -0.0144031700
   0.0118998800   -0.0068237900   -0.0052532800
  -0.0009439900    0.0015674900   -0.0145129300
   0.0136173900    0.0078314200   -0.0039125800
  -0.0138776000    0.0079519300   -0.0038593700
   0.0008746300    0.0016959600   -0.0144232000
   0.0002982700    0.0060480100   -0.0090952500
  -0.0056931700    0.0032153300   -0.0075695200
  -0.0000224300   -0.0159424000   -0.0038508200
   0.0056852000    0.0033490000   -0.0075659100
  -0.0024330900   -0.0062669700    0.0115230300
   0.0025159500   -0.0063736300    0.0114552800
  -0.0018320500   -0.0000855000   -0.0144095700
   0.0019320700    0.0000524500   -0.0144817200
  -0.0066924400    0.0011565000    0.0114461300
  -0.0000218100    0.0000468700   -0.0170904300
   0.0066838900    0.0009861100    0.0115425300
   0.0001474300    0.0136370700   -0.0051915100
   0.0054916400   -0.0026024000   -0.0093030000
  -0.0043661700    0.0054106800    0.0113152300
   0.0041453100    0.0053071000    0.0115171200
  -0.0052119000   -0.0030257700   -0.0088674800
  -0.0080916800    0.0008528200    0.0243102400
   0.0007711400   -0.0004981000   -0.0001620500
   0.0003769200   -0.0041644700   -0.0005566300
  -0.0002752000   -0.0013424800   -0.0007442600
  -0.0000063100   -0.0015267000    0.0007363600
  -0.0031104000    0.0007067300    0.0009175100
  -0.0009908100   -0.0004758000   -0.0009009200
   0.0017662800   -0.0008660000   -0.0009983800
   0.0012121800    0.0008653100   -0.0009108000
  -0.0002548500    0.0044174400   -0.0000033800
  -0.0036410400    0.0022589500   -0.0005601600
   0.0000936700    0.0018445900   -0.0009926000
   0.0037754300    0.0020333100   -0.0006495300
   0.0008075500    0.0013245900   -0.0009934200
  -0.0008753800    0.0016128600   -0.0010723800
  -0.0013957100    0.0003148600   -0.0007156400
   0.0012663600    0.0000188800   -0.0007848900
   0.0016695200   -0.0003386800   -0.0009620200
   0.0001158800   -0.0000816100   -0.0016813600
  -0.0015094200    0.0000220100   -0.0010421900
  -0.0016878900    0.0020683900    0.0012054400
   0.0027182900   -0.0038815500   -0.0006106200
   0.0015185400   -0.0017965000   -0.0010315200
  -0.0006079900   -0.0013702000   -0.0010420600
  -0.0033599500   -0.0018408100   -0.0008160800
  -0.0385738100   -0.0003956000   -0.0876990100
   0.0075743800   -0.0006725400   -0.0030710300
   0.0006823700    0.0007266200   -0.0009269400
   0.0000752000   -0.0009228800   -0.0012075600
   0.0050791700    0.0000048000   -0.0041291300
   0.0008678300    0.0042062600   -0.0029070800
  -0.0005458300   -0.0002676200   -0.0031579000
   0.0008283900   -0.0003345200   -0.0033262800
   0.0006030400    0.0007740400   -0.0012106200
   0.0009776800   -0.0027845100   -0.0019214400
   0.0005787100    0.0000026300   -0.0008761900
   0.0000684300    0.0008119200   -0.0033083000
  -0.0004594800   -0.0003759700   -0.0008887100
  -0.0007100100   -0.0014441100   -0.0020970900
   0.0005882500   -0.0013150100   -0.0019804900
  -0.0009727300    0.0003746600   -0.0012055800
   0.0009245700    0.0000191700   -0.0011524800
  -0.0013909400   -0.0004845900   -0.0021449100
   0.0000281700   -0.0000945700   -0.0024625800
   0.0014735000    0.0001356000   -0.0020730400
   0.0007707500    0.0020471900   -0.0044700700
   0.0010192400   -0.0034821600   -0.0024301700
  -0.0007179300    0.0011537300   -0.0019666800
   0.0009492000    0.0012137500   -0.0020735600
   0.0006786100    0.0004604200   -0.0008726000
  -0.0002703100    0.0000132900   -0.0018106000
   0.0024829400   -0.0010108000    0.0029512100
  -0.0022893900   -0.0001273300    0.0024006100
   0.0025300300   -0.0000813600    0.0023486300
  -0.0010810300   -0.0000581200    0.0009626200
   0.0002094200    0.0019455300    0.0022656700
   0.0012814900    0.0007978000    0.0015368400
   0.0000828500   -0.0001104500    0.0000138700
  -0.0011480900    0.0006733900    0.0014933600
  -0.0004568500    0.0009198500    0.0010137700
  -0.0012965800   -0.0019704500    0.0023495700
  -0.0001025500    0.0001453900    0.0000114900
   0.0001313600    0.0000732200    0.0000329000
   0.0012860800   -0.0021230800    0.0023364200
  -0.0000019000    0.0014590100    0.0015360800
   0.0011846400    0.0021942400    0.0023368400
  -0.0000361700   -0.0013581800    0.0014957500
  -0.0011842700    0.0021183700    0.0023447100
  -0.0001196000   -0.0001055000    0.0000580800
   0.0001879400   -0.0000738500    0.0000522900
  -0.0006246300   -0.0009012600    0.0009630300
   0.0005073700   -0.0009495700    0.0010330300
   0.0013306300   -0.0007993200    0.0015836500
   0.0000901400    0.0001636300    0.0000635400
  -0.0011779800   -0.0006821500    0.0015177600
  -0.0000171300   -0.0000486200    0.0010611200
   0.0008556100    0.0001638800   -0.0012228800
  -0.0021779400   -0.0000350600   -0.0026132500
   0.0021981100   -0.0000880300   -0.0026881000
  -0.0010779100   -0.0000214400   -0.0015720000
   0.0005937600    0.0008292800   -0.0014778200
  -0.0008784000   -0.0004123300    0.0009131900
   0.0000220000    0.0000137300    0.0016411300
   0.0008694200   -0.0004959300    0.0006956100
  -0.0005987800    0.0009014600   -0.0015380700
  -0.0011277700   -0.0018191800   -0.0027153300
  -0.0000020400    0.0000391700    0.0016085700
   0.0000026100    0.0000057100    0.0015871100
   0.0011575900   -0.0018293300   -0.0026859500
   0.0000190500   -0.0008488700    0.0007167700
   0.0010182600    0.0019170700   -0.0027088600
  -0.0000237000    0.0009907400    0.0007100400
  -0.0010070300    0.0019013800   -0.0026423000
   0.0001046700    0.0000335600    0.0016012300
  -0.0000647000    0.0000614700    0.0015794300
  -0.0005488600   -0.0009255000   -0.0016019900
   0.0003890400   -0.0009407700   -0.0014298400
  -0.0007714700    0.0004442400    0.0007927500
   0.0000614000   -0.0001081000    0.0016027500
   0.0007445200    0.0004315600    0.0006715500

76   
 -0.0063726054869155   0.0000000000000000  -0.0077064842378438
  -0.0303702400   -0.0135111000   -0.0389656300
   0.0080133800   -0.0050523300   -0.0142486500
   0.0085484200   -0.0002653600    0.0094098400
  -0.0068670300    0.0003146600    0.0099670000
  -0.0035940000    0.0012212500   -0.0006668800
  -0.0038516400    0.0231090000   -0.0179227400
   0.0058523900    0.0048761800    0.0079382200
   0.0005916500    0.0019200100    0.0124766800
  -0.0051964500    0.0031007000    0.0095430400
  -0.0025555000    0.0021673700   -0.0010634900
   0.0038088700    0.0064729400    0.0092364900
   0.0015530700   -0.0003870300    0.0124712600
  -0.0013516800   -0.0008177100    0.0125464100
  -0.0040385800    0.0059670800    0.0099200500
   0.0000659300    0.0053017700    0.0091396700
  -0.0032681800   -0.0064319700    0.0100503700
  -0.0002357700   -0.0063247700    0.0095482600
   0.0032143100   -0.0070794000    0.0099243500
   0.0012519600    0.0003345100    0.0101913600
  -0.0008170700    0.0005863200    0.0104304100
  -0.0010202700   -0.0038025000   -0.0011965600
  -0.0006976000   -0.0044984600   -0.0017581300
   0.0057127200   -0.0034103700    0.0087863300
   0.0005245800   -0.0013830300    0.0104946100
  -0.0044532700   -0.0027076400    0.0089184500
  -0.0121341200   -0.0068723500   -0.0058639600
   0.0011109300   -0.0013110900   -0.0141863900
   0.0001705200   -0.0065537800   -0.0074660000
  -0.0008245600   -0.0016343700   -0.0145529200
   0.0119015700   -0.0069059200   -0.0054576000
  -0.0008954100    0.0016721200   -0.0144574900
   0.0139325000    0.0080734800   -0.0037953500
  -0.0136363600    0.0079496700   -0.0038485000
   0.0009903200    0.0015520900   -0.0145340200
  -0.0002856800    0.0059436500   -0.0087678200
  -0.0056877600    0.0033641800   -0.0075561900
   0.0000367500   -0.0158493300   -0.0038531500
   0.0057368400    0.0032285800   -0.0075476300
  -0.0024967000   -0.0063641200    0.0115345500
   0.0024378500   -0.0062646500    0.0115884100
  -0.0018758900    0.0000775600   -0.0145568700
   0.0018114800   -0.0000649400   -0.0144770400
  -0.0067070900    0.0008809200    0.0116157600
   0.0000298800   -0.0000411200   -0.0170396000
   0.0067497400    0.0010550100    0.0115045300
  -0.0001286000    0.0138352200   -0.0055266000
   0.0049021100   -0.0033889200   -0.0085744900
  -0.0040934800    0.0051918800    0.0117206100
   0.0043413300    0.0053033000    0.0115261300
  -0.0051480400   -0.0029587600   -0.0090037000
   0.0112603900    0.0008422500   -0.0266317000
   0.0005899300   -0.0020183000   -0.0012643200
  -0.0003812400   -0.0043103800   -0.0006738500
  -0.0010452700   -0.0011611800   -0.0007143500
  -0.0028820300    0.0032335400   -0.0027977900
   0.0016312500    0.0017189800   -0.0023832900
  -0.0020051700   -0.0012667600   -0.0010339800
   0.0012503900   -0.0008535200   -0.0009271400
   0.0003001400    0.0015788800   -0.0005348700
   0.0003164000    0.0040960800   -0.0013364000
  -0.0037119700    0.0019854800   -0.0006609300
  -0.0000616200    0.0016226100   -0.0009402100
   0.0035839600    0.0022091200   -0.0005570800
   0.0006852700    0.0015489200   -0.0009769800
  -0.0005888300    0.0012611300   -0.0008928200
  -0.0014467500   -0.0002390700   -0.0007421900
   0.0016089500    0.0000627700   -0.0006684800
   0.0015720100    0.0001768400   -0.0010155400
  -0.0001010600    0.0000815200   -0.0015988200
  -0.0017111900   -0.0001780000   -0.0009331900
   0.0017428700   -0.0054529000   -0.0033127100
   0.0046985800   -0.0003476800   -0.0007275400
   0.0002557100   -0.0009205400   -0.0009478500
  -0.0011313600   -0.0013641300   -0.0009470800
  -0.0040169200   -0.0024045400   -0.0005427700
   0.0391652500    0.0011669300    0.0838559200
  -0.0064930100   -0.0010334600    0.0005658100
  -0.0006819600    0.0004185300   -0.0007591400
  -0.0010322200   -0.0008102700   -0.0012514300
  -0.0065465500    0.0008315200   -0.0024954300
  -0.0018526200   -0.0024622700    0.0004016800
  -0.0006975500   -0.0004665300   -0.0034406800
   0.0004383600   -0.0003739000   -0.0032849300
   0.0004335000    0.0009649900   -0.0012619800
  -0.0009425700    0.0015141200    0.0000372000
   0.0004004100   -0.0005612400   -0.0008207400
  -0.0000361200    0.0006331600   -0.0032957400
  -0.0005104400   -0.0001920600   -0.0008212200
  -0.0006046600   -0.0010477600   -0.0020322900
   0.0007639300   -0.0011703300   -0.0021536000
  -0.0010215200   -0.0003721400   -0.0012560900
   0.0011043400   -0.0000065200   -0.0013141300
  -0.0014203800    0.0005736400   -0.0019770500
  -0.0000120900    0.0000957700   -0.0024108800
   0.0013597100   -0.0000411800   -0.0020541500
  -0.0007424300   -0.0036995600   -0.0021618400
  -0.0021086200    0.0041121700    0.0005302000
  -0.0007494300    0.0012544000   -0.0021550200
   0.0005548000    0.0011691900   -0.0020379000
   0.0003941300    0.0001749200   -0.0010264100
   0.0002845500   -0.0000229300   -0.0029950500
  -0.0001858900    0.0008649100   -0.0008901600
  -0.0026170300    0.0000115400    0.0022631700
   0.0023940900   -0.0000595400    0.0023219000
  -0.0011486600   -0.0000493600    0.0010349700
   0.0008103300    0.0000765100   -0.0002443500
   0.0011152100    0.0005721300    0.0014568700
  -0.0000607600   -0.0001569200   -0.0000167300
  -0.0012284300    0.0007104100    0.0015037100
  -0.0005476600    0.0010868800    0.0009931200
  -0.0012547800   -0.0022086800    0.0023231500
  -0.0001257700    0.0000038100   -0.0000082500
   0.0001201200    0.0000620600   -0.0000251900
   0.0012880900   -0.0020627800    0.0023349500
   0.0000160000    0.0013590900    0.0014962400
   0.0011757400    0.0021149200    0.0023317100
   0.0000393800   -0.0014003700    0.0014960600
  -0.0011378100    0.0021917100    0.0023210500
  -0.0001865100   -0.0000742300    0.0000166800
   0.0001352300   -0.0001113500    0.0000208100
  -0.0005675700   -0.0009751000    0.0010433400
   0.0007214700   -0.0009139100    0.0009786100
   0.0011106000   -0.0006097100    0.0014418600
  -0.0000597100    0.0002078600    0.0000130000
  -0.0012698200   -0.0007160700    0.0015074800
   0.0000251800    0.0000393200    0.0015539500
   0.0013284600   -0.0001942100   -0.0017686800
  -0.0021023300   -0.0001344000   -0.0027330700
   0.0020987900   -0.0001061700   -0.0026634200
  -0.0010769000   -0.0000000600   -0.0014053400
   0.0004669400    0.0010702000   -0.0015068300
  -0.0008105700   -0.0005748800    0.0005605900
  -0.0000006700   -0.0000089100    0.0015549600
   0.0008367900   -0.0004753700    0.0007745900
  -0.0004428800    0.0009984000   -0.0014512900
  -0.0011576600   -0.0017893100   -0.0026380400
   0.0000090800   -0.0000261200    0.0015809500
   0.0000142800   -0.0000051600    0.0016005100
   0.0011506700   -0.0017849500   -0.0026641200
  -0.0000060400   -0.0008139300    0.0006880300
   0.0009818600    0.0018743000   -0.0026395300
   0.0000282400    0.0009636900    0.0007657800
  -0.0009545500    0.0018917800   -0.0027010900
   0.0000796900    0.0000676800    0.0015756800
  -0.0001030800    0.0000350800    0.0015984500
  -0.0005328500   -0.0009297200   -0.0013835100
   0.0007278700   -0.0008986100   -0.0015587000
  -0.0006697100    0.0003870600    0.0006177800
  -0.0000323700   -0.0000881500    0.0015709900
   0.0006885500    0.0004098700    0.0007387700
