48   
3    

1    
  0.0057378759221381   0.0000000000000000   0.0081900415079624
  -0.0871466300   -0.0002197200   -0.1616075200
   0.0003386000    0.0054627000   -0.0017464500
   0.0019553500   -0.0000018500    0.0001256700
   0.0001834300   -0.0054172000   -0.0017906000
   0.0004427300   -0.0055013300   -0.0017838900
   0.0003756900   -0.0004000000   -0.0000026600
   0.0003792300    0.0003877300   -0.0000039500
   0.0004142500    0.0055713900   -0.0017536200
   0.0000227900    0.0011150800    0.0001253200
   0.0010607900   -0.0000003000   -0.0000032600
   0.0000236000   -0.0011128300    0.0001259400
   0.0010613800   -0.0000031500   -0.0000033300
   0.0004067800    0.0053168200   -0.0018058300
   0.0004498900   -0.0053691800   -0.0017313700
   0.0003730100    0.0003952900    0.0000016400
   0.0003813200   -0.0003926800   -0.0000079400
  -0.0016536500   -0.0038233600    0.0213849900
  -0.0003599200   -0.0003997400    0.0096679100
   0.0002367000    0.0008220100    0.0089789200
   0.0365959200   -0.0182547800    0.0502631300
   0.0000977200   -0.0001462600    0.0095734200
  -0.0000679100   -0.0000011300    0.0092740800
   0.0000279300   -0.0005848900    0.0090736200
  -0.0014969200   -0.0007517000    0.0102028400
   0.0006730400   -0.0003678800    0.0092333800
   0.0000063600    0.0006758100    0.0094205400
  -0.0002018700    0.0000459800    0.0091745400
  -0.0000802500   -0.0001159100    0.0091442100
   0.0049716100    0.0221654600    0.0359274700
  -0.0004314200   -0.0006182200    0.0099412100
  -0.0002812400    0.0000701800    0.0091597900
   0.0008757500    0.0013647400    0.0104626000
   0.0380071900    0.0191018800    0.0334936900
   0.0002313800   -0.0008129400   -0.0092646500
  -0.0003407300    0.0003934800   -0.0085845200
  -0.0016546200    0.0038052000    0.0032027400
   0.0000284500    0.0005651700   -0.0091648300
  -0.0000687500   -0.0000011300   -0.0089768500
   0.0001032700    0.0001366000   -0.0086844400
  -0.0014854700    0.0007551700   -0.0080479300
   0.0000190700   -0.0006538800   -0.0088292800
   0.0006657400    0.0003703400   -0.0090269200
  -0.0000787800    0.0001140100   -0.0091103400
  -0.0002012600   -0.0000430100   -0.0090769200
   0.0049274800   -0.0228108300    0.0182375500
   0.0008959200   -0.0013779500   -0.0077894700
  -0.0002759600   -0.0000707600   -0.0090939900
  -0.0004069800    0.0006175500   -0.0083046400

17   
  0.0057378759221381   0.0000000000000000   0.0081900415079624
  -0.0031776800   -0.0047624000    0.0134315500
   0.0397933800   -0.0200573400    0.0415258300
  -0.0004379200   -0.0001636500    0.0004042300
   0.0005159300    0.0004041200    0.0000041600
   0.0050618300    0.0246756300    0.0273309300
   0.0006716800    0.0011937000    0.0015419700
  -0.0001825100   -0.0000298400    0.0000302600
  -0.0000375900   -0.0007816500    0.0006101500
   0.0003090500   -0.0001033000    0.0004300100
  -0.0000720000   -0.0000695200    0.0000717500
  -0.0000168400    0.0000894500   -0.0000124300
   0.0005773600   -0.0008583900   -0.0000233700
   0.0005047500   -0.0003280900    0.0002286900
  -0.0013951800   -0.0004123300    0.0010724000
  -0.0001839300    0.0010335300    0.0001757300
   0.0000272800   -0.0000042800    0.0001479600
  -0.0575392800    0.0002389700   -0.0788951500
   0.0045906100   -0.0002109900    0.0079385800
   0.0003229500   -0.0001374800    0.0089246800
   0.0056433100   -0.0001350600    0.0071799500
   0.0005364200    0.0020288100    0.0076441100
   0.0001308000   -0.0000039700    0.0090040800
   0.0002248200   -0.0000541800    0.0091427600
   0.0013994500   -0.0028248200    0.0074700600
   0.0000352100    0.0001643000    0.0088434600
   0.0001344700    0.0000539900    0.0090719900
   0.0002719800   -0.0000315800    0.0090065300
   0.0001332900    0.0001069900    0.0090727000
   0.0011071200    0.0029251100    0.0072663600
   0.0008396200   -0.0017958200    0.0078496000
   0.0002721800   -0.0000820200    0.0091048300
   0.0000842200   -0.0000304100    0.0090417500
  -0.0015545300   -0.0000023800   -0.0011043700
   0.0016222300    0.0011978400   -0.0075782500
   0.0001880600    0.0000264500   -0.0092293000
  -0.0005575000    0.0005249100   -0.0091184000
   0.0009643200    0.0006625200   -0.0084983500
   0.0001397000    0.0000177200   -0.0093111500
   0.0004067200   -0.0001757800   -0.0092727100
  -0.0016211800    0.0003568300   -0.0082012700
   0.0001042600    0.0000469600   -0.0092468800
   0.0001057400    0.0001549100   -0.0092894800
   0.0000569000   -0.0000774500   -0.0092130600
   0.0001045700   -0.0000346000   -0.0092931500
  -0.0001156600   -0.0005455000   -0.0092655400
  -0.0005281600   -0.0022200800   -0.0074272200
   0.0002411000   -0.0000802000   -0.0093895900
   0.0002986100    0.0001103700   -0.0091974100

17   
 -0.0057378759221381   0.0000000000000000  -0.0081900415079624
   0.0034159400    0.0047476100   -0.0133911800
  -0.0380458900    0.0191825600   -0.0398920200
   0.0006775000    0.0001652200   -0.0003529200
  -0.0003235200   -0.0004163800    0.0000659100
  -0.0048144300   -0.0240667400   -0.0267814000
  -0.0005090500   -0.0012212900   -0.0014767300
   0.0003995100    0.0000240400    0.0000168700
   0.0002560000    0.0007808000   -0.0005810200
  -0.0000703900    0.0001161000   -0.0003777200
   0.0002798300    0.0000678600   -0.0000266900
   0.0002390200   -0.0000930500    0.0000590500
  -0.0003586000    0.0008680600    0.0000887500
  -0.0003007800    0.0003044800   -0.0001696300
   0.0016073900    0.0004403500   -0.0010323700
   0.0004111400   -0.0010406200   -0.0001217300
   0.0001874100   -0.0000002500   -0.0000965000
   0.0456513200    0.0001617300    0.0929022600
  -0.0043065500    0.0001901800    0.0103417300
  -0.0000933900    0.0001366000    0.0093814800
  -0.0054492700    0.0001404000    0.0111264600
  -0.0003454700   -0.0020259500    0.0106395500
   0.0000933500    0.0000023300    0.0092998200
  -0.0000042000    0.0000545600    0.0091702500
  -0.0011641800    0.0027982000    0.0108237500
   0.0001865400   -0.0001625700    0.0094652900
   0.0000899100   -0.0000564800    0.0092365200
  -0.0000494800    0.0000243300    0.0092997500
   0.0000889000   -0.0001134900    0.0092364200
  -0.0008729600   -0.0029048200    0.0110345100
  -0.0006247900    0.0017987900    0.0104333500
  -0.0000535500    0.0000817800    0.0092033100
   0.0001422300    0.0000301200    0.0092708100
   0.0017551900   -0.0000008300   -0.0170052300
  -0.0013946300   -0.0012095000   -0.0106366300
   0.0000363500   -0.0000266900   -0.0089875000
   0.0007981000   -0.0005394700   -0.0091177500
  -0.0007740200   -0.0006650300   -0.0097397900
   0.0000969600   -0.0000126400   -0.0089042700
  -0.0001864100    0.0001768300   -0.0089454700
   0.0018354900   -0.0003614700   -0.0100171300
   0.0001153500   -0.0000461800   -0.0089714800
   0.0001194300   -0.0001627600   -0.0089254100
   0.0001621200    0.0000719300   -0.0090061600
   0.0001184100    0.0000317700   -0.0089283200
   0.0003320800    0.0005714100   -0.0089787800
   0.0007434800    0.0021905400   -0.0107745200
  -0.0000209100    0.0000803900   -0.0088337800
  -0.0000764600   -0.0001127800   -0.0090236600
