64   
8    

1    
  0.0044862868504808   0.0000000000000000   0.0089371824584263
  -0.2262922200   -0.0012860400   -0.1244889600
   0.0209323800   -0.0040881300    0.0028918400
   0.0049232100    0.0000035500    0.0015334100
   0.0207943800    0.0041179200    0.0030432700
  -0.0044606500    0.0187366200    0.0029516300
   0.0034935400    0.0014644500    0.0027483400
   0.0034963100   -0.0014837000    0.0027480900
  -0.0044931900   -0.0187185700    0.0029839200
  -0.0010299700    0.0034510100    0.0015341000
   0.0009269300    0.0000095900    0.0027483000
  -0.0010501700   -0.0034517500    0.0015327900
   0.0009158700   -0.0000015200    0.0027482100
  -0.0044340600    0.0105069000    0.0030276100
  -0.0045101100   -0.0105362900    0.0029085000
   0.0034922300   -0.0014835300    0.0027498000
   0.0034875500    0.0014890600    0.0027466100
   0.0000973200    0.0000822500   -0.0016476700
   0.0001042400   -0.0000043600   -0.0017440000
  -0.0000509700    0.0000139300   -0.0017599600
  -0.0000849400    0.0001147900   -0.0016406100
   0.0000330600    0.0000354000   -0.0017291000
   0.0000338100   -0.0000462500   -0.0017589800
  -0.0000007100    0.0000296400   -0.0017467100
  -0.0000005000    0.0001240500   -0.0017127700
  -0.0000411000   -0.0000909800   -0.0017040400
   0.0000926800   -0.0000967000   -0.0017158800
   0.0000641400   -0.0000053500   -0.0017477200
  -0.0000499900    0.0000037600   -0.0017438900
   0.0000357900   -0.0000743100   -0.0015996800
   0.0001714400   -0.0000603700   -0.0016988400
   0.0000127900   -0.0000283600   -0.0017608400
  -0.0001543100   -0.0000507900   -0.0016818300
   0.0825808800    0.0273681300    0.0472758500
  -0.0057155800   -0.0012193300    0.0001871400
  -0.0057604700    0.0011985500    0.0001682900
   0.0814152800   -0.0264871200    0.0481049000
  -0.0031463000   -0.0053297500    0.0001845000
  -0.0033313100   -0.0000101600    0.0031833800
  -0.0031458800    0.0053601200    0.0001706100
   0.0088741200   -0.0000009500    0.0044123900
   0.0012128600   -0.0001969500    0.0001749400
   0.0012507300    0.0001533300    0.0001798100
   0.0002176900    0.0017529500    0.0026502700
   0.0002070000   -0.0017529500    0.0026514800
   0.0353624900    0.0005715900    0.0476990000
  -0.0019048500    0.0062393300    0.0044180700
  -0.0028280800    0.0000014700    0.0026508200
  -0.0019555100   -0.0062414600    0.0044069500
   0.0000792200   -0.0000024700   -0.0035841200
  -0.0000617200    0.0000054000   -0.0035544500
  -0.0000484600   -0.0000124100   -0.0034402200
   0.0000839900   -0.0000195700   -0.0034372100
   0.0000112300   -0.0000785500   -0.0035340500
  -0.0000626600   -0.0000385200   -0.0034713600
   0.0000078900   -0.0000117900   -0.0034098000
   0.0000965900   -0.0000497600   -0.0034580000
   0.0000039500   -0.0000378300   -0.0034520900
  -0.0000055000    0.0000327800   -0.0034404500
   0.0000215800    0.0000309300   -0.0034282700
   0.0000330000   -0.0000418300   -0.0034440200
   0.0000669500    0.0000355800   -0.0034752100
   0.0000010900    0.0000844900   -0.0035162200
  -0.0000342900    0.0000340100   -0.0034603100
   0.0000193200   -0.0000132000   -0.0034275200

1    
 -0.0044862868504808   0.0000000000000000  -0.0089371824584263
   0.2258598200   -0.0011255500    0.1292765400
  -0.0207622200    0.0041146900    0.0023088500
  -0.0049359500    0.0000000400    0.0038208300
  -0.0209116300   -0.0040898200    0.0024648300
   0.0044982100   -0.0187108000    0.0023693300
  -0.0034795600   -0.0015013400    0.0026036000
  -0.0034831800    0.0014776600    0.0026086500
   0.0044626000    0.0187321200    0.0024038900
   0.0010687500   -0.0034523500    0.0038206900
  -0.0009192300    0.0000046500    0.0026062400
   0.0010512000    0.0034509800    0.0038213100
  -0.0009291300    0.0000021800    0.0026061800
   0.0045166400   -0.0105461500    0.0024471400
   0.0044488500    0.0105012300    0.0023257400
  -0.0034763200    0.0014713800    0.0026060300
  -0.0034908000   -0.0014775500    0.0026061400
  -0.0000980200   -0.0000782300   -0.0019098900
  -0.0001000600   -0.0000091000   -0.0018145900
   0.0000651400   -0.0000113000   -0.0017983000
   0.0000856900   -0.0001108000   -0.0019164400
  -0.0000337600   -0.0000465200   -0.0018295500
  -0.0000282200    0.0000333700   -0.0017997200
   0.0000149600   -0.0000475000   -0.0018114700
  -0.0000001700   -0.0001345800   -0.0018453500
   0.0000382400    0.0000868100   -0.0018543500
  -0.0000790600    0.0000925100   -0.0018424000
  -0.0000627600   -0.0000070900   -0.0018107200
   0.0000564600   -0.0000104000   -0.0018147600
  -0.0000353000    0.0000617400   -0.0019573000
  -0.0001545600    0.0000415200   -0.0018592500
  -0.0000173900    0.0000151600   -0.0017977500
   0.0001601000    0.0000308000   -0.0018759400
  -0.0814063300   -0.0264962000   -0.0430535300
   0.0057725200    0.0011890700    0.0048749800
   0.0057335400   -0.0012172500    0.0048514700
  -0.0825606500    0.0273633400   -0.0422431500
   0.0031635000    0.0053498200    0.0048724500
   0.0033514100   -0.0000122700    0.0018574100
   0.0031676000   -0.0053284600    0.0048542700
  -0.0088715200   -0.0000074300    0.0006286100
  -0.0012267800    0.0001541200    0.0048605000
  -0.0011901900   -0.0001956500    0.0048657900
  -0.0002009900   -0.0017569600    0.0023895500
  -0.0002087900    0.0017526200    0.0023906600
  -0.0353446500    0.0005752900   -0.0426570900
   0.0019723300   -0.0062476300    0.0006365000
   0.0028302700   -0.0000002200    0.0023901900
   0.0019288400    0.0062429100    0.0006204200
  -0.0000831000   -0.0000054100   -0.0032197000
   0.0000611000   -0.0000161700   -0.0032481600
   0.0000474600   -0.0000044300   -0.0033612800
  -0.0000853400    0.0000075300   -0.0033645000
  -0.0000198800    0.0000721100   -0.0032686100
   0.0000574100    0.0000250800   -0.0033302500
  -0.0000059100   -0.0000034200   -0.0033914300
  -0.0000914500    0.0000411800   -0.0033444200
  -0.0000124300    0.0000244700   -0.0033494400
   0.0000004800   -0.0000465500   -0.0033606900
  -0.0000134400   -0.0000462800   -0.0033731800
  -0.0000345100    0.0000249300   -0.0033576700
  -0.0000725700   -0.0000480900   -0.0033266200
  -0.0000017000   -0.0000952900   -0.0032859500
   0.0000395500   -0.0000501200   -0.0033414500
  -0.0000251300   -0.0000024100   -0.0033738900

17   
  0.0044862868504808   0.0000000000000000   0.0089371824584263
   0.0000812400    0.0000839300    0.0027679700
  -0.0000506300    0.0000940700    0.0027898900
  -0.0001649200    0.0000346300    0.0026879300
   0.0000784400    0.0000658600    0.0026891500
  -0.0000284100   -0.0000630900    0.0028392700
  -0.0001470100   -0.0001067300    0.0027416000
   0.0000118400    0.0000118200    0.0026659900
   0.0001073400   -0.0000118300    0.0027397100
  -0.0000381400   -0.0001311100    0.0027287900
  -0.0000218800   -0.0000011500    0.0026683900
   0.0000530100    0.0000030400    0.0026846300
  -0.0000479300   -0.0001187000    0.0027374700
   0.0000634900    0.0000125000    0.0026902300
   0.0000101900    0.0000819300    0.0027050300
  -0.0000607400   -0.0000098000    0.0026997400
  -0.0000688400   -0.0000263700    0.0026881800
  -0.2242683500   -0.0010549500   -0.1285901200
   0.0208773000   -0.0041059600   -0.0015523400
   0.0049228300    0.0000279500   -0.0029094000
   0.0207386000    0.0041454100   -0.0013982900
  -0.0045130400    0.0187134900   -0.0014924900
   0.0034691200    0.0014621900   -0.0016975200
   0.0034870100   -0.0015045500   -0.0016914700
  -0.0045436100   -0.0187087900   -0.0014580200
  -0.0010919800    0.0034552800   -0.0029104700
   0.0009321800    0.0000096200   -0.0016945500
  -0.0011032500   -0.0034692900   -0.0029084900
   0.0008889200   -0.0000038200   -0.0016950300
  -0.0044812200    0.0105012000   -0.0014150900
  -0.0045020300   -0.0105726700   -0.0015347500
   0.0034284100   -0.0014921500   -0.0016949700
   0.0034536100    0.0014555600   -0.0016951500
  -0.0000174000   -0.0000504700    0.0023250700
   0.0000914900   -0.0000300100    0.0024004300
  -0.0000114300    0.0000186800    0.0024899000
  -0.0001054200   -0.0000176100    0.0024259100
   0.0000639300    0.0000374000    0.0023659700
   0.0000646200    0.0000044500    0.0024893800
  -0.0000690600    0.0000126900    0.0024745400
  -0.0000998900    0.0000456700    0.0023755800
   0.0000496600    0.0000179600    0.0024778200
  -0.0000079200   -0.0000327400    0.0024909100
  -0.0000528200    0.0000108400    0.0024556700
  -0.0000283900    0.0000707500    0.0024399500
  -0.0000360600   -0.0000772100    0.0024454000
   0.0000261600   -0.0000794900    0.0024340400
  -0.0000057700    0.0000025200    0.0024697700
  -0.0000268900    0.0000146000    0.0024755400
  -0.0019967600   -0.0062486400   -0.0015169800
   0.0353249100    0.0005587000    0.0417744200
  -0.0019564900    0.0062181200   -0.0015005700
  -0.0028628000   -0.0000091900   -0.0032686800
   0.0813748000   -0.0264783600    0.0421626800
   0.0825409900    0.0273748900    0.0413666000
  -0.0057560400   -0.0012212600   -0.0057318400
  -0.0057846000    0.0012012300   -0.0057521800
   0.0088270700   -0.0000187100   -0.0015088100
  -0.0032021000   -0.0053396600   -0.0057338700
  -0.0033543400   -0.0000191400   -0.0027368900
  -0.0031848100    0.0053445300   -0.0057511600
   0.0001681600   -0.0017674500   -0.0032692400
   0.0011683900   -0.0001970900   -0.0057460500
   0.0012226000    0.0001400200   -0.0057385900
   0.0001646300    0.0017364900   -0.0032705400

17   
 -0.0044862868504808   0.0000000000000000  -0.0089371824584263
  -0.0001162400   -0.0001026500    0.0025468200
   0.0001949100   -0.0000899500    0.0025215500
   0.0000980900   -0.0000216400    0.0026232400
  -0.0000606300   -0.0000001000    0.0026261100
   0.0000021700    0.0000653800    0.0024736100
   0.0002179200   -0.0000334400    0.0025704200
   0.0000188200   -0.0000152100    0.0026486900
  -0.0001234800   -0.0000026300    0.0025746400
   0.0001118300    0.0001319000    0.0025860600
   0.0000740500   -0.0000093200    0.0026474200
  -0.0000097400    0.0000061200    0.0026295400
  -0.0000596600    0.0001077300    0.0025764300
  -0.0000024200   -0.0000274200    0.0026260000
   0.0000265600   -0.0000993500    0.0026100800
   0.0000923300   -0.0000209300    0.0026127100
  -0.0000005000    0.0001009600    0.0026263100
   0.2233924600   -0.0013300100    0.1247506900
  -0.0207384300    0.0041021800   -0.0021291000
  -0.0048592100    0.0000392300   -0.0006177600
  -0.0208757500   -0.0040564400   -0.0019741100
   0.0045185300   -0.0187134400   -0.0020693500
  -0.0034381000   -0.0014953700   -0.0018330900
  -0.0034234000    0.0014521000   -0.0018321100
   0.0044875600    0.0187135100   -0.0020349900
   0.0010875500   -0.0034388100   -0.0006180400
  -0.0008620400    0.0000152700   -0.0018330600
   0.0010796800    0.0034414500   -0.0006184400
  -0.0008861800    0.0000021300   -0.0018330600
   0.0045322500   -0.0105399400   -0.0019926000
   0.0045107500    0.0104874300   -0.0021130000
  -0.0034724900    0.0014659700   -0.0018314800
  -0.0034254600   -0.0014932500   -0.0018347200
   0.0000482700    0.0000487000    0.0027043800
  -0.0000439800    0.0000022900    0.0026199700
   0.0000178800    0.0000040100    0.0025393900
   0.0001058700    0.0000319500    0.0026006200
  -0.0000276000   -0.0000769000    0.0026643600
  -0.0000115600   -0.0000457600    0.0025387000
   0.0000943800   -0.0000168900    0.0025535300
   0.0000748200   -0.0000453100    0.0026532800
   0.0000077200   -0.0000183900    0.0025524400
   0.0000563100    0.0000264800    0.0025370700
   0.0000642600   -0.0000135000    0.0025674300
   0.0000033900   -0.0000549100    0.0025897800
   0.0000631400    0.0000724100    0.0025833200
   0.0000410500    0.0000713100    0.0025967900
  -0.0000127400    0.0000129300    0.0025564400
   0.0000384500    0.0000205100    0.0025529300
   0.0019539200    0.0062397300   -0.0052925400
  -0.0353179500    0.0005844600   -0.0485683200
   0.0020018800   -0.0062654500   -0.0052814800
   0.0028727600   -0.0000045800   -0.0035245600
  -0.0825419200    0.0273788900   -0.0481392400
  -0.0814070000   -0.0264990100   -0.0489815700
   0.0058191800    0.0011937700   -0.0010427200
   0.0057801800   -0.0012053500   -0.0010606600
  -0.0088487900   -0.0000115900   -0.0052874700
   0.0031847500    0.0053590800   -0.0010454900
   0.0033991700   -0.0000187300   -0.0040586700
   0.0031983200   -0.0053444100   -0.0010589800
  -0.0001755100    0.0017505800   -0.0035244500
  -0.0012066400    0.0001554700   -0.0010548500
  -0.0011472500   -0.0002064100   -0.0010488500
  -0.0001764400   -0.0017668300   -0.0035259700

33   
  0.0044862868504808   0.0000000000000000   0.0089371824584263
   0.0814278700    0.0264898500    0.0483052900
   0.0825487500   -0.0273661200    0.0473603700
  -0.0057532400    0.0038479800    0.0003134500
  -0.0057507700   -0.0038338900    0.0003273600
   0.0353399900   -0.0005919300    0.0478419000
  -0.0019085800   -0.0062616600    0.0045506200
  -0.0028346900   -0.0000076200    0.0027935000
  -0.0019763600    0.0062308000    0.0045597900
   0.0012145900   -0.0027820300    0.0003124100
   0.0002024400   -0.0017466200    0.0027935900
   0.0002092300    0.0017646700    0.0027935100
   0.0012082300    0.0028439500    0.0003282800
  -0.0031622300   -0.0026922500    0.0003194500
   0.0088640900    0.0000007300    0.0045552600
  -0.0031465700    0.0027072600    0.0003213600
  -0.0033587600    0.0000189700    0.0033262900
  -0.0000364900   -0.0000556000   -0.0019666900
  -0.0000982200   -0.0000055700   -0.0018700800
   0.0000332700    0.0000269200   -0.0018243500
   0.0001265200   -0.0000236300   -0.0019143000
  -0.0000226000   -0.0000937100   -0.0018615900
  -0.0000072500    0.0000023000   -0.0018293900
   0.0000345900   -0.0000206900   -0.0018327100
   0.0000203900   -0.0001300000   -0.0018723900
   0.0000642100    0.0000348000   -0.0018388700
  -0.0000042300    0.0000784300   -0.0018557000
  -0.0000504700    0.0000060900   -0.0018367000
   0.0000156300   -0.0000367600   -0.0018235500
   0.0000728500    0.0000958200   -0.0019406600
  -0.0001072600    0.0000763700   -0.0019040400
  -0.0000595500    0.0000382000   -0.0018302000
   0.0001191100    0.0000540800   -0.0018411700
  -0.2446809300    0.0012678200   -0.0714526700
   0.0225473800   -0.0013005500   -0.0072151100
   0.0059499400    0.0000151600    0.0032009200
   0.0223716200    0.0013263400   -0.0070439600
  -0.0003256300    0.0144496700   -0.0071890700
   0.0028259700    0.0019124900    0.0028791400
   0.0028494200   -0.0019089300    0.0028720500
  -0.0002858100   -0.0144524400   -0.0070695200
   0.0006861900    0.0030406700    0.0032037900
  -0.0004752300    0.0000103800    0.0028755300
   0.0006816600   -0.0030444100    0.0031977400
  -0.0004825600   -0.0000057600    0.0028760400
  -0.0002915500    0.0118277000   -0.0071035900
  -0.0003106800   -0.0118335500   -0.0071553500
   0.0028306900   -0.0019099100    0.0028770100
   0.0028355000    0.0019182600    0.0028750800
  -0.0000794300   -0.0000224900   -0.0033023500
   0.0000278800   -0.0000332500   -0.0032487600
   0.0000782800   -0.0000144000   -0.0033443000
  -0.0000142100   -0.0000027400   -0.0033910800
  -0.0000368100    0.0000653600   -0.0032758500
   0.0000644100    0.0000499900   -0.0033097400
   0.0000401700    0.0000143100   -0.0033826900
  -0.0000554700    0.0000264900   -0.0033700900
   0.0000083000    0.0000615500   -0.0033622200
   0.0000209000    0.0000098800   -0.0033786400
   0.0000028300   -0.0000231000   -0.0033869600
  -0.0000197100    0.0000274200   -0.0033738300
  -0.0000289000   -0.0000138200   -0.0033855200
  -0.0000177400   -0.0000700500   -0.0033396900
   0.0000375700   -0.0000568900   -0.0033501400
   0.0000214700   -0.0000003200   -0.0033862200

33   
 -0.0044862868504808   0.0000000000000000  -0.0089371824584263
  -0.0825262000   -0.0273661400   -0.0420368100
  -0.0814223800    0.0265004700   -0.0429770100
   0.0057392800   -0.0038346300    0.0050002200
   0.0057600800    0.0038541000    0.0050107800
  -0.0353462200   -0.0006102100   -0.0425160000
   0.0019822000    0.0062065300    0.0007680000
   0.0028452400   -0.0000092600    0.0025323100
   0.0019203600   -0.0062585300    0.0007732900
  -0.0012040300    0.0028387900    0.0049981100
  -0.0001998700    0.0017601400    0.0025327500
  -0.0001877500   -0.0017484900    0.0025319300
  -0.0012207400   -0.0027933900    0.0050130200
   0.0031660200    0.0027087900    0.0050033200
  -0.0088602600    0.0000049600    0.0007706700
   0.0031688400   -0.0026998200    0.0050076900
   0.0033507100    0.0000187000    0.0019996200
   0.0000319400    0.0000717000   -0.0016223700
   0.0000973700    0.0000035800   -0.0017178800
  -0.0000191600   -0.0000105300   -0.0017634300
  -0.0001290800    0.0000383900   -0.0016744500
   0.0000169800    0.0000922000   -0.0017262600
   0.0000102500   -0.0000040800   -0.0017582900
  -0.0000204900    0.0000122800   -0.0017547800
  -0.0000256600    0.0001301100   -0.0017153700
  -0.0000693000   -0.0000249200   -0.0017492000
   0.0000158000   -0.0000680300   -0.0017321800
   0.0000465700   -0.0000079600   -0.0017507900
  -0.0000119100    0.0000412900   -0.0017640900
  -0.0000771800   -0.0000943300   -0.0016486100
   0.0001202300   -0.0000838500   -0.0016842300
   0.0000504500   -0.0000387800   -0.0017575600
  -0.0001123500   -0.0000604100   -0.0017470500
   0.2444620400    0.0014642700    0.0777691900
  -0.0223515300    0.0013175800    0.0120527800
  -0.0059431900    0.0000123400    0.0018111600
  -0.0225399800   -0.0012987100    0.0122303600
   0.0002981100   -0.0144551000    0.0120800000
  -0.0028311600   -0.0019159000    0.0021387200
  -0.0028114000    0.0019160000    0.0021337100
   0.0003298500    0.0144560100    0.0122029300
  -0.0006661300   -0.0030473200    0.0018142600
   0.0004940900    0.0000045800    0.0021361400
  -0.0006728200    0.0030378100    0.0018080700
   0.0004842000   -0.0000058800    0.0021362800
   0.0003262000   -0.0118416100    0.0121686900
   0.0003133300    0.0118194100    0.0121142700
  -0.0028284400    0.0019125500    0.0021359500
  -0.0028263000   -0.0019121700    0.0021365100
   0.0000710400    0.0000261700   -0.0035284600
  -0.0000297500    0.0000338000   -0.0035814800
  -0.0000816100    0.0000088500   -0.0034870700
   0.0000085600    0.0000029600   -0.0034403200
   0.0000250500   -0.0000571300   -0.0035550700
  -0.0000716900   -0.0000500500   -0.0035214100
  -0.0000412000   -0.0000168700   -0.0034489800
   0.0000562400   -0.0000213500   -0.0034615900
  -0.0000200500   -0.0000626600   -0.0034696100
  -0.0000291300   -0.0000126500   -0.0034529900
   0.0000028800    0.0000190800   -0.0034448700
   0.0000147000   -0.0000316100   -0.0034581200
   0.0000194200    0.0000120500   -0.0034460600
   0.0000143600    0.0000696000   -0.0034913700
  -0.0000340900    0.0000514700   -0.0034814000
  -0.0000313600   -0.0000041800   -0.0034455600

49   
  0.0044862868504808   0.0000000000000000   0.0089371824584263
   0.0000416400   -0.0000068100    0.0024836200
   0.0001711100   -0.0000303200    0.0026059700
  -0.0000903200   -0.0000226800    0.0026240300
  -0.0001131900    0.0000230000    0.0025340300
   0.0000411200    0.0000892100    0.0025870100
   0.0000415400   -0.0000614500    0.0026357700
  -0.0000415300    0.0000436200    0.0026067300
  -0.0000324600    0.0001316400    0.0025531200
   0.0000023800   -0.0000107700    0.0026231300
   0.0000365000   -0.0000376100    0.0026220300
   0.0000379100    0.0000529200    0.0026273500
  -0.0000670200    0.0000696000    0.0026244900
  -0.0000118900   -0.0001071500    0.0025514200
   0.0001271100   -0.0000810400    0.0025900600
   0.0000310700   -0.0000312800    0.0026405300
  -0.0001373400   -0.0000142900    0.0026080300
  -0.0019331800   -0.0062256900    0.0001297000
  -0.0028653700   -0.0000274600   -0.0016293800
  -0.0019460900    0.0062530200    0.0001349500
   0.0353322800   -0.0006033300    0.0434180400
   0.0001694500   -0.0017743700   -0.0016295900
   0.0002172600    0.0017576600   -0.0016298200
   0.0012277300    0.0028172900   -0.0040945100
   0.0011880700   -0.0028047200   -0.0041095800
   0.0088453900    0.0000204900    0.0001317100
  -0.0031251300    0.0027201200   -0.0040999100
  -0.0033934400    0.0000013000   -0.0010959300
  -0.0031620400   -0.0027004200   -0.0041050100
   0.0824972800   -0.0273575400    0.0429330600
  -0.0057338900    0.0038135200   -0.0041071600
  -0.0057877600   -0.0038377300   -0.0040974400
   0.0814744600    0.0264924000    0.0438829600
  -0.0000761900   -0.0000246200    0.0026359700
   0.0000016600   -0.0000207200    0.0025454100
   0.0000778000   -0.0000059600    0.0025951400
   0.0000180800   -0.0000262800    0.0026874900
  -0.0000236400   -0.0000221800    0.0025565400
   0.0000424300   -0.0000141200    0.0025530300
   0.0000438200   -0.0000547500    0.0025869000
  -0.0000388000   -0.0000645500    0.0025993500
   0.0000241700    0.0000685900    0.0025795400
  -0.0000016100    0.0000313000    0.0025636000
   0.0000018300   -0.0000199500    0.0025487400
   0.0000004600    0.0000242900    0.0025627300
  -0.0000314500    0.0000619700    0.0026622100
  -0.0000331200    0.0000197500    0.0025690100
   0.0000260600    0.0000177900    0.0025556400
   0.0000608900    0.0000659400    0.0026302000
  -0.2443268400    0.0015044700   -0.0785494700
   0.0225404000   -0.0013088800   -0.0131191000
   0.0059339400   -0.0000104500   -0.0027003200
   0.0223552000    0.0013193500   -0.0129406400
  -0.0003490200    0.0144716900   -0.0130928600
   0.0027962100    0.0019115400   -0.0030228700
   0.0028443300   -0.0019145400   -0.0030274500
  -0.0002857900   -0.0144434300   -0.0129670000
   0.0006561400    0.0030231200   -0.0026975200
  -0.0004972500   -0.0000000300   -0.0030257000
   0.0006899700   -0.0030586000   -0.0027037100
  -0.0004973300   -0.0000243100   -0.0030253700
  -0.0003099500    0.0118132700   -0.0130024000
  -0.0003244900   -0.0118411400   -0.0130578900
   0.0028352100   -0.0019295100   -0.0030240000
   0.0028052500    0.0018998700   -0.0030246100

49   
 -0.0044862868504808   0.0000000000000000  -0.0089371824584263
  -0.0000930100   -0.0000043900    0.0028500300
  -0.0000434900    0.0000388500    0.0027237100
   0.0000123600    0.0000398600    0.0027040200
   0.0001245900    0.0000461700    0.0027983300
  -0.0000852200   -0.0000798000    0.0027441600
   0.0000198500   -0.0000675200    0.0026937400
   0.0000553000   -0.0000382100    0.0027244100
   0.0000096000   -0.0001432000    0.0027784100
   0.0000578400    0.0000217500    0.0027082900
  -0.0000003900    0.0000311500    0.0027100700
  -0.0000037900   -0.0000347400    0.0027030200
  -0.0000524700   -0.0000761900    0.0027057600
   0.0000581800    0.0001001400    0.0027817800
  -0.0001043700    0.0000729800    0.0027421200
  -0.0000135600    0.0000049000    0.0026882000
   0.0000601300    0.0000944900    0.0027228700
   0.0019541500    0.0062625600   -0.0036486700
   0.0028660000   -0.0000262700   -0.0018827300
   0.0019419400   -0.0062190700   -0.0036388100
  -0.0353557600   -0.0005406300   -0.0469278500
  -0.0002172300    0.0017718100   -0.0018827700
  -0.0001906300   -0.0017727600   -0.0018826400
  -0.0011769900   -0.0028186500    0.0005999400
  -0.0012241700    0.0028382600    0.0005837200
  -0.0088810900    0.0000045400   -0.0036446200
   0.0031902900   -0.0026960200    0.0005915700
   0.0033727700   -0.0000028800   -0.0024146800
   0.0031472100    0.0027123300    0.0005898500
  -0.0814367200    0.0264749200   -0.0473876000
   0.0057991000   -0.0038587200    0.0005834000
   0.0057326400    0.0038219500    0.0005976500
  -0.0825531000   -0.0274068900   -0.0464521000
   0.0000894600    0.0000294200    0.0024083300
   0.0000354000   -0.0000010500    0.0024919300
  -0.0000820900    0.0000335400    0.0024517700
  -0.0000299500    0.0000454100    0.0023551700
   0.0000464400   -0.0000045700    0.0024898700
  -0.0000016300   -0.0000189900    0.0024924700
  -0.0000301600    0.0000578300    0.0024589800
  -0.0000003200    0.0000722900    0.0024459600
   0.0000179400   -0.0000614100    0.0024676500
   0.0000374800   -0.0000308900    0.0024822600
  -0.0000023000    0.0000234400    0.0024922700
  -0.0000366600   -0.0000003500    0.0024837700
   0.0000424300   -0.0000604700    0.0023825700
   0.0000875900   -0.0000245500    0.0024783600
  -0.0000542500    0.0000011400    0.0024880300
  -0.0000615800   -0.0000257300    0.0024151600
   0.2442753800    0.0015042900    0.0704208000
  -0.0223709100    0.0013192700    0.0061657800
  -0.0059388400   -0.0000122800   -0.0040804800
  -0.0225342700   -0.0013089600    0.0063359700
   0.0002711400   -0.0144423400    0.0061918400
  -0.0028523900   -0.0019071200   -0.0037514200
  -0.0028021700    0.0019084800   -0.0037591100
   0.0003463800    0.0144580600    0.0063114200
  -0.0006905200   -0.0030528900   -0.0040776100
   0.0004735500    0.0000037200   -0.0037557100
  -0.0006582500    0.0030216300   -0.0040834200
   0.0004920500   -0.0000272100   -0.0037545900
   0.0003171000   -0.0118416700    0.0062756400
   0.0002900000    0.0118232200    0.0062233400
  -0.0028094200    0.0018984900   -0.0037542700
  -0.0028366000   -0.0019304900   -0.0037553000
