27   
3    

1    
  0.0043187738561149   0.0000000000000000   0.0090193232772608
  -0.1060967200   -0.0001316700   -0.2380650100
   0.0050040300    0.0045911300   -0.0056673600
   0.0047300400   -0.0046136100   -0.0057197000
   0.0020493000   -0.0028662400   -0.0057251400
   0.0011370500   -0.0000043800    0.0009883700
   0.0019960800    0.0030529500   -0.0056630900
   0.0019513100    0.0061788900   -0.0057522500
   0.0020916200   -0.0063080500   -0.0056379200
   0.0011365500   -0.0000008900    0.0009861000
  -0.0087705600   -0.0091823400    0.0289344300
   0.0004979400    0.0000311600    0.0015438600
   0.0442398900   -0.0214242400    0.0526774600
   0.0002546800    0.0001402900    0.0015551800
   0.0002017500   -0.0001746400    0.0015382600
  -0.0018958100   -0.0016560300    0.0018032800
   0.0071303300    0.0306693900    0.0408789700
  -0.0012035400   -0.0004041100    0.0016214800
   0.0016630700    0.0020473000    0.0019800500
   0.0459884900    0.0224391000    0.0546231100
   0.0005342900   -0.0000290400    0.0018344900
  -0.0089188800    0.0092631100    0.0294338100
   0.0002205300    0.0001798300    0.0018533600
   0.0002715900   -0.0001554800    0.0018088500
  -0.0018657200    0.0016626400    0.0020722500
   0.0071217100   -0.0316303800    0.0419483800
   0.0017069800   -0.0020662100    0.0022501100
  -0.0011759900    0.0003915400    0.0018986700

10   
  0.0043187738561149   0.0000000000000000   0.0090193232772608
  -0.0075047600   -0.0084308100    0.0284614700
   0.0445610700   -0.0216253800    0.0551867800
   0.0004822800   -0.0000128600    0.0016739900
   0.0071029500    0.0299433500    0.0417166900
   0.0005522600    0.0014429600    0.0026177300
  -0.0001693100   -0.0010188300    0.0012146000
   0.0001826400    0.0001734000    0.0016835000
  -0.0019389700   -0.0004173600    0.0019128700
   0.0001991600   -0.0001607800    0.0016633800
  -0.0481570200    0.0001221900   -0.1296646100
   0.0020103600    0.0000905000   -0.0037093400
   0.0036743200    0.0003950900   -0.0044890000
   0.0001546800    0.0007239000   -0.0038029700
  -0.0002692100   -0.0000007000   -0.0001220300
   0.0005889700   -0.0024307700   -0.0043980300
   0.0010057400    0.0018848500   -0.0041920300
  -0.0002601700   -0.0006649900   -0.0040095300
  -0.0002661500   -0.0000011500   -0.0001187000
  -0.0012448600    0.0000020400    0.0169601600
   0.0022139200    0.0017926200    0.0012005300
  -0.0008152000    0.0006641300   -0.0002717300
   0.0012592900    0.0008525100    0.0003092900
   0.0000618600   -0.0000000200   -0.0006783200
  -0.0023785000    0.0005421500    0.0006093100
  -0.0002445400   -0.0006376700   -0.0004219300
  -0.0008623100   -0.0032274200    0.0013509100
   0.0000615000   -0.0000009700   -0.0006829900

10   
 -0.0043187738561149   0.0000000000000000  -0.0090193232772608
   0.0074406600    0.0083570200   -0.0284257900
  -0.0426855800    0.0205919000   -0.0533807700
  -0.0004371600    0.0000213100   -0.0015973600
  -0.0070272700   -0.0290556800   -0.0410054200
  -0.0005738400   -0.0014497200   -0.0025303000
   0.0001988000    0.0010022100   -0.0011802800
  -0.0001423800   -0.0001714000   -0.0016138000
   0.0019354400    0.0004425400   -0.0018581900
  -0.0001819300    0.0001461300   -0.0015827200
   0.0457492300    0.0001586200    0.1254688800
  -0.0019517600   -0.0000915800    0.0034228700
  -0.0036639500   -0.0003894200    0.0042583500
  -0.0001423600   -0.0007170300    0.0035308500
   0.0002949300   -0.0000036300   -0.0001169500
  -0.0005654800    0.0024164800    0.0041434900
  -0.0009830900   -0.0018805500    0.0039486600
   0.0002766300    0.0006541500    0.0037249800
   0.0002984400   -0.0000037700   -0.0001124500
   0.0012427100   -0.0000009100   -0.0163476000
  -0.0021770100   -0.0017982100   -0.0008470500
   0.0008685800   -0.0006796200    0.0005936500
  -0.0012657400   -0.0008547500    0.0000148500
  -0.0000293200   -0.0000030800    0.0010105400
   0.0024020200   -0.0005462300   -0.0002746600
   0.0002654900    0.0006681100    0.0007401500
   0.0008841300    0.0031905800   -0.0009891600
  -0.0000301700   -0.0000034800    0.0010052200
