   3   48
1 1
    20.760873483966293    -0.000000000000002     0.000000000000000
    -0.000000000000002    20.760873483966293     0.000000000000000
     0.000000000000000     0.000000000000000    24.369288199868048
1 2
    -0.571704476610053    -1.034063562352078     0.000000000000000
     1.034063562352078    -0.256000925270802     0.000000000000000
     0.000000000000000     0.000000000000000     0.463529647145776
1 3
    -0.280672974473283    -0.000000000000000     0.000000000000000
    -0.000000000000000     0.091783566594701     0.000000000000000
     0.000000000000000     0.000000000000000    -0.086065823163966
1 4
    -0.571704476610053     1.034063562352078     0.000000000000000
    -1.034063562352078    -0.256000925270802     0.000000000000000
     0.000000000000000     0.000000000000000     0.463529647145776
1 5
    -0.334926813105614     0.897359914589699     0.000000000000000
    -1.170767210114456    -0.492778588775240     0.000000000000000
     0.000000000000000     0.000000000000000     0.463529647145775
1 6
    -0.041866980548093     0.088671097301065     0.000000000000000
     0.088671097301065    -0.144255544340312     0.000000000000000
     0.000000000000000     0.000000000000000    -0.018375591550194
1 7
    -0.041866980548093    -0.088671097301065     0.000000000000000
    -0.088671097301065    -0.144255544340312     0.000000000000000
     0.000000000000000     0.000000000000000    -0.018375591550194
1 8
    -0.334926813105614    -0.897359914589699     0.000000000000000
     1.170767210114456    -0.492778588775240     0.000000000000000
     0.000000000000000     0.000000000000000     0.463529647145776
1 9
    -0.001330568672295    -0.161278413185278     0.000000000000000
    -0.161278413185278    -0.187558839206287     0.000000000000000
     0.000000000000000     0.000000000000000    -0.086065823163966
1 10
    -0.195449826236421     0.000000000000000     0.000000000000000
     0.000000000000000     0.009327301348017     0.000000000000000
     0.000000000000000     0.000000000000000    -0.018375591550194
1 11
    -0.001330568672295     0.161278413185278     0.000000000000000
     0.161278413185278    -0.187558839206287     0.000000000000000
     0.000000000000000     0.000000000000000    -0.086065823163966
1 12
    -0.195449826236421     0.000000000000000     0.000000000000000
     0.000000000000000     0.009327301348017     0.000000000000000
     0.000000000000000     0.000000000000000    -0.018375591550194
1 13
    -0.334926813105614    -1.170767210114456     0.000000000000000
     0.897359914589699    -0.492778588775240     0.000000000000000
     0.000000000000000     0.000000000000000     0.463529647145775
1 14
    -0.334926813105614     1.170767210114456     0.000000000000000
    -0.897359914589699    -0.492778588775240     0.000000000000000
     0.000000000000000     0.000000000000000     0.463529647145776
1 15
    -0.041866980548093    -0.088671097301065     0.000000000000000
    -0.088671097301065    -0.144255544340312     0.000000000000000
     0.000000000000000     0.000000000000000    -0.018375591550194
1 16
    -0.041866980548093     0.088671097301065     0.000000000000000
     0.088671097301065    -0.144255544340312     0.000000000000000
     0.000000000000000     0.000000000000000    -0.018375591550194
1 17
    -3.803219554388677    -1.496507947856784     2.888165661489430
    -1.496507947856780    -2.075201021309629     1.667483222125157
     2.843235866255996     1.641542992752499    -4.170185747917546
1 18
    -0.045905869274142     0.100911607664892    -0.036353245552413
    -0.038576304106352    -0.028894294678742    -0.004889004514436
     0.041767592941516    -0.018208441933663    -0.051690556299152
1 19
    -0.045905869274142    -0.100911607664892     0.036353245552413
     0.038576304106352    -0.028894294678742    -0.004889004514436
    -0.041767592941516    -0.018208441933663    -0.051690556299152
1 20
    -3.803219554388680     1.496507947856778    -2.888165661489431
     1.496507947856778    -2.075201021309629     1.667483222125156
    -2.843235866255997     1.641542992752498    -4.170185747917541
1 21
    -0.006155210110437    -0.061526357874982    -0.022410624884925
     0.077961553896262    -0.068644953842447    -0.029038331901185
     0.005114823192872     0.045276017509112    -0.051690556299152
1 22
     0.017572271488536    -0.000000000000000     0.000000000000000
     0.000000000000000     0.017572271488536     0.000000000000000
     0.000000000000000     0.000000000000000    -0.011638350844186
1 23
    -0.006155210110437     0.061526357874982     0.022410624884925
    -0.077961553896262    -0.068644953842447    -0.029038331901185
    -0.005114823192872     0.045276017509112    -0.051690556299152
1 24
     0.367752113008789     0.000000000000000     0.000000000000000
     0.000000000000000    -0.206138731687642     0.061084069187824
     0.000000000000000     0.154984588472178    -0.195318542561921
1 25
    -0.060139166544747     0.046793902116992     0.013942620667488
    -0.092694009654252    -0.014660997408137     0.033927336415621
    -0.036652769748644    -0.027067575575449    -0.051690556299152
1 26
    -0.060139166544747    -0.046793902116992    -0.013942620667488
     0.092694009654252    -0.014660997408137     0.033927336415621
     0.036652769748644    -0.027067575575449    -0.051690556299152
1 27
     0.017500975487401    -0.006644314071532    -0.007327761774336
    -0.006644314071532     0.025173168522959    -0.004230685232970
     0.001771175359734     0.001022588570725     0.009095676034226
1 28
     0.017500975487401     0.006644314071532     0.007327761774336
     0.006644314071532     0.025173168522959    -0.004230685232970
    -0.001771175359734     0.001022588570725     0.009095676034226
1 29
    -1.211191754770103     0.000000000000000     0.000000000000000
     0.000000000000000    -4.667228820928207    -3.334966444250313
     0.000000000000000    -3.283085985504998    -4.170185747917542
1 30
    -0.062666020513534     0.248502025253210     0.052900355683182
     0.248502025253210     0.224279401834682    -0.030542034593912
     0.134220590811983    -0.077492294236089    -0.195318542561920
1 31
     0.029009265040739     0.000000000000000     0.000000000000000
     0.000000000000000     0.013664878969621     0.008461370465940
     0.000000000000000    -0.002045177141449     0.009095676034226
1 32
    -0.062666020513534    -0.248502025253210    -0.052900355683182
    -0.248502025253210     0.224279401834682    -0.030542034593912
    -0.134220590811983    -0.077492294236089    -0.195318542561920
1 33
    -3.803219554388681    -1.496507947856779    -2.888165661489431
    -1.496507947856779    -2.075201021309628    -1.667483222125157
    -2.843235866255997    -1.641542992752499    -4.170185747917542
1 34
    -0.045905869274142     0.100911607664892     0.036353245552413
    -0.038576304106352    -0.028894294678742     0.004889004514436
    -0.041767592941516     0.018208441933663    -0.051690556299152
1 35
    -0.045905869274142    -0.100911607664892    -0.036353245552413
     0.038576304106352    -0.028894294678742     0.004889004514436
     0.041767592941516     0.018208441933663    -0.051690556299152
1 36
    -3.803219554388681     1.496507947856779     2.888165661489431
     1.496507947856779    -2.075201021309628    -1.667483222125156
     2.843235866255998    -1.641542992752499    -4.170185747917542
1 37
    -0.006155210110437    -0.061526357874982     0.022410624884925
     0.077961553896262    -0.068644953842447     0.029038331901185
    -0.005114823192872    -0.045276017509112    -0.051690556299152
1 38
     0.017572271488536    -0.000000000000000     0.000000000000000
    -0.000000000000000     0.017572271488536     0.000000000000000
     0.000000000000000     0.000000000000000    -0.011638350844186
1 39
    -0.006155210110437     0.061526357874982    -0.022410624884925
    -0.077961553896262    -0.068644953842447     0.029038331901185
     0.005114823192872    -0.045276017509112    -0.051690556299152
1 40
     0.367752113008790     0.000000000000000     0.000000000000000
     0.000000000000000    -0.206138731687642    -0.061084069187824
     0.000000000000000    -0.154984588472178    -0.195318542561920
1 41
    -0.060139166544747     0.046793902116992    -0.013942620667488
    -0.092694009654252    -0.014660997408137    -0.033927336415621
     0.036652769748644     0.027067575575449    -0.051690556299152
1 42
    -0.060139166544747    -0.046793902116992     0.013942620667488
     0.092694009654252    -0.014660997408137    -0.033927336415621
    -0.036652769748644     0.027067575575449    -0.051690556299152
1 43
     0.017500975487401    -0.006644314071532     0.007327761774336
    -0.006644314071532     0.025173168522959     0.004230685232970
    -0.001771175359734    -0.001022588570725     0.009095676034226
1 44
     0.017500975487401     0.006644314071532    -0.007327761774336
     0.006644314071532     0.025173168522959     0.004230685232970
     0.001771175359734    -0.001022588570725     0.009095676034226
1 45
    -1.211191754770103     0.000000000000001     0.000000000000000
     0.000000000000001    -4.667228820928207     3.334966444250313
     0.000000000000000     3.283085985504997    -4.170185747917542
1 46
    -0.062666020513534     0.248502025253210    -0.052900355683182
     0.248502025253210     0.224279401834682     0.030542034593912
    -0.134220590811983     0.077492294236089    -0.195318542561920
1 47
     0.029009265040739    -0.000000000000000     0.000000000000000
    -0.000000000000000     0.013664878969621    -0.008461370465940
     0.000000000000000     0.002045177141449     0.009095676034226
1 48
    -0.062666020513534    -0.248502025253210     0.052900355683182
    -0.248502025253210     0.224279401834682     0.030542034593912
     0.134220590811983     0.077492294236089    -0.195318542561920
17 1
    -3.803219554388677    -1.496507947856780     2.843235866255996
    -1.496507947856784    -2.075201021309629     1.641542992752499
     2.888165661489430     1.667483222125157    -4.170185747917546
17 2
    -3.803219554388680     1.496507947856778    -2.843235866255997
     1.496507947856778    -2.075201021309629     1.641542992752498
    -2.888165661489431     1.667483222125156    -4.170185747917541
17 3
    -0.045905869274142     0.038576304106352    -0.041767592941516
    -0.100911607664892    -0.028894294678742    -0.018208441933663
     0.036353245552413    -0.004889004514436    -0.051690556299152
17 4
    -0.045905869274142    -0.038576304106352     0.041767592941516
     0.100911607664892    -0.028894294678742    -0.018208441933663
    -0.036353245552413    -0.004889004514436    -0.051690556299152
17 5
    -1.211191754770103     0.000000000000000     0.000000000000000
     0.000000000000000    -4.667228820928207    -3.283085985504998
     0.000000000000000    -3.334966444250313    -4.170185747917542
17 6
    -0.062666020513534    -0.248502025253210    -0.134220590811983
    -0.248502025253210     0.224279401834682    -0.077492294236089
    -0.052900355683182    -0.030542034593912    -0.195318542561920
17 7
     0.029009265040739     0.000000000000000     0.000000000000000
     0.000000000000000     0.013664878969621    -0.002045177141449
     0.000000000000000     0.008461370465940     0.009095676034226
17 8
    -0.062666020513534     0.248502025253210     0.134220590811983
     0.248502025253210     0.224279401834682    -0.077492294236089
     0.052900355683182    -0.030542034593912    -0.195318542561920
17 9
    -0.060139166544747    -0.092694009654252    -0.036652769748644
     0.046793902116992    -0.014660997408137    -0.027067575575449
     0.013942620667488     0.033927336415621    -0.051690556299152
17 10
     0.017500975487401     0.006644314071532    -0.001771175359734
     0.006644314071532     0.025173168522959     0.001022588570725
     0.007327761774336    -0.004230685232970     0.009095676034226
17 11
     0.017500975487401    -0.006644314071532     0.001771175359734
    -0.006644314071532     0.025173168522959     0.001022588570725
    -0.007327761774336    -0.004230685232970     0.009095676034226
17 12
    -0.060139166544747     0.092694009654252     0.036652769748644
    -0.046793902116992    -0.014660997408137    -0.027067575575449
    -0.013942620667488     0.033927336415621    -0.051690556299152
17 13
    -0.006155210110437     0.077961553896262     0.005114823192872
    -0.061526357874982    -0.068644953842447     0.045276017509112
    -0.022410624884925    -0.029038331901185    -0.051690556299152
17 14
     0.367752113008789     0.000000000000000     0.000000000000000
     0.000000000000000    -0.206138731687642     0.154984588472178
     0.000000000000000     0.061084069187824    -0.195318542561921
17 15
    -0.006155210110437    -0.077961553896262    -0.005114823192872
     0.061526357874982    -0.068644953842447     0.045276017509112
     0.022410624884925    -0.029038331901185    -0.051690556299152
17 16
     0.017572271488536     0.000000000000000     0.000000000000000
    -0.000000000000000     0.017572271488536     0.000000000000000
     0.000000000000000     0.000000000000000    -0.011638350844186
17 17
    10.169499506941870    -0.000000000000003     0.000000000000000
    -0.000000000000003    10.169499506941879     0.000000000000000
     0.000000000000000     0.000000000000000    12.885345779357831
17 18
    -0.792890280546527     0.024376905862252    -0.094914174086932
    -0.024376905862252     0.098255004723871    -0.008472351940763
     0.094914174086932    -0.008472351940763     0.306697295070417
17 19
     0.009570196314369     0.000000000000000     0.000000000000000
     0.000000000000000    -0.000831035693381     0.015880828230792
     0.000000000000000     0.015880828230792     0.039232011594547
17 20
    -0.792890280546527    -0.024376905862252     0.094914174086932
     0.024376905862252     0.098255004723871    -0.008472351940763
    -0.094914174086932    -0.008472351940763     0.306697295070417
17 21
    -0.124531316593729    -0.410254133615700    -0.054794359053969
    -0.361500321891195    -0.570103959228928    -0.077961909968120
     0.040119815032963     0.086434261908883     0.306697295070416
17 22
     0.020926429226909     0.010218025685134     0.013106017790128
     0.010218025685134     0.009127669467113     0.007566762899135
    -0.000116186845194    -0.000067080506349     0.001779282038280
17 23
     0.020926429226909    -0.010218025685134    -0.013106017790128
    -0.010218025685134     0.009127669467113     0.007566762899135
     0.000116186845194    -0.000067080506349     0.001779282038280
17 24
    -0.124531316593729     0.410254133615700     0.054794359053969
     0.361500321891195    -0.570103959228928    -0.077961909968120
    -0.040119815032963     0.086434261908883     0.306697295070416
17 25
     0.001769272308556     0.004503865574684     0.013753200681003
     0.004503865574684     0.006969888312431    -0.007940414115396
     0.013753200681003    -0.007940414115396     0.039232011594547
17 26
     0.003228289587214    -0.000000000000000     0.000000000000000
    -0.000000000000000     0.026825809106808    -0.015133525798269
     0.000000000000000     0.000134161012698     0.001779282038280
17 27
     0.001769272308556    -0.004503865574684    -0.013753200681003
    -0.004503865574684     0.006969888312431    -0.007940414115396
    -0.013753200681003    -0.007940414115396     0.039232011594547
17 28
     0.003228289587214    -0.000000000000000     0.000000000000000
    -0.000000000000000     0.026825809106808     0.000134161012698
     0.000000000000000    -0.015133525798269     0.001779282038280
17 29
    -0.124531316593729    -0.361500321891195     0.040119815032963
    -0.410254133615700    -0.570103959228928     0.086434261908883
    -0.054794359053969    -0.077961909968120     0.306697295070416
17 30
    -0.124531316593729     0.361500321891195    -0.040119815032963
     0.410254133615700    -0.570103959228928     0.086434261908883
     0.054794359053969    -0.077961909968120     0.306697295070416
17 31
     0.020926429226909    -0.010218025685134     0.000116186845194
    -0.010218025685134     0.009127669467113    -0.000067080506349
    -0.013106017790128     0.007566762899135     0.001779282038280
17 32
     0.020926429226909     0.010218025685134    -0.000116186845194
     0.010218025685134     0.009127669467113    -0.000067080506349
     0.013106017790128     0.007566762899135     0.001779282038280
17 33
     0.293455144881238     0.000000000000000     0.000000000000000
    -0.000000000000000     0.293455144881238     0.000000000000000
     0.000000000000000     0.000000000000000    -1.347068866359718
17 34
    -0.089461088519685    -0.087979255034767    -0.147756196818629
     0.087979255034767     0.161646258929596     0.126406502659021
    -0.147756196818629    -0.126406502659021    -0.048639986359346
17 35
    -0.000500913720271     0.000000000000000     0.000000000000000
     0.000000000000000     0.024438176156336    -0.002687553186325
     0.000000000000000     0.002687553186325     0.003744371167692
17 36
    -0.089461088519685     0.087979255034767     0.147756196818629
    -0.087979255034767     0.161646258929596     0.126406502659021
     0.147756196818629    -0.126406502659021    -0.048639986359346
17 37
     0.098869422067276    -0.020753415949235     0.035593144096943
    -0.196711926018768    -0.026684251657365    -0.191163871341017
    -0.183349340915572    -0.064757368681996    -0.048639986359346
17 38
    -0.007896274944397    -0.008840439091150    -0.004151569256929
    -0.008840439091150     0.002311784833662    -0.002396909628047
     0.006422140924147     0.003707824791330     0.027463654365647
17 39
    -0.007896274944397     0.008840439091150     0.004151569256929
     0.008840439091150     0.002311784833662    -0.002396909628047
    -0.006422140924147     0.003707824791330     0.027463654365647
17 40
     0.098869422067276     0.020753415949235    -0.035593144096943
     0.196711926018768    -0.026684251657365    -0.191163871341017
     0.183349340915572    -0.064757368681996    -0.048639986359346
17 41
     0.018203403687184    -0.010798942690202    -0.002327489333379
    -0.010798942690202     0.005733858748881     0.001343776593162
     0.002327489333379    -0.001343776593162     0.003744371167692
17 42
     0.007415814722692     0.000000000000000     0.000000000000000
     0.000000000000000    -0.013000304833427     0.004793819256095
     0.000000000000000    -0.007415649582660     0.027463654365647
17 43
     0.018203403687184     0.010798942690202     0.002327489333379
     0.010798942690202     0.005733858748881     0.001343776593162
    -0.002327489333379    -0.001343776593162     0.003744371167692
17 44
     0.007415814722692     0.000000000000000     0.000000000000000
     0.000000000000000    -0.013000304833427     0.007415649582660
     0.000000000000000    -0.004793819256095     0.027463654365647
17 45
     0.098869422067276    -0.196711926018768     0.183349340915572
    -0.020753415949235    -0.026684251657365     0.064757368681996
    -0.035593144096943     0.191163871341017    -0.048639986359346
17 46
     0.098869422067276     0.196711926018768    -0.183349340915572
     0.020753415949235    -0.026684251657365     0.064757368681996
     0.035593144096943     0.191163871341017    -0.048639986359346
17 47
    -0.007896274944397     0.008840439091150     0.006422140924147
     0.008840439091150     0.002311784833662    -0.003707824791330
    -0.004151569256929     0.002396909628047     0.027463654365647
17 48
    -0.007896274944397    -0.008840439091150    -0.006422140924147
    -0.008840439091150     0.002311784833662    -0.003707824791330
     0.004151569256929     0.002396909628047     0.027463654365647
33 1
    -3.803219554388681    -1.496507947856779    -2.843235866255997
    -1.496507947856779    -2.075201021309628    -1.641542992752499
    -2.888165661489431    -1.667483222125157    -4.170185747917542
33 2
    -3.803219554388681     1.496507947856779     2.843235866255998
     1.496507947856779    -2.075201021309628    -1.641542992752499
     2.888165661489431    -1.667483222125156    -4.170185747917542
33 3
    -0.045905869274142     0.038576304106352     0.041767592941516
    -0.100911607664892    -0.028894294678742     0.018208441933663
    -0.036353245552413     0.004889004514436    -0.051690556299152
33 4
    -0.045905869274142    -0.038576304106352    -0.041767592941516
     0.100911607664892    -0.028894294678742     0.018208441933663
     0.036353245552413     0.004889004514436    -0.051690556299152
33 5
    -1.211191754770103     0.000000000000001     0.000000000000000
     0.000000000000001    -4.667228820928207     3.283085985504997
     0.000000000000000     3.334966444250313    -4.170185747917542
33 6
    -0.062666020513534    -0.248502025253210     0.134220590811983
    -0.248502025253210     0.224279401834682     0.077492294236089
     0.052900355683182     0.030542034593912    -0.195318542561920
33 7
     0.029009265040739    -0.000000000000000     0.000000000000000
    -0.000000000000000     0.013664878969621     0.002045177141449
     0.000000000000000    -0.008461370465940     0.009095676034226
33 8
    -0.062666020513534     0.248502025253210    -0.134220590811983
     0.248502025253210     0.224279401834682     0.077492294236089
    -0.052900355683182     0.030542034593912    -0.195318542561920
33 9
    -0.060139166544747    -0.092694009654252     0.036652769748644
     0.046793902116992    -0.014660997408137     0.027067575575449
    -0.013942620667488    -0.033927336415621    -0.051690556299152
33 10
     0.017500975487401     0.006644314071532     0.001771175359734
     0.006644314071532     0.025173168522959    -0.001022588570725
    -0.007327761774336     0.004230685232970     0.009095676034226
33 11
     0.017500975487401    -0.006644314071532    -0.001771175359734
    -0.006644314071532     0.025173168522959    -0.001022588570725
     0.007327761774336     0.004230685232970     0.009095676034226
33 12
    -0.060139166544747     0.092694009654252    -0.036652769748644
    -0.046793902116992    -0.014660997408137     0.027067575575449
     0.013942620667488    -0.033927336415621    -0.051690556299152
33 13
    -0.006155210110437     0.077961553896262    -0.005114823192872
    -0.061526357874982    -0.068644953842447    -0.045276017509112
     0.022410624884925     0.029038331901185    -0.051690556299152
33 14
     0.367752113008790     0.000000000000000     0.000000000000000
     0.000000000000000    -0.206138731687642    -0.154984588472178
     0.000000000000000    -0.061084069187824    -0.195318542561920
33 15
    -0.006155210110437    -0.077961553896262     0.005114823192872
     0.061526357874982    -0.068644953842447    -0.045276017509112
    -0.022410624884925     0.029038331901185    -0.051690556299152
33 16
     0.017572271488536    -0.000000000000000     0.000000000000000
    -0.000000000000000     0.017572271488536     0.000000000000000
     0.000000000000000     0.000000000000000    -0.011638350844186
33 17
     0.293455144881238    -0.000000000000000     0.000000000000000
     0.000000000000000     0.293455144881238     0.000000000000000
     0.000000000000000     0.000000000000000    -1.347068866359718
33 18
    -0.089461088519685    -0.087979255034767     0.147756196818629
     0.087979255034767     0.161646258929596    -0.126406502659021
     0.147756196818629     0.126406502659021    -0.048639986359346
33 19
    -0.000500913720271     0.000000000000000     0.000000000000000
     0.000000000000000     0.024438176156336     0.002687553186325
     0.000000000000000    -0.002687553186325     0.003744371167692
33 20
    -0.089461088519685     0.087979255034767    -0.147756196818629
    -0.087979255034767     0.161646258929596    -0.126406502659021
    -0.147756196818629     0.126406502659021    -0.048639986359346
33 21
     0.098869422067276    -0.020753415949235    -0.035593144096943
    -0.196711926018768    -0.026684251657365     0.191163871341017
     0.183349340915572     0.064757368681996    -0.048639986359346
33 22
    -0.007896274944397    -0.008840439091150     0.004151569256929
    -0.008840439091150     0.002311784833662     0.002396909628047
    -0.006422140924147    -0.003707824791330     0.027463654365647
33 23
    -0.007896274944397     0.008840439091150    -0.004151569256929
     0.008840439091150     0.002311784833662     0.002396909628047
     0.006422140924147    -0.003707824791330     0.027463654365647
33 24
     0.098869422067276     0.020753415949235     0.035593144096943
     0.196711926018768    -0.026684251657365     0.191163871341017
    -0.183349340915572     0.064757368681996    -0.048639986359346
33 25
     0.018203403687184    -0.010798942690202     0.002327489333379
    -0.010798942690202     0.005733858748881    -0.001343776593162
    -0.002327489333379     0.001343776593162     0.003744371167692
33 26
     0.007415814722692     0.000000000000000     0.000000000000000
     0.000000000000000    -0.013000304833427    -0.004793819256095
     0.000000000000000     0.007415649582660     0.027463654365647
33 27
     0.018203403687184     0.010798942690202    -0.002327489333379
     0.010798942690202     0.005733858748881    -0.001343776593162
     0.002327489333379     0.001343776593162     0.003744371167692
33 28
     0.007415814722692     0.000000000000000     0.000000000000000
     0.000000000000000    -0.013000304833427    -0.007415649582660
     0.000000000000000     0.004793819256095     0.027463654365647
33 29
     0.098869422067276    -0.196711926018768    -0.183349340915572
    -0.020753415949235    -0.026684251657365    -0.064757368681996
     0.035593144096943    -0.191163871341017    -0.048639986359346
33 30
     0.098869422067276     0.196711926018768     0.183349340915572
     0.020753415949235    -0.026684251657365    -0.064757368681996
    -0.035593144096943    -0.191163871341017    -0.048639986359346
33 31
    -0.007896274944397     0.008840439091150    -0.006422140924147
     0.008840439091150     0.002311784833662     0.003707824791330
     0.004151569256929    -0.002396909628047     0.027463654365647
33 32
    -0.007896274944397    -0.008840439091150     0.006422140924147
    -0.008840439091150     0.002311784833662     0.003707824791330
    -0.004151569256929    -0.002396909628047     0.027463654365647
33 33
    10.169499506941881    -0.000000000000001     0.000000000000000
    -0.000000000000001    10.169499506941875     0.000000000000000
     0.000000000000000     0.000000000000000    12.885345779357831
33 34
    -0.792890280546527     0.024376905862252     0.094914174086932
    -0.024376905862252     0.098255004723871     0.008472351940763
    -0.094914174086932     0.008472351940763     0.306697295070416
33 35
     0.009570196314369     0.000000000000000     0.000000000000000
     0.000000000000000    -0.000831035693381    -0.015880828230792
     0.000000000000000    -0.015880828230792     0.039232011594547
33 36
    -0.792890280546527    -0.024376905862252    -0.094914174086932
     0.024376905862252     0.098255004723871     0.008472351940763
     0.094914174086932     0.008472351940763     0.306697295070416
33 37
    -0.124531316593729    -0.410254133615700     0.054794359053969
    -0.361500321891195    -0.570103959228928     0.077961909968120
    -0.040119815032963    -0.086434261908883     0.306697295070416
33 38
     0.020926429226909     0.010218025685134    -0.013106017790128
     0.010218025685134     0.009127669467113    -0.007566762899135
     0.000116186845194     0.000067080506349     0.001779282038280
33 39
     0.020926429226909    -0.010218025685134     0.013106017790128
    -0.010218025685134     0.009127669467113    -0.007566762899135
    -0.000116186845194     0.000067080506349     0.001779282038280
33 40
    -0.124531316593729     0.410254133615700    -0.054794359053969
     0.361500321891195    -0.570103959228928     0.077961909968120
     0.040119815032963    -0.086434261908883     0.306697295070416
33 41
     0.001769272308556     0.004503865574684    -0.013753200681003
     0.004503865574684     0.006969888312431     0.007940414115396
    -0.013753200681003     0.007940414115396     0.039232011594547
33 42
     0.003228289587214    -0.000000000000000     0.000000000000000
    -0.000000000000000     0.026825809106808     0.015133525798269
     0.000000000000000    -0.000134161012698     0.001779282038280
33 43
     0.001769272308556    -0.004503865574684     0.013753200681003
    -0.004503865574684     0.006969888312431     0.007940414115396
     0.013753200681003     0.007940414115396     0.039232011594547
33 44
     0.003228289587214    -0.000000000000000     0.000000000000000
    -0.000000000000000     0.026825809106808    -0.000134161012698
     0.000000000000000     0.015133525798269     0.001779282038280
33 45
    -0.124531316593729    -0.361500321891195    -0.040119815032963
    -0.410254133615700    -0.570103959228928    -0.086434261908883
     0.054794359053969     0.077961909968120     0.306697295070416
33 46
    -0.124531316593729     0.361500321891195     0.040119815032963
     0.410254133615700    -0.570103959228928    -0.086434261908883
    -0.054794359053969     0.077961909968120     0.306697295070416
33 47
     0.020926429226909    -0.010218025685134    -0.000116186845194
    -0.010218025685134     0.009127669467113     0.000067080506349
     0.013106017790128    -0.007566762899135     0.001779282038280
33 48
     0.020926429226909     0.010218025685134     0.000116186845194
     0.010218025685134     0.009127669467113     0.000067080506349
    -0.013106017790128    -0.007566762899135     0.001779282038280