96   
12   

1    
  0.0054570512021962   0.0000000000000000   0.0083797727998203
  -0.1211683900   -0.0002531200   -0.1977807900
   0.0045213000    0.0046675700   -0.0027527200
   0.0003880800   -0.0000217600    0.0063682400
   0.0040746700   -0.0053911400   -0.0027528400
   0.0019233700   -0.0034641900   -0.0029617300
   0.0001868200   -0.0003262200    0.0047573800
   0.0001757500    0.0003289100    0.0048215000
   0.0024199300    0.0041446500   -0.0025469200
  -0.0001966500    0.0003393900    0.0063541400
   0.0007467200   -0.0000075200    0.0047887000
  -0.0001649100   -0.0003193400    0.0063811500
   0.0007490000   -0.0000438600    0.0047899200
   0.0017526200    0.0063106500   -0.0029608000
   0.0025932400   -0.0062000900   -0.0025459500
   0.0001449000    0.0003505600    0.0048474800
   0.0002126400   -0.0003081000    0.0047300100
  -0.0012595600   -0.0059153200    0.0219002400
  -0.0006563800   -0.0002185500    0.0005150900
   0.0013171300    0.0006700200    0.0007001300
   0.0430760600   -0.0196922500    0.0493156400
  -0.0003247800   -0.0006286600    0.0006181000
  -0.0000905600    0.0000006700   -0.0053614000
   0.0002731400   -0.0013105600    0.0005983200
  -0.0020479400   -0.0019417500   -0.0036160600
   0.0009333200    0.0006631100    0.0007172600
  -0.0004486100    0.0008257200    0.0005079400
   0.0005390700    0.0003415500   -0.0003763200
  -0.0005601800    0.0002936500   -0.0005842500
   0.0089722000    0.0257030400    0.0357196500
  -0.0015536700   -0.0002891300   -0.0037211900
  -0.0000509000   -0.0006326800   -0.0004811300
   0.0018129900    0.0022204400   -0.0035133100
   0.0440128300    0.0201652800    0.0548805000
   0.0010765600   -0.0003651100    0.0050828600
  -0.0005213800    0.0003742900    0.0048701200
  -0.0008638300    0.0057355700    0.0260063800
   0.0004065900    0.0010133800    0.0050331600
  -0.0000646900    0.0000002400   -0.0001148700
  -0.0003986500    0.0003625400    0.0049186200
  -0.0020487800    0.0019881600    0.0015548200
  -0.0002141800   -0.0008000300    0.0049206000
   0.0005735200   -0.0005839700    0.0050229400
  -0.0004122700   -0.0002047900    0.0037125900
   0.0004136800   -0.0002719300    0.0039793300
   0.0090733500   -0.0257938500    0.0403225600
   0.0018697700   -0.0022654400    0.0015913800
  -0.0000563300    0.0004792000    0.0038470600
  -0.0015711500    0.0002677400    0.0015205600
  -0.0007659900   -0.0003996200    0.0038478500
   0.0009798800   -0.0004455000    0.0038255200
  -0.0009283100   -0.0004278300    0.0039256100
   0.0008206600   -0.0005165200    0.0035453300
   0.0001038800    0.0010511900    0.0038359100
   0.0000042200    0.0000003100    0.0018864600
  -0.0000936500    0.0010373100    0.0039140000
   0.0000266200    0.0000215800    0.0014010500
  -0.0008363200   -0.0005975100    0.0038864400
   0.0008709200   -0.0006168200    0.0038645200
  -0.0009584600   -0.0005398300    0.0037681800
   0.0009893500   -0.0005843100    0.0038636400
  -0.0000738000    0.0009149800    0.0036966600
   0.0000582900   -0.0000182500    0.0013599700
  -0.0000226700    0.0011252700    0.0038158200
   0.0000212900   -0.0000021800    0.0014434200
   0.0002265000    0.0001248400    0.0099328100
   0.0000531500   -0.0126585600   -0.0016516200
  -0.0001657300    0.0001008700    0.0096824000
   0.0000124000   -0.0130853400   -0.0019603500
  -0.0109332400    0.0063437200   -0.0016747500
   0.0109910100    0.0063162000   -0.0016281000
  -0.0110692400    0.0063675300   -0.0015641000
   0.0110473200    0.0063816500   -0.0015080800
   0.0000104100   -0.0002264200    0.0098096900
  -0.0000129600   -0.0127708400   -0.0015601500
   0.0000021800    0.0000003300    0.0092607600
   0.0000056200   -0.0127587800   -0.0015120100
  -0.0113513700    0.0065602500   -0.0020515000
   0.0110544700    0.0063827200   -0.0015324200
  -0.0110460400    0.0063969500   -0.0015398800
   0.0113142300    0.0065248500   -0.0018714500
   0.0000206300    0.0000104600   -0.0159978000
   0.0000061700   -0.0095087100   -0.0083441200
  -0.0000084200    0.0000060000   -0.0159710200
   0.0000029600   -0.0094995400   -0.0083650700
  -0.0082304900    0.0047559300   -0.0083492600
   0.0082385400    0.0047540200   -0.0083402100
  -0.0081964500    0.0047575600   -0.0083378800
   0.0082140400    0.0047660200   -0.0083359600
   0.0000028300   -0.0000168700   -0.0159864700
   0.0000259100   -0.0094844500   -0.0083386700
   0.0000027400    0.0000004600   -0.0160307800
  -0.0000153400   -0.0094906700   -0.0083352400
  -0.0082171300    0.0047456400   -0.0083844400
   0.0082353000    0.0047244800   -0.0083371000
  -0.0082191900    0.0047263100   -0.0083366100
   0.0082378200    0.0047541600   -0.0083451000

1    
 -0.0054570512021962   0.0000000000000000  -0.0083797727998203
   0.1187986500   -0.0002103900    0.2083177400
  -0.0041841900   -0.0048500300    0.0113702900
  -0.0003621300    0.0000398900    0.0044305600
  -0.0043644800    0.0052181900    0.0111965100
  -0.0019919100    0.0037590600    0.0114279400
   0.0000074000    0.0004193000    0.0037676900
  -0.0003182500   -0.0002362400    0.0037020700
  -0.0023092600   -0.0038597900    0.0111400300
   0.0002428100   -0.0003500200    0.0044509200
  -0.0007230300   -0.0001907100    0.0037329500
   0.0001671900    0.0003051700    0.0044090600
  -0.0007170800   -0.0001612900    0.0037344500
  -0.0020312200   -0.0063613600    0.0113412700
  -0.0022690200    0.0061577100    0.0112273800
  -0.0002897400   -0.0002441300    0.0036883400
  -0.0000187900    0.0004063300    0.0037803800
   0.0024071100    0.0065461900   -0.0226188900
  -0.0004592100    0.0008582300   -0.0011541900
  -0.0001857900   -0.0000143200   -0.0013439900
  -0.0459228200    0.0213494700   -0.0515534900
   0.0003395800   -0.0006655400   -0.0012406000
   0.0001157200   -0.0000021600   -0.0055076200
  -0.0002544400    0.0000052500   -0.0012547000
   0.0020295500    0.0019408400   -0.0072494300
   0.0002066100   -0.0000195700   -0.0013328300
  -0.0006601200   -0.0001618500   -0.0011581300
   0.0006094400    0.0003089300   -0.0002686100
  -0.0005375000    0.0003544700   -0.0000448300
  -0.0089410500   -0.0277896900   -0.0369669900
   0.0015385100    0.0002791300   -0.0071493200
   0.0000762500   -0.0006628400   -0.0001578500
  -0.0018227700   -0.0022308400   -0.0073508300
  -0.0429556300   -0.0195894200   -0.0453083400
  -0.0003350100   -0.0000332200    0.0028612800
  -0.0001349300   -0.0007912200    0.0030831000
   0.0016077100   -0.0061526800   -0.0179798800
  -0.0003666500   -0.0001999500    0.0029280900
   0.0000886500   -0.0000022200   -0.0002657800
   0.0004468500    0.0004374100    0.0030136200
   0.0021035100   -0.0019909200   -0.0019373100
  -0.0004563800    0.0004058400    0.0030362600
   0.0001581200    0.0001820000    0.0029012600
  -0.0002582000   -0.0002004600    0.0042397400
   0.0003159900   -0.0001304500    0.0039660500
  -0.0090404100    0.0258350600   -0.0317551500
  -0.0018169600    0.0022593100   -0.0019779700
   0.0000904500    0.0003311600    0.0041042900
   0.0016308900   -0.0002793600   -0.0018945500
  -0.0011820300   -0.0007379900    0.0036501600
   0.0010235400   -0.0006984000    0.0036627400
  -0.0010245500   -0.0007137400    0.0035644400
   0.0011785100   -0.0006258200    0.0039462500
  -0.0000802800    0.0012323500    0.0036505000
   0.0000194600   -0.0000005900    0.0014125400
   0.0001180600    0.0012448300    0.0035742600
   0.0000005100   -0.0000226200    0.0018925800
  -0.0011137800   -0.0005440100    0.0036022200
   0.0011302400   -0.0005236900    0.0036247300
  -0.0009931500   -0.0006010700    0.0037224100
   0.0010112100   -0.0005566000    0.0036245800
   0.0000953500    0.0013620300    0.0037982700
  -0.0000327300    0.0000194700    0.0019337000
   0.0000479400    0.0011577100    0.0036723600
   0.0000052100    0.0000034800    0.0018566900
  -0.0002117100   -0.0001304800    0.0086111900
  -0.0000269000   -0.0128163700   -0.0014798000
   0.0001922000   -0.0001042000    0.0088649300
   0.0000141900   -0.0123873800   -0.0011702800
  -0.0111026000    0.0063946700   -0.0014548700
   0.0110940900    0.0064211200   -0.0015060100
  -0.0109661200    0.0063706500   -0.0015656000
   0.0110371200    0.0063535000   -0.0016250700
   0.0000135500    0.0002327500    0.0087381600
   0.0000391200   -0.0127047100   -0.0015711900
   0.0000202200   -0.0000001900    0.0092884900
   0.0000213300   -0.0127150000   -0.0016202800
  -0.0106865100    0.0061773600   -0.0010851900
   0.0110324800    0.0063524400   -0.0016003200
  -0.0109902300    0.0063402300   -0.0015898300
   0.0107687700    0.0062086900   -0.0012580700
   0.0000022700   -0.0000108900   -0.0160124300
   0.0000200900   -0.0094977800   -0.0082921300
   0.0000315000   -0.0000071700   -0.0160381500
   0.0000228700   -0.0095062300   -0.0082727100
  -0.0082043700    0.0047481500   -0.0082882600
   0.0082452800    0.0047488600   -0.0082952500
  -0.0082378200    0.0047462800   -0.0082994500
   0.0082699000    0.0047345800   -0.0082995500
   0.0000204000    0.0000162900   -0.0160253900
  -0.0000004100   -0.0095229900   -0.0082978900
   0.0000196100   -0.0000001500   -0.0159799900
   0.0000425900   -0.0095160500   -0.0082999300
  -0.0082182600    0.0047577500   -0.0082532800
   0.0082497600    0.0047775900   -0.0082984700
  -0.0082167400    0.0047773500   -0.0083013200
   0.0082467900    0.0047477300   -0.0082905100

17   
  0.0054570512021962   0.0000000000000000   0.0083797727998203
  -0.0002683700   -0.0053390000    0.0267394000
   0.0439213500   -0.0202599600    0.0567206600
   0.0005009800   -0.0000443400    0.0067652100
   0.0001639900    0.0001191400    0.0050728000
   0.0089035000    0.0253749500    0.0409995100
   0.0003751400    0.0013911200    0.0073411800
  -0.0001422600   -0.0001506100    0.0042513100
   0.0000491600   -0.0011099700    0.0051229600
   0.0003975700    0.0006046700    0.0065718700
  -0.0001885800   -0.0000216400    0.0042636300
   0.0001521000    0.0001217600    0.0053798800
   0.0000809000   -0.0004840600    0.0052645000
  -0.0001250400   -0.0003642400    0.0051534400
  -0.0019542800   -0.0001299200    0.0062283500
  -0.0001038100    0.0000991800    0.0055474800
  -0.0000203900    0.0000489000    0.0044980700
  -0.0559598800    0.0003797400   -0.1170217000
   0.0019676000    0.0004866000   -0.0032680900
   0.0004602400    0.0002516800   -0.0009135700
   0.0032428400    0.0007829500   -0.0041162600
   0.0001814800    0.0004561500   -0.0033206400
  -0.0000572100   -0.0000288100   -0.0055746800
  -0.0001881000   -0.0005426100   -0.0003169400
   0.0003047100   -0.0025548300   -0.0092031700
   0.0005077700    0.0003019700   -0.0009721000
  -0.0005675800    0.0002510800   -0.0003892200
   0.0006306500    0.0004265200   -0.0008764900
  -0.0005736400    0.0004577600   -0.0003754700
   0.0008474800    0.0013079500   -0.0037346800
  -0.0003519700   -0.0011277800   -0.0087719100
  -0.0000137700   -0.0006443700   -0.0004020300
  -0.0002340900   -0.0001271600   -0.0054411600
  -0.0017975200   -0.0002027300    0.0213755300
   0.0025996300    0.0016557600    0.0048715900
  -0.0002918400   -0.0003779400    0.0039249000
  -0.0000782600    0.0000412900    0.0032482000
   0.0010156100    0.0010927800    0.0039249900
   0.0000274900    0.0000072700   -0.0004213100
   0.0000070000    0.0004125900    0.0036603000
  -0.0021439600    0.0005749200    0.0000361000
  -0.0005723800   -0.0000341500    0.0040360400
   0.0003684200   -0.0002110700    0.0037038100
  -0.0002730300   -0.0001868400    0.0038311500
   0.0003885500   -0.0001397200    0.0036941400
  -0.0003276500    0.0003625400    0.0031110700
  -0.0008239700   -0.0033457800    0.0008483400
   0.0000582000    0.0003964400    0.0036982000
  -0.0000401300   -0.0000439400   -0.0004949100
  -0.0009768000   -0.0005748300    0.0037288100
   0.0009728500   -0.0005335100    0.0038542800
  -0.0009901600   -0.0005551700    0.0037911700
   0.0010100100   -0.0005726800    0.0038435000
   0.0000217100    0.0011362500    0.0038520700
  -0.0000001200    0.0000157200    0.0017014100
  -0.0000283800    0.0011556400    0.0037632500
   0.0000091700   -0.0000138000    0.0017338400
  -0.0009991400   -0.0005660400    0.0037753800
   0.0009762800   -0.0005816500    0.0037564900
  -0.0010126900   -0.0005797500    0.0037875600
   0.0010168000   -0.0005743600    0.0037993400
   0.0000138500    0.0011409300    0.0038465200
  -0.0000334100    0.0000011100    0.0017411200
  -0.0000036800    0.0011455700    0.0038069800
   0.0000097800   -0.0000210800    0.0017172600
   0.0000135600    0.0000091600    0.0092541200
  -0.0000351000   -0.0127291500   -0.0016030000
   0.0000146400    0.0000083200    0.0092321700
   0.0000019600   -0.0127408600   -0.0015964400
  -0.0110453800    0.0063426800   -0.0015826800
   0.0110200600    0.0063703400   -0.0015557800
  -0.0110321300    0.0063667000   -0.0016134300
   0.0110363300    0.0063720100   -0.0015851200
   0.0000135800    0.0000199200    0.0092585700
  -0.0000091800   -0.0127176000   -0.0016012800
   0.0000156300   -0.0000028800    0.0092288500
  -0.0000010200   -0.0127467700   -0.0015906200
  -0.0110280200    0.0063596400   -0.0015840900
   0.0110125200    0.0063747400   -0.0016008900
  -0.0110277100    0.0063629300   -0.0016220100
   0.0110419800    0.0063722500   -0.0015824500
  -0.0000033800    0.0000042700   -0.0160476100
  -0.0000105000   -0.0094838800   -0.0083746600
  -0.0000020500    0.0000124900   -0.0160496300
   0.0000027000   -0.0095134300   -0.0083366500
  -0.0082277200    0.0047532400   -0.0084015200
   0.0082229200    0.0047524100   -0.0083962700
  -0.0082472900    0.0047495900   -0.0083535100
   0.0082454500    0.0047659400   -0.0083687300
  -0.0000030500   -0.0000033300   -0.0160860800
  -0.0000177700   -0.0095015200   -0.0083697600
   0.0000094600   -0.0000084500   -0.0160374400
   0.0000060000   -0.0095155700   -0.0083812200
  -0.0082361600    0.0047533000   -0.0083572300
   0.0082200500    0.0047577200   -0.0083580900
  -0.0082241700    0.0047540200   -0.0083424700
   0.0082331400    0.0047452200   -0.0083643300

17   
 -0.0054570512021962   0.0000000000000000  -0.0083797727998203
   0.0003149200    0.0053554800   -0.0157756600
  -0.0420398600    0.0190285200   -0.0461416600
  -0.0004631500    0.0000544000    0.0043629000
  -0.0001949700   -0.0003133600    0.0037795700
  -0.0090217700   -0.0245850900   -0.0316755000
  -0.0002386500   -0.0013005200    0.0015294400
  -0.0000355500    0.0002437700    0.0045872200
   0.0000925600    0.0012074700    0.0036956900
  -0.0003714100   -0.0005621800    0.0045525500
   0.0001756900   -0.0001691600    0.0045858100
  -0.0001632700   -0.0001231500    0.0057370200
  -0.0000990600    0.0003190900    0.0035892800
  -0.0000626700    0.0004408900    0.0036933100
   0.0020963700    0.0002393200    0.0026146800
  -0.0000536100   -0.0000207700    0.0033229700
   0.0001837100    0.0000488800    0.0043561000
   0.0555721700    0.0003855500    0.1119846400
  -0.0030445100    0.0001612100    0.0026061500
   0.0006667700    0.0003912700    0.0002842700
  -0.0044158000   -0.0001247400    0.0035013400
  -0.0001915100   -0.0017377400    0.0026395000
   0.0000433500    0.0000366100   -0.0052800200
   0.0001927800   -0.0007560700   -0.0003227700
  -0.0003284200    0.0025538900   -0.0016765300
   0.0006240300    0.0003447900    0.0003296400
  -0.0005685300    0.0004032400   -0.0002395400
   0.0004954900    0.0002200500    0.0002247000
  -0.0005583200    0.0001982500   -0.0002544900
  -0.0008534800   -0.0026044900    0.0030890500
   0.0003323700    0.0011169600   -0.0021232000
   0.0000145100   -0.0006455400   -0.0002253800
   0.0002284200    0.0001381400   -0.0054071300
   0.0010645100   -0.0002064500   -0.0133411500
  -0.0018887300   -0.0020659500    0.0028966000
  -0.0004052300   -0.0000340900    0.0038256000
   0.0007889000   -0.0004601600    0.0044900100
  -0.0010414100   -0.0002817000    0.0038388200
  -0.0000361300    0.0000042700   -0.0001693000
  -0.0000043100    0.0003962100    0.0041054100
   0.0021265700   -0.0005682500   -0.0006058800
  -0.0001217900   -0.0003694800    0.0037276200
   0.0003193400   -0.0001881800    0.0040470500
  -0.0004230500   -0.0002167800    0.0039326100
   0.0003053200   -0.0002550700    0.0040546600
   0.0003291600    0.0004674100    0.0046417500
   0.0008058300    0.0033066600   -0.0013955700
  -0.0000558000    0.0004192800    0.0040500400
   0.0000313000    0.0000521900   -0.0000950000
  -0.0009858000   -0.0005744000    0.0039069900
   0.0009900800   -0.0005715900    0.0037929800
  -0.0009948800   -0.0005522300    0.0038674900
   0.0009611700   -0.0005771900    0.0038082700
   0.0000109500    0.0011737200    0.0037941600
  -0.0000102400    0.0000163700    0.0017633100
  -0.0000215500    0.0011447400    0.0038627700
   0.0000012200    0.0000244200    0.0016999900
  -0.0009675200   -0.0005873300    0.0038686600
   0.0009640300   -0.0005735700    0.0038407900
  -0.0009871900   -0.0005628100    0.0038496600
   0.0010003200   -0.0005711400    0.0038333800
  -0.0000189900    0.0011093200    0.0038019200
   0.0000041300   -0.0000027300    0.0016977900
   0.0000038600    0.0011333900    0.0038333600
   0.0000110600   -0.0000107500    0.0017471000
  -0.0000092000    0.0000049500    0.0092451900
   0.0000202400   -0.0127141000   -0.0015753900
  -0.0000219300    0.0000148800    0.0092485400
  -0.0000000300   -0.0127477700   -0.0016330200
  -0.0110114400    0.0064037600   -0.0015503600
   0.0110255500    0.0063680900   -0.0015850100
  -0.0110623000    0.0063708300   -0.0016012600
   0.0110527600    0.0063894200   -0.0016046400
  -0.0000233800   -0.0000291700    0.0092827500
  -0.0000180100   -0.0127556000   -0.0015864200
   0.0000023700   -0.0000109200    0.0092469700
   0.0000047500   -0.0127465900   -0.0015660200
  -0.0110427900    0.0063707300   -0.0016063600
   0.0110290100    0.0063743800   -0.0016064800
  -0.0110243800    0.0063732200   -0.0015967300
   0.0110244100    0.0063520900   -0.0016129900
   0.0000074800    0.0000084200   -0.0160757100
  -0.0000022800   -0.0094896300   -0.0083803500
  -0.0000061900    0.0000122400   -0.0160527500
  -0.0000016400   -0.0095077500   -0.0083641500
  -0.0082272300    0.0047593200   -0.0084002400
   0.0082236900    0.0047504900   -0.0083983600
  -0.0082480700    0.0047542300   -0.0083620000
   0.0082427200    0.0047638900   -0.0083745100
  -0.0000069200   -0.0000057800   -0.0160817500
  -0.0000089500   -0.0095044300   -0.0083773200
   0.0000089400   -0.0000063500   -0.0160626100
  -0.0000031500   -0.0095094400   -0.0083970800
  -0.0082317100    0.0047435300   -0.0083846500
   0.0082186300    0.0047567800   -0.0083660500
  -0.0082257500    0.0047483100   -0.0083665000
   0.0082310600    0.0047448600   -0.0083705600

33   
  0.0054570512021962   0.0000000000000000   0.0083797727998203
   0.0417642500    0.0189021600    0.0552895900
  -0.0004765000    0.0053989700    0.0259994400
   0.0000914100   -0.0001710300    0.0062718900
   0.0004036000    0.0000661600    0.0057215000
   0.0089514900   -0.0245276700    0.0402275800
   0.0001502000    0.0012687000    0.0050678900
  -0.0001523100    0.0002833200    0.0043059400
   0.0002857200   -0.0012652100    0.0072799700
   0.0000802800    0.0002812500    0.0065398300
   0.0002038100   -0.0002602700    0.0043460400
  -0.0002225000   -0.0000940100    0.0054050800
   0.0002398100   -0.0006628000    0.0054608400
  -0.0000243700   -0.0000350100    0.0057034400
  -0.0019730200    0.0001201000    0.0061768500
  -0.0001834200    0.0004027900    0.0051678700
   0.0000071200    0.0000425000    0.0045140300
  -0.0008522500    0.0003102500    0.0169240200
  -0.0009180800    0.0001218500   -0.0009805700
   0.0006142700    0.0004781500   -0.0002438000
   0.0015666600   -0.0014331600    0.0007387100
  -0.0020281500   -0.0011972600    0.0000245100
  -0.0000205900   -0.0000338200   -0.0056220900
   0.0000342300   -0.0006431300   -0.0004410300
   0.0008868000   -0.0006386900   -0.0054008100
   0.0006293600    0.0002989800   -0.0003602700
  -0.0005210200    0.0003446400   -0.0004683900
   0.0003370200    0.0001525600   -0.0001457900
  -0.0005539000    0.0002275400   -0.0004948400
  -0.0007588600    0.0025317400    0.0008762400
  -0.0003461200   -0.0000771500   -0.0062652000
  -0.0000627400   -0.0006045500   -0.0005050600
   0.0000816400    0.0000510600   -0.0056155100
  -0.0561554300    0.0005011700   -0.1149638400
   0.0045252800   -0.0005947300    0.0001552000
  -0.0004215500   -0.0001766100    0.0032333800
   0.0032219300   -0.0004375400    0.0010186100
   0.0003645500    0.0030328200    0.0002274900
  -0.0001883300   -0.0001171200   -0.0003861600
  -0.0000159900    0.0004234900    0.0036831400
   0.0002586300   -0.0012346400   -0.0031810900
  -0.0003158700   -0.0002788400    0.0032748900
   0.0003656100   -0.0001145000    0.0037254300
  -0.0003849700   -0.0001932500    0.0032119900
   0.0003590700   -0.0003059000    0.0037480400
  -0.0002567200    0.0017869100    0.0006577600
   0.0008854500   -0.0021707900   -0.0036171300
  -0.0001859000    0.0005193300    0.0038065500
  -0.0000265900   -0.0000135000   -0.0004622100
  -0.0008024100   -0.0005804200    0.0032183900
   0.0009805000   -0.0007019800    0.0041447200
  -0.0009932800   -0.0005789400    0.0038102200
   0.0009833500   -0.0008340400    0.0040336200
  -0.0000834200    0.0012917400    0.0042487100
  -0.0000569500   -0.0000013400    0.0016501700
  -0.0000373400    0.0011305000    0.0037446000
   0.0002462700    0.0000530100    0.0018246700
  -0.0009883500   -0.0005813500    0.0037942200
   0.0009355200   -0.0005623300    0.0037262000
  -0.0009743600   -0.0005631900    0.0038116000
   0.0009843400   -0.0004826800    0.0037729000
  -0.0002257900    0.0011588400    0.0041925300
   0.0001061900    0.0001482600    0.0018859300
   0.0001013700    0.0010620000    0.0038109300
  -0.0000583300   -0.0000474200    0.0016499600
   0.0018212000    0.0011292500    0.0117877200
  -0.0000304000   -0.0127339300   -0.0016793900
   0.0000486500   -0.0000256300    0.0092106300
  -0.0008354900   -0.0123438300   -0.0011111000
  -0.0110644400    0.0063539700   -0.0016285100
   0.0110245300    0.0063627700   -0.0015133700
  -0.0110138100    0.0063240600   -0.0016658100
   0.0110349400    0.0064481200   -0.0017450600
  -0.0000153100    0.0000436600    0.0092377400
  -0.0000336900   -0.0127166300   -0.0016838700
   0.0000292000    0.0000040900    0.0092112400
  -0.0000149000   -0.0127472200   -0.0015788200
  -0.0111695600    0.0048283400   -0.0000820400
   0.0110975000    0.0063192100   -0.0017431600
  -0.0110346900    0.0063395000   -0.0016190700
   0.0109764500    0.0063285700   -0.0017584800
  -0.0000543200   -0.0000358800   -0.0160158500
  -0.0000221700   -0.0095069400   -0.0083757600
  -0.0000212300    0.0000022800   -0.0160426100
   0.0000492300   -0.0095421000   -0.0083506500
  -0.0082509400    0.0047432300   -0.0084013800
   0.0082193900    0.0047451700   -0.0083775600
  -0.0082574900    0.0047577200   -0.0083443400
   0.0082166000    0.0046729500   -0.0083997100
  -0.0000148800   -0.0000059800   -0.0160807100
  -0.0000115800   -0.0095100400   -0.0083627200
  -0.0000006900   -0.0000084800   -0.0160204900
  -0.0000010400   -0.0095266200   -0.0083575300
  -0.0082291900    0.0048031300   -0.0083458900
   0.0081325500    0.0047860400   -0.0083879400
  -0.0082425700    0.0047484200   -0.0083270500
   0.0082878500    0.0047869200   -0.0083977800

33   
 -0.0054570512021962   0.0000000000000000  -0.0083797727998203
  -0.0436729500   -0.0199665700   -0.0459283900
   0.0004108800   -0.0055862800   -0.0169624700
  -0.0000804300    0.0001692800    0.0048551700
  -0.0004633400   -0.0002584200    0.0031364800
  -0.0091780700    0.0253055300   -0.0318599000
   0.0000266100   -0.0011865900    0.0038188400
  -0.0000202400   -0.0002051300    0.0045562600
  -0.0001104400    0.0013402100    0.0015396100
  -0.0000736500   -0.0002694200    0.0045816500
  -0.0002124800    0.0000574100    0.0045159600
   0.0002066700    0.0000759000    0.0057360400
  -0.0002835000    0.0004930800    0.0034012300
  -0.0001668600    0.0000968900    0.0031597600
   0.0021442300   -0.0000255800    0.0026767600
   0.0000090700   -0.0003374500    0.0036920800
   0.0001549600    0.0000448500    0.0043556400
   0.0019925300    0.0003133600   -0.0178013500
  -0.0002367200    0.0004864700    0.0003801900
   0.0004923200    0.0001503800   -0.0003475600
  -0.0027188200    0.0020552700   -0.0013540200
   0.0020229500   -0.0001028000   -0.0006585600
   0.0000132900    0.0000299200   -0.0052241000
  -0.0000512800   -0.0006520500   -0.0001577100
  -0.0008755000    0.0006311700   -0.0054464000
   0.0004799400    0.0003300600   -0.0002531100
  -0.0006099200    0.0002824000   -0.0001366100
   0.0007624800    0.0004800900   -0.0004705500
  -0.0005811600    0.0004021300   -0.0001240400
   0.0007583100   -0.0038752600   -0.0015251900
   0.0003329300    0.0000954100   -0.0045770500
   0.0000440100   -0.0006892000   -0.0001132300
  -0.0000913400   -0.0000434900   -0.0052226900
   0.0586001400    0.0004836900    0.1211712800
  -0.0037883300    0.0001714800    0.0075954400
  -0.0002955000   -0.0002462400    0.0045194900
  -0.0025754700    0.0000068800    0.0067862600
  -0.0003690000   -0.0022355000    0.0075763500
   0.0001787500    0.0001115000   -0.0001767300
   0.0000030000    0.0003842900    0.0040790900
  -0.0002551700    0.0012370400    0.0026744200
  -0.0003964200   -0.0001454800    0.0045048400
   0.0003269300   -0.0003095200    0.0040372000
  -0.0003415700   -0.0002288200    0.0045629300
   0.0003314600   -0.0001179400    0.0040319100
   0.0002613400   -0.0009836200    0.0071615500
  -0.0008889100    0.0021672600    0.0030672500
   0.0001630700    0.0002949400    0.0039699100
   0.0000181400    0.0000190800   -0.0000985600
  -0.0011650100   -0.0005817200    0.0044351600
   0.0009740400   -0.0004180400    0.0035228500
  -0.0010041200   -0.0005411400    0.0038655700
   0.0009767300   -0.0003335500    0.0036368700
   0.0001053500    0.0010084200    0.0034214900
   0.0000343800    0.0000173800    0.0018323100
  -0.0000235800    0.0011556500    0.0039000500
  -0.0002437000   -0.0000555700    0.0016240700
  -0.0009878900   -0.0005870700    0.0038635900
   0.0009950300   -0.0006054900    0.0038876000
  -0.0010364600   -0.0005920600    0.0038425500
   0.0010194100   -0.0006746100    0.0038733400
   0.0002055400    0.0010789800    0.0034776500
  -0.0001438400   -0.0001607100    0.0015718200
  -0.0001118000    0.0012031500    0.0038449100
   0.0000653600    0.0000035800    0.0018298400
  -0.0017793000   -0.0010959900    0.0068024600
   0.0000057200   -0.0127230700   -0.0014774900
  -0.0000675200    0.0000330400    0.0092877400
   0.0008259100   -0.0131576400   -0.0021154500
  -0.0110029200    0.0063779800   -0.0014862700
   0.0110093200    0.0063625100   -0.0016097100
  -0.0110891100    0.0064004300   -0.0015294300
   0.0110414400    0.0062993200   -0.0014278000
  -0.0000048700   -0.0000661800    0.0093186500
  -0.0000039300   -0.0127705900   -0.0014836200
  -0.0000237100   -0.0000299800    0.0092818400
   0.0000076200   -0.0127592600   -0.0015619000
  -0.0109167800    0.0078657900   -0.0030750500
   0.0109357000    0.0064152100   -0.0014450400
  -0.0110305200    0.0063838000   -0.0015794400
   0.0110783500    0.0063830500   -0.0014216100
   0.0000482800    0.0000346200   -0.0160927300
  -0.0000024700   -0.0094820500   -0.0083665900
   0.0000008300    0.0000065500   -0.0160451100
  -0.0000593100   -0.0094915200   -0.0083358700
  -0.0082165300    0.0047542000   -0.0083852400
   0.0082147100    0.0047448300   -0.0084006800
  -0.0082468500    0.0047331200   -0.0083558100
   0.0082595700    0.0048403400   -0.0083284900
  -0.0000056300   -0.0000163300   -0.0160704100
  -0.0000256400   -0.0095094100   -0.0083692500
   0.0000072200   -0.0000177700   -0.0160656600
  -0.0000073900   -0.0095118300   -0.0084033700
  -0.0082492000    0.0046808500   -0.0083802800
   0.0082952100    0.0047160100   -0.0083235600
  -0.0082208600    0.0047408800   -0.0083690900
   0.0081662600    0.0046912500   -0.0083207800

49   
  0.0054570512021962   0.0000000000000000   0.0083797727998203
   0.0002368900    0.0001787800    0.0055977800
  -0.0002121600   -0.0000276100    0.0042141700
   0.0000877100   -0.0000303400    0.0056800300
  -0.0000600600   -0.0001409000    0.0045008300
  -0.0001666300   -0.0002275400    0.0043402600
   0.0001690900    0.0000770900    0.0041465900
  -0.0001190900    0.0001202900    0.0044665100
   0.0000513100    0.0000657900    0.0041587400
   0.0000193400    0.0000784700    0.0057502300
   0.0000757700   -0.0001704500    0.0044544200
  -0.0000642900   -0.0000301700    0.0056136200
  -0.0000159300   -0.0000427100    0.0044386900
  -0.0001497100   -0.0000084000    0.0045855300
   0.0000958200   -0.0000366100    0.0041465400
  -0.0000289900   -0.0000237800    0.0044559300
   0.0000731600    0.0000375900    0.0046282100
   0.0005608000    0.0003094900   -0.0003752000
  -0.0005690100    0.0003066400   -0.0002626600
   0.0005486100    0.0002993500   -0.0003353300
  -0.0005432200    0.0003166000   -0.0002742500
  -0.0000151300   -0.0006602900   -0.0002651800
  -0.0000029700   -0.0000140300   -0.0054307400
  -0.0000062000   -0.0006581600   -0.0003029600
  -0.0000082900   -0.0000202500   -0.0053905200
   0.0005217600    0.0003263100   -0.0003332900
  -0.0005638800    0.0003124000   -0.0003147100
   0.0005547000    0.0003171900   -0.0003345100
  -0.0005535800    0.0003021400   -0.0003253600
   0.0000018300   -0.0006374600   -0.0002740100
  -0.0000028100   -0.0000109200   -0.0053818400
  -0.0000152800   -0.0006490900   -0.0003261600
   0.0000020500   -0.0000145600   -0.0054497000
  -0.0001778800   -0.0002159900    0.0032319800
   0.0002599400   -0.0000790300    0.0041073600
  -0.0003611500   -0.0002252600    0.0038252900
   0.0004426700    0.0001092500    0.0041055300
   0.0000985600    0.0001861000    0.0040007400
  -0.0000322500   -0.0000178800   -0.0004171100
   0.0000711500    0.0003360900    0.0038451800
  -0.0002135200   -0.0001803700    0.0000502900
  -0.0003598800   -0.0002155300    0.0038116000
   0.0003250800   -0.0001506400    0.0038017200
  -0.0003294800   -0.0001937500    0.0038361800
   0.0003197400   -0.0002042900    0.0037580400
   0.0003119700    0.0003707600    0.0040027000
  -0.0001690200   -0.0000614500    0.0000492900
  -0.0000291600    0.0003880800    0.0037693300
  -0.0000441800   -0.0000190200   -0.0004073800
  -0.1202018400    0.0001909200   -0.2195854300
   0.0030535600    0.0046915100    0.0000563500
   0.0009740800   -0.0005331600    0.0047431500
   0.0032075000   -0.0058503900   -0.0002395700
   0.0019804400   -0.0041949100   -0.0000610500
   0.0003472500   -0.0003761300    0.0015955700
   0.0002917100    0.0015185600    0.0037101900
   0.0021481900    0.0051018600   -0.0022299200
  -0.0007571700    0.0004151700    0.0047569500
   0.0019626200   -0.0006070000    0.0037004100
  -0.0008321000   -0.0016201900    0.0047191500
   0.0019733800   -0.0005621800    0.0036993000
   0.0021136100    0.0065816800   -0.0002066000
   0.0020042100   -0.0051838900   -0.0020726800
   0.0003420100    0.0014917900    0.0037042900
   0.0003060800   -0.0004086400    0.0016253400
  -0.0038760600   -0.0055238300    0.0283197200
  -0.0000907600   -0.0132510200   -0.0007717500
   0.0006692500    0.0007267400    0.0094490300
   0.0472369600   -0.0367327200    0.0529156600
  -0.0110769600    0.0063444800   -0.0008423100
   0.0109269900    0.0063570700   -0.0013566100
  -0.0109018500    0.0055965900   -0.0013142600
   0.0089888000    0.0049188100    0.0003687900
   0.0006699300   -0.0000236200    0.0096907100
   0.0000874500   -0.0121926400   -0.0009983800
   0.0000052700    0.0000419300    0.0092634300
  -0.0000786400   -0.0127609500   -0.0016147600
  -0.0053442500    0.0359645900    0.0353282300
   0.0104034900    0.0055350000   -0.0005339900
  -0.0111237200    0.0063114100   -0.0016019400
   0.0128981000    0.0086124500    0.0012649200
   0.0494092800    0.0251732200    0.0410937700
   0.0007500000   -0.0103438700   -0.0082832100
  -0.0000718000    0.0004698100   -0.0153376800
  -0.0041482300   -0.0037565200    0.0113441600
  -0.0081396700    0.0055573500   -0.0081853200
   0.0080812100    0.0047399700   -0.0081961600
  -0.0082485300    0.0048106200   -0.0077555700
   0.0062037200    0.0060228800   -0.0062447800
   0.0000756700   -0.0005321300   -0.0155597900
   0.0007887400   -0.0095279000   -0.0080777800
  -0.0000655000   -0.0000055900   -0.0161132000
  -0.0000346900   -0.0095445000   -0.0083857200
  -0.0024202100   -0.0260676100    0.0299262400
   0.0100130500    0.0025353400   -0.0054864600
  -0.0083107700    0.0047600200   -0.0083989300
   0.0077960200    0.0056576700   -0.0069939200

49   
 -0.0054570512021962   0.0000000000000000  -0.0083797727998203
  -0.0002534000   -0.0001997500    0.0054585000
   0.0002177600   -0.0001768000    0.0045790100
  -0.0000892200    0.0000105000    0.0053836900
   0.0000663600   -0.0000809700    0.0042975000
   0.0000029100    0.0003059200    0.0044545000
  -0.0000085000   -0.0000065700    0.0046785600
  -0.0000488800   -0.0000498200    0.0043327900
   0.0001200300    0.0000114500    0.0046376300
  -0.0000228500   -0.0001002700    0.0053300300
  -0.0000810700   -0.0000360700    0.0043434800
   0.0000764700    0.0000162100    0.0054639000
   0.0000098400   -0.0001681800    0.0043591800
  -0.0000184200    0.0000953500    0.0042064600
   0.0000695800    0.0001081500    0.0046515600
  -0.0001344200    0.0000920600    0.0043342300
   0.0000900800    0.0000407100    0.0041706900
   0.0005632400    0.0003105000   -0.0002009600
  -0.0005545200    0.0002994800   -0.0003312400
   0.0005574700    0.0003356900   -0.0002595400
  -0.0005631100    0.0003197500   -0.0003048500
   0.0000040500   -0.0006334600   -0.0003376700
   0.0000185300    0.0000005100   -0.0054035000
   0.0000114000   -0.0006647600   -0.0002790500
  -0.0000007200   -0.0000064400   -0.0054235600
   0.0005927200    0.0002952300   -0.0002501100
  -0.0005624700    0.0003120500   -0.0002893500
   0.0005657700    0.0003211500   -0.0002671400
  -0.0005542700    0.0003287900   -0.0002549000
  -0.0000088300   -0.0006676600   -0.0003220100
   0.0000139700   -0.0000007700   -0.0054325400
   0.0000165500   -0.0006643100   -0.0002506100
  -0.0000062900   -0.0000176700   -0.0053796600
  -0.0005275000   -0.0002145500    0.0044570900
   0.0004398200   -0.0003637400    0.0036057700
  -0.0003563400   -0.0001884800    0.0038884200
   0.0002815500   -0.0005192800    0.0036026400
  -0.0001064800    0.0006199900    0.0037211100
   0.0000486500    0.0000051100   -0.0001911900
  -0.0000696100    0.0004464500    0.0038556800
   0.0002044600    0.0001464700   -0.0006682600
  -0.0003459400   -0.0002160200    0.0038902100
   0.0003708600   -0.0002769000    0.0039198600
  -0.0003756000   -0.0002207500    0.0038842500
   0.0003968900   -0.0002182700    0.0039431400
  -0.0003107600    0.0004301300    0.0037175700
   0.0001767200    0.0000486100   -0.0006702800
   0.0000283000    0.0004032400    0.0039313400
   0.0000426200   -0.0000123700   -0.0002032600
   0.1182687000   -0.0000480600    0.2262441500
  -0.0008358900   -0.0058310000    0.0075857800
  -0.0029487800   -0.0006069400    0.0028736400
  -0.0014830600    0.0046924200    0.0078044900
  -0.0019325500    0.0065888600    0.0076023500
  -0.0003428000    0.0003562200    0.0018182200
  -0.0003141500    0.0007418400    0.0038793000
  -0.0021788100   -0.0049948300    0.0056789200
  -0.0012144500   -0.0015799600    0.0028474300
   0.0000062800   -0.0005545500    0.0038949700
  -0.0011583700    0.0004590100    0.0028923700
   0.0000182900   -0.0006051800    0.0038944700
  -0.0022022900   -0.0043957100    0.0077124500
  -0.0019252600    0.0050973100    0.0055792300
  -0.0003416100    0.0007601600    0.0039093400
  -0.0002968600    0.0003757100    0.0017856500
   0.0038859500    0.0054982700   -0.0098962700
   0.0000627700   -0.0122462300   -0.0024130000
  -0.0006745200   -0.0007310600    0.0090396800
  -0.0491371600    0.0123789300   -0.0581204000
  -0.0109959200    0.0063677400   -0.0023187400
   0.0111332200    0.0063608200   -0.0018157100
  -0.0111741600    0.0071040500   -0.0018911000
   0.0130639100    0.0078103000   -0.0035538300
  -0.0006704500   -0.0000007500    0.0088323900
  -0.0001100400   -0.0132800000   -0.0021907500
   0.0000025800   -0.0000609200    0.0092359300
   0.0000722600   -0.0127400100   -0.0015524600
  -0.0166647600   -0.0241434700   -0.0392871000
   0.0116277300    0.0071841700   -0.0026542900
  -0.0109422300    0.0064025200   -0.0015836800
   0.0091198000    0.0040802300   -0.0044566200
  -0.0474936800   -0.0240375700   -0.0711966800
  -0.0007490300   -0.0086654600   -0.0084426300
   0.0000963700   -0.0004937400   -0.0167661400
   0.0041241900   -0.0152751900   -0.0279896600
  -0.0083172300    0.0039101500   -0.0085423400
   0.0083776100    0.0047437900   -0.0085528500
  -0.0082083500    0.0046646800   -0.0089840700
   0.0102768900    0.0034728700   -0.0104921600
  -0.0000601100    0.0005346800   -0.0165534900
  -0.0007976900   -0.0095008200   -0.0086722100
   0.0000761800   -0.0000184800   -0.0160055700
   0.0000307800   -0.0094807300   -0.0083619600
  -0.0140950300    0.0346376000   -0.0458831200
   0.0064857200    0.0069265100   -0.0112396300
  -0.0081407300    0.0047184700   -0.0083343600
   0.0086893400    0.0038236500   -0.0097390800

65   
  0.0054570512021962   0.0000000000000000   0.0083797727998203
   0.0002122600    0.0001514900    0.0061433800
   0.0000073800   -0.0002179200    0.0039558000
  -0.0001660700    0.0001273500    0.0058899200
   0.0000497100   -0.0001166700    0.0042635700
  -0.0002386600    0.0001706500    0.0037643400
   0.0001928400    0.0001315200    0.0041599600
  -0.0000936600    0.0001201100    0.0043720400
   0.0000919100    0.0001241700    0.0043939000
   0.0000005500   -0.0001945200    0.0060216300
   0.0000249900   -0.0000823800    0.0043906100
   0.0000053200    0.0000316600    0.0054778900
  -0.0000477400   -0.0001115100    0.0043752100
  -0.0000971400    0.0001174600    0.0043087900
   0.0001113700    0.0000587100    0.0044013700
  -0.0001431400    0.0000548600    0.0043633700
   0.0001432200    0.0000858900    0.0042238100
   0.0005587000    0.0003417700   -0.0003157500
  -0.0005468900    0.0003401600   -0.0003340200
   0.0005549800    0.0003594900   -0.0003409400
  -0.0005614600    0.0003322300   -0.0003597500
   0.0000033700   -0.0006001600   -0.0003326100
   0.0000148800    0.0000411900   -0.0054424800
   0.0000011500   -0.0006293500   -0.0003443600
  -0.0000113800    0.0000242100   -0.0054479700
   0.0005668100    0.0003476900   -0.0003448400
  -0.0005690500    0.0003509400   -0.0003585400
   0.0005657900    0.0003640800   -0.0003499500
  -0.0005359000    0.0003702500   -0.0003500300
  -0.0000136100   -0.0006158000   -0.0003674500
  -0.0000007500    0.0000218900   -0.0054403400
   0.0000102700   -0.0006161300   -0.0003323400
  -0.0000060900    0.0000243300   -0.0054483200
   0.0016461600    0.0010445600    0.0061130000
  -0.0006973100    0.0003519500    0.0044443800
  -0.0002940100   -0.0001440200    0.0037575800
   0.0003314000   -0.0001395100    0.0036994500
  -0.0001270900   -0.0013167600    0.0052883200
   0.0000052500    0.0000321200   -0.0005691400
  -0.0000005700    0.0004569000    0.0037706300
   0.0000252800    0.0000073700   -0.0004848400
  -0.0003146400   -0.0001491800    0.0037294000
   0.0003776400   -0.0001958500    0.0037681500
  -0.0003689100   -0.0001755300    0.0037926600
   0.0002990900   -0.0001526300    0.0037216500
   0.0000006400    0.0004071800    0.0037122600
   0.0000048100    0.0000478800   -0.0005309200
   0.0000002000    0.0003565500    0.0037447800
   0.0000024200    0.0000244500   -0.0003103900
  -0.0067665900   -0.0071640300    0.0240810300
   0.0521360500   -0.0268021200    0.0590965100
  -0.0011387600   -0.0006343200    0.0045261400
   0.0017495100   -0.0001910600    0.0040464600
   0.0056755500    0.0338701700    0.0414176800
   0.0020165400    0.0023768400    0.0044437100
  -0.0000916800    0.0011258500    0.0037572000
  -0.0007351800   -0.0007241100    0.0028079200
  -0.0007123600   -0.0004379500    0.0044683800
   0.0009181300   -0.0005529400    0.0037245900
  -0.0009835400   -0.0004865200    0.0037858900
   0.0014970400   -0.0015726600    0.0040951300
   0.0003945200    0.0010330400    0.0042285600
  -0.0020488600   -0.0015554400    0.0036217600
  -0.0002908900    0.0019747800    0.0043443600
  -0.0000999200    0.0000259900    0.0019089500
  -0.0650190800   -0.0025015100   -0.1100182500
   0.0044373900   -0.0127360300   -0.0033024700
   0.0000342300    0.0000071400    0.0088195300
   0.0063435700   -0.0124929400   -0.0045393800
  -0.0104343600    0.0081448000   -0.0035552400
   0.0109650700    0.0063291400   -0.0017076400
  -0.0111147100    0.0064739400   -0.0016208700
   0.0124581400    0.0028477800   -0.0042897000
  -0.0000206700    0.0000595400    0.0088047000
   0.0000498500   -0.0127189100   -0.0016632600
   0.0000178600    0.0000172200    0.0088316800
   0.0000494700   -0.0126351000   -0.0016636200
  -0.0094409600    0.0096065100   -0.0041740000
   0.0114659100    0.0047947400   -0.0036696700
  -0.0110407700    0.0064317800   -0.0016706800
   0.0108915900    0.0062882900   -0.0016584700
  -0.0013099500    0.0000287300   -0.0047495700
   0.0017644400   -0.0078371200   -0.0072118400
   0.0000249000    0.0000391300   -0.0161205200
  -0.0006875100   -0.0089516700   -0.0088166300
  -0.0071982200    0.0053609800   -0.0082874500
   0.0082357900    0.0047796500   -0.0086769300
  -0.0080559700    0.0046827200   -0.0087405200
   0.0061640700    0.0052399000   -0.0077488200
  -0.0000801100    0.0000893400   -0.0161272300
   0.0000059300   -0.0093758000   -0.0087095500
  -0.0000978700   -0.0000427700   -0.0161149700
   0.0000007200   -0.0093671800   -0.0087312400
  -0.0084263200    0.0043306600   -0.0090844500
   0.0073778700    0.0020060200   -0.0069408100
  -0.0080644800    0.0046847500   -0.0087801900
   0.0082103100    0.0047676100   -0.0086790700

65   
 -0.0054570512021962   0.0000000000000000  -0.0083797727998203
  -0.0002182300   -0.0001233100    0.0049056000
   0.0000081500    0.0000692500    0.0048373100
   0.0001788900   -0.0000976900    0.0051701000
  -0.0000326700   -0.0000548800    0.0045289300
   0.0000894100   -0.0000454800    0.0050410700
  -0.0000204000   -0.0000156300    0.0046507500
  -0.0000642300    0.0000007200    0.0044307100
   0.0000918000    0.0000054700    0.0043996300
   0.0000038700    0.0002303600    0.0050471700
  -0.0000183300   -0.0000705100    0.0044131500
   0.0000202500    0.0000059900    0.0056011700
   0.0000570700   -0.0000521900    0.0044207800
  -0.0000570000    0.0000208000    0.0044858400
   0.0000653100    0.0000657400    0.0043960100
  -0.0000099200    0.0000691600    0.0044325900
   0.0000327700    0.0000450500    0.0045750600
   0.0005748600    0.0003286500   -0.0002588600
  -0.0005659900    0.0003229500   -0.0002638800
   0.0005663000    0.0003268900   -0.0002554600
  -0.0005315500    0.0003510400   -0.0002175300
  -0.0000008400   -0.0006444600   -0.0002690500
   0.0000112300   -0.0000032400   -0.0053853900
   0.0000167300   -0.0006429900   -0.0002412900
   0.0000137400    0.0000007500   -0.0053731600
   0.0005623800    0.0003203100   -0.0002386300
  -0.0005489800    0.0003252200   -0.0002466900
   0.0005655500    0.0003296100   -0.0002533100
  -0.0005587300    0.0003128100   -0.0002307000
   0.0000212500   -0.0006321600   -0.0002304800
   0.0000272400    0.0000144300   -0.0053719300
   0.0000022000   -0.0006500300   -0.0002416400
   0.0000094700    0.0000000300   -0.0053825700
  -0.0023744900   -0.0014554200    0.0015065800
   0.0014079500   -0.0007355800    0.0032682600
  -0.0004106200   -0.0002182500    0.0039398700
   0.0003985700   -0.0002293300    0.0039811800
   0.0001396400    0.0021959700    0.0023971200
   0.0000209300    0.0000058000   -0.0000650800
   0.0000147500    0.0003779600    0.0039134200
  -0.0000223100    0.0000182700   -0.0001508100
  -0.0003766100   -0.0002363100    0.0039550200
   0.0003276000   -0.0001814800    0.0039340400
  -0.0003260300   -0.0001850100    0.0039107200
   0.0004316800   -0.0002177700    0.0039622000
   0.0000064200    0.0004476100    0.0039853600
   0.0000209000   -0.0000128500   -0.0001141800
   0.0000109600    0.0004834000    0.0039353300
   0.0000024900   -0.0000002600   -0.0003178500
   0.0048133400    0.0060334300   -0.0165332000
  -0.0480901700    0.0245027800   -0.0493613200
  -0.0007859100   -0.0004644500    0.0030884800
   0.0002015800   -0.0009240400    0.0035852500
  -0.0056436200   -0.0306943000   -0.0331115700
  -0.0020322900   -0.0023357500   -0.0010097600
   0.0000906700    0.0011879900    0.0038464800
   0.0007443900    0.0007461800    0.0005861500
  -0.0012324700   -0.0006397700    0.0031530100
   0.0010645000   -0.0005560600    0.0038806000
  -0.0009854800   -0.0006189100    0.0038284200
   0.0004770400    0.0004829600    0.0035224500
  -0.0004024700    0.0012529000    0.0034011700
   0.0020213700    0.0016127900   -0.0002072900
   0.0003100000    0.0003148300    0.0032692000
   0.0001098600   -0.0000014200    0.0015191400
   0.0620280800   -0.0001530100    0.1253035400
  -0.0043936100   -0.0127225500    0.0000741100
  -0.0000155300    0.0000267000    0.0096758000
  -0.0063736100   -0.0129520400    0.0013664500
  -0.0116533800    0.0046148600    0.0003416600
   0.0111108600    0.0064401400   -0.0014790800
  -0.0109384000    0.0062953900   -0.0015647800
   0.0096387800    0.0098953100    0.0010953000
   0.0000315300   -0.0000259400    0.0096896900
  -0.0000397300   -0.0127260500   -0.0015208100
  -0.0000033000    0.0000082100    0.0096633900
  -0.0000387800   -0.0128122100   -0.0015164800
  -0.0126047000    0.0031796500    0.0009875900
   0.0105889600    0.0080040800    0.0004505000
  -0.0110101100    0.0063373900   -0.0015153600
   0.0111847300    0.0064831700   -0.0015247900
   0.0012981600    0.0000030700   -0.0271925800
  -0.0017510400   -0.0111480500   -0.0095299600
  -0.0000089100   -0.0000032900   -0.0160089800
   0.0007162400   -0.0100389400   -0.0079500200
  -0.0092893800    0.0041708100   -0.0084861500
   0.0082486400    0.0047607700   -0.0080819800
  -0.0083975000    0.0048559900   -0.0080117700
   0.0102977300    0.0042979500   -0.0090026400
   0.0000911600   -0.0000553500   -0.0160042700
   0.0000078500   -0.0096053100   -0.0080470600
   0.0001075100    0.0000697300   -0.0160184500
   0.0000106100   -0.0096075600   -0.0080327700
  -0.0080266000    0.0052305900   -0.0076897700
   0.0090845500    0.0074916100   -0.0097870900
  -0.0083855000    0.0048500300   -0.0079796700
   0.0082608800    0.0047662000   -0.0080772600

81   
  0.0054570512021962   0.0000000000000000   0.0083797727998203
  -0.0000267000    0.0000132900    0.0055782100
  -0.0000045100   -0.0000999400    0.0043653900
   0.0000187700    0.0000084600    0.0055597900
   0.0000001400   -0.0000866400    0.0043872400
  -0.0001075400    0.0000820100    0.0043720800
   0.0001104400    0.0000863100    0.0043763600
  -0.0000843500    0.0000642400    0.0044008100
   0.0000844800    0.0000803000    0.0043929300
  -0.0000073200    0.0000483100    0.0055770300
  -0.0000043800   -0.0000656000    0.0043855300
   0.0000016300    0.0000275800    0.0055339600
  -0.0000074200   -0.0000750800    0.0044093000
  -0.0000936700    0.0000818800    0.0043850800
   0.0000845700    0.0000673700    0.0043794200
  -0.0000817300    0.0000692600    0.0044117500
   0.0000833000    0.0000766900    0.0043938800
   0.0005576300    0.0003443500   -0.0002636900
  -0.0005652100    0.0003387500   -0.0002665200
   0.0005487000    0.0003494600   -0.0002788600
  -0.0005552700    0.0003468500   -0.0002742000
  -0.0000094300   -0.0006144700   -0.0002722700
   0.0000074800    0.0000283700   -0.0053984000
   0.0000005800   -0.0006299300   -0.0002719900
  -0.0000077500    0.0000207500   -0.0053923600
   0.0005540500    0.0003404100   -0.0002722100
  -0.0005672400    0.0003466500   -0.0002793200
   0.0005603900    0.0003562000   -0.0002825000
  -0.0005531900    0.0003506800   -0.0002744900
  -0.0000054000   -0.0006153700   -0.0002824100
   0.0000040900    0.0000234700   -0.0053889600
  -0.0000008100   -0.0006222100   -0.0002690100
  -0.0000060600    0.0000199800   -0.0053986700
  -0.0003181300   -0.0001673100    0.0038422400
   0.0003171900   -0.0001627800    0.0039190900
  -0.0003672600   -0.0001781300    0.0038632300
   0.0003373600   -0.0001980100    0.0038573100
   0.0000023700    0.0004004600    0.0038870400
  -0.0000097300    0.0000304300   -0.0002850100
  -0.0000124700    0.0004223900    0.0038855600
  -0.0000151100    0.0000127500   -0.0003820400
  -0.0003630000   -0.0001740500    0.0038538500
   0.0003413700   -0.0001848300    0.0038959100
  -0.0003536500   -0.0001649900    0.0038930900
   0.0003641400   -0.0001639900    0.0038611000
  -0.0000319100    0.0004301900    0.0038616200
  -0.0000177900    0.0000284400   -0.0003385200
  -0.0000008400    0.0004342900    0.0038580500
  -0.0000042600    0.0000200700   -0.0002857700
   0.0481427800    0.0244487500    0.0577919500
  -0.0048685100    0.0061977800    0.0246374900
  -0.0001424800   -0.0008533800    0.0039471200
   0.0008176500   -0.0004513400    0.0044888400
   0.0058333400   -0.0307407300    0.0413881000
  -0.0004867400    0.0009065400    0.0031521300
  -0.0000853600    0.0012025400    0.0037872600
   0.0018346300   -0.0021951500    0.0045530500
  -0.0003940100    0.0005434600    0.0039833900
   0.0009740500   -0.0005849100    0.0038070900
  -0.0010671900   -0.0005431900    0.0037813000
   0.0012602300   -0.0006589700    0.0044553000
  -0.0003023400    0.0002970400    0.0042558500
  -0.0020143900    0.0013680000    0.0038638500
   0.0003854700    0.0012657200    0.0041859800
  -0.0001426400    0.0000214900    0.0019041200
  -0.0012886600    0.0000241900    0.0204401500
  -0.0007019900   -0.0133579900   -0.0019584000
   0.0000188500    0.0000112900    0.0092565800
   0.0017504000   -0.0144316200   -0.0003715200
  -0.0131782000    0.0059745700   -0.0009547800
   0.0111791500    0.0064814900   -0.0019392300
  -0.0110433900    0.0063973500   -0.0018229500
   0.0121536500    0.0058680900   -0.0013698700
  -0.0001011500    0.0000921900    0.0092644800
  -0.0000055100   -0.0128064800   -0.0018805300
  -0.0000778500   -0.0000331200    0.0092512700
  -0.0000001800   -0.0127737600   -0.0018550200
  -0.0119418900    0.0091750600   -0.0001674800
   0.0109323700    0.0068966900   -0.0021669800
  -0.0109974200    0.0063727300   -0.0018013800
   0.0111676300    0.0064716000   -0.0019143300
  -0.0617300000   -0.0020868700   -0.1352626300
   0.0063554900   -0.0097224800   -0.0115189200
   0.0000577800    0.0000825300   -0.0164087800
   0.0040594200   -0.0093798700   -0.0100197600
  -0.0067350700    0.0083786200   -0.0111768400
   0.0081706300    0.0047211400   -0.0083014300
  -0.0083097200    0.0048423900   -0.0084063700
   0.0087411200    0.0031798000   -0.0103553000
   0.0000736800    0.0000137900   -0.0163782500
   0.0000354200   -0.0094925500   -0.0083544600
  -0.0000271200   -0.0000259900   -0.0164432200
   0.0000363000   -0.0095820100   -0.0083563500
  -0.0078454100    0.0060979600   -0.0104263400
   0.0098503700    0.0015878600   -0.0111052200
  -0.0083888400    0.0048872900   -0.0083613200
   0.0082490600    0.0047651200   -0.0083473100

81   
 -0.0054570512021962   0.0000000000000000  -0.0083797727998203
   0.0000200000    0.0000077300    0.0054240000
   0.0000100600   -0.0000617900    0.0043645900
  -0.0000155300    0.0000097000    0.0054441000
   0.0000094200   -0.0000962300    0.0043450100
  -0.0000520000    0.0000317800    0.0043666900
   0.0000542300    0.0000213800    0.0043793500
  -0.0000814800    0.0000472300    0.0043401200
   0.0000888200    0.0000396100    0.0043391700
   0.0000062000   -0.0000250700    0.0054410500
   0.0000033900   -0.0000987800    0.0043552500
   0.0000127100   -0.0000016900    0.0054860300
   0.0000067700   -0.0000970500    0.0043248900
  -0.0000696400    0.0000446800    0.0043484300
   0.0000843500    0.0000445200    0.0043535300
  -0.0000779000    0.0000439000    0.0043231900
   0.0000841100    0.0000427500    0.0043444400
   0.0005681900    0.0003159100   -0.0003765100
  -0.0005541800    0.0003112400   -0.0003932400
   0.0005629400    0.0003256100   -0.0003789000
  -0.0005465600    0.0003272300   -0.0003658900
   0.0000031300   -0.0006391200   -0.0003916200
   0.0000112100   -0.0000005600   -0.0054934300
   0.0000093600   -0.0006554900   -0.0003764200
   0.0000012900   -0.0000076500   -0.0054885900
   0.0005650400    0.0003170200   -0.0003726800
  -0.0005598200    0.0003204900   -0.0003875300
   0.0005647200    0.0003276900   -0.0003837800
  -0.0005485200    0.0003204500   -0.0003687200
   0.0000055700   -0.0006452100   -0.0003772900
   0.0000129100    0.0000014400   -0.0054837300
   0.0000036900   -0.0006528200   -0.0003673300
   0.0000023500   -0.0000071400   -0.0054964200
  -0.0003774000   -0.0002240300    0.0037745900
   0.0003865600   -0.0002365800    0.0037187800
  -0.0003453800   -0.0001954100    0.0037717400
   0.0003835600   -0.0001787400    0.0037617400
  -0.0000062300    0.0004502300    0.0037531100
   0.0000296800   -0.0000021100   -0.0004062700
   0.0000185000    0.0003996800    0.0037390400
   0.0000078100    0.0000008000   -0.0003182200
  -0.0003380800   -0.0002221200    0.0037691300
   0.0003551600   -0.0002019800    0.0037469500
  -0.0003478800   -0.0002053700    0.0037509000
   0.0003585700   -0.0002180500    0.0037611300
   0.0000323800    0.0004118600    0.0037744800
   0.0000336900   -0.0000057000   -0.0003687200
   0.0000026600    0.0003952800    0.0037601600
   0.0000023000   -0.0000071700   -0.0004006900
  -0.0521784300   -0.0267662900   -0.0523772800
   0.0068295700   -0.0073206400   -0.0170259500
  -0.0017924000   -0.0002565400    0.0035945400
   0.0011250200   -0.0006674500    0.0030587600
  -0.0058362100    0.0339053000   -0.0345234700
   0.0004961600   -0.0008994400    0.0002252100
   0.0000808700    0.0010954900    0.0037523100
  -0.0017997900    0.0022275900   -0.0012221700
  -0.0015639100   -0.0016483500    0.0035541300
   0.0010034800   -0.0005320300    0.0037242500
  -0.0009003000   -0.0005698400    0.0037675400
   0.0007018400   -0.0004365400    0.0030791900
   0.0003001400    0.0019844200    0.0032849900
   0.0020495200   -0.0013237400   -0.0005103200
  -0.0003660400    0.0010041800    0.0033490100
   0.0001533500   -0.0000073500    0.0014503300
   0.0013160800    0.0000000500   -0.0021895400
   0.0006822900   -0.0121100000   -0.0012734400
  -0.0000181500    0.0000126400    0.0091766400
  -0.0017502500   -0.0110351600   -0.0028935000
  -0.0088735600    0.0067839700   -0.0022924100
   0.0108867300    0.0062791500   -0.0013082300
  -0.0110290900    0.0063650800   -0.0014314600
   0.0099519300    0.0068881600   -0.0018606300
   0.0001042200   -0.0000745200    0.0091736600
   0.0000028300   -0.0126515800   -0.0013683700
   0.0000853700    0.0000529300    0.0091810500
   0.0000003100   -0.0126846400   -0.0013851100
  -0.0101099300    0.0035455700   -0.0031096600
   0.0111342600    0.0058915400   -0.0010575700
  -0.0110606400    0.0063845500   -0.0014482700
   0.0109005700    0.0062892600   -0.0013309200
   0.0633657000    0.0004500100    0.1114920600
  -0.0063180100   -0.0092626700   -0.0053161700
  -0.0000603500   -0.0000596200   -0.0157784400
  -0.0040943400   -0.0096231400   -0.0067553600
  -0.0097467000    0.0011177500   -0.0056386100
   0.0082919300    0.0048025000   -0.0085205700
  -0.0081498900    0.0046811000   -0.0084017000
   0.0077603700    0.0063380000   -0.0064360200
  -0.0000725100    0.0000030600   -0.0158140800
  -0.0000343900   -0.0094922900   -0.0084629400
   0.0000324600    0.0000468700   -0.0157458100
  -0.0000351300   -0.0094117100   -0.0084635300
  -0.0085947000    0.0034520200   -0.0063566500
   0.0066032600    0.0079589100   -0.0057133900
  -0.0080741100    0.0046393700   -0.0084523700
   0.0082197800    0.0047617100   -0.0084653400
