48   
3    

1    
  0.0054947856485029   0.0000000000000000   0.0083550781370976
  -0.1197732488   -0.0002665780   -0.2184399337
   0.0019180744    0.0055530600   -0.0041600130
   0.0017502118   -0.0000004300    0.0008705072
   0.0016792367   -0.0048087000   -0.0041999081
   0.0023203904   -0.0054089345   -0.0042107817
   0.0000772035   -0.0005546761   -0.0000113467
   0.0007135851    0.0001826919   -0.0000137551
   0.0016471007    0.0051650132   -0.0041495393
   0.0001638948    0.0009158595    0.0008694073
   0.0010337421    0.0003670123   -0.0000128109
   0.0001561348   -0.0009201095    0.0008716873
   0.0010339921    0.0003610077   -0.0000125809
   0.0022561707    0.0048558668   -0.0042311993
   0.0017097304   -0.0052915355   -0.0041296917
   0.0007116435    0.0001876861   -0.0000057867
   0.0000786251   -0.0005502119   -0.0000195251
  -0.0137658256   -0.0114393892    0.0279899263
   0.0103543512   -0.0063856954    0.0093742345
  -0.0096026295   -0.0051402582    0.0088763511
   0.0569890579   -0.0293970424    0.0626933814
   0.0000741589    0.0118874034    0.0093420841
  -0.0000688215    0.0000001222    0.0031777092
   0.0000772664    0.0111545183    0.0089142644
  -0.0020129207   -0.0013218185    0.0050660231
  -0.0095299139   -0.0059947176    0.0090947132
   0.0104254937   -0.0055256899    0.0091654768
  -0.0103023198   -0.0059382482    0.0086948954
   0.0103251762   -0.0059736648    0.0086373679
   0.0060602343    0.0409523710    0.0454703472
  -0.0005057450   -0.0008737200    0.0043828292
  -0.0000191244    0.0119101406    0.0086653706
   0.0017797622    0.0021861032    0.0057415792
   0.0382165164    0.0186036455    0.0472655085
   0.0110525775   -0.0067714829   -0.0084712724
  -0.0102717526   -0.0055467261   -0.0079802746
   0.0068761237   -0.0004913559    0.0106935661
   0.0000812107    0.0126735657   -0.0084282298
  -0.0000696253    0.0000001423   -0.0028285755
   0.0000868008    0.0119487811   -0.0080290395
  -0.0019962751    0.0013252441   -0.0009411430
  -0.0102089723   -0.0063761833   -0.0081845316
   0.0111164784   -0.0059322447   -0.0082767290
  -0.0103192830   -0.0059517017   -0.0087273951
   0.0103449616   -0.0059814505   -0.0086644285
   0.0060099578   -0.0179843202    0.0288411640
   0.0018194800   -0.0022065554   -0.0002540641
  -0.0000127760    0.0119314696   -0.0086951557
  -0.0004800903    0.0008717158   -0.0016206730

17   
  0.0054947856485029   0.0000000000000000   0.0083550781370976
  -0.0051034863   -0.0064635741    0.0203931861
   0.0500932964   -0.0252075055    0.0550484285
  -0.0000695325   -0.0001257871    0.0007391276
   0.0006461274    0.0006151361    0.0002946654
   0.0062619578    0.0314269302    0.0375420940
   0.0012642000    0.0018729654    0.0028909959
   0.0002037140   -0.0003176496    0.0000485043
  -0.0007997803   -0.0012052258    0.0013593170
   0.0003031284    0.0001128247    0.0007399510
  -0.0001312830    0.0002942817    0.0000414149
  -0.0000389084   -0.0000392795    0.0000546415
   0.0004088077   -0.0006868067    0.0002940984
   0.0006041708   -0.0004656311    0.0005171005
  -0.0024335651   -0.0014536941    0.0021219970
  -0.0000112793    0.0004220343    0.0005156502
  -0.0004825153   -0.0002640323    0.0002409045
  -0.0706303965   -0.0019094465   -0.1131036571
   0.0139912443   -0.0061878200    0.0070202031
  -0.0102967732   -0.0061317200    0.0083976698
   0.0161447782   -0.0058206900    0.0056049577
   0.0003042927    0.0133043598    0.0066884516
  -0.0001022204   -0.0001331773    0.0030252163
  -0.0000865386    0.0118826958    0.0088063996
   0.0013509139   -0.0035000822    0.0002516389
  -0.0104153336   -0.0059754315    0.0083465199
   0.0103116839   -0.0060340844    0.0087558581
  -0.0102611536   -0.0060235485    0.0084484899
   0.0103112839   -0.0059568756    0.0087560281
   0.0014202739    0.0148551422    0.0059817489
   0.0002393327   -0.0012230598    0.0009598816
  -0.0000200904    0.0118437073    0.0087608363
  -0.0001695086   -0.0001722058    0.0030736596
  -0.0116574424   -0.0060431800    0.0034693870
   0.0121102366   -0.0043504700   -0.0074702967
  -0.0103313489   -0.0060391500   -0.0085932620
   0.0096491059   -0.0054740900   -0.0091073252
   0.0010170777    0.0124211870   -0.0085386153
  -0.0000057030   -0.0000558355   -0.0031569656
   0.0000518430    0.0117816679   -0.0089226715
  -0.0021732444    0.0003362821   -0.0023677147
  -0.0104559073   -0.0059715008   -0.0085939321
   0.0102746928   -0.0060086673   -0.0088794519
  -0.0104621773   -0.0061190292   -0.0085934521
   0.0102739928   -0.0059650727   -0.0088817719
  -0.0001992744    0.0114200579   -0.0093520247
  -0.0009384423   -0.0029448270   -0.0015435553
   0.0000872970    0.0117601855   -0.0089030356
  -0.0000475370   -0.0000803079   -0.0031813115

17   
 -0.0054947856485029  -0.0000000000000000  -0.0083550781370976
   0.0049510056    0.0063601192   -0.0204136563
  -0.0482473679    0.0246698024   -0.0529305914
  -0.0000643705    0.0000227282   -0.0006728911
  -0.0008547812    0.0000069154   -0.0002180645
  -0.0057916443   -0.0310825610   -0.0368408772
  -0.0020979822   -0.0023350832   -0.0028035792
   0.0002540944   -0.0001565506    0.0000158894
  -0.0000137850    0.0007249800   -0.0013203092
  -0.0004534761   -0.0001877124   -0.0006729032
  -0.0000485862    0.0003343648    0.0000206121
  -0.0001333102   -0.0000642018    0.0000098046
  -0.0005983737    0.0013276099   -0.0002179768
  -0.0001650089   -0.0000294134   -0.0004464741
   0.0015945307    0.0010009485   -0.0020648831
   0.0004773936   -0.0009096583   -0.0004460944
  -0.0003257685   -0.0002045122   -0.0001717992
   0.0562066143   -0.0047162155    0.1247808203
   0.0065253718   -0.0058545800    0.0103755823
  -0.0105207568   -0.0058954000    0.0090326502
   0.0042949257   -0.0062054900    0.0118427269
  -0.0005107939    0.0104306478    0.0107169812
  -0.0000712114    0.0000287158    0.0030471004
  -0.0000848296    0.0118562227    0.0086265937
  -0.0015065027    0.0033713698    0.0058186984
  -0.0104071064   -0.0060507985    0.0090822401
   0.0101648861   -0.0059931344    0.0086752119
  -0.0105593064   -0.0060072115    0.0089801101
   0.0101656461   -0.0060743356    0.0086778019
  -0.0015883427    0.0089034302    0.0114483784
  -0.0004268239    0.0011388022    0.0050834412
  -0.0001560014    0.0118984142    0.0086731804
   0.0000003704    0.0000704173    0.0030056737
  -0.0091887754   -0.0059830200   -0.0205770713
   0.0083705670   -0.0076885700   -0.0098243082
  -0.0104892094   -0.0059861400   -0.0087140817
   0.0108470803   -0.0065685900   -0.0082140014
  -0.0012288924    0.0113147315   -0.0087857496
  -0.0001575668   -0.0000434437   -0.0027942255
  -0.0002256642    0.0119601296   -0.0083822258
   0.0019928690   -0.0004399275   -0.0035816211
  -0.0103673620   -0.0060550940   -0.0087110416
   0.0102038159   -0.0060233111   -0.0084261589
  -0.0103621420   -0.0059111960   -0.0087154316
   0.0102042359   -0.0060616789   -0.0084310189
   0.0000221790    0.0123476175   -0.0079731311
   0.0007590876    0.0028035185   -0.0043796896
  -0.0002617668    0.0119818237   -0.0084112755
  -0.0001271842   -0.0000254696   -0.0027723358
