112  
14   

1    
  0.0057736443177721   0.0000000000000000   0.0081648656628176
  -0.0921896800   -0.0003111000   -0.1558589200
   0.0001805200    0.0034261000   -0.0092219500
  -0.0002559800   -0.0000599200   -0.0012108200
  -0.0003268200   -0.0036458600   -0.0090480500
   0.0011228400   -0.0039427200   -0.0093041700
   0.0002801800   -0.0001009800   -0.0016329200
   0.0003920600    0.0000211100   -0.0016747600
   0.0011030900    0.0045008000   -0.0089750600
  -0.0003124900    0.0000453100   -0.0012463500
   0.0004441800    0.0000674800   -0.0016289200
  -0.0002320000    0.0000336100   -0.0011949800
   0.0004392100   -0.0000227900   -0.0016408400
   0.0008741300    0.0027244600   -0.0092131400
   0.0013558200   -0.0029820200   -0.0090570500
   0.0003205600    0.0000698200   -0.0015934400
   0.0003452400   -0.0000462300   -0.0016835100
   0.0001790700   -0.0038513200    0.0125326800
  -0.0001089200   -0.0006105300   -0.0020508100
   0.0002940200    0.0004121300   -0.0019384500
   0.0361573200   -0.0169511400    0.0394997900
  -0.0003377400    0.0000515000   -0.0018310200
  -0.0000848900   -0.0000002500   -0.0029149700
   0.0000160100   -0.0002904600   -0.0021804600
  -0.0015214000   -0.0016160100   -0.0013026200
   0.0002704700    0.0000871000   -0.0017734600
   0.0002540200    0.0003459500   -0.0022247800
  -0.0000401000   -0.0000014500   -0.0029442300
   0.0000044300   -0.0000094100   -0.0030425300
   0.0068363400    0.0208981400    0.0261277200
  -0.0011882100   -0.0002008900   -0.0014139900
  -0.0000224200    0.0000179100   -0.0029941700
   0.0016176700    0.0018199500   -0.0011497600
   0.0373146800    0.0175949400    0.0443751700
   0.0002662300   -0.0002992700    0.0017083800
  -0.0001003600    0.0005743700    0.0015096200
   0.0006391100    0.0035536000    0.0159488900
   0.0000945900    0.0002439700    0.0014930500
  -0.0000737700    0.0000015200    0.0007781600
  -0.0003449500   -0.0000543600    0.0017476000
  -0.0015257900    0.0016710000    0.0022815900
   0.0002526100   -0.0003546600    0.0013907400
   0.0002064800   -0.0001157100    0.0018349000
  -0.0000217700    0.0000098100    0.0005496100
   0.0000050600   -0.0000127300    0.0006929400
   0.0068274200   -0.0210394200    0.0300414300
   0.0016813500   -0.0018593300    0.0023912300
  -0.0000251300    0.0000095300    0.0006212200
  -0.0012044800    0.0001921500    0.0021380600
   0.0001288300    0.0000800400    0.0021991300
   0.0000071100   -0.0000117900    0.0018758700
  -0.0000665600    0.0000307900    0.0020641600
   0.0000313200   -0.0002436600    0.0015037900
  -0.0000072900    0.0000085900    0.0018783900
   0.0000170400    0.0000054500    0.0018713800
   0.0000263200    0.0000061500    0.0017962000
  -0.0000235200    0.0000065300    0.0018258500
  -0.0000100200   -0.0001118400    0.0021306300
   0.0000051700    0.0000266300    0.0017980100
   0.0000058400    0.0000013300    0.0017898000
  -0.0000295600    0.0000097100    0.0018162000
  -0.0002098900    0.0001388300    0.0014197300
  -0.0000203400   -0.0000184700    0.0018183100
  -0.0000032400   -0.0000326300    0.0018044200
   0.0002121700    0.0001054400    0.0015872300
  -0.0000342800   -0.0000180400   -0.0079636600
  -0.0000065200    0.0000073900   -0.0078810000
   0.0000361800   -0.0000224100   -0.0079636700
   0.0000043700    0.0000085700   -0.0079661200
   0.0000052600   -0.0000071800   -0.0078766100
  -0.0000069400   -0.0000005700   -0.0078856700
   0.0000435200    0.0000102300   -0.0079415500
  -0.0000346000   -0.0000002100   -0.0079616000
  -0.0000022800    0.0000413500   -0.0079632300
   0.0000252200    0.0000338400   -0.0079595800
   0.0000029000    0.0000000600   -0.0079658000
  -0.0000222600    0.0000289500   -0.0079428000
   0.0000116600   -0.0000042800   -0.0079559500
  -0.0000195000   -0.0000321900   -0.0079705200
   0.0000117000   -0.0000394900   -0.0079328100
  -0.0000030200   -0.0000041400   -0.0079750400
   0.0001504200    0.0001476500    0.0089245500
  -0.0000446900    0.0001094000    0.0089690800
   0.0001009400    0.0002172300    0.0090334200
  -0.0002113400    0.0000605700    0.0087657800
   0.0000826500   -0.0001188100    0.0089848700
   0.0000270800   -0.0000002300    0.0089959100
  -0.0001260200   -0.0001691000    0.0090173600
   0.0000311700    0.0001524200    0.0089039600
   0.0002055400   -0.0000149300    0.0090169000
  -0.0001492100   -0.0000219900    0.0089850100
  -0.0000283500   -0.0000096900    0.0089609400
  -0.0000061500   -0.0000036700    0.0089557100
  -0.0001056600   -0.0002083400    0.0088444800
   0.0001989500   -0.0000968600    0.0088768000
  -0.0000120500    0.0000123600    0.0089590100
  -0.0000636100   -0.0000543100    0.0089310700
  -0.0000164200   -0.0000230500    0.0012206800
   0.0000641700    0.0000151800    0.0011474900
  -0.0000735800   -0.0000270800    0.0011235300
   0.0000320200   -0.0000041200    0.0012335800
   0.0000449300    0.0000609400    0.0011470100
  -0.0000065100    0.0000001000    0.0011531400
  -0.0000137800    0.0000644000    0.0011239400
  -0.0000135000   -0.0000199900    0.0012616400
  -0.0000511900   -0.0000627800    0.0011351100
   0.0000283600   -0.0000505600    0.0011362100
   0.0000007800   -0.0000125300    0.0012130500
   0.0000205600    0.0000013800    0.0012216200
   0.0000242700    0.0000279100    0.0012272500
  -0.0000395300    0.0000152600    0.0012720300
   0.0000225500    0.0000117100    0.0012171000
  -0.0000054300    0.0000048100    0.0012515500

1    
 -0.0057736443177721   0.0000000000000000  -0.0081648656628176
   0.0922593700   -0.0003652300    0.1560064700
   0.0000025600   -0.0034154100    0.0054002300
   0.0002830000    0.0000555100   -0.0026670200
   0.0001230300    0.0036838700    0.0051153300
  -0.0010502500    0.0041065300    0.0053624700
  -0.0002903800    0.0000989100   -0.0022377900
  -0.0003905500   -0.0000414500   -0.0022365100
  -0.0011756700   -0.0043420700    0.0051677200
   0.0003128000   -0.0000249200   -0.0026391300
  -0.0004326100   -0.0000577000   -0.0022457400
   0.0002225100   -0.0000250900   -0.0027103900
  -0.0004448800    0.0000110900   -0.0022508800
  -0.0009767600   -0.0028331300    0.0052180500
  -0.0012545400    0.0028795500    0.0052932800
  -0.0003294700   -0.0000598600   -0.0022599700
  -0.0003429900    0.0000489600   -0.0022196200
  -0.0002214300    0.0037822900   -0.0182794000
   0.0000837100    0.0005648500   -0.0037497600
  -0.0003035600   -0.0004288400   -0.0038544400
  -0.0376453400    0.0178235000   -0.0465425600
   0.0003130100   -0.0000314500   -0.0039805200
   0.0000981800    0.0000169100   -0.0029246600
  -0.0000051800    0.0002983300   -0.0036284300
   0.0014712100    0.0016132900   -0.0044997100
  -0.0002906900   -0.0000836100   -0.0040068600
  -0.0002496100   -0.0003419600   -0.0035722700
   0.0000233700   -0.0000131500   -0.0028551200
   0.0000111300    0.0000194500   -0.0027424900
  -0.0068123900   -0.0214833700   -0.0322913900
   0.0011471200    0.0002180500   -0.0043782600
   0.0000361500   -0.0000024500   -0.0028051700
  -0.0016506500   -0.0018287300   -0.0046219800
  -0.0358223300   -0.0167492400   -0.0417039700
  -0.0002643300    0.0002719300   -0.0003142000
   0.0001173500   -0.0006073700   -0.0001264500
  -0.0005809600   -0.0036004200   -0.0146231000
  -0.0000947300   -0.0002228000   -0.0000660000
   0.0000837200    0.0000167300    0.0006519000
   0.0003807800    0.0000616100   -0.0003689300
   0.0015262600   -0.0016736600   -0.0008879700
  -0.0002614800    0.0003655300    0.0000070300
  -0.0001941100    0.0001104400   -0.0004687400
   0.0000093400   -0.0000255500    0.0008411800
   0.0000129100    0.0000223100    0.0006900200
  -0.0068498300    0.0204631800   -0.0282774500
  -0.0016682900    0.0018722900   -0.0010038500
   0.0000442900    0.0000055600    0.0007727000
   0.0012273500   -0.0001969900   -0.0007717000
  -0.0001341400   -0.0000822500    0.0014114400
  -0.0000065500    0.0000149200    0.0017403400
   0.0000666500   -0.0000313500    0.0015466400
  -0.0000316000    0.0002458100    0.0021111400
   0.0000062100   -0.0000063800    0.0017360300
  -0.0000192500   -0.0000055400    0.0017430600
  -0.0000275300   -0.0000050100    0.0018203500
   0.0000248000   -0.0000069200    0.0017929600
   0.0000092800    0.0001155400    0.0014767800
  -0.0000067500   -0.0000261100    0.0018163300
  -0.0000047000    0.0000013000    0.0018268200
   0.0000295700   -0.0000111300    0.0017921000
   0.0002102000   -0.0001378000    0.0021908900
   0.0000166800    0.0000185300    0.0018019500
   0.0000020600    0.0000320300    0.0018095100
  -0.0002132600   -0.0001064100    0.0020330300
   0.0000327000    0.0000188100   -0.0079659200
   0.0000063200   -0.0000068000   -0.0080486400
  -0.0000370800    0.0000236800   -0.0079647800
  -0.0000045200   -0.0000078000   -0.0079627100
  -0.0000061600    0.0000079300   -0.0080550500
   0.0000073400    0.0000013500   -0.0080425700
  -0.0000444000   -0.0000091200   -0.0079853000
   0.0000332700    0.0000005500   -0.0079669700
   0.0000024800   -0.0000394800   -0.0079650900
  -0.0000260500   -0.0000331900   -0.0079665000
  -0.0000041600    0.0000002500   -0.0079613000
   0.0000222000   -0.0000281000   -0.0079859500
  -0.0000122600    0.0000044400   -0.0079721100
   0.0000167800    0.0000324000   -0.0079582000
  -0.0000121900    0.0000415200   -0.0079959000
   0.0000029400    0.0000048000   -0.0079543700
  -0.0001494900   -0.0001442700    0.0090129900
   0.0000473400   -0.0001101700    0.0089645700
  -0.0001028100   -0.0002160500    0.0089005400
   0.0002075500   -0.0000615100    0.0091678200
  -0.0000839200    0.0001239900    0.0089484900
  -0.0000280200    0.0000003100    0.0089374000
   0.0001263700    0.0001711900    0.0089169300
  -0.0000312000   -0.0001470600    0.0090289300
  -0.0002076600    0.0000138500    0.0089163400
   0.0001501400    0.0000213600    0.0089491000
   0.0000277600    0.0000089800    0.0089730600
   0.0000054300    0.0000039700    0.0089778200
   0.0001003000    0.0002076400    0.0090898800
  -0.0001942700    0.0000958300    0.0090554600
   0.0000119700   -0.0000118300    0.0089756100
   0.0000627900    0.0000552700    0.0090027500
   0.0000160200    0.0000241800    0.0011959000
  -0.0000644200   -0.0000134100    0.0012687000
   0.0000726700    0.0000276900    0.0012920900
  -0.0000326600    0.0000058100    0.0011830400
  -0.0000447100   -0.0000602200    0.0012691600
   0.0000059200    0.0000006800    0.0012618300
   0.0000119400   -0.0000637500    0.0012914800
   0.0000132800    0.0000198200    0.0011545800
   0.0000497600    0.0000631200    0.0012810300
  -0.0000291400    0.0000502700    0.0012800200
  -0.0000006000    0.0000138400    0.0012026000
  -0.0000208900    0.0000000000    0.0011938300
  -0.0000239900   -0.0000273400    0.0011893300
   0.0000380300   -0.0000138100    0.0011448800
  -0.0000225100   -0.0000108800    0.0011978400
   0.0000040100   -0.0000042400    0.0011640500

17   
  0.0057736443177721   0.0000000000000000   0.0081648656628176
  -0.0009154500   -0.0044691200    0.0143363600
   0.0389320500   -0.0185028900    0.0410782500
   0.0002251900    0.0003081600   -0.0007776200
   0.0000674700    0.0003765200   -0.0010508000
   0.0068557100    0.0228419700    0.0275619100
   0.0004401300    0.0011123900    0.0007793700
   0.0000102700   -0.0000893500   -0.0019234800
   0.0001031000   -0.0009092000   -0.0012194600
   0.0006248800    0.0003166000   -0.0008949100
  -0.0000505400    0.0000312100   -0.0019141900
   0.0001071300    0.0000557000   -0.0019351400
  -0.0000202700   -0.0005103500   -0.0009283200
   0.0001394600   -0.0005903900   -0.0010488400
  -0.0014733000   -0.0001930500   -0.0002283900
  -0.0003514700    0.0001286900   -0.0007895000
  -0.0000645000   -0.0000068000   -0.0018145800
  -0.0540072100   -0.0002122000   -0.1099285500
   0.0021973400    0.0000485800   -0.0047350300
   0.0000723700   -0.0000621100   -0.0033574700
   0.0035773200    0.0002030500   -0.0057009900
  -0.0000077900    0.0009454700   -0.0049083700
   0.0000425100   -0.0000018500   -0.0029558000
  -0.0000721000    0.0000855500   -0.0028446300
   0.0004738200   -0.0022646400   -0.0055427200
  -0.0000046500    0.0000288600   -0.0033960100
   0.0000607600   -0.0000758400   -0.0028954900
   0.0001101300    0.0000111600   -0.0033118800
   0.0000585300    0.0000620200   -0.0028877700
   0.0007038900    0.0020209900   -0.0054081600
  -0.0002247400   -0.0008974900   -0.0050740500
   0.0000452200    0.0000173500   -0.0029589000
  -0.0000813400   -0.0000641300   -0.0028688000
  -0.0009384500   -0.0000097100    0.0202047300
   0.0018462600    0.0015339400    0.0014697300
   0.0001296800   -0.0001604100    0.0007842800
  -0.0000937000    0.0001103200    0.0001759000
   0.0008466900    0.0004557600    0.0006846400
   0.0001085600    0.0000369400    0.0006351400
  -0.0000056400    0.0000468400    0.0006122200
  -0.0015618000    0.0004307400    0.0009641600
  -0.0001714700    0.0001593300    0.0008812600
   0.0000609000   -0.0000738100    0.0006197700
   0.0001125700   -0.0000179900    0.0006830200
   0.0000751100   -0.0000171000    0.0006114700
  -0.0001317500    0.0001722500    0.0000603600
  -0.0005987100   -0.0026681100    0.0016305500
   0.0000426000    0.0000280000    0.0006804300
   0.0000540000    0.0000045500    0.0005914100
   0.0000729700    0.0000217700    0.0018966900
   0.0000545600    0.0000068200    0.0018192300
   0.0000301800    0.0000091400    0.0018100400
   0.0000181300    0.0000178800    0.0019089900
   0.0000509000    0.0000079400    0.0018079400
   0.0000345800    0.0000032000    0.0018073700
   0.0000303300    0.0000152800    0.0018229800
   0.0000415800    0.0000256500    0.0018226800
   0.0000439400   -0.0000063200    0.0018006000
   0.0000476900   -0.0000116200    0.0018250900
   0.0000467900    0.0000068800    0.0018151300
   0.0000405500    0.0000046400    0.0018150100
   0.0000426200   -0.0000292900    0.0019035500
   0.0000597000   -0.0000075200    0.0018183400
   0.0000417200   -0.0000003500    0.0018157200
   0.0000196300   -0.0000093300    0.0018272800
   0.0000496200    0.0000077400   -0.0079022700
   0.0000534800    0.0000105800   -0.0079132500
   0.0000294200    0.0000119500   -0.0079117100
   0.0000338600    0.0000080100   -0.0079047400
   0.0000534600    0.0000124200   -0.0079127400
   0.0000410800    0.0000032800   -0.0079290600
   0.0000281600    0.0000074900   -0.0079123800
   0.0000419400    0.0000180700   -0.0078944500
   0.0000403300   -0.0000112900   -0.0079113800
   0.0000387400   -0.0000097800   -0.0079130900
   0.0000412300    0.0000039200   -0.0079112700
   0.0000455700    0.0000006800   -0.0079182800
   0.0000419800   -0.0000056600   -0.0079035900
   0.0000528900   -0.0000027700   -0.0078946000
   0.0000403900    0.0000062900   -0.0079151900
   0.0000280700   -0.0000047100   -0.0078941600
   0.0000418900    0.0000033300    0.0089756700
  -0.0000354700    0.0000611100    0.0090727500
   0.0000280000    0.0000136600    0.0090459000
   0.0001277800    0.0000563000    0.0090839100
   0.0000455200   -0.0000969700    0.0090797800
   0.0000289300   -0.0000151600    0.0090465400
   0.0000642000    0.0000021600    0.0090437000
   0.0000315100   -0.0000922900    0.0090771300
   0.0000353300   -0.0000008900    0.0090391100
   0.0000614200    0.0000235300    0.0090444100
   0.0000175100   -0.0000029100    0.0090524500
   0.0000415000   -0.0000219900    0.0090533100
   0.0001310500    0.0000558800    0.0090850100
  -0.0000465300    0.0000378600    0.0090715100
   0.0000183000    0.0000171300    0.0090538100
   0.0000618900    0.0000155800    0.0090531900
   0.0000399200    0.0000037500    0.0012607900
   0.0000424600   -0.0000072000    0.0012687700
   0.0000490800    0.0000076100    0.0013019400
   0.0000373900   -0.0000091400    0.0012701000
   0.0000323400    0.0000116900    0.0012691000
   0.0000335900    0.0000021100    0.0013070400
   0.0000470800   -0.0000030000    0.0013118200
   0.0000503000    0.0000116500    0.0012695500
   0.0000485400    0.0000035100    0.0013080000
   0.0000362100    0.0000111800    0.0013097400
   0.0000420100   -0.0000006300    0.0012961400
   0.0000391700   -0.0000066600    0.0012968900
   0.0000281600    0.0000066000    0.0012699900
   0.0000513400    0.0000077500    0.0012689600
   0.0000336400    0.0000066600    0.0012962200
   0.0000511000    0.0000103700    0.0012972100

17   
 -0.0057736443177721   0.0000000000000000  -0.0081648656628176
   0.0009451800    0.0045063400   -0.0180217500
  -0.0373241800    0.0175786000   -0.0432145300
  -0.0002422700   -0.0002655800   -0.0028106900
  -0.0001037900   -0.0003877900   -0.0025467600
  -0.0068844500   -0.0222592400   -0.0307403900
  -0.0004931700   -0.0011284100   -0.0043079300
  -0.0000013000    0.0000708700   -0.0016649700
  -0.0001666400    0.0009272000   -0.0023242800
  -0.0006248500   -0.0002993100   -0.0026787500
  -0.0000196700    0.0000043500   -0.0016184700
  -0.0001161600   -0.0000683000   -0.0016528300
  -0.0000085900    0.0005314100   -0.0026532500
  -0.0001978100    0.0005800000   -0.0024564600
   0.0014404900    0.0002110200   -0.0033593100
   0.0003210200   -0.0001546600   -0.0028002600
   0.0000579800   -0.0000047700   -0.0017527500
   0.0552835700    0.0001629600    0.1050052000
  -0.0021882600   -0.0000613300   -0.0011706100
  -0.0000873200    0.0000559200   -0.0025118000
  -0.0036565600   -0.0001698100   -0.0001467500
  -0.0000090100   -0.0008974500   -0.0010098300
  -0.0000772000   -0.0000115800   -0.0029388700
   0.0000692100   -0.0000693400   -0.0030087800
  -0.0005469800    0.0022758700   -0.0003391500
  -0.0000488300   -0.0000098100   -0.0024748000
  -0.0000545000    0.0000688000   -0.0029858700
  -0.0001414100   -0.0000364300   -0.0025411600
  -0.0000784100   -0.0000950000   -0.0029773100
  -0.0007593100   -0.0020377700   -0.0004811300
   0.0001936300    0.0009142100   -0.0008376200
  -0.0000805100    0.0000024100   -0.0029414200
   0.0000891200    0.0000795600   -0.0030072600
   0.0009062000   -0.0000194600   -0.0184831500
  -0.0018670700   -0.0015516900   -0.0000701700
  -0.0001443100    0.0001528100    0.0005822300
   0.0000585800   -0.0000974600    0.0011747700
  -0.0008683400   -0.0004165400    0.0007100500
  -0.0001413100   -0.0000483600    0.0007553400
   0.0000027400   -0.0000306700    0.0007411700
   0.0014904800   -0.0004043700    0.0004106700
   0.0001154300   -0.0001337700    0.0004924900
  -0.0000546300    0.0000669400    0.0007616300
  -0.0001430400   -0.0000051500    0.0006605500
  -0.0000941100   -0.0000136800    0.0007536200
   0.0000774300   -0.0001807800    0.0013224400
   0.0005771200    0.0026587200   -0.0002202400
  -0.0000767000   -0.0000100000    0.0007167200
  -0.0000464900    0.0000071900    0.0007845400
  -0.0000985500   -0.0000182900    0.0016323200
  -0.0000804100   -0.0000023300    0.0017104800
  -0.0000557600   -0.0000056600    0.0017175400
  -0.0000439200   -0.0000140300    0.0016237700
  -0.0000767700   -0.0000054400    0.0017225700
  -0.0000603600    0.0000004700    0.0017257100
  -0.0000560000   -0.0000123100    0.0017046900
  -0.0000670100   -0.0000203000    0.0017083000
  -0.0000707100    0.0000105900    0.0017258800
  -0.0000740500    0.0000150800    0.0017051700
  -0.0000720800   -0.0000032200    0.0017149700
  -0.0000641900   -0.0000004300    0.0017126900
  -0.0000668800    0.0000338400    0.0016288300
  -0.0000846700    0.0000098700    0.0017116000
  -0.0000671800    0.0000044700    0.0017171500
  -0.0000472200    0.0000101400    0.0017009000
  -0.0000748000   -0.0000039000   -0.0079317100
  -0.0000788700   -0.0000065100   -0.0079210600
  -0.0000554100   -0.0000082900   -0.0079231500
  -0.0000589800   -0.0000044900   -0.0079297600
  -0.0000788800   -0.0000091300   -0.0079218000
  -0.0000669700   -0.0000000700   -0.0079054400
  -0.0000536100   -0.0000036900   -0.0079220200
  -0.0000670100   -0.0000140300   -0.0079395100
  -0.0000654700    0.0000149600   -0.0079228400
  -0.0000645600    0.0000133700   -0.0079210400
  -0.0000665700   -0.0000003200   -0.0079227500
  -0.0000707400    0.0000027700   -0.0079157900
  -0.0000672500    0.0000093100   -0.0079308900
  -0.0000783200    0.0000065800   -0.0079392800
  -0.0000660100   -0.0000020200   -0.0079194000
  -0.0000538000    0.0000081800   -0.0079401500
  -0.0000686800    0.0000002700    0.0088881100
   0.0000109800   -0.0000557800    0.0087934600
  -0.0000532600   -0.0000105000    0.0088194100
  -0.0001527300   -0.0000514100    0.0087819800
  -0.0000697600    0.0001011500    0.0087859300
  -0.0000543800    0.0000189400    0.0088189900
  -0.0000892400    0.0000017600    0.0088216300
  -0.0000581500    0.0000954600    0.0087888000
  -0.0000613000    0.0000051700    0.0088259900
  -0.0000863200   -0.0000193400    0.0088206200
  -0.0000430400    0.0000069300    0.0088130800
  -0.0000665400    0.0000266000    0.0088117300
  -0.0001558100   -0.0000526700    0.0087805700
   0.0000198000   -0.0000359400    0.0087948500
  -0.0000423100   -0.0000140500    0.0088111000
  -0.0000877500   -0.0000123700    0.0088119600
  -0.0000656500    0.0000000100    0.0010607600
  -0.0000680000    0.0000102800    0.0010538900
  -0.0000739700   -0.0000040200    0.0010200700
  -0.0000630500    0.0000124800    0.0010522600
  -0.0000584500   -0.0000076400    0.0010538400
  -0.0000581500    0.0000018200    0.0010152300
  -0.0000729900    0.0000068500    0.0010105300
  -0.0000756400   -0.0000077000    0.0010524400
  -0.0000743200    0.0000008600    0.0010139900
  -0.0000613300   -0.0000080900    0.0010122500
  -0.0000672500    0.0000042600    0.0010254500
  -0.0000645700    0.0000100700    0.0010257800
  -0.0000544700   -0.0000024600    0.0010527700
  -0.0000764000   -0.0000038200    0.0010529100
  -0.0000592700   -0.0000026500    0.0010264800
  -0.0000759800   -0.0000063200    0.0010250600

33   
  0.0057736443177721   0.0000000000000000   0.0081648656628176
   0.0374272200    0.0176378000    0.0395205000
  -0.0010389800    0.0045729000    0.0149445500
  -0.0000137500   -0.0003417400   -0.0008251300
   0.0002461400   -0.0002536300   -0.0005367600
   0.0068941400   -0.0223757200    0.0273894700
   0.0001329400    0.0009551700   -0.0009572900
  -0.0000264900    0.0000998300   -0.0016781500
   0.0004317400   -0.0011475600    0.0010192700
  -0.0000854200    0.0003872500   -0.0007084700
   0.0001309400   -0.0001043300   -0.0016524400
  -0.0000445600   -0.0000037000   -0.0017120700
   0.0005590600   -0.0002965000   -0.0007107200
  -0.0002843700   -0.0000415400   -0.0005806900
  -0.0015151500    0.0001942500   -0.0000588800
   0.0001059100    0.0005617100   -0.0008914800
  -0.0000416900    0.0000032600   -0.0015807400
  -0.0009356900   -0.0000100800    0.0161951900
  -0.0000385500   -0.0000252700   -0.0035404300
   0.0001408500    0.0001470900   -0.0028901600
   0.0017420100   -0.0014935500   -0.0021803000
  -0.0014405300   -0.0004114800   -0.0027016700
  -0.0000441500   -0.0000722000   -0.0030579400
   0.0000808200    0.0000089300   -0.0030641200
   0.0007488000   -0.0003574200   -0.0030412300
   0.0000879500    0.0000203300   -0.0030154200
   0.0000930000    0.0000706400   -0.0030604900
  -0.0001665900   -0.0001637400   -0.0027707300
   0.0000251000   -0.0000254600   -0.0030662400
  -0.0005604400    0.0025610300   -0.0020173700
  -0.0001408400   -0.0002870500   -0.0037035600
   0.0000122900   -0.0000060400   -0.0031119400
   0.0000579100    0.0000260300   -0.0030187700
  -0.0527796000    0.0001370000   -0.1063279700
   0.0038623600   -0.0001153200   -0.0021848200
   0.0000777400    0.0000518900    0.0001942200
   0.0023621100   -0.0000889200   -0.0011368200
   0.0005915800    0.0023587400   -0.0019751000
  -0.0001115900   -0.0001006900    0.0006551200
   0.0000236500    0.0000339300    0.0005755400
   0.0000280400   -0.0009722200   -0.0013126600
   0.0000934000   -0.0000211300    0.0002540800
   0.0000768600    0.0000730800    0.0006115400
   0.0000013900   -0.0000307300    0.0001345700
   0.0000234900   -0.0000884800    0.0006148500
  -0.0001678200    0.0010077800   -0.0014629500
   0.0007456100   -0.0021817000   -0.0018625900
  -0.0001024100    0.0000593900    0.0006666500
   0.0000516900    0.0000238300    0.0005664900
   0.0012701100    0.0007766400    0.0033201700
  -0.0000555100   -0.0000058500    0.0017238900
   0.0000862000    0.0000068500    0.0017836800
  -0.0004679800    0.0002292800    0.0021658500
  -0.0000135800   -0.0000679000    0.0017316300
   0.0000334900    0.0000002700    0.0018237900
   0.0000567700   -0.0000546400    0.0017741300
   0.0000445900   -0.0001032200    0.0017518700
   0.0000657600    0.0000562600    0.0017646600
  -0.0000053700    0.0000666000    0.0017442400
   0.0000190100   -0.0000012900    0.0018226300
   0.0000399500   -0.0000104800    0.0018363400
  -0.0000732800   -0.0010011400    0.0027387600
  -0.0000646900    0.0000630600    0.0017400200
   0.0000225200    0.0000124500    0.0018291600
   0.0001148900    0.0000409600    0.0017627100
   0.0000000100   -0.0000215800   -0.0078740000
   0.0000255500    0.0000116400   -0.0078035700
   0.0000545900   -0.0000161100   -0.0078353100
   0.0000628500   -0.0000138700   -0.0078614200
   0.0000420700   -0.0000082700   -0.0078037100
   0.0000206300   -0.0000000500   -0.0078335000
   0.0000611600   -0.0000136400   -0.0078342100
  -0.0000036300   -0.0000067300   -0.0078015900
   0.0000365000    0.0000099300   -0.0078197800
   0.0000264700    0.0000189000   -0.0078184700
   0.0000253400   -0.0000011500   -0.0078123400
   0.0000361400   -0.0000045200   -0.0078052800
   0.0000380500    0.0000367100   -0.0078676000
   0.0000254200   -0.0000163400   -0.0077788400
   0.0000278300    0.0000067600   -0.0078088600
   0.0000378300    0.0000244200   -0.0078248600
  -0.0000422500    0.0000002900    0.0092201000
   0.0002003000   -0.0000054900    0.0091595700
   0.0000724900   -0.0000815100    0.0089704900
  -0.0001393800   -0.0001247600    0.0089530000
   0.0001046600    0.0001847400    0.0091605100
   0.0000688900    0.0000391800    0.0089259200
  -0.0000034800    0.0000038600    0.0089347300
   0.0000479000    0.0001757400    0.0089520800
  -0.0000322300    0.0000611300    0.0089716700
   0.0000021400   -0.0000408700    0.0089308300
   0.0001094300    0.0000223000    0.0089700000
   0.0000505600    0.0000687700    0.0089581300
  -0.0001438100   -0.0001267300    0.0090572600
   0.0001396600   -0.0001026400    0.0090551800
   0.0001247400   -0.0000431400    0.0089563500
   0.0000069800   -0.0000253400    0.0089594400
   0.0000608200    0.0000000900    0.0012616800
   0.0000511800   -0.0000466200    0.0011838100
   0.0000022500   -0.0000051700    0.0011490700
   0.0000538900    0.0000108400    0.0012058500
   0.0000115300    0.0000317900    0.0011817700
   0.0000180800   -0.0000140600    0.0011681000
   0.0000349000    0.0000047200    0.0011459800
   0.0000441700   -0.0000152100    0.0012075900
   0.0000199400   -0.0000094600    0.0011465300
   0.0000421800    0.0000101500    0.0011562000
   0.0000293000    0.0000158000    0.0011502300
   0.0000357700    0.0000047200    0.0011475800
   0.0000298400    0.0000055300    0.0011924600
   0.0000596500    0.0000155900    0.0011963200
   0.0000208100    0.0000088600    0.0011581900
   0.0000132600   -0.0000126900    0.0011372100

33   
 -0.0057736443177721   0.0000000000000000  -0.0081648656628176
  -0.0390764000   -0.0185771300   -0.0445459500
   0.0009796100   -0.0045198900   -0.0183149600
   0.0000138200    0.0003486700   -0.0027157500
  -0.0002677700    0.0002846900   -0.0029858500
  -0.0068747600    0.0229576600   -0.0312857000
  -0.0001074400   -0.0009334200   -0.0024841200
  -0.0000009200   -0.0001281100   -0.0018629800
  -0.0004313200    0.0011217600   -0.0045521800
   0.0000619900   -0.0003910500   -0.0028762900
  -0.0001381400    0.0000785100   -0.0018701200
   0.0000781300    0.0000443400   -0.0018560400
  -0.0006043100    0.0003278500   -0.0028207500
   0.0002761100    0.0000438300   -0.0030160900
   0.0015088600   -0.0001894800   -0.0035219400
  -0.0001107300   -0.0005964700   -0.0026864900
   0.0000412600   -0.0000078800   -0.0019995200
   0.0009357500   -0.0000159100   -0.0223516100
   0.0000186700    0.0000509400   -0.0022737200
  -0.0001314100   -0.0001614300   -0.0029377300
  -0.0017707900    0.0014358300   -0.0036669600
   0.0014776800    0.0004125000   -0.0031463300
   0.0000021400    0.0000542600   -0.0027826800
  -0.0001048700    0.0000283900   -0.0027706000
  -0.0007293500    0.0004175100   -0.0028125000
  -0.0001087800   -0.0000292500   -0.0028450700
  -0.0000738700   -0.0000747200   -0.0027657700
   0.0001657000    0.0001520500   -0.0030260800
  -0.0000617600   -0.0000075900   -0.0027619400
   0.0005593100   -0.0025739500   -0.0038605900
   0.0001398800    0.0002833400   -0.0021371900
  -0.0000432100    0.0000059200   -0.0027428200
  -0.0000595500    0.0000143800   -0.0028389700
   0.0553440700    0.0000365800    0.1093479400
  -0.0038282600    0.0001651900    0.0035584000
  -0.0000661400   -0.0000668500    0.0012013200
  -0.0024147400    0.0000324500    0.0025593200
  -0.0005506700   -0.0023701300    0.0033914700
   0.0000642600    0.0000801300    0.0007492200
  -0.0000454200    0.0000021300    0.0008321500
  -0.0000117100    0.0010393300    0.0027599900
  -0.0001147600    0.0000124500    0.0011766900
  -0.0000581300   -0.0000756000    0.0007815700
  -0.0000047600    0.0000185700    0.0012282000
  -0.0000590500    0.0000522200    0.0007771200
   0.0001743600   -0.0009867300    0.0029028100
  -0.0007408000    0.0021627500    0.0032714800
   0.0000670100   -0.0000574000    0.0007518000
  -0.0000500700    0.0000189500    0.0008547800
  -0.0012478100   -0.0007511200    0.0002784200
   0.0000442600    0.0000090300    0.0018341600
  -0.0000965600   -0.0000070400    0.0017751900
   0.0004598600   -0.0002293400    0.0013842600
   0.0000036900    0.0000675800    0.0018272900
  -0.0000417100    0.0000009500    0.0017373500
  -0.0000674600    0.0000569200    0.0017856100
  -0.0000549200    0.0001040800    0.0018061600
  -0.0000756000   -0.0000533300    0.0017954200
  -0.0000049800   -0.0000656600    0.0018118000
  -0.0000283000    0.0000037600    0.0017355300
  -0.0000489300    0.0000116900    0.0017227800
   0.0000582100    0.0009876400    0.0008293000
   0.0000551600   -0.0000631400    0.0018214100
  -0.0000313700   -0.0000111100    0.0017305800
  -0.0001250800   -0.0000393100    0.0017912600
  -0.0000100100    0.0000227800   -0.0079348300
  -0.0000344400   -0.0000096900   -0.0080039900
  -0.0000640300    0.0000176200   -0.0079728500
  -0.0000722400    0.0000151600   -0.0079469700
  -0.0000509500    0.0000104000   -0.0080040000
  -0.0000303300    0.0000011300   -0.0079747400
  -0.0000708400    0.0000148200   -0.0079735200
  -0.0000064800    0.0000089000   -0.0080051200
  -0.0000460300   -0.0000080900   -0.0079876400
  -0.0000365000   -0.0000175000   -0.0079890300
  -0.0000342600    0.0000030700   -0.0079954700
  -0.0000454000    0.0000059800   -0.0080024800
  -0.0000478100   -0.0000349400   -0.0079407700
  -0.0000348900    0.0000175000   -0.0080279400
  -0.0000372700   -0.0000050500   -0.0079992900
  -0.0000478100   -0.0000228600   -0.0079823200
   0.0000295300    0.0000008200    0.0086832900
  -0.0002070000    0.0000086600    0.0087422900
  -0.0000822100    0.0000828500    0.0089256100
   0.0001294800    0.0001274100    0.0089434300
  -0.0001102100   -0.0001807300    0.0087418700
  -0.0000795400   -0.0000372800    0.0089698300
  -0.0000055500   -0.0000021500    0.0089614500
  -0.0000580800   -0.0001749700    0.0089448100
   0.0000232500   -0.0000600600    0.0089245900
  -0.0000122100    0.0000434700    0.0089650500
  -0.0001186700   -0.0000203500    0.0089263500
  -0.0000604800   -0.0000665100    0.0089371200
   0.0001348100    0.0001249300    0.0088418800
  -0.0001498500    0.0001027700    0.0088434500
  -0.0001338900    0.0000438700    0.0089391800
  -0.0000174100    0.0000264600    0.0089353700
  -0.0000698700    0.0000015200    0.0010881100
  -0.0000595400    0.0000465300    0.0011670800
  -0.0000123400    0.0000066900    0.0012012000
  -0.0000631900   -0.0000099600    0.0011454400
  -0.0000223000   -0.0000285100    0.0011688500
  -0.0000268500    0.0000153100    0.0011828300
  -0.0000450100   -0.0000023900    0.0012043500
  -0.0000532300    0.0000178700    0.0011430400
  -0.0000300000    0.0000111100    0.0012030400
  -0.0000510600   -0.0000094100    0.0011939000
  -0.0000387100   -0.0000141700    0.0011994500
  -0.0000456600   -0.0000040400    0.0012034400
  -0.0000403500   -0.0000035700    0.0011583200
  -0.0000675700   -0.0000143100    0.0011541500
  -0.0000315400   -0.0000071400    0.0011924200
  -0.0000226800    0.0000142600    0.0012142500

49   
  0.0057736443177721   0.0000000000000000   0.0081648656628176
   0.0001271500    0.0000693700   -0.0015290700
   0.0000336900   -0.0001497100   -0.0022117100
  -0.0000555800    0.0000132200   -0.0016532100
   0.0000115800    0.0000112600   -0.0018442900
  -0.0001064700    0.0000736100   -0.0023648900
   0.0001227100    0.0000591900   -0.0020721500
  -0.0000167700   -0.0000009500   -0.0018950100
   0.0000012300    0.0000201500   -0.0019258400
  -0.0000173600   -0.0000970800   -0.0016109100
   0.0000169700   -0.0000210000   -0.0019170500
   0.0000146100    0.0000150600   -0.0019250200
  -0.0000309800   -0.0000069200   -0.0018883800
   0.0000197500    0.0000051600   -0.0018489500
   0.0000225200   -0.0000076400   -0.0019504000
  -0.0000202200    0.0000061500   -0.0018963200
   0.0000124200   -0.0000118100   -0.0018252700
   0.0000120800   -0.0000209000   -0.0027763000
   0.0000140500   -0.0000423300   -0.0028147600
  -0.0000009900   -0.0000187300   -0.0028865700
   0.0000068900   -0.0000062600   -0.0028648400
   0.0000032800    0.0000319600   -0.0028168600
   0.0000219100    0.0000128800   -0.0029094800
   0.0000255300   -0.0000128100   -0.0028796100
  -0.0000287500   -0.0000051600   -0.0028732400
  -0.0000151800    0.0000115800   -0.0028717000
   0.0000037000    0.0000083800   -0.0028781600
  -0.0000005000    0.0000165700   -0.0028769200
   0.0000471600   -0.0000059100   -0.0028944400
  -0.0000110500   -0.0000052400   -0.0028603600
   0.0000185100   -0.0000092000   -0.0028490500
  -0.0000122700    0.0000197200   -0.0028807200
   0.0000203600   -0.0000073900   -0.0028823300
   0.0011676700    0.0007068100    0.0022463100
  -0.0004398400    0.0001626700    0.0010519700
   0.0000288500   -0.0000154300    0.0007186000
  -0.0000565500   -0.0000000100    0.0006142400
  -0.0000977800   -0.0009013800    0.0016740100
   0.0000283900    0.0000104000    0.0007559100
   0.0000126300   -0.0000016500    0.0007481900
  -0.0000453800    0.0000147600    0.0006201800
   0.0000079600    0.0000479000    0.0006921000
   0.0000055400   -0.0000018300    0.0007522700
  -0.0000138600    0.0000139800    0.0007392200
   0.0000120000    0.0000316100    0.0006610300
  -0.0000402100   -0.0000583200    0.0006349500
   0.0000324900   -0.0000243300    0.0006496400
  -0.0000012900   -0.0000123600    0.0006898600
   0.0000238800   -0.0000069800    0.0007345800
  -0.0637045000    0.0005200600   -0.0719318300
   0.0053130100   -0.0000452200    0.0009624400
   0.0018415700    0.0001487200    0.0012579700
   0.0084294700    0.0013292200   -0.0012243600
   0.0008729000    0.0023279200    0.0008100700
  -0.0000030000    0.0000123400    0.0015698600
   0.0000733500   -0.0000601700    0.0014442600
   0.0013578200   -0.0057255100   -0.0010697100
   0.0005189800    0.0007616900    0.0013500400
  -0.0000247000    0.0000398400    0.0015059100
   0.0002568500   -0.0009147600    0.0011673700
  -0.0000251500   -0.0001044000    0.0015023200
   0.0024565200    0.0036828200   -0.0002812100
  -0.0002549400   -0.0015761000    0.0000208300
  -0.0000534400    0.0000144200    0.0015312000
   0.0001218800    0.0000821200    0.0014828900
  -0.0004702100   -0.0000018000   -0.0079166000
   0.0008922400    0.0004599400   -0.0068833600
   0.0002316200   -0.0000472900   -0.0081840500
  -0.0003600700    0.0001194400   -0.0078439200
   0.0005190400    0.0004128300   -0.0073206200
   0.0001688600    0.0001215000   -0.0082399000
   0.0000088000   -0.0000334100   -0.0083207300
  -0.0006109100    0.0003750600   -0.0074091000
   0.0000102500    0.0001269200   -0.0081448600
  -0.0000457000   -0.0000941600   -0.0082784500
   0.0000889500   -0.0000842100   -0.0082222800
  -0.0000308100    0.0000875500   -0.0082656800
  -0.0001138700   -0.0003449400   -0.0077973300
   0.0000056700   -0.0010363100   -0.0069261500
   0.0001687200   -0.0001170100   -0.0082277600
   0.0000138600    0.0000235300   -0.0083030600
  -0.0054079100   -0.0037948800    0.0150984200
   0.0457149400   -0.0258026700    0.0519512400
  -0.0004663500    0.0000000200    0.0094224100
  -0.0009205300   -0.0014468000    0.0105886300
   0.0010947000    0.0292856700    0.0333237800
   0.0002081000   -0.0002166300    0.0096375400
  -0.0002252600    0.0001192800    0.0093989200
  -0.0008153100    0.0008024900    0.0100790000
  -0.0001710400   -0.0000361000    0.0095036800
   0.0000837700   -0.0001813300    0.0093641700
  -0.0001281000    0.0000537500    0.0094339100
   0.0008568700    0.0011455700    0.0105075800
  -0.0010303300   -0.0000757100    0.0100884700
   0.0005791900   -0.0005913600    0.0098590000
   0.0004498700    0.0004046000    0.0099261800
  -0.0002525000   -0.0000022000    0.0094185300
  -0.0008946400   -0.0005099400    0.0013640300
   0.0033830300   -0.0019656600   -0.0020138700
  -0.0007784600    0.0004294200    0.0014964400
   0.0002348000    0.0003068300    0.0018344700
  -0.0000163500    0.0024658300   -0.0003238700
  -0.0004242800   -0.0005315100    0.0016459000
  -0.0001247900    0.0000358900    0.0015854900
   0.0005427000   -0.0000315500    0.0019496700
   0.0000303400   -0.0006388200    0.0015386200
   0.0000847500   -0.0001230400    0.0015683600
   0.0000187800    0.0000806500    0.0016035200
  -0.0001036200   -0.0006126100    0.0017929600
   0.0003779400    0.0000854900    0.0017077900
   0.0004921000    0.0005567200    0.0017982900
  -0.0007698400    0.0004186800    0.0016239700
  -0.0001401200   -0.0000018000    0.0016032500

49   
 -0.0057736443177721   0.0000000000000000  -0.0081648656628176
  -0.0001467500   -0.0000903500   -0.0022765800
  -0.0000464100    0.0001160500   -0.0015541600
   0.0000568000   -0.0000487600   -0.0021187100
  -0.0000146700    0.0000030800   -0.0019358100
   0.0001048600   -0.0000888800   -0.0014050100
  -0.0001260300   -0.0000383400   -0.0017172600
   0.0000019700   -0.0000245000   -0.0018672600
  -0.0000039600   -0.0000368600   -0.0018795800
  -0.0000142300    0.0001290200   -0.0022095100
  -0.0000063800    0.0000264800   -0.0018444200
  -0.0000075300    0.0000184500   -0.0018380500
   0.0000077700    0.0000134600   -0.0018733200
  -0.0000162400    0.0000087000   -0.0019232300
  -0.0000373000    0.0000073600   -0.0018685200
   0.0000047600    0.0000150000   -0.0018898200
  -0.0000074200   -0.0000058800   -0.0019418300
   0.0000038400   -0.0000102200   -0.0028931300
  -0.0000304500   -0.0000255800   -0.0028576700
  -0.0000084600    0.0000055600   -0.0027761600
  -0.0000229700    0.0000329500   -0.0027861600
  -0.0000199900    0.0000142200   -0.0028929700
  -0.0000060200    0.0000038800   -0.0028046000
   0.0000067600   -0.0000128400   -0.0027917300
  -0.0000239100   -0.0000111500   -0.0028181100
  -0.0000152200    0.0000127300   -0.0027706400
  -0.0000159700    0.0000163700   -0.0027870500
  -0.0000171900    0.0000157700   -0.0027875300
  -0.0000103100   -0.0000107800   -0.0027940300
  -0.0000073000   -0.0000274400   -0.0027732400
  -0.0000002400    0.0000093100   -0.0027679800
  -0.0000456700   -0.0000065900   -0.0027707800
   0.0000158800   -0.0000085400   -0.0027690400
  -0.0011722900   -0.0007492700   -0.0007474900
   0.0004253600   -0.0002254300    0.0004985900
  -0.0000387200    0.0000046800    0.0008092300
   0.0000423400    0.0000242800    0.0009031100
   0.0000874000    0.0009516900   -0.0001028300
  -0.0000151300    0.0000085700    0.0008215800
   0.0000153900   -0.0000205800    0.0007908500
  -0.0000027800   -0.0000291800    0.0009365200
  -0.0000337000   -0.0000291800    0.0008281000
  -0.0000204100    0.0000219900    0.0007808100
  -0.0000043200    0.0000163200    0.0007909700
   0.0000225800   -0.0000494700    0.0008932300
   0.0000228400    0.0000276300    0.0008681300
  -0.0000139400    0.0000247200    0.0008391900
  -0.0000542600    0.0000261000    0.0008282700
   0.0000085500   -0.0000079200    0.0007836400
   0.0625452000    0.0003009400    0.0630741300
  -0.0053003900    0.0000453700    0.0027674600
  -0.0018578700   -0.0001480200    0.0024901900
  -0.0084653800   -0.0013363900    0.0050198300
  -0.0008932600   -0.0023421400    0.0029359600
  -0.0000079400   -0.0000164700    0.0021924500
  -0.0000752600    0.0000551300    0.0023129700
  -0.0013162100    0.0056777800    0.0048536500
  -0.0005270100   -0.0007679900    0.0024001400
   0.0000225100   -0.0000410200    0.0022515700
  -0.0002729300    0.0009173500    0.0025824200
   0.0000218800    0.0000980900    0.0022477800
  -0.0024506200   -0.0036722800    0.0040636400
   0.0002113600    0.0016318800    0.0037250500
   0.0000435500   -0.0000127000    0.0022263100
  -0.0001286800   -0.0000875300    0.0022786100
   0.0004620900   -0.0000000100   -0.0078711400
  -0.0008851100   -0.0004533000   -0.0088763100
  -0.0002368900    0.0000473900   -0.0075876200
   0.0003527400   -0.0001198900   -0.0079299800
  -0.0005187800   -0.0004123200   -0.0084501500
  -0.0001740800   -0.0001232700   -0.0075352600
  -0.0000150600    0.0000312400   -0.0074516300
   0.0005974200   -0.0003743400   -0.0083579600
  -0.0000139600   -0.0001276500   -0.0076246900
   0.0000390400    0.0000917900   -0.0074915000
  -0.0000962600    0.0000811500   -0.0075487600
   0.0000264700   -0.0000890300   -0.0075078700
   0.0001089600    0.0003399500   -0.0079737700
  -0.0000150200    0.0010173600   -0.0088288300
  -0.0001736700    0.0001157900   -0.0075471400
  -0.0000193400   -0.0000266600   -0.0074684100
   0.0055619500    0.0038756600    0.0027942600
  -0.0439442100    0.0246328600   -0.0326918700
   0.0004641700   -0.0000095200    0.0086686500
   0.0009124300    0.0014507300    0.0074915200
  -0.0012162600   -0.0288011400   -0.0151429800
  -0.0002032600    0.0002262500    0.0084435300
   0.0002210600   -0.0001230300    0.0086784800
   0.0008001600   -0.0008071400    0.0080010200
   0.0001616700    0.0000348300    0.0085779900
  -0.0000906900    0.0001790500    0.0087135200
   0.0001200600   -0.0000588600    0.0086438500
  -0.0008567500   -0.0011452900    0.0075827000
   0.0010260400    0.0000735200    0.0079910200
  -0.0005964000    0.0005807600    0.0082229800
  -0.0004426800   -0.0004008500    0.0081729900
   0.0002494800   -0.0000001000    0.0086592300
   0.0008847400    0.0005086600    0.0012158700
  -0.0033402200    0.0019286800    0.0045898100
   0.0007675700   -0.0004296000    0.0010655000
  -0.0002432000   -0.0003110500    0.0007262600
   0.0000022300   -0.0024412000    0.0029039800
   0.0004172900    0.0005237300    0.0009202500
   0.0001175800   -0.0000397100    0.0009778700
  -0.0005449700    0.0000308900    0.0006145400
  -0.0000379600    0.0006352300    0.0010235400
  -0.0000904600    0.0001199700    0.0009960500
  -0.0000222800   -0.0000810200    0.0009607300
   0.0000984200    0.0006103700    0.0007690500
  -0.0003865300   -0.0000872900    0.0008540000
  -0.0004906200   -0.0005552400    0.0007678300
   0.0007600200   -0.0004171100    0.0009386400
   0.0001332300    0.0000001500    0.0009600300

65   
  0.0057736443177721   0.0000000000000000   0.0081648656628176
   0.0000109600   -0.0000052700   -0.0018935600
   0.0000125300    0.0000035800   -0.0018619500
   0.0000180600   -0.0000184700   -0.0018310700
   0.0000061100    0.0000170700   -0.0017785800
   0.0000334800   -0.0000158800   -0.0018613100
   0.0000041400    0.0000037800   -0.0018749000
   0.0000296800   -0.0000116700   -0.0018285300
  -0.0000154200   -0.0000108600   -0.0018726700
  -0.0000039900    0.0000137700   -0.0018803100
   0.0000334200    0.0000174300   -0.0018595800
   0.0000212600    0.0000167700   -0.0018555000
  -0.0000038800    0.0000328100   -0.0018201000
   0.0000267200   -0.0000005700   -0.0017730700
  -0.0000027600   -0.0000213500   -0.0018956300
   0.0000250800   -0.0000103100   -0.0018262800
   0.0000098800   -0.0000079600   -0.0017719000
   0.0000274800   -0.0000095400   -0.0027950200
   0.0000074300   -0.0000324700   -0.0028071200
   0.0000125600   -0.0000087000   -0.0028126100
   0.0000051100    0.0000175500   -0.0027939600
   0.0000047300    0.0000221600   -0.0028159000
   0.0000249200    0.0000077500   -0.0028220400
   0.0000303200   -0.0000174000   -0.0028114700
  -0.0000084300   -0.0000119900   -0.0027947300
  -0.0000019200    0.0000150300   -0.0027961300
   0.0000090600    0.0000150100   -0.0028075800
   0.0000090800    0.0000219000   -0.0028151000
   0.0000364600   -0.0000100800   -0.0028230900
   0.0000069900   -0.0000194000   -0.0027845000
   0.0000238500   -0.0000008500   -0.0027682400
  -0.0000126500    0.0000094200   -0.0028111200
   0.0000344300   -0.0000052900   -0.0028190600
   0.0000144400   -0.0000172900    0.0007264000
   0.0000168500   -0.0000319700    0.0007737300
  -0.0000038600   -0.0000028000    0.0008016300
   0.0000365200    0.0000345800    0.0007786100
   0.0000107800    0.0000318400    0.0007658100
  -0.0000091400    0.0000109300    0.0008388400
   0.0000246000   -0.0000047600    0.0008081600
   0.0000265700   -0.0000510600    0.0008204500
  -0.0000003500   -0.0000242600    0.0007934900
   0.0000134900    0.0000069900    0.0008096800
  -0.0000048200    0.0000152000    0.0008049500
   0.0000382800   -0.0000253000    0.0008059200
   0.0000479500    0.0000035100    0.0007749200
  -0.0000120600    0.0000367000    0.0007928600
  -0.0000133300    0.0000169400    0.0007966400
   0.0000210900   -0.0000051800    0.0007764000
  -0.0004607700   -0.0000004000    0.0019299600
  -0.0004016800   -0.0001555300    0.0020220000
   0.0002393100    0.0000622900    0.0016399100
   0.0009367700   -0.0004694600    0.0028953400
  -0.0006533400   -0.0004096600    0.0024137700
   0.0000418300    0.0000385900    0.0015105700
   0.0001532800   -0.0001038100    0.0016197300
   0.0005643300   -0.0004381800    0.0025039500
   0.0001108200    0.0000736100    0.0016115800
  -0.0000234700    0.0000628500    0.0015638100
   0.0000023300   -0.0001357300    0.0016725800
  -0.0000367500   -0.0000690900    0.0015439800
   0.0000277300    0.0010791700    0.0028527800
  -0.0001017800    0.0003929100    0.0020655000
   0.0000380000   -0.0000434800    0.0014909800
   0.0001530000    0.0001083300    0.0016060400
  -0.0621430500    0.0003247700   -0.0853339300
   0.0084683800   -0.0014002400   -0.0111384300
   0.0018896100   -0.0001618300   -0.0084342800
   0.0053164600    0.0000664600   -0.0088923900
   0.0013047600    0.0057267700   -0.0109866200
   0.0001019600    0.0000756900   -0.0082861300
   0.0000043700   -0.0000200500   -0.0081373700
   0.0009189200   -0.0023826500   -0.0090486800
   0.0002575400    0.0009436700   -0.0085304200
  -0.0000301300   -0.0000574100   -0.0082097100
   0.0005358200   -0.0007815600   -0.0083352000
  -0.0000278700    0.0001206100   -0.0082132100
  -0.0002207700    0.0016064800   -0.0098591600
   0.0024715200   -0.0036171600   -0.0101684600
   0.0001586100   -0.0001076700   -0.0082485200
  -0.0000496600   -0.0000130100   -0.0081772500
   0.0033184100    0.0019332300    0.0057753000
  -0.0009581000    0.0005338900    0.0091813600
   0.0002910200   -0.0003088000    0.0096929500
  -0.0007337500   -0.0004296200    0.0093256900
  -0.0000318300   -0.0024713900    0.0074760600
   0.0005529100    0.0000488300    0.0097561900
  -0.0001060000   -0.0000278500    0.0093912900
  -0.0004095800    0.0005046900    0.0094315100
  -0.0000842700    0.0006304800    0.0096441900
   0.0000253800   -0.0000768900    0.0094140100
   0.0000723000    0.0001023900    0.0093681700
   0.0000442500    0.0006251000    0.0093729900
  -0.0007514400   -0.0004044500    0.0094612600
   0.0004666100   -0.0005554600    0.0095944100
   0.0004005100   -0.0001138100    0.0095574500
  -0.0001052800   -0.0000003300    0.0094022100
   0.0440303600    0.0246168700    0.0435198400
  -0.0057294300    0.0040369000    0.0080844900
  -0.0009677600    0.0015229700    0.0028715800
  -0.0005141700    0.0000578000    0.0017148300
   0.0013295600   -0.0289469200    0.0259968500
  -0.0007826300   -0.0008270300    0.0024380300
  -0.0002413800   -0.0001378200    0.0017345800
   0.0002181300    0.0002470000    0.0019450000
   0.0009331600   -0.0012168800    0.0027894700
  -0.0001295300   -0.0000651600    0.0017740700
   0.0001064000    0.0002000200    0.0016954500
  -0.0002055000    0.0000316300    0.0017965100
   0.0005144300   -0.0004753100    0.0022100200
   0.0006478100    0.0005790000    0.0021917500
  -0.0010792900    0.0000817000    0.0023737700
  -0.0002891500   -0.0000001600    0.0017701300

65   
 -0.0057736443177721   0.0000000000000000  -0.0081648656628176
  -0.0000775400   -0.0000042100   -0.0018486800
  -0.0000750100   -0.0000311400   -0.0018602600
  -0.0000607000   -0.0000146900   -0.0018974900
  -0.0000572200    0.0000010400   -0.0019560000
  -0.0000860800    0.0000013200   -0.0018654500
  -0.0000576100    0.0000238400   -0.0018781700
  -0.0000917100   -0.0000087700   -0.0018802300
  -0.0000365300    0.0000005900   -0.0018797200
  -0.0000781600    0.0000174700   -0.0018855100
  -0.0000727800   -0.0000104500   -0.0018541300
  -0.0000605100    0.0000132300   -0.0018594100
  -0.0000673800   -0.0000236100   -0.0018959800
  -0.0000682000    0.0000197400   -0.0019506100
  -0.0000602500    0.0000233900   -0.0018707700
  -0.0000892500    0.0000340900   -0.0019116000
  -0.0000584000   -0.0000083800   -0.0019472800
  -0.0000578600   -0.0000128400   -0.0028223600
  -0.0000764200   -0.0000273800   -0.0028121400
  -0.0000659700   -0.0000057700   -0.0027986500
  -0.0000739600    0.0000179500   -0.0027975400
  -0.0000685500    0.0000183300   -0.0028376600
  -0.0000633300    0.0000170700   -0.0028336700
  -0.0000383100   -0.0000055800   -0.0028024900
  -0.0000986500   -0.0000050300   -0.0028324900
  -0.0000678800    0.0000127300   -0.0027921400
  -0.0000739100    0.0000054300   -0.0028029100
  -0.0000740600    0.0000132200   -0.0027919600
  -0.0000557700   -0.0000003500   -0.0028112800
  -0.0000808900   -0.0000118100   -0.0027998800
  -0.0000489700    0.0000040100   -0.0028010200
  -0.0000933800    0.0000017600   -0.0027875000
  -0.0000471100   -0.0000040000   -0.0027740100
  -0.0000471700   -0.0000018200    0.0008652300
  -0.0000851600   -0.0000235100    0.0008246800
  -0.0000494900   -0.0000088400    0.0007831700
  -0.0001043100   -0.0000022500    0.0007874000
  -0.0000732200    0.0000061800    0.0008650800
  -0.0000313100    0.0000158100    0.0007903900
  -0.0000372800   -0.0000147600    0.0007825900
  -0.0001288800    0.0000367600    0.0007807600
  -0.0000658800    0.0000465900    0.0007815600
  -0.0000807000    0.0000096600    0.0007778000
  -0.0000606300    0.0000174900    0.0007778800
  -0.0000596500    0.0000140000    0.0008024200
  -0.0001207300   -0.0000332000    0.0007860800
  -0.0000133900   -0.0000337000    0.0007553800
  -0.0000894400   -0.0000055500    0.0007773900
  -0.0000378600   -0.0000034200    0.0007931600
   0.0004080400    0.0000016300    0.0019009200
   0.0003487700    0.0001580000    0.0017935200
  -0.0002923500   -0.0000601600    0.0021670700
  -0.0010069300    0.0004810900    0.0009042800
   0.0006036300    0.0004139100    0.0013899800
  -0.0001007700   -0.0000377400    0.0023078200
  -0.0002072500    0.0001016000    0.0021961800
  -0.0006189000    0.0004432700    0.0013089000
  -0.0001664600   -0.0000732400    0.0021953500
  -0.0000292500   -0.0000615100    0.0022515200
  -0.0000588200    0.0001378400    0.0021415200
  -0.0000161600    0.0000667900    0.0022608900
  -0.0000787500   -0.0010934300    0.0009488100
   0.0000465300   -0.0003949900    0.0017501100
  -0.0000936000    0.0000454400    0.0023206500
  -0.0002094100   -0.0001114600    0.0022089500
   0.0700746900    0.0001604000    0.0537181200
  -0.0084988300    0.0013928600   -0.0046200100
  -0.0019323400    0.0001664100   -0.0072781300
  -0.0053899700   -0.0000643300   -0.0067999300
  -0.0014020100   -0.0057734300   -0.0047605800
  -0.0001585300   -0.0000742000   -0.0074309900
  -0.0000591200    0.0000197900   -0.0075788100
  -0.0009604600    0.0023688500   -0.0066639800
  -0.0003020000   -0.0009385900   -0.0071740900
  -0.0000277400    0.0000579700   -0.0075030500
  -0.0005901200    0.0007768400   -0.0073788700
  -0.0000258600   -0.0001197200   -0.0075063300
   0.0002025100   -0.0015485400   -0.0058469400
  -0.0025389700    0.0036337600   -0.0055708400
  -0.0002127600    0.0001097200   -0.0074723700
  -0.0000019600    0.0000151300   -0.0075392700
  -0.0034184000   -0.0019646800    0.0123314200
   0.0009061400   -0.0005313500    0.0089240900
  -0.0003428400    0.0003081000    0.0084326000
   0.0006830700    0.0004338600    0.0087986300
  -0.0000150700    0.0024958000    0.0106254100
  -0.0006096300   -0.0000469900    0.0083642400
   0.0000533600    0.0000277600    0.0087310500
   0.0003552800   -0.0005088200    0.0086885700
   0.0000286100   -0.0006299400    0.0084789700
  -0.0000804800    0.0000776500    0.0087078500
  -0.0001269200   -0.0001029600    0.0087539400
  -0.0000976300   -0.0006258700    0.0087507300
   0.0007003000    0.0004081900    0.0086626900
  -0.0005268500    0.0005589900    0.0085269600
  -0.0004526000    0.0001139900    0.0085683000
   0.0000514400    0.0000013200    0.0087209400
  -0.0458727400   -0.0257954900   -0.0420874200
   0.0055146900   -0.0039499000   -0.0052777600
   0.0009151800   -0.0015168600   -0.0002665000
   0.0004558300   -0.0000639300    0.0008806200
  -0.0012609300    0.0294414700   -0.0234806200
   0.0007373000    0.0008242700    0.0001689800
   0.0001857500    0.0001355900    0.0008748700
  -0.0002831000   -0.0002345200    0.0006596700
  -0.0009926600    0.0012203200   -0.0001935100
   0.0000770900    0.0000637900    0.0008359800
  -0.0001581200   -0.0001976700    0.0009140500
   0.0001531500   -0.0000292900    0.0008071400
  -0.0005807600    0.0004821100    0.0003790700
  -0.0006899200   -0.0005861500    0.0004145200
   0.0010225800   -0.0000807500    0.0002324900
   0.0002314800    0.0000013800    0.0008397100

81   
  0.0057736443177721   0.0000000000000000   0.0081648656628176
   0.0000810000    0.0001008300   -0.0019267600
  -0.0001416700    0.0000066300   -0.0021650600
   0.0000830000   -0.0000123700   -0.0018311900
  -0.0000098600    0.0000059600   -0.0019430300
  -0.0000992400   -0.0001344600   -0.0020362700
   0.0001103400    0.0000565300   -0.0020786100
  -0.0000096900   -0.0000150000   -0.0019185500
   0.0000345100   -0.0000035800   -0.0019048100
   0.0000417100    0.0001113600   -0.0017816300
  -0.0000069200    0.0000114400   -0.0019114200
  -0.0000023900    0.0000176400   -0.0019299100
   0.0000012800   -0.0000074900   -0.0020065200
  -0.0000347700   -0.0000522600   -0.0018090900
   0.0000310700   -0.0000421300   -0.0020040300
   0.0000018700   -0.0000018200   -0.0019622300
   0.0000361400   -0.0000074400   -0.0018876200
   0.0000164800   -0.0000129900   -0.0029348400
   0.0000094100   -0.0000167900   -0.0027805200
  -0.0000053300   -0.0000110600   -0.0028619200
  -0.0000042300    0.0000148200   -0.0028801500
   0.0000113200    0.0000260100   -0.0027942600
   0.0000169300    0.0000104300   -0.0028633300
   0.0000214900   -0.0000122700   -0.0028745100
  -0.0000274100   -0.0000004300   -0.0029060600
  -0.0000273400    0.0000226200   -0.0028460600
   0.0000001100    0.0000148600   -0.0028573500
  -0.0000031700    0.0000249700   -0.0028684400
   0.0000428000   -0.0000050400   -0.0028759600
  -0.0000034000   -0.0000172500   -0.0028099700
   0.0000147800   -0.0000147300   -0.0028127900
  -0.0000175200    0.0000133900   -0.0028460200
   0.0000335300   -0.0000124600   -0.0028659500
  -0.0000592500   -0.0000112700    0.0010139400
  -0.0001500200    0.0000270100    0.0007432700
   0.0000481900    0.0000018800    0.0007677200
   0.0001414800    0.0001278700    0.0009645600
  -0.0000329700   -0.0001882400    0.0007802700
   0.0000538500    0.0000228300    0.0007383100
   0.0000520400   -0.0000189200    0.0008023600
  -0.0000528800   -0.0001296700    0.0009660700
   0.0000055400    0.0000329400    0.0007146800
   0.0000171500    0.0000096300    0.0007594700
   0.0000070700   -0.0000012700    0.0008193300
  -0.0000083100    0.0000037500    0.0007404400
   0.0001864300    0.0001041400    0.0008579900
  -0.0000839100    0.0000510500    0.0008140300
  -0.0000125500   -0.0000172200    0.0006976600
   0.0000193000    0.0000098000    0.0007453300
  -0.0060248400   -0.0041382400    0.0084433700
   0.0001346900   -0.0003438200    0.0026896000
  -0.0015214300   -0.0003280200    0.0030024600
   0.0443685500   -0.0248781000    0.0433373300
  -0.0001722100   -0.0000676600    0.0023254700
  -0.0002557300    0.0000009800    0.0022651900
  -0.0004146800    0.0018407800    0.0033650800
   0.0005852500    0.0003601400    0.0027031200
  -0.0003660600   -0.0004204600    0.0024823900
   0.0010474600   -0.0006729100    0.0032068600
   0.0000273700    0.0001490900    0.0021707700
  -0.0000693400   -0.0000905900    0.0023143800
   0.0012116900    0.0293221700    0.0260850800
   0.0000094800    0.0003320100    0.0023462800
  -0.0002271000   -0.0000543100    0.0022450200
  -0.0006167200   -0.0006917900    0.0030584000
  -0.0012090000   -0.0006714500   -0.0079438800
  -0.0004913100   -0.0000467800   -0.0078367600
   0.0000280600    0.0001939800   -0.0071079100
   0.0035858000   -0.0020934100   -0.0110021800
  -0.0002523500   -0.0003482600   -0.0078811400
  -0.0001127900    0.0000014800   -0.0075775800
  -0.0001174100   -0.0001709500   -0.0070629000
   0.0004613200   -0.0002650500   -0.0073859300
   0.0001653500    0.0001346000   -0.0075141100
  -0.0002198500    0.0002463100   -0.0074248600
   0.0000076300    0.0000728800   -0.0075718200
   0.0000739300   -0.0001074200   -0.0076061600
  -0.0000430900    0.0027716400   -0.0094744400
  -0.0001673200    0.0003646600   -0.0077260800
  -0.0001156100    0.0000401600   -0.0075894900
   0.0002942600   -0.0000947300   -0.0070438700
  -0.0515915900   -0.0004816600   -0.1101148400
   0.0038069700    0.0003503500    0.0071727400
   0.0007774800    0.0005997100    0.0080419300
   0.0061548900    0.0030559500    0.0055216400
   0.0005586100    0.0025382300    0.0078029600
   0.0003019800   -0.0000016900    0.0086111300
   0.0007895200   -0.0002756400    0.0082836400
  -0.0012013100   -0.0062888100    0.0048944600
   0.0000984300    0.0003930700    0.0084064300
   0.0003082300    0.0002821700    0.0084476300
  -0.0009365400   -0.0009887500    0.0076772900
   0.0003092200   -0.0002664100    0.0084480700
   0.0017510700    0.0018890100    0.0069774000
  -0.0023927700   -0.0015283000    0.0057198700
   0.0003128900   -0.0000007500    0.0086193300
   0.0007766600    0.0002714700    0.0082769600
   0.0018533500    0.0000003100    0.0622399400
   0.0008489800   -0.0003185600    0.0020201000
   0.0002200600   -0.0002956700    0.0008126200
  -0.0025897800   -0.0010467800   -0.0003085600
   0.0001471700    0.0010410300    0.0018517900
   0.0002763200    0.0001952300    0.0009494600
  -0.0000998500    0.0000249100    0.0007048600
  -0.0003879300    0.0026250800   -0.0001450300
  -0.0001840300    0.0002346300    0.0009684100
  -0.0000589400   -0.0002156200    0.0008276700
   0.0003304900    0.0000654200    0.0006571900
  -0.0000459600    0.0002468500    0.0008291700
  -0.0015778600   -0.0012172500    0.0006865400
   0.0013283000   -0.0010746000    0.0010184300
   0.0003054000   -0.0002012500    0.0009594400
  -0.0001195100   -0.0000407800    0.0006990600

81   
 -0.0057736443177721   0.0000000000000000  -0.0081648656628176
  -0.0000843900   -0.0001130800   -0.0019376300
   0.0001379600   -0.0000355200   -0.0016706300
  -0.0000659700   -0.0000192400   -0.0020181000
   0.0000210000    0.0000139700   -0.0019119500
   0.0001096900    0.0001252800   -0.0018035800
  -0.0001020100   -0.0000295800   -0.0017818600
   0.0000079800   -0.0000078200   -0.0019154900
  -0.0000244100   -0.0000095300   -0.0019681100
  -0.0000625500   -0.0000786400   -0.0021110100
   0.0000306500   -0.0000022700   -0.0019255700
   0.0000228200    0.0000170300   -0.0019063100
  -0.0000120900    0.0000177800   -0.0018320300
   0.0000510100    0.0000707300   -0.0020360900
  -0.0000355600    0.0000461900   -0.0018870200
  -0.0000011800    0.0000261900   -0.0018957600
  -0.0000205700   -0.0000069200   -0.0019490600
   0.0000197500   -0.0000145600   -0.0027967300
  -0.0000232300   -0.0000439200   -0.0029558000
   0.0000183500    0.0000059300   -0.0028636600
  -0.0000072100    0.0000182800   -0.0028317600
  -0.0000140700    0.0000181000   -0.0029804900
   0.0000131200    0.0000129700   -0.0029062500
   0.0000241100   -0.0000173100   -0.0028593300
  -0.0000162700   -0.0000067500   -0.0028402300
   0.0000184800    0.0000071600   -0.0028591500
  -0.0000090400    0.0000143800   -0.0028711700
   0.0000091600    0.0000087200   -0.0028592700
  -0.0000033700   -0.0000065600   -0.0028723700
  -0.0000022500   -0.0000160700   -0.0028894700
   0.0000132100    0.0000242600   -0.0028674100
  -0.0000246400   -0.0000040800   -0.0028752100
   0.0000147800    0.0000038500   -0.0028430300
   0.0000927000   -0.0000123400    0.0004536900
   0.0001355200   -0.0000816100    0.0007385500
  -0.0000350700   -0.0000047000    0.0006962700
  -0.0001519500   -0.0000963900    0.0004873100
   0.0000320000    0.0002253200    0.0007390700
  -0.0000261600    0.0000022800    0.0007697900
  -0.0000104800   -0.0000076600    0.0006729800
   0.0000125100    0.0001235900    0.0005201600
  -0.0000108800   -0.0000084800    0.0007419000
  -0.0000278900    0.0000150600    0.0007104100
  -0.0000015900    0.0000330300    0.0006482300
   0.0000454000   -0.0000155200    0.0007473600
  -0.0001893400   -0.0001351100    0.0005852100
   0.0001110700   -0.0000419600    0.0006119400
  -0.0000268800    0.0000263500    0.0007625000
   0.0000248100   -0.0000176500    0.0007051300
   0.0057907900    0.0040100500   -0.0045266400
  -0.0001268400    0.0003467400    0.0010090400
   0.0015303400    0.0003308000    0.0006841600
  -0.0461188500    0.0260413600   -0.0407984300
   0.0001796300    0.0000742400    0.0013680700
   0.0002594200   -0.0000003900    0.0014338500
   0.0004233700   -0.0018486000    0.0003239200
  -0.0005778500   -0.0003633400    0.0009932900
   0.0003700400    0.0004183900    0.0012059000
  -0.0010444600    0.0006799600    0.0004850600
  -0.0000209100   -0.0001456100    0.0015264600
   0.0000780900    0.0000886900    0.0013713300
  -0.0010835700   -0.0297301100   -0.0224574400
  -0.0000014700   -0.0003344400    0.0013530200
   0.0002326100    0.0000574100    0.0014506000
   0.0006228100    0.0006941900    0.0006324600
   0.0012494500    0.0006936900   -0.0078388700
   0.0004973900    0.0000477100   -0.0080068500
  -0.0000219600   -0.0001901000   -0.0087306500
  -0.0035926700    0.0021031700   -0.0048143300
   0.0002590100    0.0003492800   -0.0079618300
   0.0001215100    0.0000002000   -0.0082619000
   0.0001236300    0.0001723600   -0.0087749300
  -0.0004558100    0.0002646900   -0.0084571000
  -0.0001565700   -0.0001329100   -0.0083207800
   0.0002265300   -0.0002443100   -0.0084109000
  -0.0000019500   -0.0000708900   -0.0082672400
  -0.0000671400    0.0001098600   -0.0082347100
   0.0000491700   -0.0027934900   -0.0063278500
   0.0001713200   -0.0003617300   -0.0081148500
   0.0001218700   -0.0000369400   -0.0082517500
  -0.0002868900    0.0000981500   -0.0087973400
   0.0529877100   -0.0003661200    0.1236187800
  -0.0038024600   -0.0003586100    0.0108184900
  -0.0007690000   -0.0005967100    0.0099662000
  -0.0061839000   -0.0030691200    0.0125101800
  -0.0005618300   -0.0025522600    0.0101926700
  -0.0002967600    0.0000054400    0.0093948900
  -0.0007824600    0.0002765100    0.0097240100
   0.0012299200    0.0063106400    0.0131387800
  -0.0000876200   -0.0003936200    0.0095989200
  -0.0003052900   -0.0002809900    0.0095597500
   0.0009474800    0.0009903100    0.0103336400
  -0.0003047100    0.0002686000    0.0095601700
  -0.0017337600   -0.0018808400    0.0110384700
   0.0024029600    0.0015595600    0.0122927900
  -0.0003080700    0.0000023800    0.0093871400
  -0.0007734500   -0.0002700100    0.0097330700
  -0.0021100000   -0.0000008700   -0.0583291600
  -0.0008454900    0.0003216600    0.0004903400
  -0.0002127300    0.0002970200    0.0016819700
   0.0026109100    0.0010535200    0.0028006900
  -0.0001403800   -0.0010425800    0.0006465700
  -0.0002705100   -0.0001927900    0.0015450700
   0.0001063700   -0.0000245100    0.0017901000
   0.0003967400   -0.0026367700    0.0026397700
   0.0001910100   -0.0002330900    0.0015257600
   0.0000642100    0.0002179900    0.0016680900
  -0.0003230400   -0.0000630400    0.0018385900
   0.0000537000   -0.0002444500    0.0016660300
   0.0015903700    0.0012251000    0.0018007300
  -0.0013261800    0.0010806400    0.0014836600
  -0.0002974600    0.0002031200    0.0015348400
   0.0001266500    0.0000426000    0.0017972300

97   
  0.0057736443177721   0.0000000000000000   0.0081648656628176
  -0.0000130500   -0.0000200100   -0.0019641300
   0.0000089100   -0.0000119800   -0.0019195300
  -0.0000205800   -0.0000185600   -0.0020841600
   0.0000082100    0.0000264200   -0.0019863800
   0.0000202400    0.0000011400   -0.0019415200
  -0.0000422400   -0.0000025700   -0.0019031100
   0.0000132700   -0.0000041800   -0.0019428800
  -0.0000117500   -0.0000113700   -0.0019319300
  -0.0000316400   -0.0000226300   -0.0020814700
   0.0000194400    0.0000063000   -0.0019356100
   0.0000078900    0.0000016800   -0.0019505100
  -0.0000247600    0.0000009500   -0.0019992400
   0.0000340500    0.0000271300   -0.0020104800
  -0.0000239600    0.0000170700   -0.0019269600
  -0.0000113200    0.0000120200   -0.0020592300
  -0.0000076300   -0.0000084900   -0.0020037200
   0.0000072100   -0.0000094000   -0.0029177100
  -0.0000097700   -0.0000339000   -0.0029143800
   0.0000000700    0.0000005400   -0.0028759100
  -0.0000141900    0.0000198100   -0.0028992100
  -0.0000131100    0.0000160400   -0.0029393100
   0.0000071800    0.0000137800   -0.0028979900
   0.0000194900   -0.0000159200   -0.0028887400
  -0.0000320900   -0.0000101600   -0.0029064300
   0.0000024200    0.0000124800   -0.0028637700
  -0.0000141300    0.0000084400   -0.0028817800
  -0.0000134900    0.0000089000   -0.0028791000
   0.0000060200   -0.0000040600   -0.0028838400
  -0.0000151700   -0.0000214900   -0.0029025600
   0.0000100700   -0.0000012300   -0.0028824100
  -0.0000287100    0.0000029300   -0.0028582200
   0.0000141300   -0.0000063900   -0.0028660900
   0.0000356100   -0.0000077200    0.0008021700
   0.0000246000   -0.0000520300    0.0007366900
  -0.0000365400   -0.0000107300    0.0006825300
  -0.0000074500    0.0000146900    0.0007199500
  -0.0000023200    0.0000661500    0.0007428100
  -0.0000261800   -0.0000078700    0.0007014900
   0.0000168900   -0.0000107300    0.0006873500
  -0.0000127200   -0.0000238300    0.0007450000
  -0.0000183100    0.0000012400    0.0006758700
  -0.0000090500    0.0000251900    0.0006839400
  -0.0000137900    0.0000293100    0.0006873000
   0.0000198300   -0.0000258400    0.0007064500
  -0.0000365200   -0.0000419100    0.0007066600
   0.0000232800    0.0000074900    0.0007222800
  -0.0000508700    0.0000245000    0.0006930700
   0.0000253400   -0.0000068200    0.0006790400
   0.0036154600    0.0020994000   -0.0012838500
  -0.0000398300   -0.0001919400    0.0025870500
  -0.0005174300    0.0000508400    0.0018699600
  -0.0011834000    0.0006697000    0.0017029900
  -0.0001452800    0.0001372400    0.0026331000
  -0.0001523700   -0.0000012200    0.0021680700
  -0.0002637100    0.0003430300    0.0018232900
   0.0004805900    0.0002481600    0.0023624600
  -0.0002272700   -0.0002476100    0.0022740100
   0.0001336200   -0.0000996300    0.0021800400
   0.0000660800    0.0001153000    0.0021250300
   0.0000167800   -0.0000894400    0.0021679600
  -0.0000210000   -0.0027688400    0.0002129600
   0.0002638200    0.0001222200    0.0027019800
  -0.0001351600   -0.0000294400    0.0021480100
  -0.0001674700   -0.0003748700    0.0020205900
   0.0460300300    0.0259258000    0.0352315700
  -0.0015732200    0.0003292300   -0.0068057400
   0.0000560100    0.0003563600   -0.0071319200
  -0.0058064300    0.0040790900   -0.0012082700
  -0.0004070400   -0.0018778500   -0.0064014000
  -0.0003063400   -0.0000013900   -0.0074979500
  -0.0001886700    0.0001195800   -0.0075342300
   0.0006260800   -0.0004074200   -0.0070719300
   0.0010543800    0.0006265400   -0.0065619900
  -0.0003576400    0.0004386100   -0.0073691400
  -0.0000859800    0.0000990600   -0.0074480500
   0.0000247300   -0.0001649600   -0.0076163800
   0.0011932800   -0.0296956000    0.0168135400
  -0.0006487700    0.0007348800   -0.0067113300
  -0.0002595600    0.0000629900   -0.0075332300
   0.0000476700   -0.0003349500   -0.0074323300
   0.0021082800   -0.0000018100    0.0685368900
  -0.0025301900    0.0010440000    0.0073489800
   0.0002086300    0.0002539100    0.0085268200
   0.0007583700    0.0003219500    0.0097770800
  -0.0003653300   -0.0025658000    0.0075367200
  -0.0001027800   -0.0000284500    0.0083927300
   0.0002678700   -0.0001873300    0.0086934000
   0.0000943700   -0.0009668900    0.0095936300
   0.0002830600   -0.0000443400    0.0083443300
  -0.0000554500    0.0002119600    0.0085432300
  -0.0001582800   -0.0002136800    0.0087091000
  -0.0000683200   -0.0002017600    0.0085405800
   0.0012819000    0.0010104000    0.0087526300
  -0.0015438800    0.0011500000    0.0083814700
  -0.0000954500    0.0000140700    0.0084079300
   0.0002511700    0.0001829700    0.0086745700
  -0.0528808800   -0.0001961900   -0.1130490800
   0.0063183800   -0.0031789800   -0.0023432100
   0.0009125800   -0.0005828300    0.0001984700
   0.0038837600   -0.0003659600   -0.0006137800
  -0.0013320000    0.0065123500   -0.0029967300
   0.0008598700    0.0003164300    0.0004434300
   0.0003464900   -0.0000222200    0.0007833700
   0.0005306100   -0.0026552900    0.0000363500
  -0.0009552700    0.0010768100   -0.0001586100
   0.0003103600   -0.0002975200    0.0006138700
   0.0000522100   -0.0004978200    0.0005558400
   0.0003095300    0.0002777300    0.0006126300
  -0.0025316900    0.0016130300   -0.0021309600
   0.0017286900   -0.0019262200   -0.0008272600
   0.0008455700   -0.0003101300    0.0004307600
   0.0003630900    0.0000303500    0.0007957000

97   
 -0.0057736443177721   0.0000000000000000  -0.0081648656628176
   0.0000136500    0.0000052600   -0.0019361300
  -0.0000090500   -0.0000201700   -0.0019537100
   0.0000423000   -0.0000180100   -0.0018015200
   0.0000064900   -0.0000117800   -0.0019045800
  -0.0000070500   -0.0000185300   -0.0019372400
   0.0000545600    0.0000258600   -0.0019990100
  -0.0000103100   -0.0000221800   -0.0019280200
   0.0000232900   -0.0000040700   -0.0019767300
   0.0000128500    0.0000494300   -0.0018484900
   0.0000068800   -0.0000012100   -0.0019348500
   0.0000180200    0.0000254900   -0.0019209600
   0.0000176400    0.0000036700   -0.0018761600
  -0.0000120800   -0.0000113400   -0.0018710500
   0.0000241200   -0.0000182800   -0.0019978100
   0.0000137800    0.0000084100   -0.0018359000
   0.0000250600   -0.0000105000   -0.0018692200
   0.0000298600   -0.0000193400   -0.0028480200
   0.0000044500   -0.0000318400   -0.0028534900
   0.0000125200   -0.0000149000   -0.0028817000
   0.0000075900    0.0000113200   -0.0028428600
   0.0000127800    0.0000218800   -0.0028666300
   0.0000237000    0.0000046500   -0.0029070600
   0.0000344800   -0.0000158800   -0.0028754900
  -0.0000098400   -0.0000052900   -0.0028696800
  -0.0000076500    0.0000139800   -0.0028753700
   0.0000117300    0.0000155300   -0.0028792600
   0.0000193600    0.0000206200   -0.0028795500
   0.0000368500   -0.0000136300   -0.0028999600
   0.0000105900   -0.0000169200   -0.0028286700
   0.0000238000    0.0000020900   -0.0028329800
  -0.0000124200    0.0000056700   -0.0028930200
   0.0000401100   -0.0000057500   -0.0028766900
  -0.0000007700   -0.0000175600    0.0006413400
  -0.0000297400   -0.0000081000    0.0007126100
   0.0000493100   -0.0000010800    0.0007498500
   0.0000015900    0.0000134700    0.0006977100
   0.0000038300   -0.0000323000    0.0007420500
   0.0000546000    0.0000281000    0.0007778500
   0.0000324300   -0.0000180000    0.0007542100
  -0.0000249800    0.0000108800    0.0007063200
   0.0000167400    0.0000198700    0.0007508800
   0.0000039800   -0.0000058100    0.0007546600
   0.0000195900   -0.0000017400    0.0007476400
   0.0000207000    0.0000078700    0.0007526700
   0.0000329000    0.0000054500    0.0007034200
   0.0000103900   -0.0000068500    0.0006743400
   0.0000129800   -0.0000162700    0.0007340700
   0.0000245200   -0.0000046700    0.0007415200
  -0.0035935500   -0.0020954800    0.0049248900
   0.0000519400    0.0001910900    0.0010744900
   0.0005317100   -0.0000546800    0.0017887300
   0.0011551200   -0.0006496600    0.0018999500
   0.0001538500   -0.0001395900    0.0010247100
   0.0001580600   -0.0000022900    0.0014972000
   0.0002744900   -0.0003502400    0.0018381800
  -0.0004652700   -0.0002502600    0.0013049700
   0.0002360700    0.0002466300    0.0013822200
  -0.0001235600    0.0000958500    0.0014788800
  -0.0000557500   -0.0001166100    0.0015381400
  -0.0000039400    0.0000829000    0.0014857900
   0.0000337700    0.0027435700    0.0034150400
  -0.0002539300   -0.0001256900    0.0009624600
   0.0001445700    0.0000282900    0.0015138600
   0.0001778400    0.0003703800    0.0016453100
  -0.0442853900   -0.0247835800   -0.0499584500
   0.0015836300   -0.0003314400   -0.0090638200
  -0.0000442600   -0.0003588000   -0.0087416200
   0.0060550800   -0.0042087800   -0.0148878300
   0.0004158700    0.0018680900   -0.0094668600
   0.0003170100   -0.0000021400   -0.0083732200
   0.0001966400   -0.0001196300   -0.0083366300
  -0.0006127100    0.0003957800   -0.0087968600
  -0.0010384200   -0.0006229300   -0.0093032600
   0.0003691100   -0.0004463600   -0.0084957800
   0.0000955300   -0.0001023500   -0.0084207500
  -0.0000137400    0.0001622800   -0.0082563200
  -0.0012983200    0.0292866600   -0.0326157000
   0.0006563700   -0.0007343700   -0.0091515500
   0.0002698200   -0.0000647200   -0.0083393700
  -0.0000388400    0.0003297000   -0.0084409500
  -0.0018418600   -0.0000023900   -0.0519718600
   0.0025267200   -0.0010413200    0.0106258000
  -0.0002001300   -0.0002561300    0.0094447900
  -0.0007438100   -0.0003221500    0.0081781400
   0.0003737600    0.0025504900    0.0104343700
   0.0001123400    0.0000238800    0.0095783000
  -0.0002558900    0.0001857800    0.0092784500
  -0.0000832600    0.0009606900    0.0083740600
  -0.0002737500    0.0000403100    0.0096258400
   0.0000681300   -0.0002151900    0.0094286500
   0.0001680700    0.0002101500    0.0092636500
   0.0000783100    0.0001971200    0.0094298600
  -0.0012669600   -0.0010093600    0.0092124400
   0.0015497900   -0.0011472100    0.0095996800
   0.0001040300   -0.0000170600    0.0095635100
  -0.0002412700   -0.0001864700    0.0092975500
   0.0496600200   -0.0001222600    0.1159222100
  -0.0062709300    0.0031585900    0.0047768700
  -0.0009050600    0.0005796600    0.0022594300
  -0.0038711100    0.0003514200    0.0030900100
   0.0013209900   -0.0064941800    0.0054292600
  -0.0008485300   -0.0003206200    0.0020151700
  -0.0003357700    0.0000217000    0.0016766500
  -0.0005098400    0.0026358400    0.0024339700
   0.0009610800   -0.0010794300    0.0026145500
  -0.0002952800    0.0002944200    0.0018464100
  -0.0000460100    0.0004943400    0.0019047700
  -0.0002965700   -0.0002775000    0.0018451000
   0.0025390100   -0.0015862300    0.0045871200
  -0.0017285100    0.0019303000    0.0032786300
  -0.0008304200    0.0003070100    0.0020257600
  -0.0003522500   -0.0000333200    0.0016656800
