96   
12   

1    
  0.0167382716027159  -0.0000000000000000   0.0248963905768228
  -0.3086186300   -0.0019788300   -0.5163417600
   0.0088587700    0.0122354800   -0.0227702700
  -0.0013897500    0.0000992500    0.0034790600
   0.0063053700   -0.0119678600   -0.0235999900
   0.0057174200   -0.0098837800   -0.0234590600
   0.0001789300   -0.0002622600    0.0016277100
   0.0002179100    0.0002082000    0.0016104400
   0.0048586700    0.0116017700   -0.0229374300
  -0.0004672700   -0.0005400800    0.0035336800
   0.0006061000    0.0000197300    0.0016182700
  -0.0006610500    0.0004176500    0.0034153800
   0.0006045700   -0.0000459900    0.0016208700
   0.0047078600    0.0127057900   -0.0238699200
   0.0058051800   -0.0141027900   -0.0225175800
   0.0001922000    0.0002683500    0.0016857900
   0.0001974400   -0.0001996500    0.0015586700
  -0.0005914000   -0.0158861700    0.0612181500
  -0.0003504000   -0.0017438600    0.0027890600
   0.0022601400    0.0005306300    0.0048516600
   0.1051437300   -0.0453682600    0.1267814800
  -0.0013568100    0.0000361300    0.0035121700
  -0.0001451200   -0.0000009800    0.0010380200
   0.0010087500   -0.0017237400    0.0041272600
  -0.0052137400   -0.0057249500    0.0055522200
   0.0007625200    0.0014111000    0.0045803500
   0.0004641500    0.0014742100    0.0031372000
  -0.0000698000   -0.0000335700    0.0006672700
   0.0000828200   -0.0000524400   -0.0000821100
   0.0267518200    0.0619073400    0.0948344300
  -0.0049236100   -0.0002176300    0.0060505100
  -0.0000099500    0.0000904500    0.0002815700
   0.0050292200    0.0058638200    0.0050508800
   0.1185762400    0.0529896600    0.1366004400
   0.0023766100   -0.0004185500    0.0037003500
  -0.0002639800    0.0017168100    0.0017446800
  -0.0001901000    0.0154524900    0.0600945300
   0.0011714200    0.0017032200    0.0031485800
  -0.0001381500   -0.0000009500   -0.0000871600
  -0.0012667900   -0.0000964300    0.0023047900
  -0.0048808100    0.0057156400    0.0043713600
   0.0005719800   -0.0014879100    0.0021337100
   0.0007275800   -0.0014315200    0.0032408800
   0.0000919300    0.0000526700   -0.0012070000
  -0.0000393600    0.0000242900   -0.0004397400
   0.0266949300   -0.0674981600    0.0973152900
   0.0052319800   -0.0058875300    0.0039216700
   0.0000016400   -0.0000730800   -0.0008123800
  -0.0046304200    0.0000957600    0.0048221000
   0.0000494200    0.0000118100    0.0001014200
  -0.0000381800   -0.0000176300    0.0001503100
   0.0000202700   -0.0000203200    0.0002284200
  -0.0000339500    0.0000400300   -0.0000613700
  -0.0000072100   -0.0000372400    0.0001467000
  -0.0000404000   -0.0000012600    0.0001997800
   0.0000573500    0.0000043300    0.0002322100
  -0.0000299100    0.0000128600    0.0001795300
   0.0000209300    0.0000145700    0.0001821100
   0.0000282900    0.0000536100    0.0001921000
  -0.0000166900    0.0000028200    0.0001561800
  -0.0000010900   -0.0000151700    0.0001573100
   0.0000319700   -0.0000470800    0.0000190200
   0.0000169400   -0.0000274000    0.0001608900
  -0.0000258300    0.0000107400    0.0001577700
  -0.0000057600    0.0000154300    0.0001962500
  -0.0000334300   -0.0000001700   -0.0006759700
   0.0000918600   -0.0000318200   -0.0004038900
   0.0000540500    0.0000065200   -0.0006343400
  -0.0000763100   -0.0000057300   -0.0006677800
   0.0000033100    0.0000960100   -0.0003619400
   0.0000505000    0.0000305700   -0.0006511300
   0.0000036500   -0.0000055500   -0.0006908500
  -0.0000418600    0.0000698900   -0.0007023400
   0.0000062300    0.0000210600   -0.0006506200
   0.0000075300   -0.0000257700   -0.0006730200
  -0.0000048500   -0.0000258000   -0.0006228000
  -0.0000167600   -0.0000149700   -0.0006029100
  -0.0000633000   -0.0000451600   -0.0005083900
   0.0000526600   -0.0000800100   -0.0005717400
  -0.0000066800   -0.0000054700   -0.0006093500
   0.0000140300    0.0000192100   -0.0006021200
  -0.0000034100    0.0000005500   -0.0001902700
  -0.0000083300    0.0000179700   -0.0001845700
   0.0000007500    0.0000032400   -0.0001728800
  -0.0000007300    0.0000112700   -0.0001466100
   0.0000024500   -0.0000106300   -0.0001810600
  -0.0000012600    0.0000038100   -0.0001747100
  -0.0000034000   -0.0000034500   -0.0001519700
  -0.0000114500   -0.0000074100   -0.0001560900
  -0.0000002700   -0.0000063400   -0.0001655100
   0.0000025900   -0.0000008700   -0.0001620700
  -0.0000050100    0.0000037200   -0.0001756300
  -0.0000091000   -0.0000047700   -0.0001612200
   0.0000087700    0.0000061200   -0.0001507300
  -0.0000198100   -0.0000123500   -0.0001764800
  -0.0000055100   -0.0000016800   -0.0001678800
  -0.0000038500    0.0000044600   -0.0001477800

1    
 -0.0167382716027159   0.0000000000000000  -0.0248963905768228
   0.3085432200   -0.0019824500    0.5169551800
  -0.0061494700   -0.0121022300    0.0239715700
   0.0013921400    0.0000934700   -0.0030034000
  -0.0090366600    0.0121010000    0.0233758200
  -0.0048954900    0.0117954800    0.0232863200
  -0.0001711900    0.0002304700   -0.0011322500
  -0.0002185300   -0.0002428800   -0.0011593700
  -0.0056870200   -0.0096569500    0.0240811400
   0.0006557600    0.0004190000   -0.0029483000
  -0.0006030600   -0.0000321300   -0.0011467300
   0.0004795900   -0.0005328800   -0.0030587000
  -0.0006093700   -0.0000592500   -0.0011504400
  -0.0059971500   -0.0141715900    0.0229877400
  -0.0044996600    0.0126319100    0.0243766200
  -0.0002125200   -0.0001941400   -0.0011197100
  -0.0001842100    0.0002779600   -0.0011852900
   0.0004274200    0.0156690900   -0.0602453600
   0.0001925300    0.0016824800   -0.0015080500
  -0.0024020400   -0.0004391300   -0.0035395200
  -0.1187029400    0.0529769200   -0.1371335800
   0.0012247100   -0.0001148800   -0.0020810700
   0.0001595500   -0.0000046300    0.0002383700
  -0.0011457400    0.0017078200   -0.0029818300
   0.0048561700    0.0056896700   -0.0041991100
  -0.0007536100   -0.0014281200   -0.0030589300
  -0.0005709200   -0.0014209200   -0.0019313400
   0.0000701500    0.0000538900    0.0006373900
  -0.0001228700    0.0000559200    0.0014080600
  -0.0268389600   -0.0677079700   -0.0976561400
   0.0045729000    0.0001169300   -0.0047132400
  -0.0000248300   -0.0001070700    0.0010120800
  -0.0052401200   -0.0058772900   -0.0036819700
  -0.1049917000   -0.0453696700   -0.1254020100
  -0.0022351000    0.0005026600   -0.0042370500
   0.0004313700   -0.0017795200   -0.0022717500
   0.0003720900   -0.0156731800   -0.0602604800
  -0.0010391900   -0.0017174400   -0.0035212300
   0.0001309600   -0.0000041500   -0.0004198000
   0.0014054700    0.0000155100   -0.0029804000
   0.0052332800   -0.0057594400   -0.0049482300
  -0.0004644200    0.0015484000   -0.0025749400
  -0.0007303100    0.0014172400   -0.0039962400
  -0.0000550500   -0.0000487000    0.0006484500
   0.0000368800   -0.0000058600   -0.0000883600
  -0.0266006700    0.0616954800   -0.0936593200
  -0.0050282800    0.0058769800   -0.0045117300
   0.0000277600    0.0000582600    0.0002909500
   0.0049876300   -0.0001909900   -0.0053833600
  -0.0000427500   -0.0000128200    0.0000909900
   0.0000331400    0.0000214000    0.0000251400
  -0.0000202400    0.0000251700   -0.0000429600
   0.0000355200   -0.0000323800    0.0002347600
   0.0000086700    0.0000277900    0.0000290700
   0.0000409800   -0.0000001000   -0.0000108700
  -0.0000587900   -0.0000036900   -0.0000469700
   0.0000289700   -0.0000156900    0.0000002200
  -0.0000149500   -0.0000166000   -0.0000052900
  -0.0000273300   -0.0000537500   -0.0000127800
   0.0000133200   -0.0000021200    0.0000290600
  -0.0000020800    0.0000104500    0.0000257700
  -0.0000210300    0.0000450500    0.0001614300
  -0.0000219900    0.0000293000    0.0000168000
   0.0000166300   -0.0000089900    0.0000278500
   0.0000064200   -0.0000131200   -0.0000142100
   0.0000374600   -0.0000005300   -0.0003633600
  -0.0000966400    0.0000396500   -0.0006482500
  -0.0000477400   -0.0000076800   -0.0004380800
   0.0000743600    0.0000058200   -0.0004168800
  -0.0000043000   -0.0000997300   -0.0006889700
  -0.0000421800   -0.0000249900   -0.0004126000
  -0.0000081200    0.0000056800   -0.0003827800
   0.0000410300   -0.0000714400   -0.0003739800
  -0.0000073900   -0.0000219700   -0.0004320300
   0.0000007100    0.0000206000   -0.0003985700
   0.0000056100    0.0000311600   -0.0004428700
   0.0000118200    0.0000189000   -0.0004689400
   0.0000639100    0.0000522500   -0.0005765900
  -0.0000616900    0.0000731300   -0.0004939200
   0.0000162400   -0.0000025500   -0.0004597700
  -0.0000148000   -0.0000155200   -0.0004774700
   0.0000055100    0.0000001100   -0.0001939900
   0.0000083400   -0.0000132800   -0.0002021900
  -0.0000018300   -0.0000021700   -0.0002055500
  -0.0000011900   -0.0000111700   -0.0002277100
  -0.0000005600    0.0000105900   -0.0002077600
   0.0000008200   -0.0000038700   -0.0002115700
   0.0000011100    0.0000046900   -0.0002266300
   0.0000163500    0.0000109200   -0.0002226400
  -0.0000006100   -0.0000001700   -0.0002042200
   0.0000077400    0.0000001800   -0.0002187100
   0.0000036800    0.0000028600   -0.0002075500
   0.0000053000    0.0000028400   -0.0002186400
  -0.0000065300   -0.0000021900   -0.0002204800
   0.0000200000    0.0000070000   -0.0002088400
   0.0000075400   -0.0000009900   -0.0002134800
   0.0000030500   -0.0000011600   -0.0002234300

17   
  0.0167382716027159  -0.0000000000000000   0.0248963905768228
   0.0029334000   -0.0138093800    0.0579818300
   0.1160974600   -0.0513598000    0.1408824300
   0.0027981800   -0.0000201100    0.0042844900
  -0.0005694800    0.0004593800    0.0025002100
   0.0270063700    0.0637081800    0.0981503700
  -0.0007252300    0.0025568900    0.0085393000
   0.0000067300   -0.0006681100   -0.0001860100
   0.0009049400   -0.0034452500    0.0016408100
   0.0016813700    0.0026823900    0.0034730500
  -0.0005636400    0.0003263400   -0.0001269200
   0.0005929900    0.0003357300   -0.0002419200
  -0.0003807500   -0.0000380200    0.0033509200
  -0.0007178800   -0.0019451700    0.0025722500
  -0.0051080600    0.0009140200    0.0050733500
   0.0005410800   -0.0011475600    0.0042327000
  -0.0001568900    0.0000009300    0.0006157100
  -0.1536796800    0.0017951000   -0.3203114500
   0.0065852500    0.0007322200   -0.0085618300
  -0.0002858300   -0.0000507500   -0.0012626900
   0.0089079000    0.0012601300   -0.0101749200
  -0.0000445900    0.0031925400   -0.0084272200
  -0.0000558100   -0.0000168500    0.0003741900
  -0.0005209800    0.0002818100    0.0006409500
  -0.0003913600   -0.0064710800   -0.0104151000
  -0.0000451300   -0.0001423400   -0.0012994300
  -0.0000296000   -0.0002747700    0.0005111200
   0.0000429800    0.0001853600   -0.0012529900
  -0.0000246300    0.0002016600    0.0005094300
   0.0013363900    0.0049629500   -0.0091981100
  -0.0017224400   -0.0037325300   -0.0095748500
  -0.0001184800    0.0000497400    0.0003581200
  -0.0004544500   -0.0002528900    0.0006707000
  -0.0041235100    0.0000014400    0.0595890500
   0.0065520600    0.0047195900    0.0025793500
   0.0003087100   -0.0005173500   -0.0002122400
  -0.0002655700    0.0000342900   -0.0022311000
   0.0022246100    0.0019983800   -0.0001390200
   0.0001171000    0.0000574800   -0.0008589200
  -0.0001557500    0.0001029300   -0.0008755700
  -0.0052984100    0.0014981600    0.0004243900
  -0.0006013400    0.0005254900    0.0001065600
   0.0000202700   -0.0001561900   -0.0008673000
   0.0002973700   -0.0000068700   -0.0005306900
   0.0000420000    0.0000209800   -0.0008837400
  -0.0010240400    0.0008505900   -0.0024970500
  -0.0018617300   -0.0093510900    0.0028789600
  -0.0000020500    0.0000245700   -0.0008023800
  -0.0000399300   -0.0000485700   -0.0009560100
   0.0000052600    0.0000002500    0.0001033000
   0.0000099400   -0.0000037700    0.0001669300
  -0.0000027100   -0.0000139400    0.0001374500
  -0.0000178700   -0.0000115600    0.0001790000
   0.0000002100    0.0000144200    0.0001787600
   0.0000026600    0.0000010800    0.0001342100
  -0.0000075400    0.0000042800    0.0001368100
  -0.0000001200    0.0000143100    0.0001664400
  -0.0000115800    0.0000053300    0.0001370700
  -0.0000003300   -0.0000061100    0.0001353300
   0.0000081100    0.0000053100    0.0001369500
  -0.0000000600    0.0000152400    0.0001450400
  -0.0000181000   -0.0000117500    0.0001847200
   0.0000071600   -0.0000083000    0.0001606000
   0.0000134400   -0.0000071600    0.0001467500
  -0.0000167300   -0.0000081800    0.0001441800
   0.0000300800    0.0000136400   -0.0007580000
  -0.0000215000    0.0000149100   -0.0007561500
  -0.0000287500    0.0000064800   -0.0006514800
   0.0000218200    0.0000049700   -0.0006512200
   0.0000048700   -0.0000298700   -0.0007562400
  -0.0000294700   -0.0000180500   -0.0006871300
  -0.0000000600    0.0000045900   -0.0006377500
   0.0000289100   -0.0000157100   -0.0006659400
  -0.0000111800   -0.0000255800   -0.0006497700
   0.0000072000   -0.0000037700   -0.0006337600
  -0.0000035800   -0.0000016600   -0.0006419400
   0.0000034600   -0.0000273100   -0.0006548200
   0.0000135500    0.0000191600   -0.0006493300
   0.0000011600    0.0000321100   -0.0006775200
  -0.0000231100    0.0000183100   -0.0006551000
   0.0000000100   -0.0000000900   -0.0006516600
  -0.0000000000   -0.0000003100   -0.0000927700
  -0.0000038500    0.0000017900   -0.0000909000
   0.0000038300   -0.0000011900   -0.0001070000
   0.0000013900   -0.0000025200   -0.0001081600
  -0.0000005900   -0.0000020400   -0.0000929700
  -0.0000020900    0.0000006200   -0.0001037000
   0.0000005500    0.0000003500   -0.0001094100
   0.0000016500   -0.0000028600   -0.0001003500
   0.0000010500    0.0000013400   -0.0001080800
   0.0000026300   -0.0000007600   -0.0001093200
  -0.0000008600   -0.0000004300   -0.0001095900
   0.0000025300   -0.0000004100   -0.0001058900
  -0.0000007000    0.0000005100   -0.0001088400
  -0.0000037500    0.0000005300   -0.0001019900
   0.0000029700   -0.0000009600   -0.0001048200
   0.0000001300    0.0000001600   -0.0001146700

17   
 -0.0167382716027159   0.0000000000000000  -0.0248963905768228
  -0.0025926700    0.0139970100   -0.0590124800
  -0.1013361200    0.0432420700   -0.1273723900
  -0.0023267700    0.0000101800   -0.0037341800
   0.0004019500   -0.0004729400   -0.0020164400
  -0.0266442300   -0.0584382200   -0.0943027600
   0.0004144000   -0.0026023400   -0.0077805100
  -0.0000104800    0.0006368500    0.0006348600
  -0.0009962300    0.0034631900   -0.0013841100
  -0.0015072600   -0.0023827600   -0.0029511900
   0.0005320200   -0.0003166600    0.0005752600
  -0.0005737800   -0.0003287800    0.0006953600
   0.0002581600    0.0002016800   -0.0027619600
   0.0006199900    0.0017956000   -0.0021037800
   0.0049628000   -0.0008353600   -0.0046000500
  -0.0003872200    0.0008459300   -0.0036317100
   0.0001470100    0.0000018500   -0.0000947000
   0.1390187800    0.0015321800    0.3042164000
  -0.0061225900   -0.0007826000    0.0095060000
   0.0003047500    0.0000747600    0.0024908900
  -0.0092030700   -0.0012200500    0.0115355300
  -0.0001279600   -0.0030045400    0.0093892900
   0.0000470900    0.0000087000    0.0008671800
   0.0005131700   -0.0002856600    0.0006241400
   0.0002756700    0.0064095000    0.0115407400
   0.0000631700    0.0001353400    0.0025246400
   0.0000250300    0.0002640900    0.0007471500
  -0.0000667000   -0.0002153500    0.0024233900
   0.0000355900   -0.0002330700    0.0007411000
  -0.0014583500   -0.0049631400    0.0104364600
   0.0016481500    0.0035071200    0.0105620400
   0.0000753000   -0.0000285300    0.0009084300
   0.0004928200    0.0002608300    0.0005874900
   0.0037552200   -0.0000002300   -0.0574672800
  -0.0064234400   -0.0048420800   -0.0028478400
  -0.0002930600    0.0005183100   -0.0002507400
   0.0004920400   -0.0001938900    0.0016908500
  -0.0025206800   -0.0019718300   -0.0003398800
  -0.0000993900   -0.0000429900    0.0003492600
   0.0001388100   -0.0000965400    0.0004305700
   0.0052984400   -0.0015328800   -0.0008720200
   0.0005957800   -0.0005138300   -0.0005439200
  -0.0000268600    0.0001402100    0.0003917900
  -0.0002993800   -0.0000017300    0.0000515500
  -0.0000156100   -0.0000323000    0.0003919000
   0.0010265100   -0.0006735600    0.0019757600
   0.0018058200    0.0089752000   -0.0030985800
  -0.0000082200   -0.0000066100    0.0003018600
   0.0000487000    0.0000372900    0.0004865000
  -0.0000067200    0.0000007500    0.0001285200
  -0.0000072800    0.0000054800    0.0000256200
   0.0000032100    0.0000077300    0.0000527800
   0.0000154600    0.0000050500    0.0000107100
  -0.0000019100   -0.0000166000    0.0000124700
  -0.0000025100   -0.0000021600    0.0000548000
   0.0000043900   -0.0000044900    0.0000530800
   0.0000029500   -0.0000147200    0.0000241300
   0.0000116200   -0.0000046100    0.0000500500
  -0.0000014400    0.0000030600    0.0000527900
  -0.0000079800   -0.0000078400    0.0000513400
   0.0000010900   -0.0000145700    0.0000435800
   0.0000132700    0.0000089800    0.0000057100
  -0.0000093000    0.0000033400    0.0000318900
  -0.0000053700    0.0000061500    0.0000441500
   0.0000141700    0.0000085700    0.0000430400
  -0.0000294700   -0.0000159800   -0.0003044500
   0.0000192900   -0.0000131200   -0.0003100100
   0.0000330700   -0.0000087100   -0.0004033800
  -0.0000226900   -0.0000075800   -0.0004019400
  -0.0000030000    0.0000277200   -0.0003061100
   0.0000279700    0.0000187300   -0.0003699300
   0.0000014000   -0.0000087800   -0.0004196100
  -0.0000291200    0.0000132300   -0.0003953100
   0.0000111500    0.0000246700   -0.0004047700
  -0.0000071000    0.0000047200   -0.0004231000
   0.0000029000    0.0000008200   -0.0004181400
  -0.0000022100    0.0000269400   -0.0004060000
  -0.0000143300   -0.0000188600   -0.0004037700
  -0.0000055600   -0.0000349600   -0.0003839900
   0.0000271700   -0.0000210000   -0.0004072400
   0.0000023500   -0.0000003100   -0.0004029800
   0.0000009400   -0.0000022500   -0.0002898200
   0.0000026100    0.0000010500   -0.0002824300
   0.0000009600   -0.0000004600   -0.0002766600
  -0.0000028300    0.0000002400   -0.0002789400
   0.0000041800    0.0000006600   -0.0002877800
   0.0000007600    0.0000003200   -0.0002763400
   0.0000004800   -0.0000048200   -0.0002726200
  -0.0000020400    0.0000005400   -0.0002773900
   0.0000003200   -0.0000026400   -0.0002771900
  -0.0000024300    0.0000016600   -0.0002732200
   0.0000006600    0.0000000700   -0.0002709200
  -0.0000008100    0.0000012500   -0.0002736700
   0.0000005300   -0.0000009500   -0.0002785100
  -0.0000009000   -0.0000039700   -0.0002765500
   0.0000027000   -0.0000017000   -0.0002717200
   0.0000022600   -0.0000000600   -0.0002700300

33   
  0.0167382716027159  -0.0000000000000000   0.0248963905768228
   0.1010640100    0.0431709100    0.1269900500
   0.0029394800    0.0137084700    0.0588999100
  -0.0003885300   -0.0005031600    0.0023546700
   0.0022099100    0.0000025100    0.0041041800
   0.0264941400   -0.0580803000    0.0940552900
   0.0008656000    0.0034008700    0.0016914900
  -0.0000101300    0.0006295600   -0.0002725300
  -0.0003499100   -0.0026464600    0.0081211400
  -0.0002550800    0.0002492100    0.0031245200
   0.0005669400   -0.0003355900   -0.0003105300
  -0.0005252500   -0.0002994800   -0.0002372600
   0.0014776900   -0.0022996000    0.0032982600
   0.0003310600    0.0007675100    0.0040087500
  -0.0049798900   -0.0007249900    0.0049245500
  -0.0005791800    0.0017776300    0.0024329400
  -0.0001304400    0.0000006800    0.0004094200
  -0.0037596100    0.0000003300    0.0578610300
  -0.0005300900   -0.0001853800   -0.0012862800
   0.0002900000    0.0005272500    0.0006237100
   0.0064627200   -0.0049092100    0.0031917600
  -0.0053106300   -0.0015305000    0.0012502500
  -0.0001360200   -0.0000980400   -0.0000536300
   0.0000939600   -0.0000343000    0.0000083400
   0.0025994000   -0.0020087000    0.0007177500
   0.0003046100   -0.0000098600    0.0003326800
   0.0000343500    0.0001346800   -0.0000226200
  -0.0006044900   -0.0005180900    0.0009138400
   0.0000119200   -0.0000483900   -0.0000059600
  -0.0018426000    0.0090036300    0.0034448800
  -0.0010530300   -0.0006077200   -0.0015676000
  -0.0000607300    0.0000405800   -0.0001051600
   0.0000201000    0.0000031000    0.0000811700
  -0.1393130100    0.0015292500   -0.3025700800
   0.0093928200   -0.0012758200   -0.0109961200
  -0.0002920100    0.0000506100   -0.0019638000
   0.0061690000   -0.0008224700   -0.0088628400
  -0.0002535200    0.0065580600   -0.0110072500
  -0.0005196800   -0.0002882600   -0.0001199100
  -0.0000199400   -0.0000054000   -0.0003552900
   0.0001626400   -0.0029773100   -0.0087463300
   0.0000402300   -0.0001960700   -0.0019154900
  -0.0000247500    0.0002838600   -0.0002413100
  -0.0000443500    0.0001377700   -0.0019860000
  -0.0000304300   -0.0002307800   -0.0002390500
  -0.0016953400    0.0035127100   -0.0099734200
   0.0015632100   -0.0050450800   -0.0098435900
  -0.0004786100    0.0002543400   -0.0000739900
  -0.0000681200   -0.0000262900   -0.0004100600
   0.0000626300   -0.0000014400   -0.0002965500
   0.0000230200    0.0000606900    0.0001637100
   0.0000123400   -0.0000100900   -0.0000015200
  -0.0000009700    0.0000987400    0.0000762300
   0.0000691200   -0.0000404500    0.0001035300
   0.0000615100    0.0000424000   -0.0000183400
  -0.0000572300    0.0000241700   -0.0000576500
  -0.0000829100   -0.0000213100    0.0001352300
  -0.0000075500    0.0000103700   -0.0000017900
  -0.0000137300   -0.0000700800   -0.0000380600
   0.0000088600   -0.0000028800   -0.0000018800
  -0.0000036400   -0.0000425500   -0.0000377000
   0.0000905200   -0.0000406800    0.0000604400
  -0.0000366800   -0.0000623700    0.0001799500
  -0.0000498200    0.0000256400   -0.0000370400
   0.0000233000    0.0000150000   -0.0000398400
  -0.0002173200   -0.0001128400   -0.0004233900
   0.0003072900   -0.0001932300   -0.0000621600
  -0.0000204900    0.0000204500   -0.0003081500
   0.0000400100    0.0000413500   -0.0003256600
  -0.0000238200    0.0003016300   -0.0002444200
   0.0000276600    0.0000346500   -0.0003227000
   0.0000043900    0.0000122200   -0.0003345800
  -0.0000307600   -0.0000020400   -0.0004012700
   0.0000084000   -0.0000376700   -0.0003016100
   0.0000191200   -0.0000099800   -0.0003186800
  -0.0000011800   -0.0000045900   -0.0003518600
  -0.0000160900   -0.0000459600   -0.0003327900
   0.0000504200    0.0000134600   -0.0003105900
  -0.0000324600   -0.0000333000   -0.0003625800
  -0.0000344500    0.0000049000   -0.0003232000
  -0.0000051900   -0.0000013900   -0.0003600600
   0.0000207900    0.0000096600   -0.0002955600
  -0.0000174000    0.0000109900   -0.0002975400
   0.0000042600   -0.0000030100   -0.0003039300
  -0.0000159500   -0.0000033900   -0.0002945500
   0.0000036300   -0.0000228900   -0.0002958600
  -0.0000303900   -0.0000163400   -0.0003164500
  -0.0000026200   -0.0000070300   -0.0002894500
   0.0000269800   -0.0000184300   -0.0003090900
   0.0000044900    0.0000085400   -0.0003001200
  -0.0000071400    0.0000012400   -0.0002948600
   0.0000057300    0.0000035700   -0.0002829700
  -0.0000010600    0.0000120800   -0.0002991300
  -0.0000085500   -0.0000141100   -0.0002949100
  -0.0000026600    0.0000336300   -0.0003124000
   0.0000063100   -0.0000025900   -0.0003043300
   0.0000008700   -0.0000010600   -0.0002883200

33   
 -0.0167382716027159   0.0000000000000000  -0.0248963905768228
  -0.1158619100   -0.0513053200   -0.1396627900
  -0.0032799600   -0.0135290500   -0.0569966500
   0.0005565600    0.0004913000   -0.0019341300
  -0.0026789200   -0.0000124000   -0.0037547700
  -0.0268661800    0.0633687600   -0.0970472400
  -0.0007747500   -0.0033835200   -0.0010494500
   0.0000142900   -0.0006602200    0.0007287400
   0.0006650600    0.0026047700   -0.0079849500
   0.0003802400   -0.0000896600   -0.0028088800
  -0.0005878800    0.0003451100    0.0007623700
   0.0005540300    0.0003091600    0.0006911300
  -0.0016525800    0.0025998000   -0.0029188400
  -0.0004804900   -0.0010675600   -0.0037091100
   0.0051312100    0.0008047900   -0.0044994000
   0.0006773400   -0.0019305600   -0.0019997100
   0.0001399500    0.0000021700   -0.0000237200
   0.0041183400    0.0000016200   -0.0591678500
   0.0003077100    0.0000297700    0.0026083500
  -0.0003088700   -0.0005269800    0.0006181600
  -0.0065951300    0.0047901100   -0.0021455100
   0.0053156800    0.0014980000   -0.0000134400
   0.0001518600    0.0001049400    0.0012792000
  -0.0001120600    0.0000487300    0.0012789800
  -0.0023068000    0.0020369000    0.0005389300
  -0.0003050200   -0.0000021400    0.0009305600
  -0.0000285400   -0.0001517600    0.0012783000
   0.0006101500    0.0005296700    0.0003035800
  -0.0000343000    0.0000350200    0.0012830900
   0.0019015600   -0.0093861300   -0.0024378200
   0.0010483100    0.0007787200    0.0028691800
   0.0000525900   -0.0000504600    0.0013580800
  -0.0000104200    0.0000120700    0.0011997400
   0.1539369000    0.0018078800    0.3195068400
  -0.0090829900    0.0013152800    0.0104473300
   0.0002704600   -0.0000283500    0.0015487500
  -0.0066166800    0.0007678300    0.0087395700
   0.0003698900   -0.0066110800    0.0106934700
   0.0005238700    0.0002842500   -0.0003366300
   0.0000264100   -0.0000020200   -0.0000720800
   0.0000137300    0.0031618100    0.0086002200
  -0.0000207700    0.0001653500    0.0015521000
   0.0000275400   -0.0002928000   -0.0002073700
   0.0000274800   -0.0001433400    0.0015740000
   0.0000238500    0.0001990100   -0.0002050000
   0.0017733800   -0.0037263300    0.0098059800
  -0.0014404500    0.0050388900    0.0094198400
   0.0004399600   -0.0002437200   -0.0003766900
   0.0001088300    0.0000440400   -0.0000438500
  -0.0000571000   -0.0000009700    0.0004970400
  -0.0000214200   -0.0000569700    0.0000472700
  -0.0000101700    0.0000064800    0.0002028200
   0.0000025100   -0.0000934600    0.0001251200
  -0.0000655200    0.0000346500    0.0000997100
  -0.0000569300   -0.0000406600    0.0002201700
   0.0000534100   -0.0000246900    0.0002572900
   0.0000758400    0.0000166200    0.0000715100
   0.0000064200   -0.0000102600    0.0002024400
   0.0000121400    0.0000628500    0.0002387500
  -0.0000067000    0.0000010900    0.0002026000
   0.0000035300    0.0000411600    0.0002395700
  -0.0000841500    0.0000385400    0.0001391700
   0.0000326500    0.0000544500    0.0000331600
   0.0000502100   -0.0000271600    0.0002389700
  -0.0000233500   -0.0000156600    0.0002395800
   0.0002122200    0.0001082100   -0.0006551800
  -0.0002822900    0.0001744300   -0.0009597100
   0.0000185500   -0.0000206500   -0.0007443200
  -0.0000368200   -0.0000416200   -0.0007236000
   0.0000225400   -0.0002862500   -0.0008078400
  -0.0000260600   -0.0000338600   -0.0007370900
  -0.0000055000   -0.0000115600   -0.0007149000
   0.0000305000    0.0000009300   -0.0006515100
  -0.0000079900    0.0000352900   -0.0007507800
  -0.0000188700    0.0000069200   -0.0007319000
   0.0000007700    0.0000028800   -0.0006990800
   0.0000172300    0.0000423000   -0.0007183700
  -0.0000486300   -0.0000144800   -0.0007403500
   0.0000326300    0.0000323300   -0.0006948000
   0.0000317700   -0.0000045300   -0.0007282400
   0.0000052400   -0.0000009300   -0.0006889200
  -0.0000193900   -0.0000099000   -0.0000984300
   0.0000178000   -0.0000128700   -0.0000962800
  -0.0000039500    0.0000018700   -0.0000901700
   0.0000156700    0.0000024900   -0.0001004900
  -0.0000031200    0.0000210600   -0.0000974800
   0.0000299600    0.0000141800   -0.0000782300
   0.0000023800    0.0000060500   -0.0001044900
  -0.0000250000    0.0000166500   -0.0000863300
  -0.0000034700   -0.0000079400   -0.0000947400
   0.0000064800   -0.0000030700   -0.0000996200
  -0.0000045600   -0.0000046600   -0.0001084700
   0.0000017700   -0.0000124600   -0.0000960500
   0.0000079000    0.0000111400   -0.0000996700
   0.0000049000   -0.0000319500   -0.0000819800
  -0.0000065500    0.0000022000   -0.0000909400
   0.0000000600   -0.0000005900   -0.0001058000

49   
  0.0167382716027159  -0.0000000000000000   0.0248963905768228
   0.0001131600    0.0000495700    0.0001991800
  -0.0001022200    0.0000726300    0.0001456500
   0.0000489000   -0.0000402500    0.0003606700
  -0.0000605000   -0.0000371100    0.0003236900
   0.0000248000   -0.0001236300    0.0001724800
   0.0000347600    0.0000366400    0.0003195900
  -0.0000182000    0.0000009200    0.0003076600
  -0.0000208000   -0.0000048500    0.0003365600
   0.0000154000    0.0000455500    0.0003398300
  -0.0000031100   -0.0000089000    0.0003136500
  -0.0000068500    0.0000056000    0.0003023400
   0.0000271400    0.0000830200    0.0003451100
  -0.0000339500   -0.0000437700    0.0003209500
  -0.0000302200   -0.0000335900    0.0003287700
   0.0000857400   -0.0000141700    0.0003634400
  -0.0000390000   -0.0000002200    0.0003438600
   0.0000040600   -0.0000004100    0.0006335300
   0.0000062600    0.0000121600    0.0006934200
  -0.0000032100   -0.0000012300    0.0006690500
  -0.0000128200    0.0000156600    0.0007103600
   0.0000127900   -0.0000025600    0.0006953300
  -0.0000049300   -0.0000039700    0.0006667100
  -0.0000009400   -0.0000005000    0.0006836100
  -0.0000211700    0.0000018200    0.0007105800
  -0.0000025100   -0.0000013700    0.0006617600
  -0.0000001000    0.0000015900    0.0006750200
  -0.0000025600   -0.0000004400    0.0006761300
  -0.0000006800    0.0000011000    0.0006664900
   0.0000081500   -0.0000160800    0.0007034000
  -0.0000085700   -0.0000178100    0.0007016900
  -0.0000005100   -0.0000012700    0.0006640900
  -0.0000044800   -0.0000031100    0.0006692900
   0.0000533200    0.0000001600   -0.0006189100
  -0.0000518800   -0.0000425200   -0.0002231000
   0.0000106200   -0.0000002100   -0.0003367000
   0.0000750100   -0.0000814700   -0.0002044900
  -0.0000592800   -0.0000163600   -0.0001733300
  -0.0000150400   -0.0000077400   -0.0003458700
  -0.0000127300    0.0000046900   -0.0003926800
   0.0001128700   -0.0000344100   -0.0002554100
   0.0000007000    0.0000049600   -0.0003414700
  -0.0000032300    0.0000006800   -0.0003692100
  -0.0000000600   -0.0000068600   -0.0003320600
  -0.0000127800   -0.0000324100   -0.0003718200
  -0.0000265900    0.0000767800   -0.0001646300
   0.0000159000    0.0000925700   -0.0002651600
  -0.0000255900    0.0000063700   -0.0004105900
   0.0000285600    0.0000232000   -0.0003336200
  -0.2691876100    0.0022497400   -0.5641620600
  -0.0014554500   -0.0161723600   -0.0011327400
   0.0080522100    0.0000236400    0.0020205100
  -0.0023809900    0.0157930400   -0.0015304000
   0.0026695700    0.0130542700   -0.0011239700
   0.0008604000   -0.0005143600   -0.0018227100
   0.0010856600    0.0005129800   -0.0018384700
   0.0029434400   -0.0133935700   -0.0015455200
   0.0030174000    0.0029285600    0.0020397000
   0.0018639400    0.0001099200   -0.0018308700
   0.0029494300   -0.0029281900    0.0020017800
   0.0018631300   -0.0000687100   -0.0018317800
   0.0028397300   -0.0186576900   -0.0013245000
   0.0028118900    0.0187586100   -0.0013493600
   0.0009004400    0.0005590100   -0.0018133200
   0.0010330700   -0.0004758800   -0.0018519800
   0.1140686500    0.0599280100    0.1332545400
  -0.0123036500    0.0128887500    0.0376790400
  -0.0016027500    0.0015775400    0.0012485200
   0.0026419600   -0.0030432800   -0.0028766200
   0.0101545000   -0.0735735700    0.0864401900
   0.0003790200    0.0029980000    0.0018677100
  -0.0004566800   -0.0000847400   -0.0002179400
   0.0022297800   -0.0040647100    0.0073647100
  -0.0005334500   -0.0032746800    0.0004637300
  -0.0002718900   -0.0001132300   -0.0002611700
  -0.0001189300    0.0001881600   -0.0001390800
   0.0028756700    0.0003090600   -0.0020033700
   0.0008234800    0.0037026700   -0.0016241500
  -0.0048144300    0.0010851300    0.0046702800
  -0.0000293900    0.0007271200    0.0000369000
  -0.0003968400    0.0000106400    0.0006776200
  -0.0125556700   -0.0128161400    0.0392080400
   0.1289225700   -0.0691079700    0.1508731900
   0.0026218700    0.0029724000   -0.0023213900
  -0.0015312400   -0.0015474400    0.0017515100
   0.0094444400    0.0808976400    0.0938360800
   0.0025751900    0.0042215700    0.0082300500
  -0.0003777200    0.0001609700    0.0002400300
   0.0005306500   -0.0030392900    0.0025297700
   0.0028649100   -0.0003028400   -0.0016110400
  -0.0000638400   -0.0001874400    0.0002549500
  -0.0003377400    0.0000165800    0.0001887100
  -0.0004269900    0.0031688800    0.0009508000
   0.0000062400   -0.0007279000    0.0004526000
  -0.0047374800   -0.0011601000    0.0053272200
   0.0008517300   -0.0035583100   -0.0010613500
  -0.0003918600    0.0000110200    0.0011007800

49   
 -0.0167382716027159   0.0000000000000000  -0.0248963905768228
  -0.0001237300   -0.0000581100    0.0002563600
   0.0001160200   -0.0000810500    0.0003135800
  -0.0000514800    0.0000427800    0.0000944700
   0.0000623100    0.0000360400    0.0001331700
  -0.0000239500    0.0001380000    0.0002841900
  -0.0000358600   -0.0000389700    0.0001260700
   0.0000173900   -0.0000082200    0.0001467500
   0.0000209100    0.0000049900    0.0001075200
  -0.0000170600   -0.0000511500    0.0001174800
  -0.0000004800    0.0000098700    0.0001419600
   0.0000118500   -0.0000041900    0.0001518600
  -0.0000268400   -0.0000868100    0.0001106600
   0.0000351000    0.0000449800    0.0001375200
   0.0000301600    0.0000317000    0.0001179300
  -0.0000878000    0.0000120500    0.0000917100
   0.0000409700   -0.0000019000    0.0001041500
  -0.0000051400   -0.0000001100    0.0006676900
  -0.0000064500   -0.0000125800    0.0005786100
   0.0000057400   -0.0000019800    0.0006046800
   0.0000105100   -0.0000222000    0.0005583600
  -0.0000130600    0.0000001200    0.0005778100
   0.0000026100    0.0000003400    0.0006055400
  -0.0000018400    0.0000003300    0.0005842500
   0.0000252200   -0.0000007100    0.0005605700
   0.0000007400    0.0000009300    0.0006106700
   0.0000004200   -0.0000025100    0.0005964400
   0.0000035400   -0.0000029200    0.0005987900
  -0.0000012300   -0.0000032200    0.0006073000
  -0.0000090200    0.0000131700    0.0005675200
   0.0000080200    0.0000161400    0.0005698600
   0.0000001700   -0.0000015900    0.0006064700
   0.0000035400    0.0000022900    0.0006045400
  -0.0000644200    0.0000004800    0.0001693400
   0.0000494200    0.0000435100   -0.0002528900
  -0.0000086300   -0.0000001900   -0.0001433000
  -0.0000714200    0.0000767700   -0.0002655200
   0.0000574200    0.0000106300   -0.0003000100
   0.0000126100    0.0000042900   -0.0001291900
   0.0000098900   -0.0000040400   -0.0000760800
  -0.0001058400    0.0000314000   -0.0002187900
  -0.0000001300   -0.0000067100   -0.0001380600
   0.0000040500   -0.0000020600   -0.0001045900
   0.0000006000    0.0000036000   -0.0001489200
   0.0000119800    0.0000325900   -0.0001079100
   0.0000297400   -0.0000749900   -0.0003070100
  -0.0000178400   -0.0000917000   -0.0002127400
   0.0000273300   -0.0000093600   -0.0000647400
  -0.0000305500   -0.0000246800   -0.0001469100
   0.2691103300    0.0022306500    0.5641711400
   0.0027381600    0.0160979600    0.0015027600
  -0.0080530700   -0.0000056900   -0.0018090900
   0.0011044700   -0.0158499400    0.0015818200
  -0.0024927500   -0.0132392800    0.0018176900
  -0.0010606100    0.0005321400    0.0020882600
  -0.0008840800   -0.0005061400    0.0019806100
  -0.0031158300    0.0132009700    0.0012708700
  -0.0029746200   -0.0029145000   -0.0018074000
  -0.0018729100    0.0000824500    0.0020351800
  -0.0029878700    0.0029460300   -0.0018104000
  -0.0018655500   -0.0001460400    0.0020381500
  -0.0027106700    0.0182909600    0.0018623200
  -0.0029265300   -0.0191136800    0.0012356700
  -0.0011022000   -0.0004371600    0.0020412600
  -0.0008348700    0.0005979200    0.0020339300
  -0.1285157600   -0.0688653500   -0.1511359100
   0.0127135900   -0.0129122800   -0.0397919400
   0.0014520200   -0.0015516300   -0.0024013200
  -0.0025341700    0.0029025600    0.0016317700
  -0.0094572900    0.0807585400   -0.0942669800
  -0.0005350400   -0.0030329500   -0.0030512200
   0.0003815900    0.0001557900   -0.0008995800
  -0.0026006500    0.0042259200   -0.0087115200
   0.0003933700    0.0030981300   -0.0016170000
   0.0003224800    0.0000271400   -0.0008459500
   0.0000585300   -0.0001933100   -0.0009183800
  -0.0027506500   -0.0003378300    0.0009380900
  -0.0008313800   -0.0034730800    0.0003756200
   0.0047188800   -0.0011708700   -0.0058292600
  -0.0000060400   -0.0006319100   -0.0011076000
   0.0003640600    0.0000098100   -0.0017725000
   0.0121426300    0.0127811500   -0.0385488700
  -0.1143998700    0.0601314000   -0.1343832700
  -0.0027302400   -0.0031119900    0.0021025400
   0.0016816100    0.0015836600   -0.0020453200
  -0.0101333100   -0.0736760600   -0.0874433600
  -0.0022178700   -0.0040690800   -0.0083298900
   0.0004586600   -0.0000937500   -0.0005779300
  -0.0003780000    0.0030091000   -0.0028056400
  -0.0029832700    0.0002742500    0.0012140400
   0.0001190500    0.0001886800   -0.0006548100
   0.0002886400   -0.0001053500   -0.0005347000
   0.0005687500   -0.0033500300   -0.0012472100
   0.0000385700    0.0008151100   -0.0008383000
   0.0048323600    0.0010803500   -0.0056225400
  -0.0008417800    0.0037927600    0.0008536900
   0.0004136500    0.0000094400   -0.0014546900

65   
  0.0167382716027159  -0.0000000000000000   0.0248963905768228
  -0.0000332700   -0.0000007900    0.0001009000
  -0.0001715900    0.0001756600    0.0001810100
   0.0000550000   -0.0000101500    0.0001484500
   0.0001852300    0.0001663800    0.0002937200
   0.0000564000   -0.0002190600    0.0001973800
   0.0000146000    0.0000152700    0.0001895000
  -0.0000085600   -0.0000027900    0.0001716100
  -0.0000617300   -0.0002614500    0.0002798700
  -0.0000032900    0.0000340800    0.0001526500
  -0.0000118100   -0.0000120700    0.0001804700
   0.0000135100   -0.0000222200    0.0001443400
  -0.0000001300   -0.0000265200    0.0001085100
   0.0002173900    0.0000693000    0.0002544400
  -0.0002578200    0.0000684400    0.0002243500
   0.0000067700   -0.0000040700    0.0000950400
   0.0000532200    0.0000312400    0.0001232300
   0.0000033400   -0.0000010500    0.0003942600
  -0.0000018500    0.0000040800    0.0004992500
  -0.0000034300    0.0000035000    0.0004639800
   0.0000059100   -0.0000013400    0.0003635500
  -0.0000001700   -0.0000007900    0.0004946000
  -0.0000012900    0.0000005600    0.0004776200
  -0.0000080200   -0.0000026500    0.0004664400
   0.0000026500    0.0000215200    0.0004575900
  -0.0000004900   -0.0000024000    0.0004765900
  -0.0000082600   -0.0000032900    0.0004850600
  -0.0000046400   -0.0000019500    0.0004902600
   0.0000075200   -0.0000047800    0.0004988100
   0.0000052800    0.0000013400    0.0003791800
   0.0000172600   -0.0000094200    0.0004784700
  -0.0000010300    0.0000069100    0.0004955300
  -0.0000197500   -0.0000129200    0.0004385300
  -0.0002054700   -0.0001049800   -0.0000950800
  -0.0000037100    0.0000247000    0.0000120200
   0.0000231400    0.0000141900   -0.0000280500
   0.0002776800   -0.0001737900    0.0002256100
   0.0000193500   -0.0000104000    0.0000202200
  -0.0000050100    0.0000009800   -0.0000489900
  -0.0000013900   -0.0000322200   -0.0000341700
  -0.0000304500   -0.0000686800   -0.0000487200
   0.0000197800   -0.0000011500    0.0000000400
  -0.0000290000    0.0000042500   -0.0000156000
  -0.0000143600   -0.0000114700   -0.0000337400
   0.0000332200   -0.0000157300   -0.0000217600
  -0.0000225400    0.0002802100    0.0000657000
  -0.0000617000    0.0000175500   -0.0000691300
   0.0000057300    0.0000277300   -0.0000289800
   0.0000581200    0.0000516700   -0.0000307900
   0.1392075600    0.0748286000    0.1444852800
  -0.0023679300    0.0017655000    0.0012936400
   0.0033980500   -0.0009638200   -0.0013632300
  -0.0226672500    0.0188591900    0.0458179700
  -0.0007433600   -0.0049677300    0.0002020100
  -0.0003940800   -0.0000039800    0.0013304800
   0.0015172500   -0.0004936300   -0.0003289500
  -0.0048938500    0.0046456000    0.0052524100
   0.0029667200    0.0042594700   -0.0011234400
  -0.0005541200    0.0004378900    0.0010011000
  -0.0001606700    0.0001495200    0.0005196300
  -0.0002818600   -0.0000861800    0.0003899300
   0.0098121400   -0.0922023400    0.0936074900
   0.0053889300   -0.0059511500    0.0060278800
  -0.0004255900   -0.0000714500    0.0004622700
  -0.0026892500    0.0012588700    0.0045397800
  -0.1899550200   -0.0015335000   -0.3047916000
   0.0219726700    0.0005465500   -0.0039319600
   0.0008486300   -0.0002857800   -0.0008751000
   0.0250786700   -0.0000966400   -0.0061155800
   0.0037894700    0.0087768100   -0.0044014500
   0.0003429800    0.0001188500   -0.0002139200
   0.0002691100   -0.0000671400   -0.0009687000
   0.0054721500   -0.0124210400   -0.0056561500
  -0.0000245200    0.0005109500   -0.0010384100
   0.0001453700   -0.0000387400   -0.0005935900
   0.0004458200   -0.0002255200   -0.0006981900
   0.0001615200   -0.0006604700   -0.0005898500
   0.0058500100    0.0128084800   -0.0054878100
   0.0033830300   -0.0096281200   -0.0045575800
  -0.0002556300    0.0002399500   -0.0006435600
   0.0008712200    0.0004091000   -0.0005429400
  -0.0048083300   -0.0000046300    0.0185949800
   0.0044577600   -0.0039353200    0.0060650800
   0.0000903700   -0.0007565900   -0.0008002800
  -0.0029805900   -0.0022725300    0.0008893500
  -0.0019562900    0.0068272900    0.0067524600
   0.0005263300    0.0003403700   -0.0022363000
   0.0007483600   -0.0004688300   -0.0005062600
  -0.0002586500    0.0028106500    0.0002162300
  -0.0008121400    0.0005260800   -0.0003604200
  -0.0000632400    0.0001252600   -0.0013743500
   0.0004799500    0.0002301100   -0.0012452000
  -0.0000349700   -0.0014153000   -0.0013301600
  -0.0057604000   -0.0014825600    0.0041388500
   0.0033542900   -0.0018401800    0.0027789000
  -0.0005127000    0.0002743400   -0.0014082900
   0.0019117600    0.0011223300   -0.0012562100

65   
 -0.0167382716027159   0.0000000000000000  -0.0248963905768228
   0.0000390900    0.0000018800    0.0003700600
   0.0001670600   -0.0001764200    0.0002629700
  -0.0000528300    0.0000113900    0.0003039300
  -0.0001912500   -0.0001700700    0.0001497600
  -0.0000600100    0.0002135200    0.0002474800
  -0.0000138400   -0.0000133800    0.0002631700
   0.0000082600   -0.0000009200    0.0002782900
   0.0000641200    0.0002680300    0.0001666500
   0.0000062900   -0.0000315200    0.0003008700
   0.0000075300    0.0000136800    0.0002697400
  -0.0000119500    0.0000230700    0.0003074700
  -0.0000012900    0.0000276800    0.0003400000
  -0.0002203700   -0.0000701900    0.0001923500
   0.0002609000   -0.0000673600    0.0002239500
  -0.0000061600    0.0000031100    0.0003529100
  -0.0000526500   -0.0000316500    0.0003285400
  -0.0000046400    0.0000013400    0.0008398900
   0.0000023600   -0.0000046300    0.0007399000
   0.0000036000   -0.0000050500    0.0007749200
  -0.0000077800   -0.0000001400    0.0008735700
   0.0000003800    0.0000023400    0.0007442900
  -0.0000001700    0.0000001900    0.0007603300
   0.0000079800    0.0000026700    0.0007683200
  -0.0000035500   -0.0000218100    0.0007798600
  -0.0000008000    0.0000015500    0.0007629700
   0.0000068100    0.0000030400    0.0007525700
   0.0000044700    0.0000017700    0.0007498700
  -0.0000073300    0.0000051500    0.0007425200
  -0.0000071400   -0.0000026500    0.0008570900
  -0.0000176500    0.0000084100    0.0007603900
   0.0000004900   -0.0000077100    0.0007446100
   0.0000199300    0.0000128400    0.0008022000
   0.0002067100    0.0001069400   -0.0003269000
   0.0000034500   -0.0000239600   -0.0004510800
  -0.0000229600   -0.0000136900   -0.0004147900
  -0.0003003800    0.0001861900   -0.0006938700
  -0.0000182500    0.0000109000   -0.0004604700
   0.0000040200    0.0000005800   -0.0003910700
  -0.0000001900    0.0000331900   -0.0004036300
   0.0000327300    0.0000712700   -0.0003891600
  -0.0000189200   -0.0000002200   -0.0004438800
   0.0000271700   -0.0000053500   -0.0004241400
   0.0000167300    0.0000121600   -0.0004086100
  -0.0000325200    0.0000162500   -0.0004228700
   0.0000222400   -0.0002920200   -0.0005096400
   0.0000639500   -0.0000173400   -0.0003720900
  -0.0000053200   -0.0000289100   -0.0004141500
  -0.0000588200   -0.0000529100   -0.0004098000
  -0.1233786800   -0.0654866600   -0.1265102000
   0.0026442500   -0.0018091700   -0.0010306600
  -0.0037351900    0.0009932700    0.0018470000
   0.0222198800   -0.0184217200   -0.0450197100
   0.0007736200    0.0050962000    0.0000764000
   0.0003723100   -0.0000037000   -0.0011134700
  -0.0016351900    0.0007708700    0.0006739700
   0.0046346900   -0.0049503300   -0.0052381700
  -0.0031262300   -0.0043855700    0.0015196100
   0.0008309500   -0.0006256400   -0.0007599400
   0.0000817300   -0.0001930500   -0.0002975200
   0.0002496700    0.0000883900   -0.0001462300
  -0.0098312800    0.0851621900   -0.0871204300
  -0.0057819100    0.0060024300   -0.0057753100
   0.0004095800    0.0000956600   -0.0002140300
   0.0027567400   -0.0010969700   -0.0046408000
   0.1754585400   -0.0012924200    0.2785525700
  -0.0213829800   -0.0003376600    0.0025238700
  -0.0007544800    0.0002811200   -0.0002273800
  -0.0254509800    0.0001451500    0.0051790100
  -0.0039417200   -0.0091490000    0.0030758500
  -0.0003698800   -0.0001201700   -0.0008682900
  -0.0002500900    0.0000604800   -0.0000532300
  -0.0053001400    0.0120486300    0.0046115200
   0.0000507700   -0.0004592200   -0.0000596900
  -0.0001531800    0.0000732800   -0.0004640600
  -0.0004596000    0.0001766500   -0.0003799900
  -0.0001375700    0.0006852000   -0.0004590700
  -0.0054643700   -0.0124541300    0.0044103400
  -0.0037891800    0.0097307500    0.0032906700
   0.0002933900   -0.0002502800   -0.0004458800
  -0.0009122800   -0.0004489000   -0.0004787000
   0.0046686600   -0.0000043300   -0.0180053900
  -0.0044423900    0.0040352400   -0.0063771200
  -0.0000752700    0.0007551100    0.0004265500
   0.0030989000    0.0023988000   -0.0014446100
   0.0019480200   -0.0065860600   -0.0069079400
  -0.0005742300   -0.0003659000    0.0018316800
  -0.0007737600    0.0004806100    0.0001324300
   0.0001885000   -0.0030777200   -0.0009038600
   0.0008123600   -0.0005078100   -0.0000169400
   0.0000597600   -0.0001185500    0.0009788000
  -0.0005120100   -0.0002466800    0.0008653500
   0.0000725600    0.0015252400    0.0009824300
   0.0056711500    0.0014447900   -0.0044634100
  -0.0036547700    0.0018851800   -0.0033933200
   0.0007005200   -0.0003645700    0.0010552900
  -0.0019686400   -0.0011802900    0.0009067100

81   
  0.0167382716027159  -0.0000000000000000   0.0248963905768228
  -0.0000077700    0.0000018100    0.0002167100
   0.0000222200   -0.0000001000    0.0002376200
   0.0000034800   -0.0000030100    0.0002247700
  -0.0000191200   -0.0000015400    0.0002286000
   0.0000053400    0.0000183900    0.0002419900
   0.0000057900    0.0000042800    0.0002369700
  -0.0000117500    0.0000030400    0.0002351100
  -0.0000102400    0.0000164800    0.0002234700
  -0.0000020900    0.0000057300    0.0002263800
  -0.0000048900   -0.0000088200    0.0002360800
   0.0000055800    0.0000006300    0.0002239500
  -0.0000062900    0.0000132200    0.0002363800
  -0.0000147700   -0.0000158900    0.0002385900
   0.0000088200   -0.0000198000    0.0002280400
   0.0000117400   -0.0000102500    0.0002357900
  -0.0000099500   -0.0000039900    0.0002366800
  -0.0000025500   -0.0000003900    0.0007347800
   0.0000019500   -0.0000020400    0.0007203100
   0.0000017100   -0.0000016200    0.0007215000
  -0.0000021800   -0.0000002300    0.0007330400
  -0.0000004200    0.0000030400    0.0007202500
  -0.0000002900   -0.0000001100    0.0007148800
   0.0000020400   -0.0000002700    0.0007197200
  -0.0000031600    0.0000011600    0.0007243000
  -0.0000020400    0.0000006800    0.0007222400
   0.0000014300    0.0000004600    0.0007207000
   0.0000000600   -0.0000000800    0.0007189300
   0.0000002400    0.0000001400    0.0007210700
  -0.0000021000   -0.0000005900    0.0007339000
   0.0000006000   -0.0000021200    0.0007253900
  -0.0000004200   -0.0000009100    0.0007185400
  -0.0000017300   -0.0000000100    0.0007250500
   0.0000017800   -0.0000011500   -0.0003136500
   0.0000032100    0.0000026900   -0.0003366100
  -0.0000118600    0.0000050200   -0.0003249400
   0.0000022600    0.0000009000   -0.0003386100
   0.0000078600    0.0000036500   -0.0003353800
   0.0000013100    0.0000002400   -0.0003210000
  -0.0000063800    0.0000071600   -0.0003244800
  -0.0000034100    0.0000089100   -0.0003421600
  -0.0000003700   -0.0000123200   -0.0003309000
   0.0000011600   -0.0000043200   -0.0003320800
   0.0000068300    0.0000059400   -0.0003190200
  -0.0000078300    0.0000032400   -0.0003271600
   0.0000039900   -0.0000002900   -0.0003261700
   0.0000053600   -0.0000048200   -0.0003228700
  -0.0000035700   -0.0000092400   -0.0003213200
  -0.0000098100   -0.0000042000   -0.0003634000
  -0.0221703600   -0.0183822400    0.0454502100
   0.0037633500    0.0010055800   -0.0016368800
  -0.0026630300   -0.0017964600    0.0013536600
   0.1238256700   -0.0657549700    0.1270463000
   0.0016662800    0.0007493500   -0.0004130900
  -0.0003957200   -0.0000033100    0.0013714100
  -0.0007883700    0.0051455600    0.0001979300
  -0.0046562900   -0.0049799900    0.0056763100
  -0.0007946700   -0.0006360300    0.0010763900
   0.0031636400   -0.0044271300   -0.0013012000
  -0.0002554400    0.0000837500    0.0004163700
  -0.0000926100   -0.0001859100    0.0005781100
   0.0098122500    0.0853955500    0.0876093300
  -0.0027914100   -0.0010881600    0.0050828800
  -0.0004078200    0.0000927500    0.0004896300
   0.0057982800    0.0060231600    0.0062100600
  -0.0046701600   -0.0000043600    0.0172843800
  -0.0031129500    0.0024324800    0.0007298800
   0.0000753000    0.0007573800   -0.0011507400
   0.0044556100    0.0041068800    0.0056412200
  -0.0001655700   -0.0031269900    0.0002151200
   0.0007929200    0.0004875500   -0.0008392700
   0.0005774200   -0.0003641300   -0.0025364900
  -0.0020029500   -0.0066145600    0.0061466300
   0.0005149000   -0.0002490200   -0.0015885900
  -0.0000517400   -0.0001277700   -0.0016841600
  -0.0008146400   -0.0005084000   -0.0007090500
  -0.0000811000    0.0015276600   -0.0017281500
   0.0037247300    0.0018801500    0.0026925700
  -0.0057066600    0.0014199200    0.0037128800
   0.0019595600   -0.0011796200   -0.0016568400
  -0.0007148700   -0.0003676000   -0.0017960200
  -0.1760235500   -0.0012919700   -0.2797283500
   0.0256885200    0.0002438500   -0.0061978600
   0.0007806900    0.0002666700   -0.0005824800
   0.0212889500   -0.0004005100   -0.0033227300
   0.0054074600    0.0121339600   -0.0055647500
   0.0002343400    0.0000482300   -0.0007461800
   0.0004043400   -0.0001369900    0.0001049900
   0.0038584000   -0.0089716100   -0.0039348400
   0.0004391800    0.0002030200   -0.0004379700
   0.0001598900    0.0001024600   -0.0003174500
  -0.0000467000   -0.0004711100   -0.0007413200
   0.0001415600    0.0007165800   -0.0003216000
   0.0037336100    0.0096965700   -0.0041338100
   0.0055435100   -0.0127198500   -0.0053808000
   0.0009483000   -0.0004666500   -0.0002864000
  -0.0003117700   -0.0002624200   -0.0003512600

81   
 -0.0167382716027159   0.0000000000000000  -0.0248963905768228
   0.0000060200    0.0000017900    0.0002470500
  -0.0000197600   -0.0000019500    0.0002103400
  -0.0000050400    0.0000038600    0.0002237200
   0.0000207500    0.0000040700    0.0002171800
  -0.0000089200   -0.0000206500    0.0002039900
  -0.0000031500   -0.0000034700    0.0002113600
   0.0000095800   -0.0000061900    0.0002127400
   0.0000128900   -0.0000176000    0.0002225900
   0.0000046400   -0.0000034300    0.0002229100
   0.0000005400    0.0000085100    0.0002119400
  -0.0000001700    0.0000022400    0.0002254000
   0.0000031100   -0.0000100300    0.0002131300
   0.0000148300    0.0000134300    0.0002085500
  -0.0000065300    0.0000200500    0.0002193700
  -0.0000109400    0.0000086000    0.0002131500
   0.0000076800    0.0000010000    0.0002129300
   0.0000008900    0.0000006000    0.0005194000
  -0.0000018300    0.0000017700    0.0005348600
  -0.0000015400    0.0000017300    0.0005363700
   0.0000004900   -0.0000007400    0.0005211300
   0.0000012400   -0.0000008300    0.0005357700
  -0.0000018100    0.0000001300    0.0005408900
  -0.0000026300   -0.0000004300    0.0005333500
   0.0000018000   -0.0000012700    0.0005318100
   0.0000004000   -0.0000016100    0.0005385400
  -0.0000034200   -0.0000006600    0.0005343500
   0.0000004300    0.0000002000    0.0005383400
   0.0000002400   -0.0000000600    0.0005376900
  -0.0000004700   -0.0000013400    0.0005206500
   0.0000002200    0.0000013400    0.0005309200
  -0.0000008100   -0.0000008500    0.0005366500
   0.0000019800   -0.0000007600    0.0005350200
  -0.0000026800    0.0000016800   -0.0001446600
  -0.0000019700   -0.0000023200   -0.0001238700
   0.0000131500   -0.0000046500   -0.0001381100
  -0.0000027700   -0.0000015100   -0.0001219100
  -0.0000059500   -0.0000007900   -0.0001262300
  -0.0000022200    0.0000004700   -0.0001408000
   0.0000072600   -0.0000072000   -0.0001339400
   0.0000023500   -0.0000081500   -0.0001187900
  -0.0000003000    0.0000118100   -0.0001353100
  -0.0000019300    0.0000047900   -0.0001286400
  -0.0000052000   -0.0000050400   -0.0001436100
   0.0000087100   -0.0000024200   -0.0001366100
  -0.0000054600   -0.0000005600   -0.0001336200
  -0.0000037600    0.0000041900   -0.0001390200
   0.0000031000    0.0000075500   -0.0001385100
   0.0000104500    0.0000041400   -0.0001009700
   0.0226215100    0.0188236100   -0.0458406500
  -0.0034251800   -0.0009761000    0.0015537100
   0.0023872300    0.0017516200   -0.0012144700
  -0.1397190400    0.0751335700   -0.1446793800
  -0.0015457300   -0.0004703000    0.0004729700
   0.0004151200   -0.0000039400   -0.0011906700
   0.0007602000   -0.0050194300   -0.0000734300
   0.0049091900    0.0046740100   -0.0052815400
   0.0005169800    0.0004484800   -0.0009130900
  -0.0030056900    0.0043030900    0.0013066000
   0.0002889000   -0.0000814400   -0.0002602500
   0.0001735500    0.0001414000   -0.0003978000
  -0.0097960700   -0.0924657800   -0.0937100400
   0.0027270700    0.0012467700   -0.0045740000
   0.0004238600   -0.0000681200   -0.0003362500
  -0.0054007700   -0.0059664700   -0.0060510500
   0.0048085400   -0.0000045000   -0.0193253500
   0.0029907100   -0.0023049600   -0.0016324400
  -0.0000889200   -0.0007608000    0.0000634100
  -0.0044703100   -0.0040063900   -0.0067953200
   0.0002375500    0.0028541800   -0.0009845400
  -0.0007678200   -0.0004746600   -0.0002491700
  -0.0005286600    0.0003368200    0.0014787800
   0.0020131100    0.0068544200   -0.0074553200
  -0.0004804400    0.0002308700    0.0005062400
   0.0000539500    0.0001345800    0.0006174500
   0.0008180000    0.0005278900   -0.0003746800
   0.0000410500   -0.0014186100    0.0006119400
  -0.0034197500   -0.0018355100   -0.0035420500
   0.0057949400   -0.0014555900   -0.0048497900
  -0.0019029100    0.0011209500    0.0005457900
   0.0005258400    0.0002787500    0.0006821600
   0.1905783900   -0.0015360500    0.3046462800
  -0.0253025400   -0.0001852700    0.0056897100
  -0.0008737400   -0.0002705100    0.0002491600
  -0.0218808500    0.0006139300    0.0032931800
  -0.0055714200   -0.0125102500    0.0051704700
  -0.0002566300   -0.0000568900    0.0003365700
  -0.0003726200    0.0001338700   -0.0004551700
  -0.0037070300    0.0085981500    0.0038264900
  -0.0004224500   -0.0002536500    0.0000806900
  -0.0001501500   -0.0000635100   -0.0000565100
   0.0000208000    0.0005228100    0.0004039800
  -0.0001674100   -0.0006914900   -0.0000604000
  -0.0033213200   -0.0095947600    0.0039651400
  -0.0059283500    0.0130645700    0.0050194500
  -0.0009070800    0.0004270800   -0.0001242200
   0.0002728700    0.0002540900    0.0000099200
