45   
10   

1    
  0.0043254809285550   0.0000000000000000   0.0090161086249394
  -0.1054811000   -0.0001544000   -0.2387756100
   0.0048718100    0.0045452800   -0.0074661500
   0.0046004000   -0.0045748000   -0.0075154900
   0.0019992800   -0.0028659800   -0.0075253900
   0.0011106000   -0.0000014200   -0.0007131100
   0.0019598300    0.0030641000   -0.0074575600
   0.0019010100    0.0060862900   -0.0075494300
   0.0020516300   -0.0062125500   -0.0074309900
   0.0011151100   -0.0000043400   -0.0007129600
  -0.0085952000   -0.0090844300    0.0421347100
   0.0004878500    0.0000170600    0.0149421800
   0.0438036200   -0.0211682700    0.0656373500
   0.0002294600    0.0001458000    0.0149627700
   0.0002011800   -0.0001650800    0.0149353800
  -0.0018844000   -0.0016684000    0.0151685700
   0.0071433500    0.0303177600    0.0539592200
  -0.0012296600   -0.0003836400    0.0149966000
   0.0016580800    0.0020437700    0.0153297800
   0.0456373900    0.0222324500    0.0636635200
   0.0005247800   -0.0000096000    0.0112349400
  -0.0087775500    0.0091872500    0.0386672800
   0.0002244500    0.0001702500    0.0112463100
   0.0002430300   -0.0001622300    0.0112102100
  -0.0018546200    0.0016758100    0.0114370500
   0.0071364200   -0.0313452900    0.0510856100
   0.0017020600   -0.0020591100    0.0116042700
  -0.0012024700    0.0003746800    0.0112802400
   0.0000403800    0.0000232400   -0.0109230200
   0.0000654900    0.0000376900   -0.0109772000
  -0.0000360900    0.0000246200   -0.0109648800
   0.0000654600   -0.0000172300   -0.0109696000
   0.0000032800   -0.0000232400   -0.0109857400
   0.0000009100   -0.0000105000   -0.0109422000
   0.0000293400   -0.0000441500   -0.0109443600
   0.0000135400   -0.0000220400   -0.0109405500
   0.0000273900    0.0000304100   -0.0109442800
   0.0000385400    0.0000000700   -0.0100150300
  -0.0000003200   -0.0000101900   -0.0099833800
   0.0000325600   -0.0000169800   -0.0099525900
   0.0000090700   -0.0000136000   -0.0099862800
   0.0000141300    0.0000000700   -0.0099403300
   0.0000487500   -0.0000013000   -0.0099561200
   0.0000222300    0.0000149200   -0.0099698200
   0.0000279000    0.0000272500   -0.0099713400
   0.0000211000    0.0000000400   -0.0099825800

1    
 -0.0043254809285550   0.0000000000000000  -0.0090161086249394
   0.1040317000   -0.0001408100    0.2316104100
  -0.0045715300   -0.0045606200    0.0041183100
  -0.0048375500    0.0045518400    0.0040662100
  -0.0019109100    0.0030535200    0.0040628500
  -0.0010858500   -0.0000039400   -0.0026848600
  -0.0019738400   -0.0028789400    0.0041238300
  -0.0020073500   -0.0062162300    0.0040387100
  -0.0018849500    0.0060903000    0.0041494800
  -0.0010764400    0.0000012300   -0.0026838200
   0.0087765500    0.0091660700   -0.0158501200
  -0.0004906700   -0.0000117600    0.0115490400
  -0.0455072400    0.0221755900   -0.0407882800
  -0.0002110300   -0.0001645200    0.0115723100
  -0.0001901100    0.0001693900    0.0115344100
   0.0018883500    0.0016738600    0.0113442900
  -0.0070999300   -0.0312680000   -0.0282429800
   0.0012345800    0.0003754800    0.0115031100
  -0.0016702000   -0.0020571700    0.0111760700
  -0.0438644100   -0.0212218700   -0.0429054800
  -0.0004561000    0.0000150300    0.0078815500
   0.0086621700   -0.0091056900   -0.0193423700
  -0.0001695700   -0.0001683500    0.0078889100
  -0.0001953800    0.0001469600    0.0078652200
   0.0019182700   -0.0016706300    0.0076572400
  -0.0071088600    0.0303934200   -0.0311943800
  -0.0016265500    0.0020443600    0.0074968800
   0.0012617700   -0.0003817400    0.0078273800
  -0.0000284400   -0.0000183900   -0.0108723400
  -0.0000048200   -0.0000342700   -0.0108191000
   0.0000593200   -0.0000369200   -0.0108304700
  -0.0000296700    0.0000047100   -0.0108277300
   0.0000250000    0.0000199300   -0.0108115900
   0.0000314900   -0.0000008400   -0.0108548200
   0.0000104200    0.0000548100   -0.0108514000
   0.0000103100    0.0000095600   -0.0108566200
   0.0000057300   -0.0000047500   -0.0108520600
  -0.0000122200    0.0000013300   -0.0099840700
   0.0000323500    0.0000096500   -0.0100107200
   0.0000097900    0.0000227400   -0.0100410700
   0.0000171700    0.0000063500   -0.0100109400
   0.0000283700   -0.0000034000   -0.0100549700
  -0.0000181200   -0.0000083500   -0.0100332500
   0.0000154800   -0.0000038300   -0.0100205000
   0.0000030900   -0.0000265500   -0.0100253500
   0.0000098100    0.0000014000   -0.0100169500

10   
  0.0043254809285550   0.0000000000000000   0.0090161086249394
  -0.0073214300   -0.0083363900    0.0265264300
   0.0441235900   -0.0213630900    0.0530021100
   0.0004795700    0.0000002900   -0.0000595500
   0.0071197300    0.0295820000    0.0396591400
   0.0005245000    0.0014124700    0.0008548900
  -0.0001519900   -0.0010218700   -0.0005587800
   0.0001911200    0.0001708200   -0.0000571000
  -0.0019215200   -0.0003880900    0.0001466100
   0.0001833600   -0.0001661800   -0.0000657200
  -0.0476020000    0.0001441400   -0.1152289800
   0.0019947400    0.0000905100    0.0096561400
   0.0036259100    0.0003920700    0.0088906900
   0.0001511100    0.0007228000    0.0095623000
  -0.0002656800    0.0000013200    0.0132351100
   0.0005655300   -0.0024055500    0.0089719600
   0.0009890700    0.0018620500    0.0091844600
  -0.0002685300   -0.0006703000    0.0093594700
  -0.0002646100    0.0000021300    0.0132327100
  -0.0012336000   -0.0000013600    0.0264481100
   0.0022102600    0.0017743000    0.0105375600
  -0.0008005300    0.0006413100    0.0090725800
   0.0012451300    0.0008513300    0.0096608600
   0.0000620400    0.0000024600    0.0086811300
  -0.0023546600    0.0005434600    0.0099496000
  -0.0002476800   -0.0006184500    0.0089283500
  -0.0008502500   -0.0032130100    0.0106828900
   0.0000601100    0.0000018300    0.0086829400
  -0.0000020600   -0.0000085100   -0.0109541900
  -0.0000468600   -0.0000057700   -0.0109365100
   0.0000090700    0.0000107000   -0.0109345700
  -0.0000228400    0.0000029700   -0.0109358300
  -0.0000051400   -0.0000090200   -0.0109270100
  -0.0000139200   -0.0000095500   -0.0109372600
  -0.0000240000    0.0000088700   -0.0109344900
  -0.0000096600    0.0000255500   -0.0109380100
  -0.0000080700   -0.0000195100   -0.0109333900
  -0.0000205800   -0.0000039000   -0.0100503700
  -0.0000077900   -0.0000016400   -0.0100480500
  -0.0000124300    0.0000019100   -0.0100612100
  -0.0000104800    0.0000034400   -0.0100512000
  -0.0000080400    0.0000008000   -0.0100621500
  -0.0000202100   -0.0000022300   -0.0100640700
  -0.0000116300    0.0000005500   -0.0100623400
  -0.0000175100   -0.0000061800   -0.0100624200
  -0.0000111200    0.0000005200   -0.0100628600

10   
 -0.0043254809285550   0.0000000000000000  -0.0090161086249394
   0.0071683900    0.0082611900   -0.0300730200
  -0.0423352600    0.0203359100   -0.0547888500
  -0.0005130800    0.0000020000   -0.0034447100
  -0.0071265300   -0.0286922100   -0.0425357300
  -0.0006248000   -0.0014164800   -0.0043494100
   0.0000994100    0.0010038800   -0.0029839700
  -0.0002388400   -0.0001625300   -0.0034558800
   0.0018335800    0.0004134500   -0.0036680400
  -0.0002378900    0.0001551500   -0.0034337700
   0.0482817300    0.0001207900    0.1402856400
  -0.0020137600   -0.0000976000    0.0167307900
  -0.0036984600   -0.0003950000    0.0175410800
  -0.0002229800   -0.0007116400    0.0168352700
   0.0002072100   -0.0000033800    0.0131896500
  -0.0006181900    0.0023906500    0.0174313500
  -0.0010522800   -0.0018538000    0.0172373600
   0.0002043600    0.0006651000    0.0170235300
   0.0002192400    0.0000003700    0.0132049600
   0.0011495600    0.0000017800   -0.0072087200
  -0.0022530500   -0.0017852200    0.0084398500
   0.0007714700   -0.0006653700    0.0098806100
  -0.0013349600   -0.0008490000    0.0092918300
  -0.0001137900   -0.0000022300    0.0102840400
   0.0023020000   -0.0005475800    0.0090221600
   0.0001832100    0.0006514900    0.0100208400
   0.0007903100    0.0031813100    0.0083098100
  -0.0001061700    0.0000001400    0.0102671700
  -0.0000523500    0.0000042200   -0.0109497300
  -0.0000135100    0.0000091400   -0.0109667900
  -0.0000553000   -0.0000021200   -0.0109681100
  -0.0000285800    0.0000009400   -0.0109684000
  -0.0000441800    0.0000031600   -0.0109760200
  -0.0000475500    0.0000028500   -0.0109662000
  -0.0000341800   -0.0000096000   -0.0109689000
  -0.0000459700   -0.0000218700   -0.0109659300
  -0.0000399800    0.0000116400   -0.0109701600
  -0.0000338600    0.0000041500   -0.0100455100
  -0.0000473400    0.0000009500   -0.0100480900
  -0.0000397600   -0.0000005800   -0.0100347000
  -0.0000422600   -0.0000056000   -0.0100501300
  -0.0000428800   -0.0000022000   -0.0100337600
  -0.0000333600   -0.0000004800   -0.0100336200
  -0.0000396500    0.0000000600   -0.0100333200
  -0.0000385400    0.0000051800   -0.0100367100
  -0.0000411800   -0.0000010200   -0.0100377400

19   
  0.0043254809285550   0.0000000000000000   0.0090161086249394
   0.0423552400    0.0203834200    0.0513899900
  -0.0072724900    0.0082850700    0.0266116500
   0.0004426300    0.0000132200   -0.0000464000
   0.0070642900   -0.0287653800    0.0391009700
  -0.0001649400    0.0010111800   -0.0005150500
   0.0005384500   -0.0014148000    0.0008542500
   0.0001804300    0.0001559300   -0.0000553200
  -0.0019138500    0.0004095400    0.0001748700
   0.0001607300   -0.0001580000   -0.0000382000
  -0.0012211000    0.0000021700    0.0299189400
  -0.0008436200   -0.0006544500    0.0128439800
   0.0021801000   -0.0017784700    0.0142747400
  -0.0023647500   -0.0005486100    0.0137028800
   0.0000359600   -0.0000002100    0.0124481800
   0.0012574600   -0.0008517900    0.0134175400
  -0.0008568700    0.0031786500    0.0144109000
  -0.0002641700    0.0006517200    0.0126948600
   0.0000392800    0.0000033800    0.0124409900
  -0.0451677900    0.0000341300   -0.1173342300
   0.0036278600   -0.0003836400    0.0051693500
   0.0019437200   -0.0000928400    0.0059950600
   0.0005552600    0.0023919200    0.0052818800
  -0.0002860500   -0.0000013700    0.0095251200
   0.0001482000   -0.0007167300    0.0058932800
  -0.0002732000    0.0006638300    0.0056963700
   0.0009708400   -0.0018528500    0.0054825800
  -0.0002855400    0.0000034600    0.0095318500
  -0.0000432400    0.0000032600   -0.0109514600
  -0.0000188400    0.0000035400   -0.0109264800
  -0.0000351700   -0.0000029400   -0.0109294700
  -0.0000320700    0.0000011800   -0.0109286100
  -0.0000317000    0.0000022300   -0.0109261900
  -0.0000354100   -0.0000004300   -0.0109277700
  -0.0000314300    0.0000064700   -0.0109300700
  -0.0000363700   -0.0000077600   -0.0109266200
  -0.0000312400    0.0000103500   -0.0109331700
  -0.0000280000    0.0000035300   -0.0100549100
  -0.0000337800    0.0000018700   -0.0100639400
  -0.0000356300    0.0000036900   -0.0100466500
  -0.0000320500   -0.0000031600   -0.0100619800
  -0.0000329700   -0.0000015900   -0.0100557400
  -0.0000315200    0.0000008000   -0.0100516100
  -0.0000303100    0.0000016400   -0.0100481700
  -0.0000300000    0.0000054800   -0.0100556100
  -0.0000363500    0.0000033900   -0.0100525700

19   
 -0.0043254809285550   0.0000000000000000  -0.0090161086249394
  -0.0442185600   -0.0214078300   -0.0566288300
   0.0073626000   -0.0083522800   -0.0300994700
  -0.0004814400    0.0000031700   -0.0034877600
  -0.0071223600    0.0296515600   -0.0432556400
   0.0001525500   -0.0010339400   -0.0029756600
  -0.0005179600    0.0014051100   -0.0043917600
  -0.0001902400   -0.0001637300   -0.0034820500
   0.0019292400   -0.0003852700   -0.0036797000
  -0.0001863700    0.0001732700   -0.0034795000
   0.0012391500   -0.0000049400   -0.0037659400
   0.0008008400    0.0006371800    0.0136184100
  -0.0022091700    0.0017713600    0.0121552300
   0.0023572800    0.0005426300    0.0127304000
  -0.0000584400   -0.0000042500    0.0139994300
  -0.0012422800    0.0008515900    0.0130301600
   0.0008471600   -0.0032076300    0.0119902500
   0.0002556800   -0.0006097700    0.0137531700
  -0.0000604900    0.0000050700    0.0140053700
   0.0475877700    0.0001363500    0.1394963800
  -0.0036266300    0.0003883100    0.0138086700
  -0.0019966200    0.0000892700    0.0130384100
  -0.0005617800   -0.0024084400    0.0137358800
   0.0002696500   -0.0000056200    0.0094651500
  -0.0001510300    0.0007260800    0.0131369600
   0.0002673100   -0.0006660700    0.0133536100
  -0.0009802700    0.0018697800    0.0135251700
   0.0002640500    0.0000053600    0.0094602900
   0.0000185200    0.0000048400   -0.0109381600
   0.0000105500   -0.0000005800   -0.0109615200
   0.0000145700   -0.0000028100   -0.0109581800
   0.0000111100   -0.0000079400   -0.0109599300
   0.0000097200    0.0000069100   -0.0109614600
   0.0000242700    0.0000049700   -0.0109603400
   0.0000237300   -0.0000042000   -0.0109582100
   0.0000158200   -0.0000026200   -0.0109618400
   0.0000055200   -0.0000036900   -0.0109548500
   0.0000050300   -0.0000019600   -0.0100496700
   0.0000206900   -0.0000003100   -0.0100399600
   0.0000194000   -0.0000018400   -0.0100533900
   0.0000147700    0.0000051600   -0.0100440400
   0.0000196200    0.0000005500   -0.0100483600
   0.0000117600   -0.0000031000   -0.0100511800
   0.0000111400    0.0000039400   -0.0100548300
   0.0000120900   -0.0000051000   -0.0100488200
   0.0000220300    0.0000014300   -0.0100519000

28   
  0.0043254809285550   0.0000000000000000   0.0090161086249394
  -0.0000637600    0.0000466800   -0.0017159600
  -0.0001696400    0.0000608800   -0.0017578300
  -0.0000776600    0.0000478000   -0.0017700400
  -0.0001039800   -0.0000259800   -0.0017359500
  -0.0001115400    0.0000442100   -0.0017328900
  -0.0000942000    0.0000148400   -0.0017365100
  -0.0000695300    0.0000249100   -0.0017562200
  -0.0001283400    0.0000397200   -0.0017320100
  -0.0001127900    0.0000098600   -0.0017849400
  -0.0000992600    0.0000297000    0.0132501800
  -0.0001061400    0.0000322900    0.0132646300
  -0.0001049600    0.0000330200    0.0132581200
  -0.0001006300    0.0000256100    0.0132602400
  -0.0001042700    0.0000322400    0.0132689900
  -0.0001048700    0.0000305300    0.0132683000
  -0.0000968900    0.0000243200    0.0132593400
  -0.0001062900    0.0000268600    0.0132740800
  -0.0001068300    0.0000276000    0.0132684800
  -0.0001050600    0.0000299000    0.0095237300
  -0.0001084800    0.0000272100    0.0095535000
  -0.0000963700    0.0000276100    0.0095517800
  -0.0001100900    0.0000251800    0.0095529900
  -0.0001002300    0.0000323800    0.0095420800
  -0.0000993700    0.0000263400    0.0095468600
  -0.0000995800    0.0000353000    0.0095494300
  -0.0001058400    0.0000307700    0.0095446900
  -0.0001044400    0.0000275700    0.0095559000
  -0.1387032600   -0.0003230500   -0.0401529100
   0.0129977500    0.0018645400   -0.0099404600
   0.0129329700   -0.0018174300   -0.0098882800
  -0.0014706000    0.0064939400   -0.0099339600
   0.0035065200    0.0000303600   -0.0109178300
  -0.0014475400   -0.0064824900   -0.0098944100
  -0.0014429700    0.0102025300   -0.0099085400
  -0.0014772000   -0.0101341400   -0.0099213700
   0.0035085300    0.0000514100   -0.0109191300
   0.0596493000    0.0313368700   -0.0012673200
   0.0604354800   -0.0319039400   -0.0016858300
  -0.0063797000    0.0000362400   -0.0115465200
   0.0052758600   -0.0002773000   -0.0014748400
  -0.0021212100   -0.0031208600   -0.0096678100
  -0.0021278100    0.0031627400   -0.0096818500
  -0.0018299700   -0.0025942500   -0.0115487000
   0.0033167800    0.0000296500   -0.0096791800
  -0.0018318900    0.0026578000   -0.0115420700

28   
 -0.0043254809285550   0.0000000000000000  -0.0090161086249394
  -0.0000419600    0.0000167600   -0.0016911600
   0.0000426200    0.0000055900   -0.0016539000
  -0.0000400200    0.0000090100   -0.0016420600
  -0.0000092700    0.0000877300   -0.0016725900
  -0.0000174800    0.0000222100   -0.0016816200
  -0.0000119400    0.0000513900   -0.0016718000
  -0.0000474000    0.0000398300   -0.0016545300
   0.0000103500    0.0000387800   -0.0016794200
  -0.0000019000    0.0000584700   -0.0016300000
  -0.0000152600    0.0000373900    0.0132492500
  -0.0000101900    0.0000299900    0.0132208900
  -0.0000138200    0.0000335100    0.0132370800
  -0.0000191300    0.0000386000    0.0132309800
  -0.0000086400    0.0000350800    0.0132170900
  -0.0000109900    0.0000388700    0.0132320800
  -0.0000167300    0.0000409700    0.0132348500
  -0.0000066500    0.0000366800    0.0132203700
  -0.0000153100    0.0000380200    0.0132265200
  -0.0000106600    0.0000375600    0.0095570400
  -0.0000068200    0.0000356300    0.0095395100
  -0.0000222000    0.0000383800    0.0095318000
  -0.0000094700    0.0000395500    0.0095351500
  -0.0000130300    0.0000353700    0.0095494800
  -0.0000159600    0.0000427400    0.0095320400
  -0.0000140500    0.0000300100    0.0095346900
  -0.0000076200    0.0000323200    0.0095391500
  -0.0000167300    0.0000379800    0.0095276500
   0.1438030200   -0.0006350300    0.0154166200
  -0.0129935900   -0.0017870900   -0.0119475000
  -0.0131355100    0.0018671300   -0.0118572000
   0.0013670400   -0.0064443000   -0.0119279100
  -0.0036294500    0.0000321500   -0.0108974000
   0.0013221400    0.0065351900   -0.0118773700
   0.0013439400   -0.0101397200   -0.0118827300
   0.0013412700    0.0101541900   -0.0119228800
  -0.0036255400    0.0000593400   -0.0108985500
  -0.0601624600   -0.0316715000   -0.0181609700
  -0.0601735700    0.0315771500   -0.0189282000
   0.0062729600    0.0000501900   -0.0084917400
  -0.0053954100   -0.0007526400   -0.0185509100
   0.0020239700    0.0031765200   -0.0103446100
   0.0019972300   -0.0031156500   -0.0103457700
   0.0017207800    0.0026699100   -0.0084861000
  -0.0034387400    0.0000272200   -0.0103479600
   0.0017121900   -0.0025914800   -0.0084873500

37   
  0.0043254809285550   0.0000000000000000   0.0090161086249394
  -0.0000016300   -0.0000011800   -0.0017513900
  -0.0000010500   -0.0000178900   -0.0017046500
  -0.0000512200   -0.0000214200   -0.0017169400
  -0.0000166500    0.0000248600   -0.0017126600
  -0.0000263200    0.0000004400   -0.0017251700
  -0.0000101000    0.0000386200   -0.0017068500
  -0.0000437400   -0.0000186800   -0.0017190400
   0.0000137100   -0.0000057800   -0.0017044100
  -0.0000232800    0.0000005400   -0.0016834900
  -0.0000208500   -0.0000002900    0.0131905500
  -0.0000139100   -0.0000055200    0.0131749100
  -0.0000189200   -0.0000014800    0.0131942100
  -0.0000220800    0.0000034000    0.0131797700
  -0.0000124800    0.0000016600    0.0131704200
  -0.0000186900    0.0000033700    0.0131809500
  -0.0000188600    0.0000016300    0.0131918900
  -0.0000141700   -0.0000037000    0.0131729900
  -0.0000200900    0.0000006700    0.0131874500
  -0.0000085100    0.0000068100    0.0094637300
  -0.0000177500    0.0000003900    0.0094775800
  -0.0000271900    0.0000037800    0.0094610200
  -0.0000184500   -0.0000009500    0.0094746900
  -0.0000188000    0.0000008900    0.0094804900
  -0.0000158000    0.0000072300    0.0094666800
  -0.0000176900   -0.0000106400    0.0094626900
  -0.0000116500   -0.0000041500    0.0094729100
  -0.0000238200   -0.0000032400    0.0094618000
   0.0601758200    0.0317714800   -0.0028786400
  -0.0062714300    0.0000033700   -0.0124881500
   0.0600517900   -0.0314827000   -0.0019722600
  -0.0017379200   -0.0026483800   -0.0124854900
  -0.0017535800    0.0026145100   -0.0124887100
   0.0034031400   -0.0000211200   -0.0106225600
   0.0053685400    0.0006777500   -0.0024194600
  -0.0020510200    0.0031466600   -0.0106214200
  -0.0020366800   -0.0031055300   -0.0106261000
  -0.1458758900   -0.0009690400   -0.0166148000
   0.0110835900    0.0002830100   -0.0126327400
   0.0109936800   -0.0002990500   -0.0125851400
   0.0016072900    0.0051735300   -0.0126167100
   0.0013647100    0.0000004500   -0.0097965300
   0.0015929100   -0.0051350500   -0.0125847200
   0.0016012800    0.0057376300   -0.0125938400
   0.0016057700   -0.0057466800   -0.0126161500
   0.0013579800   -0.0000002500   -0.0097967200

37   
 -0.0043254809285550   0.0000000000000000  -0.0090161086249394
  -0.0000115200   -0.0000002200   -0.0017367500
  -0.0000353900    0.0000189400   -0.0017925500
   0.0000278200    0.0000143500   -0.0017771100
  -0.0000054100   -0.0000308300   -0.0017816800
  -0.0000090900    0.0000005200   -0.0017733300
  -0.0000031300   -0.0000391800   -0.0017851400
   0.0000211500    0.0000184900   -0.0017771700
  -0.0000395000    0.0000187600   -0.0017916700
   0.0000002600    0.0000003800   -0.0018145900
  -0.0000011000    0.0000003300    0.0132238700
  -0.0000111300    0.0000016700    0.0132260300
  -0.0000059800    0.0000026900    0.0132184000
  -0.0000052000   -0.0000055100    0.0132241300
  -0.0000072200    0.0000018600    0.0132331900
  -0.0000053400    0.0000002400    0.0132342600
   0.0000001800   -0.0000015900    0.0132197000
  -0.0000079300    0.0000017000    0.0132381300
  -0.0000102400   -0.0000008000    0.0132221800
  -0.0000145700   -0.0000062500    0.0095181000
  -0.0000062100   -0.0000037600    0.0095170000
   0.0000025700   -0.0000033700    0.0095222600
  -0.0000086800   -0.0000006000    0.0095174700
  -0.0000012900    0.0000030700    0.0095111500
  -0.0000075100   -0.0000040000    0.0095143500
  -0.0000011600    0.0000107600    0.0095212000
  -0.0000110000    0.0000016300    0.0095116300
  -0.0000053600    0.0000030000    0.0095243000
  -0.0597478800   -0.0312566100   -0.0197498100
   0.0063014800    0.0000124400   -0.0094275400
  -0.0606005900    0.0319757600   -0.0192256300
   0.0017322600    0.0026059000   -0.0094225000
   0.0017095200   -0.0026425800   -0.0094296800
  -0.0034273800   -0.0000069800   -0.0112901900
  -0.0053804600    0.0002517200   -0.0194908700
   0.0020177400   -0.0031530700   -0.0112935000
   0.0020085600    0.0031702000   -0.0112896300
   0.1469308100   -0.0009718000   -0.0021923700
  -0.0110445700   -0.0003015800   -0.0075413700
  -0.0110619800    0.0002868500   -0.0075246400
  -0.0016429900   -0.0051569300   -0.0075335800
  -0.0013731800    0.0000039000   -0.0103378200
  -0.0016217200    0.0051398400   -0.0075190500
  -0.0016129900   -0.0057094400   -0.0075258800
  -0.0016453500    0.0057547100   -0.0075342700
  -0.0013792900   -0.0000046300   -0.0103390500
