96   
12   

1    
  0.0056154830029045   0.0000000000000000   0.0082744395969812
  -0.1019540383   -0.0002297128   -0.1775509833
   0.0019326829    0.0045831400   -0.0069633017
   0.0006652012   -0.0000859500   -0.0005409589
   0.0014814965   -0.0051167600   -0.0068877169
   0.0011548185   -0.0043230307   -0.0071507530
   0.0001374020   -0.0003539532   -0.0008532460
   0.0002721313    0.0002628371   -0.0007932637
   0.0014614431    0.0049258860   -0.0066989056
  -0.0002353713    0.0005219843   -0.0005863288
   0.0007399443    0.0000743318   -0.0008232097
  -0.0001034213   -0.0004381443   -0.0004928888
   0.0007275543    0.0000547882   -0.0008228997
   0.0009669631    0.0050800140   -0.0071123356
   0.0016616185   -0.0050910493   -0.0067369730
   0.0002476520    0.0002841932   -0.0007718460
   0.0001514613   -0.0003241571   -0.0008760337
   0.0001748126    0.0001157306    0.0017879064
   0.0000310585    0.0001050915    0.0018748335
  -0.0000104398    0.0000573981    0.0019621438
  -0.0000999932    0.0000399956    0.0014863578
   0.0001021092   -0.0000447305    0.0018825423
   0.0000051046   -0.0000023794    0.0019921785
  -0.0000606073   -0.0000027173    0.0019581010
  -0.0000188842   -0.0000000800    0.0014615217
   0.0000697898   -0.0000447529    0.0019262664
  -0.0000450512   -0.0000739464    0.0019146248
   0.0000467240    0.0000368104    0.0017539468
  -0.0000362701    0.0000136596    0.0018597638
  -0.0000292873   -0.0001556852    0.0016359037
   0.0000090777   -0.0000127150    0.0014192988
  -0.0000173985   -0.0000483515    0.0018044466
   0.0000077139    0.0000148923    0.0015019028
  -0.0015115115   -0.0049695796    0.0101035331
  -0.0000465166   -0.0005029391   -0.0066653013
   0.0005553328    0.0004831991   -0.0068146646
   0.0399528610   -0.0189735528    0.0380310678
  -0.0001776248    0.0000463622   -0.0066004278
  -0.0000673901    0.0000000589   -0.0074604678
   0.0001369675   -0.0005746092   -0.0068850040
  -0.0017225393   -0.0015156758   -0.0059618140
   0.0004227226    0.0001053005   -0.0066724969
   0.0001273055    0.0004348510   -0.0068069498
  -0.0000987731    0.0000128619   -0.0075126095
  -0.0000476326   -0.0000446236   -0.0076566005
   0.0070949353    0.0240395868    0.0241793326
  -0.0011676411   -0.0003278617   -0.0060232862
  -0.0001232359    0.0000381495   -0.0075827430
   0.0014653015    0.0018344323   -0.0059072242
   0.0402525703    0.0191281921    0.0613244839
   0.0004856123   -0.0002619259    0.0157610287
  -0.0001223043    0.0005128048    0.0158462085
  -0.0008022893    0.0045724347    0.0322975872
   0.0002603198    0.0004432970    0.0157536211
  -0.0000389401   -0.0000001211    0.0150332471
  -0.0002647217   -0.0000577331    0.0158581225
  -0.0017320045    0.0015545917    0.0164338447
   0.0001699149   -0.0004824487    0.0157935886
   0.0002459898   -0.0001608995    0.0158120302
  -0.0001207085   -0.0000015791    0.0148237107
  -0.0000071328   -0.0000668823    0.0150329900
   0.0071219944   -0.0235944422    0.0466916235
   0.0015021754   -0.0018745420    0.0164152442
  -0.0001209748    0.0000743889    0.0149273883
  -0.0011823416    0.0003115368    0.0164594780
   0.0004399993    0.0002626030   -0.0044979694
   0.0000686204    0.0000988393   -0.0054614404
  -0.0003315726    0.0001849972   -0.0049347670
   0.0000552605   -0.0004301958   -0.0058120056
   0.0001099121   -0.0000243825   -0.0054877044
  -0.0000599880   -0.0000739393   -0.0054263665
  -0.0000962307    0.0000106013   -0.0053235173
   0.0000467541    0.0000174925   -0.0052631488
  -0.0000125547   -0.0004448247   -0.0047123535
  -0.0000265044   -0.0000897664   -0.0053359025
   0.0000024825    0.0000000174   -0.0053217056
   0.0000200273   -0.0000578618   -0.0052661607
  -0.0004175195    0.0002707959   -0.0059206128
   0.0000548822    0.0000430907   -0.0053091013
  -0.0000495070    0.0000684640   -0.0052999981
   0.0003393914    0.0001615895   -0.0057152265
   0.0000029805    0.0000120417   -0.0028238010
   0.0000037199    0.0000132676   -0.0028539284
  -0.0000102847   -0.0000012323   -0.0028134902
  -0.0000093368    0.0000113457   -0.0028535080
   0.0000045198   -0.0000011779   -0.0028654430
  -0.0000165243   -0.0000116993   -0.0028515644
   0.0000294642   -0.0000043482   -0.0028499395
  -0.0000234998   -0.0000009696   -0.0028424417
  -0.0000145534   -0.0000072091   -0.0028224461
   0.0000164180    0.0000188709   -0.0028455035
  -0.0000040699   -0.0000004402   -0.0028748356
  -0.0000060550    0.0000187995   -0.0028330773
   0.0000019710   -0.0000088766   -0.0028555618
  -0.0000050782   -0.0000237516   -0.0028384992
   0.0000162025   -0.0000174916   -0.0028335909
  -0.0000050239    0.0000000908   -0.0028430637

1    
 -0.0056154830029045   0.0000000000000000  -0.0082744395969812
   0.1017853893   -0.0002685124    0.1792045265
  -0.0016954965   -0.0045694300    0.0046323269
  -0.0006582112    0.0000869600   -0.0018684611
  -0.0017191029    0.0051459400    0.0044142017
  -0.0010934731    0.0044637260    0.0047005056
  -0.0001250713    0.0003437471   -0.0015517563
  -0.0002697520   -0.0002720432   -0.0016150040
  -0.0015388885   -0.0047837307    0.0043506730
   0.0002581413   -0.0005258043   -0.0018135412
  -0.0007298043   -0.0000851482   -0.0015836403
   0.0000908513    0.0004399543   -0.0019203612
  -0.0007381043   -0.0000497618   -0.0015835803
  -0.0010676085   -0.0051766893    0.0045897130
  -0.0015493131    0.0049800740    0.0044572256
  -0.0002470113   -0.0002772071   -0.0016265663
  -0.0001583620    0.0003423132   -0.0015439240
  -0.0001613753   -0.0001108609    0.0016931991
  -0.0000337579   -0.0001054940    0.0015992109
   0.0000167910   -0.0000618375    0.0015092217
   0.0000912852   -0.0000408489    0.0019866912
  -0.0001026666    0.0000368423    0.0015924718
  -0.0000008307   -0.0000026894    0.0014840445
   0.0000640024    0.0000054883    0.0015199167
   0.0000187023   -0.0000031482    0.0020102540
  -0.0000746451    0.0000543169    0.0015469862
   0.0000563223    0.0000700264    0.0015639703
  -0.0000495204   -0.0000417848    0.0017216588
   0.0000432707   -0.0000048755    0.0016156380
   0.0000241120    0.0001515507    0.0018379568
  -0.0000085978    0.0000197624    0.0020458357
   0.0000263480    0.0000512688    0.0016663896
  -0.0000049989   -0.0000140167    0.0019721406
   0.0015122089    0.0049573221   -0.0251085648
   0.0000399160    0.0004827340   -0.0082828135
  -0.0005713304   -0.0004781992   -0.0081328941
  -0.0415292565    0.0198955175   -0.0544707781
   0.0001626297   -0.0000551246   -0.0083396008
   0.0000779226    0.0000017489   -0.0074960396
  -0.0001454518    0.0005612113   -0.0080802531
   0.0016994126    0.0015172107   -0.0089761254
  -0.0004210174   -0.0001044629   -0.0082621386
  -0.0001350328   -0.0004132039   -0.0081494804
   0.0001050758   -0.0000110758   -0.0074404739
   0.0000386500    0.0000482053   -0.0072883257
  -0.0070677431   -0.0247430152   -0.0396687494
   0.0011311274    0.0003177639   -0.0089255141
   0.0001229838   -0.0000279019   -0.0073613828
  -0.0014873220   -0.0018457084   -0.0090361493
  -0.0386945453   -0.0182214774   -0.0298211746
  -0.0004637153    0.0002540158    0.0142303495
   0.0001352449   -0.0005257899    0.0141383666
   0.0008221119   -0.0045952622   -0.0022410460
  -0.0002570658   -0.0004490953    0.0142522357
   0.0000469075    0.0000017189    0.0149645703
   0.0002792669    0.0000456806    0.0141202263
   0.0017585414   -0.0015559061    0.0135486853
  -0.0001601275    0.0004982459    0.0142038417
  -0.0002404051    0.0001704874    0.0141600353
   0.0001296511   -0.0000003392    0.0151679955
   0.0000022602    0.0000716483    0.0149596934
  -0.0071305368    0.0229157241   -0.0161440074
  -0.0014851941    0.0018619258    0.0135704408
   0.0001279268   -0.0000622814    0.0150616475
   0.0012194652   -0.0003166647    0.0135362924
  -0.0004516356   -0.0002609137   -0.0062243149
  -0.0000593624   -0.0000915995   -0.0052619661
   0.0003331062   -0.0001870132   -0.0057926635
  -0.0000494403    0.0004373640   -0.0049003590
  -0.0001062583    0.0000255120   -0.0052146971
   0.0000578317    0.0000660250   -0.0052971149
   0.0001060796   -0.0000089381   -0.0053801301
  -0.0000501895   -0.0000258591   -0.0054412853
   0.0000041006    0.0004540020   -0.0060079342
   0.0000399799    0.0000892104   -0.0053888808
  -0.0000086489    0.0000004975   -0.0053984607
  -0.0000109335    0.0000598699   -0.0054489019
   0.0004116811   -0.0002670802   -0.0048062020
  -0.0000512485   -0.0000511415   -0.0054223617
   0.0000531315   -0.0000686611   -0.0054226575
  -0.0003377767   -0.0001679645   -0.0050056427
  -0.0000067945   -0.0000040766   -0.0028244023
   0.0000040923   -0.0000064168   -0.0027896893
   0.0000090411    0.0000014837   -0.0028290079
   0.0000139222   -0.0000013284   -0.0028005601
  -0.0000030889    0.0000024988   -0.0027985846
   0.0000139543    0.0000037383   -0.0027930146
  -0.0000190655    0.0000046399   -0.0028118883
   0.0000214601   -0.0000093062   -0.0028179132
   0.0000054214    0.0000096632   -0.0028270557
  -0.0000048955   -0.0000181754   -0.0027975194
  -0.0000010890   -0.0000000802   -0.0027718430
   0.0000164335   -0.0000193003   -0.0028182718
  -0.0000031079    0.0000087317   -0.0027921266
   0.0000076341    0.0000172202   -0.0027975915
  -0.0000137429    0.0000183613   -0.0028114089
   0.0000082155   -0.0000047034   -0.0028023329

17   
  0.0056154830029045   0.0000000000000000   0.0082744395969812
   0.0002499853    0.0001578209   -0.0011895491
  -0.0001788852    0.0000842589   -0.0013655212
   0.0000794390   -0.0000149325   -0.0010083517
  -0.0000559121   -0.0000389360   -0.0009774809
  -0.0000178120   -0.0002546207   -0.0012776268
   0.0000687589    0.0000500667   -0.0014462306
  -0.0000202480    0.0000906512   -0.0011056196
  -0.0000579622    0.0000141976   -0.0014456557
   0.0000254851    0.0000462931   -0.0009506362
   0.0000832893   -0.0000635045   -0.0011342180
  -0.0000701496   -0.0000262852   -0.0010764288
  -0.0000026723    0.0001041536   -0.0010329603
  -0.0000341734   -0.0000244923   -0.0009376118
  -0.0000099623   -0.0000659118   -0.0014469740
   0.0000709576   -0.0000642183   -0.0010489267
   0.0000025107    0.0000019994   -0.0009201845
  -0.0912681758   -0.0002251255   -0.1772449483
   0.0005711029    0.0059160900    0.0013843683
   0.0026680612   -0.0000236000    0.0019105111
   0.0007003965   -0.0058263900    0.0011266131
   0.0006527585   -0.0060284807    0.0013102970
   0.0004031520   -0.0003838232    0.0015429540
   0.0002852813    0.0004341871    0.0015866363
   0.0007545631    0.0057898060    0.0012007444
   0.0002967287    0.0013692143    0.0019002912
   0.0010514743   -0.0000682282    0.0015640903
   0.0003363587   -0.0013464543    0.0019250112
   0.0010489043    0.0000383482    0.0015633003
   0.0007841931    0.0059407440    0.0011808644
   0.0006226385   -0.0057245993    0.0013282070
   0.0003767320    0.0003902132    0.0015293240
   0.0003129213   -0.0004228771    0.0015995363
  -0.0000040614   -0.0000110900   -0.0074876640
  -0.0000079294    0.0000102800   -0.0073776242
   0.0000108025   -0.0000191500   -0.0074530569
   0.0000219464   -0.0000001600   -0.0073593550
   0.0000053702   -0.0000110350   -0.0073750514
   0.0000034798   -0.0000095709   -0.0074227928
  -0.0000092778    0.0000094030   -0.0074217641
  -0.0000091517   -0.0000043962   -0.0073757268
  -0.0000334582    0.0000172543   -0.0074478665
   0.0000123381   -0.0000044018   -0.0074260332
   0.0000049018    0.0000068157   -0.0074514965
   0.0000021081   -0.0000127382   -0.0074542732
   0.0000174683    0.0000249662   -0.0073663968
   0.0000016302   -0.0000074450   -0.0073669914
  -0.0000152902   -0.0000004391   -0.0074646728
   0.0000041622    0.0000102270   -0.0074513841
   0.0002112253   -0.0000096000    0.0140912454
  -0.0001575393    0.0001991600    0.0153704165
  -0.0000067981   -0.0000090100    0.0150362296
   0.0002434297    0.0004092000    0.0153672797
   0.0001272435   -0.0003026036    0.0152052776
  -0.0000461110   -0.0000191289    0.0149437947
   0.0000893317   -0.0000660590    0.0150418010
  -0.0002176267   -0.0003354123    0.0155419241
   0.0000020638   -0.0000120136    0.0150465842
  -0.0000203296    0.0000813651    0.0149960129
   0.0000216538    0.0000253536    0.0150199242
  -0.0000295396    0.0000092849    0.0149678529
   0.0004441533    0.0000394223    0.0152050641
  -0.0002773965    0.0000008636    0.0155299776
  -0.0000437810   -0.0000009111    0.0150222847
  -0.0000619783   -0.0000105110    0.0149204910
  -0.0033026053   -0.0042610850    0.0069226532
  -0.0005381814   -0.0005650871   -0.0046166852
   0.0004391288    0.0007758467   -0.0056241353
   0.0390982760   -0.0201998209    0.0377788998
  -0.0000338201   -0.0001355121   -0.0048468451
  -0.0000750915   -0.0000036379   -0.0050147870
   0.0002741016   -0.0008335556   -0.0053939506
  -0.0016558984   -0.0007282618   -0.0043219572
   0.0006533706   -0.0002758601   -0.0053505231
  -0.0000266655    0.0010367315   -0.0048901280
  -0.0002074989    0.0000551711   -0.0052547463
  -0.0000445394   -0.0001424516   -0.0051281454
   0.0040944120    0.0245512186    0.0224614436
  -0.0003245494   -0.0007754215   -0.0050200815
  -0.0002981714    0.0000973477   -0.0051850728
   0.0009357454    0.0014878054   -0.0036376171
   0.0409188972    0.0212048653    0.0430011977
   0.0005620569   -0.0008672469   -0.0032079121
  -0.0005930367    0.0005038755   -0.0022308490
  -0.0034425140    0.0044288879    0.0101357204
   0.0002617963    0.0009204184   -0.0029841369
  -0.0001123547   -0.0000039878   -0.0025660806
   0.0000031764    0.0002438309   -0.0024530683
  -0.0016857859    0.0005048243   -0.0016709473
  -0.0000826320   -0.0010383275   -0.0024977426
   0.0008011146    0.0002409227   -0.0029421771
  -0.0000524567    0.0001394137   -0.0026857434
  -0.0002227474   -0.0000344282   -0.0027963774
   0.0042092777   -0.0255341404    0.0264506420
   0.0007979704   -0.0014415453   -0.0011137101
  -0.0002880194   -0.0000954484   -0.0027488535
  -0.0000755252    0.0009211939   -0.0022161090

17   
 -0.0056154830029045   0.0000000000000000  -0.0082744395969812
  -0.0002517726   -0.0001700906   -0.0011793564
   0.0001994432   -0.0000959756   -0.0009933178
  -0.0000591102    0.0000101319   -0.0013542838
   0.0000652815    0.0000383485   -0.0013843735
   0.0000413973    0.0002515752   -0.0010858037
  -0.0000486039   -0.0000487023   -0.0009080528
   0.0000342685   -0.0000923185   -0.0012545866
   0.0000534523   -0.0000225450   -0.0009096088
  -0.0000043598   -0.0000430171   -0.0014078764
  -0.0000676299    0.0000572604   -0.0012251038
   0.0000824860    0.0000341596   -0.0012850768
   0.0000064912   -0.0000855836   -0.0013266948
   0.0000458308    0.0000315405   -0.0014252223
   0.0000353642    0.0000653000   -0.0009088117
  -0.0000632727    0.0000612473   -0.0013125610
   0.0000055054    0.0000065194   -0.0014388685
   0.0899435003   -0.0002442669    0.1788571473
  -0.0003767965   -0.0058750400    0.0021834169
  -0.0026501212    0.0000112900    0.0016129289
  -0.0008695329    0.0058679200    0.0023480017
  -0.0006266631    0.0060785060    0.0021877756
  -0.0003867513    0.0003646971    0.0019860337
  -0.0002673920   -0.0004534732    0.0019400360
  -0.0007570985   -0.0057369507    0.0023449530
  -0.0002923887   -0.0013575543    0.0016226788
  -0.0010366143    0.0000699318    0.0019651297
  -0.0003179287    0.0013500143    0.0016061888
  -0.0010344143   -0.0000338618    0.0019628997
  -0.0008049085   -0.0059676893    0.0022668930
  -0.0005744631    0.0056953240    0.0022624056
  -0.0003623113   -0.0003849971    0.0020090337
  -0.0002929420    0.0004318932    0.0019166260
   0.0000147668    0.0000007500   -0.0073730534
   0.0000218934   -0.0000146600   -0.0074847183
   0.0000043352    0.0000219900   -0.0074016954
  -0.0000067734   -0.0000073400   -0.0074950740
   0.0000141137    0.0000168684   -0.0074899843
   0.0000175803    0.0000101611   -0.0074336273
   0.0000160550   -0.0000104210   -0.0074369304
   0.0000178505    0.0000108129   -0.0074922371
   0.0000480080   -0.0000212655   -0.0074079150
   0.0000026121    0.0000022303   -0.0074347186
   0.0000075080   -0.0000016845   -0.0074051450
   0.0000117521    0.0000135797   -0.0074024086
  -0.0000047095   -0.0000178129   -0.0074905471
   0.0000191837    0.0000050716   -0.0074912743
   0.0000264203   -0.0000003211   -0.0073917073
   0.0000071850   -0.0000065590   -0.0074093804
  -0.0002087319    0.0000014700    0.0159699493
   0.0001708188   -0.0002040900    0.0146933722
   0.0000209066    0.0000105000    0.0150178875
  -0.0002196906   -0.0004107700    0.0146950716
  -0.0001086096    0.0003026470    0.0148589801
   0.0000662141    0.0000196362    0.0151118125
  -0.0000813357    0.0000649006    0.0150179532
   0.0002286413    0.0003338515    0.0145305698
   0.0000125721    0.0000096778    0.0150088822
   0.0000348739   -0.0000813196    0.0150647729
  -0.0000089279   -0.0000213378    0.0150356022
   0.0000432339   -0.0000091404    0.0150899629
  -0.0004215687   -0.0000298515    0.0148567298
   0.0002944604   -0.0000000270    0.0145338601
   0.0000542841    0.0000021838    0.0150356125
   0.0000750643    0.0000142194    0.0151399832
   0.0033217045    0.0042498885   -0.0176723926
   0.0005354249    0.0005694551   -0.0060326501
  -0.0004213773   -0.0007698168   -0.0050427060
  -0.0405806796    0.0211174364   -0.0501134818
   0.0000475929    0.0001143997   -0.0057911606
   0.0000793646   -0.0000040878   -0.0056383793
  -0.0002538860    0.0008075986   -0.0052742814
   0.0016599958    0.0007294515   -0.0063237714
  -0.0006293042    0.0002887629   -0.0052962114
   0.0000244419   -0.0010052463   -0.0057724162
   0.0002225573   -0.0000408480   -0.0053991023
   0.0000537766    0.0001454634   -0.0055264763
  -0.0040228782   -0.0252660120   -0.0337793452
   0.0003165258    0.0007699735   -0.0056470914
   0.0003003188   -0.0000993584   -0.0054606962
  -0.0009487150   -0.0015116922   -0.0070182070
  -0.0393833935   -0.0202753998   -0.0468988056
  -0.0005544385    0.0008867869   -0.0023822765
   0.0006260232   -0.0005131975   -0.0033564757
   0.0034343748   -0.0044276244   -0.0156326310
  -0.0002479618   -0.0009563054   -0.0026051611
   0.0001169717   -0.0000042079   -0.0030280631
   0.0000233108   -0.0002594934   -0.0031433260
   0.0017085379   -0.0005052231   -0.0039307249
   0.0001132555    0.0010768027   -0.0030914733
  -0.0007990510   -0.0002288099   -0.0026543184
   0.0000717395   -0.0001319218   -0.0029149949
   0.0002345490    0.0000439614   -0.0027927540
  -0.0042508115    0.0247958469   -0.0313715104
  -0.0007577209    0.0014185785   -0.0044764158
   0.0003056020    0.0000923578   -0.0028562175
   0.0001162488   -0.0009250518   -0.0033696182

33   
  0.0056154830029045   0.0000000000000000   0.0082744395969812
  -0.0014432789   -0.0049398321    0.0163483348
   0.0415809565   -0.0198921475    0.0458753381
   0.0001979004    0.0000170592   -0.0002494459
   0.0003830040    0.0003193260   -0.0006593565
   0.0071177331    0.0246746852    0.0309614194
   0.0002548120    0.0011230184    0.0012197593
  -0.0001045038   -0.0001310681   -0.0013037372
   0.0001076427   -0.0010414439   -0.0005864959
   0.0004018174    0.0003079829   -0.0003557814
  -0.0001581400    0.0000307747   -0.0012845743
   0.0000592242    0.0000969958   -0.0013234661
   0.0002064528   -0.0006511361   -0.0005501896
   0.0002095603   -0.0003234254   -0.0005606292
  -0.0016928626   -0.0000892307    0.0003144654
  -0.0001844582    0.0003277787   -0.0003467769
  -0.0000560126    0.0000032411   -0.0011705604
   0.0000188832    0.0000042600    0.0016725534
   0.0000391734    0.0000115700    0.0018004640
   0.0000326248    0.0000087900    0.0017075154
   0.0000262866   -0.0000082200    0.0017839583
   0.0000283695    0.0000092229    0.0018017071
   0.0000363350    0.0000104590    0.0017107904
   0.0000103897    0.0000041611    0.0016991473
   0.0000282963    0.0000042184    0.0017838643
   0.0000173020    0.0000032655    0.0016946450
   0.0000185279   -0.0000181797    0.0017033886
   0.0000090520   -0.0000178355    0.0017211250
   0.0000363379   -0.0000019503    0.0017363886
   0.0000161063    0.0000015716    0.0017945843
   0.0000235995   -0.0000139729    0.0017923771
   0.0000267950    0.0000041610    0.0017374104
   0.0000196397   -0.0000099311    0.0017379473
  -0.0546654631    0.0002290018   -0.1093630921
   0.0027391720    0.0000324000   -0.0097177265
  -0.0000035091   -0.0001078600   -0.0078860508
   0.0039320276    0.0002370500   -0.0105309479
   0.0001657709    0.0012124264   -0.0098577647
  -0.0000064620   -0.0000108334   -0.0075961425
  -0.0000613590    0.0000456802   -0.0074491753
   0.0005455782   -0.0024118705   -0.0104118203
  -0.0000430793    0.0000203910   -0.0079478807
   0.0000164626   -0.0000351658   -0.0075197688
   0.0001377007    0.0000727590   -0.0078308007
   0.0000169926    0.0001235858   -0.0075159288
   0.0007920982    0.0020887705   -0.0102595703
  -0.0000688591   -0.0011563864   -0.0100067847
   0.0000768880   -0.0000258266   -0.0075451625
  -0.0001474490   -0.0000943002   -0.0074992453
  -0.0013874868   -0.0000065700    0.0288598245
   0.0019181977    0.0014532800    0.0160313799
   0.0000765649   -0.0001361100    0.0150249910
  -0.0005104699    0.0003235400    0.0144953741
   0.0009286736    0.0007293717    0.0151791376
   0.0000864193    0.0000449711    0.0149258142
   0.0000642391   -0.0000290147    0.0148608001
  -0.0018364941    0.0004876818    0.0153526045
  -0.0001450296    0.0001265606    0.0150993224
   0.0000126830   -0.0000145627    0.0148907951
   0.0000845404   -0.0000027306    0.0149542424
   0.0000574730    0.0000153527    0.0148916951
  -0.0003010241   -0.0002797718    0.0144146145
  -0.0006430864   -0.0027270817    0.0161291076
   0.0000830393   -0.0000062311    0.0149224842
   0.0000467791   -0.0000053653    0.0148740901
   0.0000496003    0.0000213686   -0.0053233588
  -0.0000084934   -0.0000103226   -0.0053630251
   0.0000533251   -0.0000155934   -0.0053450028
   0.0000118046    0.0000068709   -0.0053118486
  -0.0000071678   -0.0000394232   -0.0053497630
   0.0000121500    0.0000011706   -0.0053125310
   0.0000512627   -0.0000088975   -0.0053438891
   0.0000202847   -0.0000027593   -0.0053186348
   0.0000407798    0.0000385314   -0.0053490428
   0.0000258089    0.0000251879   -0.0053565013
   0.0000362153    0.0000068732   -0.0053484542
   0.0000170091   -0.0000046193   -0.0053556882
   0.0000224096   -0.0000224182   -0.0053230928
   0.0000243595   -0.0000052206   -0.0053411358
   0.0000168180   -0.0000064454   -0.0053571550
   0.0000279663    0.0000069470   -0.0053325348
   0.0000133069   -0.0000006035   -0.0027888146
   0.0000226133   -0.0000008693   -0.0027967700
   0.0000253068   -0.0000072564   -0.0027998543
   0.0000281143   -0.0000019780   -0.0027977606
   0.0000182682   -0.0000045652   -0.0028075476
   0.0000211524    0.0000012901   -0.0027988250
   0.0000320550   -0.0000012121   -0.0028006767
   0.0000233949   -0.0000031509   -0.0028103515
   0.0000236666    0.0000005415   -0.0028020099
   0.0000227198    0.0000031117   -0.0027978344
   0.0000289849    0.0000007020   -0.0027869640
   0.0000233294   -0.0000063646   -0.0027973212
   0.0000240657    0.0000082415   -0.0027868826
   0.0000225035   -0.0000023982   -0.0027893331
   0.0000201507    0.0000013525   -0.0027861426
   0.0000271699    0.0000046090   -0.0027957998

33   
 -0.0056154830029045   0.0000000000000000  -0.0082744395969812
   0.0015483315    0.0049526696   -0.0187792031
  -0.0398357610    0.0189386428   -0.0465926478
  -0.0000956828   -0.0000186091   -0.0020739454
  -0.0003509934   -0.0003254609   -0.0016605387
  -0.0070337653   -0.0240497668   -0.0328295926
  -0.0002252315   -0.0011376523   -0.0035265758
   0.0001592159    0.0001210605   -0.0010310770
  -0.0000519389    0.0010358817   -0.0017668238
  -0.0003214826   -0.0002811405   -0.0019689431
   0.0002141726   -0.0000294964   -0.0010510495
  -0.0000009069   -0.0000888519   -0.0010115205
  -0.0001543055    0.0006691990   -0.0017648102
  -0.0001580052    0.0003095278   -0.0017632722
   0.0017425793    0.0001027458   -0.0026490360
   0.0002557625   -0.0003465808   -0.0019727760
   0.0001053601    0.0000026811   -0.0011551122
   0.0000342814    0.0000065300    0.0018749240
   0.0000239636   -0.0000028600    0.0017488350
   0.0000312775   -0.0000064400    0.0018410169
   0.0000427894    0.0000129800    0.0017633242
   0.0000280217   -0.0000051362    0.0017489468
   0.0000194978   -0.0000068070    0.0018393441
   0.0000571002   -0.0000086909    0.0018494828
   0.0000400098   -0.0000053850    0.0017659814
   0.0000433182   -0.0000098643    0.0018546165
   0.0000354919    0.0000163582    0.0018432832
   0.0000633082    0.0000111643    0.0018285265
   0.0000260019   -0.0000095982    0.0018116732
   0.0000431898   -0.0000006050    0.0017551714
   0.0000348517    0.0000118762    0.0017588568
   0.0000385678   -0.0000084030    0.0018117541
   0.0000457902    0.0000075709    0.0018101328
   0.0471279129    0.0001501403    0.0890043781
  -0.0026295976   -0.0000394700   -0.0051965821
   0.0000676891    0.0001039500   -0.0070076792
  -0.0038973019   -0.0002205100   -0.0043432135
  -0.0001173382   -0.0012060305   -0.0050680696
   0.0000616390    0.0000108902   -0.0072936147
   0.0001333120   -0.0000526834   -0.0074377475
  -0.0004981208    0.0023984964   -0.0044861653
   0.0001116693   -0.0000204610   -0.0069502593
   0.0000426474    0.0000406842   -0.0073662012
  -0.0000698707   -0.0000782790   -0.0070674793
   0.0000377874   -0.0001207242   -0.0073657112
  -0.0007253208   -0.0020827064   -0.0046337053
   0.0001153318    0.0011462105   -0.0049079896
  -0.0000076110    0.0000267498   -0.0073392547
   0.0002056020    0.0000931534   -0.0073836975
   0.0014215458   -0.0000019400    0.0014489123
  -0.0018472258   -0.0014657700    0.0140719579
  -0.0000136050    0.0001306200    0.0150715425
   0.0005928660   -0.0003328600    0.0155734282
  -0.0008914183   -0.0007291116    0.0149132180
  -0.0000239036   -0.0000405806    0.0151646046
   0.0000054669    0.0000233937    0.0152345372
   0.0018851002   -0.0004864052    0.0147316733
   0.0002112288   -0.0001245513    0.0150019839
   0.0000463673    0.0000178104    0.0152003740
  -0.0000165912   -0.0000000487    0.0151404439
  -0.0000003127   -0.0000102004    0.0151913240
   0.0003630502    0.0003011252    0.0156635333
   0.0006950217    0.0026945716    0.0139831180
  -0.0000130436    0.0000081006    0.0151636646
   0.0000085569    0.0000020563    0.0152128572
   0.0000078755   -0.0000135511   -0.0053292016
   0.0000748846    0.0000150699   -0.0052950487
   0.0000103364    0.0000072436   -0.0053127694
   0.0000487097    0.0000027185   -0.0053272329
   0.0000683705    0.0000381554   -0.0052865911
   0.0000402337   -0.0000006794   -0.0053436065
   0.0000275130    0.0000034485   -0.0053028011
   0.0000349630   -0.0000026973   -0.0053105992
   0.0000187947   -0.0000393871   -0.0052980725
   0.0000347926   -0.0000240977   -0.0053054417
   0.0000293581   -0.0000089375   -0.0053066809
   0.0000458715   -0.0000024568   -0.0052942905
   0.0000360011    0.0000218139   -0.0053344563
   0.0000390638    0.0000001157   -0.0053285167
   0.0000429611    0.0000098928   -0.0053058295
   0.0000380088   -0.0000032712   -0.0053258529
   0.0000445248    0.0000081045   -0.0027692336
   0.0000449890    0.0000068296   -0.0027591783
   0.0000379107   -0.0000000933   -0.0027543672
   0.0000315043    0.0000119390   -0.0027771025
   0.0000441331    0.0000034673   -0.0027675611
   0.0000316576   -0.0000007399   -0.0027590451
   0.0000455542   -0.0000040269   -0.0027638246
   0.0000321552   -0.0000024572   -0.0027741088
   0.0000361131   -0.0000023226   -0.0027627308
   0.0000373712   -0.0000033439   -0.0027556450
   0.0000359953   -0.0000027719   -0.0027705357
   0.0000397704   -0.0000005154   -0.0027658692
   0.0000351744   -0.0000089935   -0.0027678180
   0.0000405480   -0.0000025928   -0.0027550648
   0.0000396293    0.0000022171   -0.0027633775
   0.0000388885   -0.0000012701   -0.0027606829

49   
  0.0056154830029045   0.0000000000000000   0.0082744395969812
   0.0393934753    0.0185974774    0.0432111946
  -0.0014698119    0.0049969822    0.0167452960
   0.0003150351   -0.0002125401   -0.0004556366
   0.0001537253    0.0000817342   -0.0000456595
   0.0071827668   -0.0237471341    0.0301235074
   0.0002509048    0.0011109947   -0.0005208224
  -0.0000579868    0.0001775714   -0.0011226475
   0.0001976341   -0.0010731358    0.0012826992
   0.0002518575    0.0004712941   -0.0002797217
   0.0001566098   -0.0001201183   -0.0010816134
  -0.0001475611   -0.0000462108   -0.0011639355
   0.0002792751   -0.0002629874   -0.0002231253
  -0.0000340442   -0.0003150947   -0.0000740657
  -0.0016660014   -0.0000293739    0.0003842547
   0.0001526231    0.0002512094   -0.0004279863
   0.0000224325    0.0000035011   -0.0010234903
   0.0002818719    0.0000075000    0.0009326307
   0.0001089706   -0.0002397500    0.0023474284
   0.0000562634    0.0000223500    0.0018830225
   0.0001088612   -0.0003089100    0.0020784778
  -0.0001023713    0.0002355515    0.0024651702
  -0.0000677743   -0.0000519494    0.0018094268
   0.0001017559   -0.0000366638    0.0018236975
   0.0003856496    0.0000562570    0.0019663899
   0.0000935579   -0.0000237778    0.0018767078
   0.0000298161    0.0000940904    0.0018156671
   0.0000675979    0.0000028278    0.0018908578
   0.0000421061    0.0000775696    0.0018394271
  -0.0002278304    0.0000844430    0.0023289099
   0.0002616287    0.0001972485    0.0020995002
   0.0001571357   -0.0000663706    0.0018889968
   0.0000180559   -0.0000148962    0.0017891575
  -0.0013188758    0.0000020900    0.0062871977
  -0.0003905560   -0.0002683800   -0.0079082582
   0.0001170550    0.0001233500   -0.0073358025
   0.0018475558   -0.0013402000   -0.0062692879
  -0.0016782002   -0.0004633452   -0.0069789533
   0.0000675931   -0.0000137263   -0.0074684572
   0.0001404636   -0.0000186106   -0.0074501546
   0.0008381483   -0.0006697416   -0.0071962280
   0.0001152512    0.0000031213   -0.0074107539
   0.0000991627    0.0000440404   -0.0074549540
  -0.0000997088   -0.0001219813   -0.0072568239
   0.0000558027   -0.0000545404   -0.0074627840
  -0.0005296117    0.0025767016   -0.0061616980
  -0.0002670902    0.0001541152   -0.0080169233
   0.0000612331   -0.0000019337   -0.0074719372
   0.0001619336    0.0000641306   -0.0074518546
  -0.0587880844   -0.0000379338   -0.0999971285
   0.0045811820   -0.0001971100    0.0120905135
   0.0000572509    0.0000805600    0.0147056592
   0.0032690076   -0.0000921500    0.0129801721
   0.0007043809    0.0026440964    0.0122355453
  -0.0000427920   -0.0000695934    0.0150542375
   0.0000847410    0.0000044902    0.0149786247
   0.0003330082   -0.0013994205    0.0128455596
   0.0001471407   -0.0000497990    0.0147533293
   0.0000845126    0.0000749842    0.0150115612
   0.0000064407   -0.0000265810    0.0146553693
   0.0000858326   -0.0000646742    0.0150154512
   0.0000783182    0.0014383205    0.0126755596
   0.0009565509   -0.0023882564    0.0123949653
  -0.0000402720    0.0000739434    0.0150551775
   0.0000791110   -0.0000011702    0.0149728447
   0.0021606817    0.0013607019   -0.0023773754
   0.0000512175   -0.0000032458   -0.0053145693
   0.0000926437   -0.0000561967   -0.0052577116
  -0.0009358575    0.0004450900   -0.0048086781
   0.0000299257    0.0000085702   -0.0052642915
   0.0000498345    0.0000003553   -0.0052369067
   0.0001154208   -0.0000097222   -0.0052920740
   0.0000470396    0.0001242462   -0.0053856875
   0.0000210079    0.0000467926   -0.0052418432
   0.0000614673    0.0000282311   -0.0053289635
   0.0000889203    0.0000185287   -0.0052769975
   0.0000656241   -0.0000026573   -0.0052635455
  -0.0001824617   -0.0017843683   -0.0036059451
   0.0002284885   -0.0001025330   -0.0053439168
   0.0000584158   -0.0000122191   -0.0052747484
   0.0000121285   -0.0000206993   -0.0054550022
   0.0000169184   -0.0000241555   -0.0026779326
   0.0000694124    0.0000024086   -0.0026845473
   0.0000352649    0.0000025018   -0.0026673377
   0.0001048104   -0.0000119934   -0.0026816250
   0.0000690322    0.0000075384   -0.0027047453
   0.0000629131    0.0000003704   -0.0026425822
   0.0000604171    0.0000243994   -0.0026620325
   0.0000255129   -0.0000567722   -0.0027374637
   0.0000545696   -0.0000170571   -0.0026908611
   0.0000770404   -0.0000060795   -0.0026627779
   0.0000561167    0.0000035315   -0.0026462055
   0.0000713047   -0.0000093290   -0.0026366350
   0.0000695550    0.0000518896   -0.0026748761
   0.0000004756    0.0000164496   -0.0027169352
   0.0000522986    0.0000099065   -0.0026367544
   0.0000971371    0.0000410209   -0.0027319369

49   
 -0.0056154830029045   0.0000000000000000  -0.0082744395969812
  -0.0409927403   -0.0195659021   -0.0470384639
   0.0015428293   -0.0049850347   -0.0188187172
  -0.0001929557    0.0002095952   -0.0017328485
  -0.0000974223   -0.0000787841   -0.0021431787
  -0.0071004044    0.0243950522   -0.0327780935
  -0.0001404284   -0.0011168068   -0.0016423680
   0.0001675548   -0.0001842389   -0.0010552983
  -0.0000646554    0.0010723420   -0.0034972342
  -0.0001405849   -0.0004558413   -0.0019155886
  -0.0000536572    0.0001282523   -0.0010961600
   0.0002539585    0.0000544291   -0.0010158907
  -0.0001977498    0.0002911095   -0.0019619202
   0.0001260202    0.0002976030   -0.0021200311
   0.0017949045    0.0000385983   -0.0025653747
  -0.0000454983   -0.0002651669   -0.0017554025
   0.0000801301    0.0000042411   -0.0011591271
  -0.0001815353    0.0000040700    0.0027623346
  -0.0000017997    0.0002462100    0.0013626903
   0.0000494881   -0.0000175800    0.0018202304
   0.0000000493    0.0003136500    0.0016234835
   0.0001991167   -0.0002214723    0.0012502359
   0.0001631183    0.0000558910    0.0018965790
   0.0000093410    0.0000344611    0.0018802953
  -0.0002763035   -0.0000538636    0.0017381924
   0.0000076362    0.0000195336    0.0018268758
   0.0000680796   -0.0000913149    0.0018872071
   0.0000441862   -0.0000062936    0.0018144358
   0.0000577796   -0.0000840951    0.0018619271
   0.0003233265   -0.0000805964    0.0013803924
  -0.0001584633   -0.0001964277    0.0016070559
  -0.0000519817    0.0000623590    0.0018133990
   0.0000851410    0.0000161589    0.0019124953
   0.0014505168   -0.0000054000   -0.0212332845
   0.0004759399    0.0002565700   -0.0067998941
  -0.0000255149   -0.0001278600   -0.0073972810
  -0.0017530477    0.0013395900   -0.0084701399
   0.0017920741    0.0004631719   -0.0077510845
   0.0000277509    0.0000167553   -0.0072656001
  -0.0000337093    0.0000220611   -0.0072752742
  -0.0007145736    0.0006721417   -0.0075239976
  -0.0000144604   -0.0000079306   -0.0073207824
   0.0000034070   -0.0000365027   -0.0072683651
   0.0002023696    0.0001235706   -0.0074777924
   0.0000456170    0.0000603827   -0.0072552151
   0.0006487264   -0.0026103317   -0.0085892976
   0.0003631441   -0.0001320919   -0.0066986345
   0.0000483709    0.0000084147   -0.0072492801
  -0.0000666993   -0.0000635611   -0.0072765042
   0.0506480033    0.0001805404    0.1142109908
  -0.0044332476    0.0002051100    0.0181370679
   0.0000344991   -0.0000841300    0.0155472108
  -0.0032013720    0.0000906100    0.0173054765
  -0.0005936482   -0.0026544805    0.0180243003
   0.0001378890    0.0000712802    0.0151925553
   0.0000259820   -0.0000045534    0.0152685525
  -0.0002132909    0.0014045864    0.0174345147
  -0.0000463307    0.0000451890    0.0155029107
   0.0000181374   -0.0000660358    0.0152277688
   0.0000940493    0.0000269710    0.0155967607
   0.0000185274    0.0000688858    0.0152242088
   0.0000476791   -0.0014352164    0.0176054547
  -0.0008594482    0.0023934005    0.0178528703
   0.0001456090   -0.0000640502    0.0151840253
   0.0000174220    0.0000004434    0.0152775225
  -0.0020109480   -0.0013154961   -0.0080483306
   0.0000590513    0.0000109774   -0.0051874768
   0.0000102546    0.0000496527   -0.0052441581
   0.0010356865   -0.0004339364   -0.0056972817
   0.0000747617   -0.0000039898   -0.0052210794
   0.0000434246    0.0000018053   -0.0052679535
   0.0000028482    0.0000096718   -0.0051986897
   0.0000461243   -0.0001241670   -0.0050978649
   0.0000767567   -0.0000492351   -0.0052561806
   0.0000423716   -0.0000235887   -0.0051717694
   0.0000153716   -0.0000202155   -0.0052236340
   0.0000385335   -0.0000011948   -0.0052301822
   0.0002807873    0.0017606554   -0.0068833883
  -0.0001270547    0.0000966045   -0.0051722965
   0.0000439063    0.0000186427   -0.0052316201
   0.0000891322    0.0000276652   -0.0050544649
   0.0000812914    0.0000318425   -0.0027261802
   0.0000384080    0.0000040562   -0.0027217770
   0.0000673157   -0.0000082515   -0.0027376730
  -0.0000048599    0.0000233253   -0.0027406113
   0.0000339261   -0.0000041637   -0.0027168360
   0.0000306897    0.0000019604   -0.0027623355
   0.0000567595   -0.0000249284   -0.0027518168
   0.0000689492    0.0000543035   -0.0026911809
   0.0000434865    0.0000145529   -0.0027190247
   0.0000260906    0.0000118561   -0.0027444994
   0.0000479258   -0.0000050145   -0.0027615303
   0.0000331256    0.0000056119   -0.0027768936
   0.0000359820   -0.0000498271   -0.0027291480
   0.0000977005   -0.0000198110   -0.0026801270
   0.0000499679   -0.0000031884   -0.0027638011
   0.0000053724   -0.0000338441   -0.0026721096

65   
  0.0056154830029045   0.0000000000000000   0.0082744395969812
   0.0004001156    0.0002170637   -0.0003182451
   0.0000851103   -0.0001733340   -0.0016755310
  -0.0002281962    0.0001433032   -0.0008419565
   0.0000974924   -0.0000635905   -0.0013218339
  -0.0001467911    0.0001349902   -0.0019263180
   0.0001439667    0.0000371245   -0.0014223873
   0.0000339585    0.0000641711   -0.0011987125
   0.0000252685    0.0000373515   -0.0011270683
   0.0000238794   -0.0003689920   -0.0005781858
   0.0000720135   -0.0000136899   -0.0011447181
   0.0000370989    0.0000047125   -0.0011846493
  -0.0000263799   -0.0000321604   -0.0011774792
   0.0000022083    0.0000571280   -0.0012670129
   0.0000550595   -0.0000235009   -0.0011101247
  -0.0000409196   -0.0000382419   -0.0012148699
   0.0001102283    0.0000100050   -0.0013767051
  -0.0050059145   -0.0052765785    0.0152077526
   0.0424379196   -0.0221380764    0.0453733018
  -0.0007500027   -0.0004162432    0.0022502360
   0.0007048951    0.0004578449    0.0016026901
   0.0041144482    0.0272574120    0.0301392152
   0.0013209850    0.0016992922    0.0031488570
  -0.0002627388    0.0001090084    0.0018456362
  -0.0006616858   -0.0005579235    0.0022686514
   0.0000107642   -0.0001784629    0.0021434914
  -0.0000069266   -0.0001474234    0.0019018163
  -0.0001973473    0.0000375580    0.0017862623
   0.0006945081   -0.0011072037    0.0017030762
   0.0005289471   -0.0001505997    0.0018189806
  -0.0016259258   -0.0011409615    0.0027047614
  -0.0002447740    0.0014006714    0.0020266114
  -0.0000364646    0.0000010478    0.0020227293
   0.0000285545   -0.0000028789   -0.0074127384
   0.0000431203   -0.0000006585   -0.0074461271
   0.0000430436    0.0000133564   -0.0074390606
   0.0000196054   -0.0000297399   -0.0074740713
   0.0000375689    0.0000053161   -0.0074238937
   0.0000332512   -0.0000007888   -0.0074291571
   0.0000207489   -0.0000083228   -0.0074589805
   0.0000280662    0.0000003943   -0.0074436133
   0.0000409553   -0.0000039429   -0.0074585175
   0.0000241185    0.0000018968   -0.0074621395
   0.0000366019    0.0000158275   -0.0074503691
   0.0000457474    0.0000240277   -0.0074585183
   0.0000250895    0.0000017046   -0.0074739189
   0.0000339470   -0.0000099327   -0.0074316108
   0.0000342970   -0.0000145885   -0.0074366989
   0.0000120063    0.0000041194   -0.0074187535
   0.0023039380    0.0014473461    0.0176049206
  -0.0011995165    0.0005776064    0.0155703117
   0.0000834654    0.0000450273    0.0149381781
  -0.0000046613    0.0000466826    0.0149022468
  -0.0002011473   -0.0020275954    0.0165865383
   0.0000006678   -0.0000156152    0.0147304249
   0.0000210537    0.0000125173    0.0149349701
   0.0001686347   -0.0000847545    0.0148914265
   0.0000700833    0.0000016551    0.0149141106
   0.0000533165   -0.0000151052    0.0149240622
   0.0000294884    0.0000106755    0.0149405240
  -0.0000511616    0.0000224787    0.0149297794
   0.0000579483   -0.0000300102    0.0148943294
   0.0000268757    0.0000906670    0.0148068349
   0.0000084818   -0.0000930318    0.0149437297
   0.0000140254    0.0000032547    0.0149733235
  -0.0614295365    0.0001890096   -0.0994100177
   0.0064584655    0.0000918900   -0.0065634757
   0.0002051406   -0.0000364900   -0.0056501421
   0.0071044907   -0.0001239400   -0.0070060542
   0.0010555595    0.0027740806   -0.0066876128
   0.0000214970   -0.0000351574   -0.0055235074
   0.0001907650   -0.0000521125   -0.0054115343
   0.0014519213   -0.0033840926   -0.0068917371
  -0.0000025169    0.0001150363   -0.0056658320
   0.0000912211    0.0000930718   -0.0054608257
   0.0000525931   -0.0000933663   -0.0056328920
   0.0000895711    0.0000956382   -0.0054550857
   0.0014335513    0.0036239126   -0.0069096371
   0.0010813995   -0.0029789206   -0.0066712928
   0.0001930770   -0.0000563826   -0.0054142474
   0.0000200450   -0.0000369975   -0.0055040843
  -0.0018063324   -0.0000042700    0.0041567263
   0.0015610545    0.0010946800   -0.0008361500
   0.0000934467    0.0000938200   -0.0030265643
  -0.0009455201    0.0005541100   -0.0025225712
   0.0009809361    0.0007945445   -0.0017910232
  -0.0000765034   -0.0000494836   -0.0031279042
   0.0005727684   -0.0003153396   -0.0030392607
  -0.0017100142    0.0005524167   -0.0015614540
   0.0000940238   -0.0000049136   -0.0030855995
   0.0000176957    0.0003714371   -0.0030889615
  -0.0000765662   -0.0001030764   -0.0029697895
   0.0000097257   -0.0000185371   -0.0031124615
  -0.0002730142   -0.0008444567   -0.0026312340
  -0.0004617639   -0.0021581245   -0.0007151232
   0.0002124566   -0.0001127664   -0.0033109842
   0.0002373584    0.0001354896   -0.0029055107

65   
 -0.0056154830029045   0.0000000000000000  -0.0082744395969812
  -0.0004212793   -0.0002265430   -0.0021868906
  -0.0000917605    0.0001700358   -0.0008043744
   0.0002330826   -0.0001516472   -0.0016504030
  -0.0000993204    0.0000655207   -0.0011623196
   0.0001570495   -0.0001419159   -0.0005446972
  -0.0001447914   -0.0000290495   -0.0010613135
  -0.0000404030   -0.0000581240   -0.0012871719
  -0.0000394122   -0.0000456807   -0.0013567387
  -0.0000276153    0.0003752147   -0.0019164765
  -0.0000750373    0.0000025118   -0.0013378093
  -0.0000399625    0.0000040826   -0.0013005644
   0.0000206344    0.0000475764   -0.0013041675
  -0.0000060521   -0.0000531075   -0.0012183956
  -0.0000460341    0.0000248575   -0.0013729512
   0.0000295207    0.0000315987   -0.0012696627
  -0.0001202220   -0.0000109707   -0.0011079835
   0.0049851453    0.0052244950   -0.0117841532
  -0.0407763460    0.0211735809   -0.0401892298
   0.0007634912    0.0004164933    0.0011388153
  -0.0007428686   -0.0004720029    0.0018072652
  -0.0040840920   -0.0265445886   -0.0261347036
  -0.0013883854   -0.0017276154    0.0002540471
   0.0002474114   -0.0001123677    0.0015414328
   0.0006622594    0.0005470015    0.0010941315
   0.0000105194    0.0001970501    0.0012452931
  -0.0000080506    0.0001508316    0.0014811654
   0.0001864789   -0.0000307811    0.0015996763
  -0.0007032445    0.0011281385    0.0016981980
  -0.0005424699    0.0001307621    0.0015779351
   0.0016067884    0.0011850118    0.0006704472
   0.0002441084   -0.0013978544    0.0013644106
   0.0000220215    0.0000019979    0.0013653570
  -0.0000403803   -0.0000117486   -0.0075418512
  -0.0000535646    0.0000088591   -0.0075200414
  -0.0000359351   -0.0000041366   -0.0075201972
  -0.0000171866    0.0000184026   -0.0074743849
  -0.0000296896    0.0000017982   -0.0075333372
  -0.0000305563   -0.0000033670   -0.0075183052
  -0.0000334780    0.0000063554   -0.0074966450
  -0.0000382195    0.0000063306   -0.0075257642
  -0.0000454198   -0.0000069614   -0.0074991172
  -0.0000295991   -0.0000016107   -0.0074950118
  -0.0000426553   -0.0000006832   -0.0074984758
  -0.0000423989   -0.0000205079   -0.0074910587
  -0.0000213322    0.0000127332   -0.0074804470
  -0.0000229347    0.0000010693   -0.0075157152
  -0.0000444527   -0.0000013525   -0.0075151609
  -0.0000280600    0.0000029394   -0.0075413890
  -0.0023576217   -0.0014944119    0.0122590954
   0.0011872875   -0.0005643700    0.0143895781
  -0.0000791637   -0.0000369033    0.0149934416
   0.0000068825   -0.0000578842    0.0150196493
   0.0002198017    0.0020530183    0.0133300151
   0.0000001915    0.0000105493    0.0151869422
  -0.0000327958   -0.0000149009    0.0149921884
  -0.0001786585    0.0000913030    0.0150507068
  -0.0000748979   -0.0000113426    0.0150158232
  -0.0000583441    0.0000156673    0.0150034255
  -0.0000350803    0.0000028513    0.0149804175
   0.0000553827   -0.0000186511    0.0149930635
  -0.0000555957    0.0000437198    0.0150329915
  -0.0000165496   -0.0000984062    0.0151133675
  -0.0000174608    0.0000804322    0.0149806640
  -0.0000299845    0.0000026247    0.0149584967
   0.0602404460    0.0001149622    0.0966577025
  -0.0064048207   -0.0001121800   -0.0042467058
  -0.0001898806    0.0000300100   -0.0051306779
  -0.0071546055    0.0001318800   -0.0037581143
  -0.0010954813   -0.0027839826   -0.0041162829
  -0.0000301250    0.0000399775   -0.0052570257
  -0.0001890670    0.0000544126   -0.0053653826
  -0.0014285095    0.0033547806   -0.0038810272
   0.0000044169   -0.0001106163   -0.0051141180
  -0.0000973211   -0.0000870782   -0.0053065343
  -0.0000451931    0.0000891163   -0.0051342980
  -0.0001009911   -0.0000983818   -0.0053140443
  -0.0014117395   -0.0036046106   -0.0038691872
  -0.0010989913    0.0030036426   -0.0041173129
  -0.0002008750    0.0000513025   -0.0053611557
  -0.0000236270    0.0000424874   -0.0052598226
   0.0017918724    0.0000039200   -0.0098067102
  -0.0015678041   -0.0011009100   -0.0049119004
  -0.0000861823   -0.0001000900   -0.0027167182
   0.0009500689   -0.0005600400   -0.0032495717
  -0.0010105617   -0.0008031636   -0.0039785881
   0.0000828356    0.0000617558   -0.0026177184
  -0.0005712497    0.0003178631   -0.0026998443
   0.0016912434   -0.0005496721   -0.0041943235
  -0.0000961685    0.0000076450   -0.0026588833
  -0.0000224317   -0.0003720455   -0.0026636602
   0.0000801115    0.0001021150   -0.0027883733
  -0.0000212417    0.0000200755   -0.0026449802
   0.0002734534    0.0008638921   -0.0031476135
   0.0004494883    0.0021300636   -0.0050306681
  -0.0002194044    0.0001085742   -0.0024454884
  -0.0002463397   -0.0001316231   -0.0028520743

81   
  0.0056154830029045   0.0000000000000000   0.0082744395969812
   0.0000283945   -0.0000010034   -0.0011660077
   0.0000271778   -0.0000130116   -0.0011977399
   0.0000459989   -0.0000096337   -0.0011756821
   0.0000385677   -0.0000002532   -0.0012029607
   0.0000333079   -0.0000024017   -0.0011928334
   0.0000482645    0.0000134434   -0.0011997871
   0.0000506129    0.0000090387   -0.0011806211
   0.0000329959    0.0000104798   -0.0011945085
   0.0000312386    0.0000076668   -0.0011707743
   0.0000517665    0.0000012403   -0.0011950982
   0.0000384490    0.0000036702   -0.0012228370
   0.0000252655    0.0000023354   -0.0011795506
   0.0000323089    0.0000057012   -0.0011984654
   0.0000522199   -0.0000095138   -0.0012025768
   0.0000311255   -0.0000137999   -0.0011728117
   0.0000317557   -0.0000018283   -0.0012075354
   0.0411772835    0.0213018298    0.0445610956
  -0.0051971448    0.0054518144    0.0158682710
   0.0007563368   -0.0004702725    0.0014270157
  -0.0007148815    0.0003884631    0.0022304765
   0.0042633015   -0.0269004869    0.0303646804
  -0.0004257788    0.0007015818    0.0026121482
  -0.0002431420   -0.0001046578    0.0018207875
   0.0012240709   -0.0016534685    0.0031836158
   0.0007303145    0.0011324573    0.0015199333
  -0.0001882190   -0.0000284014    0.0017673440
  -0.0000076495    0.0001375718    0.0018743049
   0.0000581310    0.0001722399    0.0021435284
  -0.0002311582   -0.0013894546    0.0019228311
  -0.0016425279    0.0009549731    0.0029010749
   0.0005611192    0.0001670334    0.0017431160
  -0.0000569417    0.0000024679    0.0019942331
   0.0000365752   -0.0000064645   -0.0073999164
   0.0000324757    0.0000032410   -0.0073975975
   0.0000415693    0.0000058933   -0.0074053928
   0.0000371010   -0.0000058696   -0.0074057117
   0.0000424756    0.0000026335   -0.0073992720
   0.0000422015    0.0000002901   -0.0074004371
   0.0000310807   -0.0000066571   -0.0073996325
   0.0000344720    0.0000028128   -0.0074127752
   0.0000402269   -0.0000088074   -0.0074086292
   0.0000313596    0.0000012554   -0.0073985908
   0.0000415647    0.0000112219   -0.0073977243
   0.0000413388    0.0000055139   -0.0074027050
   0.0000427969    0.0000053627   -0.0074106189
   0.0000435448   -0.0000031628   -0.0074004012
   0.0000363958   -0.0000072431   -0.0074015154
   0.0000301024    0.0000040799   -0.0074068349
   0.0000283386   -0.0000128625    0.0149994702
   0.0000403599    0.0000006547    0.0150676713
   0.0000385143   -0.0000210485    0.0150202030
   0.0000143220   -0.0000390762    0.0150403770
   0.0000456480    0.0000115471    0.0150333980
   0.0000174776    0.0000048241    0.0150121496
   0.0000230021    0.0000066284    0.0150684711
   0.0000278395   -0.0000122290    0.0149565270
   0.0000203535    0.0000130771    0.0150272047
   0.0000411344   -0.0000093219    0.0150708336
   0.0000284042    0.0000075645    0.0150629103
   0.0000634094    0.0000312539    0.0150342394
   0.0000046639    0.0000024537    0.0150383660
   0.0000106308    0.0000074265    0.0149791909
   0.0000611705    0.0000091284    0.0150225168
   0.0000369703    0.0000038496    0.0150644055
  -0.0017858024    0.0000091200    0.0015911202
  -0.0009191789   -0.0006456200   -0.0049845983
   0.0000920123   -0.0000958100   -0.0054997518
   0.0015413041   -0.0011631300   -0.0032896896
  -0.0017501234   -0.0005001621   -0.0040711065
   0.0005424297    0.0003032231   -0.0055557757
  -0.0000860856    0.0000594458   -0.0055899216
   0.0010595217   -0.0007396336   -0.0041852019
  -0.0000689115    0.0001022650   -0.0054260167
   0.0000167417   -0.0003560455   -0.0055699098
   0.0000973885    0.0000094750   -0.0055633467
   0.0000310317    0.0000749555   -0.0055595598
  -0.0005135183    0.0021445836   -0.0032213119
  -0.0001787034    0.0008703921   -0.0050331165
   0.0003127397   -0.0001675531   -0.0053363057
   0.0001981344    0.0000887542   -0.0057628516
  -0.0596230641    0.0001385590   -0.0961643112
   0.0071603455    0.0001001700   -0.0046252457
   0.0002992106    0.0000610500   -0.0030276021
   0.0060185107    0.0001153600   -0.0038680142
   0.0015913495    0.0035017206   -0.0043798928
   0.0002550270    0.0001078226   -0.0027953974
   0.0000099650    0.0000327875   -0.0028989743
   0.0009009413   -0.0026996426   -0.0041252571
   0.0001212831    0.0001121363   -0.0030066720
   0.0000672111   -0.0001356382   -0.0028515657
   0.0000161731   -0.0001571963   -0.0030586420
   0.0000754911   -0.0000975118   -0.0028426557
   0.0010680513    0.0025529026   -0.0040076671
   0.0014077495   -0.0035924206   -0.0045072028
   0.0000449670    0.0000123574   -0.0029325074
   0.0002277350    0.0000795225   -0.0027759243

81   
 -0.0056154830029045   0.0000000000000000  -0.0082744395969812
  -0.0000100005   -0.0000036517   -0.0012011590
  -0.0000007632    0.0000064943   -0.0011685420
  -0.0000148053    0.0000054223   -0.0011915998
  -0.0000088999    0.0000028524   -0.0011640916
   0.0000010390    0.0000019666   -0.0011692482
  -0.0000181261   -0.0000059308   -0.0011657663
  -0.0000272025   -0.0000072484   -0.0011882291
  -0.0000141618   -0.0000165484   -0.0011738108
  -0.0000022066   -0.0000073909   -0.0011962139
  -0.0000258250   -0.0000075895   -0.0011735627
  -0.0000106601    0.0000045402   -0.0011451044
  -0.0000027280    0.0000092791   -0.0011865765
  -0.0000039998   -0.0000015421   -0.0011692070
  -0.0000167402    0.0000105696   -0.0011670483
  -0.0000104842    0.0000100682   -0.0011947505
  -0.0000106457    0.0000016693   -0.0011588956
  -0.0428192972   -0.0222720253   -0.0428704977
   0.0052472740   -0.0054995179   -0.0124037804
  -0.0006974233    0.0004575845    0.0020480790
   0.0007201231   -0.0003888031    0.0012689621
  -0.0042605677    0.0276171404   -0.0274787620
   0.0004523752   -0.0007137439    0.0009158890
   0.0002769194    0.0000982284    0.0016819835
  -0.0011325704    0.0016256253    0.0003092701
  -0.0006964780   -0.0011136425    0.0019619126
   0.0002204174    0.0000335882    0.0017360274
   0.0000473967   -0.0001315737    0.0016294634
  -0.0000523646   -0.0001542827    0.0013563371
   0.0002561137    0.0013891516    0.0015731869
   0.0016858559   -0.0009109243    0.0006155273
  -0.0005213364   -0.0001823909    0.0017471083
   0.0000913447    0.0000017078    0.0015044506
  -0.0000166569   -0.0000052765   -0.0074424954
  -0.0000076043    0.0000078380   -0.0074456294
  -0.0000054268   -0.0000021236   -0.0074354857
  -0.0000086333   -0.0000009607   -0.0074228900
  -0.0000011057    0.0000026585   -0.0074368474
  -0.0000146599   -0.0000043790   -0.0074289002
  -0.0000081807    0.0000035275   -0.0074396674
  -0.0000175335    0.0000038182   -0.0074331969
  -0.0000147766    0.0000016085   -0.0074299401
  -0.0000072794    0.0000032646   -0.0074390188
  -0.0000139749    0.0000037780   -0.0074356060
  -0.0000091998   -0.0000036717   -0.0074297756
  -0.0000075482    0.0000034252   -0.0074227324
  -0.0000062449   -0.0000084391   -0.0074274785
  -0.0000176250   -0.0000039179   -0.0074322133
  -0.0000117424    0.0000042199   -0.0074333250
  -0.0000063884    0.0000025755    0.0150505026
  -0.0000159704    0.0000102234    0.0149858150
  -0.0000037749    0.0000241082    0.0150287177
   0.0000139776    0.0000334914    0.0149975873
  -0.0000048550   -0.0000079796    0.0150117561
   0.0000089029   -0.0000090109    0.0150263869
   0.0000007414   -0.0000097065    0.0149795744
  -0.0000100456    0.0000175504    0.0150963952
   0.0000053004   -0.0000199929    0.0150203211
  -0.0000171147    0.0000137190    0.0149752050
  -0.0000008967    0.0000054285    0.0149790555
  -0.0000313304   -0.0000293905    0.0150074679
   0.0000306378    0.0000057616    0.0150037553
   0.0000250571   -0.0000168578    0.0150582137
  -0.0000408171   -0.0000182294    0.0150190425
  -0.0000185131    0.0000036296    0.0149840422
   0.0018270624    0.0000003900   -0.0123427463
   0.0009354901    0.0006373500   -0.0056469188
  -0.0000730767    0.0000932600   -0.0051584057
  -0.0015137445    0.0011521300   -0.0073788900
   0.0017844942    0.0004953567   -0.0065723560
  -0.0005167284   -0.0003001196   -0.0051069593
   0.0000930934   -0.0000459336   -0.0050798258
  -0.0009911561    0.0007283945   -0.0064518868
   0.0000932262   -0.0000984964   -0.0052217805
   0.0000081043    0.0003523471   -0.0050896985
  -0.0000705838   -0.0000006636   -0.0050964205
   0.0000028743   -0.0000678671   -0.0050907285
   0.0005461539   -0.0021757745   -0.0074438168
   0.0002094542   -0.0008470267   -0.0055903260
  -0.0002828484    0.0001673996   -0.0053047693
  -0.0001670466   -0.0000951664   -0.0048802058
   0.0586023903    0.0001308780    0.0920828060
  -0.0070924507   -0.0000941100   -0.0010138058
  -0.0002886606   -0.0000638600   -0.0026010179
  -0.0060558655   -0.0001401300   -0.0017186543
  -0.0015968213   -0.0035378526   -0.0012551329
  -0.0002293050   -0.0001057925   -0.0028372757
   0.0000132530   -0.0000287274   -0.0027189526
  -0.0008238195    0.0026890906   -0.0014731472
  -0.0001004831   -0.0001111863   -0.0026314580
  -0.0000413411    0.0001395918   -0.0027821043
   0.0000072169    0.0001687863   -0.0025693580
  -0.0000407711    0.0001001282   -0.0027907243
  -0.0010305895   -0.0025346306   -0.0016061872
  -0.0014010013    0.0036194826   -0.0011198529
  -0.0000190150   -0.0000102375   -0.0027171657
  -0.0001957570   -0.0000867726   -0.0028622426
