96   
12   

1    
  0.0055104653984470   0.0000000000000000   0.0083447451184874
  -0.1112458100   -0.0002588600   -0.1998273300
   0.0029913900    0.0051861400   -0.0040189700
   0.0013547800   -0.0000781700    0.0014840900
   0.0025420000   -0.0058536600   -0.0039442700
   0.0015110000   -0.0045917200   -0.0041595400
   0.0002849900   -0.0003986500    0.0005824100
   0.0000907000    0.0005078500    0.0006403600
   0.0019530800    0.0052545100   -0.0038041600
  -0.0001310300    0.0008561900    0.0014395700
   0.0009749700   -0.0001147100    0.0006115400
   0.0000027900   -0.0007766500    0.0015312600
   0.0009756700   -0.0000904000    0.0006118800
   0.0013346600    0.0061575700   -0.0041208000
   0.0021323700   -0.0060787000   -0.0038397600
   0.0001056100    0.0004970000    0.0006345600
   0.0002638800   -0.0004121300    0.0005882800
  -0.0035448000   -0.0059432100    0.0185880400
   0.0006977700   -0.0009169200    0.0005952600
  -0.0002086100    0.0002051200    0.0001982600
   0.0441876200   -0.0216164100    0.0490436900
  -0.0000643300    0.0009090200    0.0005614700
  -0.0000988800   -0.0000011200   -0.0029286100
   0.0000970000    0.0002324600    0.0002350300
  -0.0019603600   -0.0013613500   -0.0013804400
  -0.0002119700   -0.0004678200    0.0003637200
   0.0008589800    0.0000399000    0.0004390600
  -0.0009281200   -0.0004406800   -0.0001504000
   0.0007368100   -0.0005208300   -0.0002400800
   0.0067515600    0.0276544500    0.0339299800
  -0.0008856300   -0.0006274500   -0.0016457500
  -0.0001647700    0.0009600700   -0.0001987200
   0.0014772200    0.0019817100   -0.0011139400
   0.0433699200    0.0211642700    0.0501287900
   0.0018278100   -0.0012323200   -0.0003219900
  -0.0014127500   -0.0003055700    0.0000108200
  -0.0011261100    0.0045267200    0.0178648900
   0.0001724700    0.0020802500   -0.0002383400
  -0.0000823300   -0.0000010700    0.0033516100
  -0.0001178700    0.0014967000   -0.0000748300
  -0.0019426700    0.0014138800    0.0048432600
  -0.0012107800   -0.0012415800   -0.0000728000
   0.0017432600   -0.0007949500   -0.0002467200
  -0.0014290600   -0.0007397000   -0.0008894400
   0.0012665600   -0.0008167000   -0.0007518100
   0.0067166600   -0.0255845200    0.0338727000
   0.0015575800   -0.0020279000    0.0050477700
  -0.0001474600    0.0015548900   -0.0008174500
  -0.0008863000    0.0006067400    0.0046379500
   0.0002324200    0.0001240100   -0.0099809100
   0.0000256100   -0.0063507800    0.0017750500
  -0.0001500900    0.0000960400   -0.0102397000
   0.0000390900   -0.0068049600    0.0014010700
  -0.0054939400    0.0031868900    0.0017496800
   0.0055063100    0.0031637100    0.0017998300
  -0.0055928700    0.0032105900    0.0018797400
   0.0055393800    0.0032267100    0.0019377600
   0.0000160500   -0.0002205600   -0.0101124900
  -0.0000180200   -0.0064308200    0.0018742300
  -0.0000141800    0.0000004400   -0.0105789800
  -0.0000268300   -0.0064271900    0.0019419100
  -0.0059275600    0.0034455600    0.0012885900
   0.0055535600    0.0032043900    0.0019042700
  -0.0055858900    0.0032171500    0.0019131900
   0.0058571000    0.0033594100    0.0015102100
   0.0000051600    0.0000081600   -0.0037035200
  -0.0000074100    0.0016899600    0.0016750400
  -0.0000159000    0.0000037600   -0.0036923300
  -0.0000125300    0.0016983700    0.0016499400
   0.0014535500   -0.0008436500    0.0016730800
  -0.0014731300   -0.0008470300    0.0016775300
   0.0014821300   -0.0008442300    0.0016788800
  -0.0014963800   -0.0008362600    0.0016880000
  -0.0000100200   -0.0000121400   -0.0036962000
   0.0000073300    0.0017114700    0.0016827300
  -0.0000080900    0.0000005700   -0.0037509300
  -0.0000277400    0.0017096600    0.0016844400
   0.0014682900   -0.0008538600    0.0016315900
  -0.0014787900   -0.0008692800    0.0016866300
   0.0014665900   -0.0008705700    0.0016798900
  -0.0014751300   -0.0008436100    0.0016698800
   0.0009899400    0.0006156800    0.0011034700
  -0.0008489800    0.0005658300    0.0011106200
   0.0008537300    0.0005740500    0.0011849100
  -0.0009525900    0.0005058500    0.0008713800
   0.0000592900   -0.0010309900    0.0011049900
   0.0000009600    0.0000002200    0.0014218600
  -0.0000751400   -0.0010114600    0.0011909900
  -0.0000021500    0.0000439600    0.0010217700
   0.0009285700    0.0004649700    0.0011424800
  -0.0009095700    0.0004417500    0.0011537100
   0.0008089700    0.0004865100    0.0010551000
  -0.0008129800    0.0004514400    0.0011553100
  -0.0000764600   -0.0011218400    0.0009867800
   0.0000627400   -0.0000375900    0.0009853800
  -0.0000316100   -0.0009368500    0.0011049300
  -0.0000123100   -0.0000051500    0.0010581300

1    
 -0.0055104653984470   0.0000000000000000  -0.0083447451184874
   0.1116204800   -0.0002496800    0.1994816600
  -0.0027513700   -0.0054471100    0.0048399100
  -0.0013610800    0.0000859700   -0.0000399300
  -0.0027790700    0.0056065100    0.0046351100
  -0.0017103300    0.0048683000    0.0048612700
  -0.0000369100    0.0005434900    0.0001679300
  -0.0003446900   -0.0003728100    0.0001112500
  -0.0017660700   -0.0049889800    0.0046099500
   0.0001427200   -0.0008646300    0.0000065700
  -0.0009842900   -0.0001800700    0.0001386900
  -0.0000067800    0.0007779800   -0.0000872700
  -0.0009866500   -0.0001905300    0.0001390900
  -0.0016725000   -0.0061017800    0.0047614000
  -0.0017996600    0.0061331100    0.0047120600
  -0.0003561000   -0.0003605700    0.0001275000
  -0.0000283300    0.0005488200    0.0001505900
   0.0019072600    0.0049772300   -0.0189340600
   0.0009148800   -0.0000350500   -0.0008380700
  -0.0014374400   -0.0011488300   -0.0004506700
  -0.0442563900    0.0216658000   -0.0509942700
   0.0000595900    0.0009852200   -0.0007956400
   0.0000883300    0.0000053300   -0.0031116700
  -0.0001043000    0.0016531300   -0.0005022300
   0.0019261200    0.0013783900   -0.0046693500
  -0.0014322800   -0.0004927700   -0.0005906400
   0.0007603700   -0.0009727600   -0.0006882000
  -0.0007130200   -0.0005062400   -0.0000814700
   0.0008948600   -0.0004360100    0.0000101500
  -0.0067236900   -0.0265432200   -0.0348506400
   0.0008558000    0.0006220800   -0.0044052400
   0.0001497200    0.0009327900   -0.0000465800
  -0.0015172900   -0.0019879100   -0.0049359100
  -0.0443013800   -0.0216912000   -0.0498927600
   0.0007878300   -0.0002632000   -0.0011767300
  -0.0011742600   -0.0012171400   -0.0015116300
   0.0037358200   -0.0060571300   -0.0192804700
  -0.0001585100    0.0009346500   -0.0012460900
   0.0000687700    0.0000050000    0.0032082100
   0.0001295500    0.0015141100   -0.0014332300
   0.0019512500   -0.0013980400    0.0017266700
  -0.0013944100   -0.0002594700   -0.0014248600
   0.0008603100   -0.0007197800   -0.0012731100
  -0.0011803400   -0.0007719900   -0.0006264000
   0.0013387800   -0.0006962900   -0.0007576000
  -0.0067454500    0.0278383900   -0.0346929900
  -0.0015253900    0.0020113800    0.0015183000
   0.0001427800    0.0014590100   -0.0006809400
   0.0009101800   -0.0006009900    0.0019378600
  -0.0002413100   -0.0001292500   -0.0111566400
  -0.0000321100   -0.0064603100    0.0019468400
   0.0001493400   -0.0000938800   -0.0109001400
  -0.0000390400   -0.0060114400    0.0023175200
  -0.0056044100    0.0032200000    0.0019744000
   0.0055870400    0.0032415400    0.0019251800
  -0.0055101200    0.0031955100    0.0018458500
   0.0055523200    0.0031799000    0.0017847200
  -0.0000202800    0.0002235900   -0.0110280700
   0.0000139900   -0.0063804300    0.0018502100
   0.0000099600   -0.0000004700   -0.0105599500
   0.0000244100   -0.0063810400    0.0017839300
  -0.0051740300    0.0029656800    0.0024243700
   0.0055358500    0.0032021000    0.0018199200
  -0.0055099000    0.0031855200    0.0018108700
   0.0052310300    0.0030432900    0.0022131000
  -0.0000096500   -0.0000098700   -0.0037580900
   0.0000013900    0.0016974400    0.0017256600
   0.0000123200   -0.0000002900   -0.0037676000
   0.0000104300    0.0016871200    0.0017484300
   0.0014761100   -0.0008488500    0.0017261200
  -0.0014618500   -0.0008477000    0.0017204300
   0.0014438600   -0.0008496400    0.0017193500
  -0.0014404400   -0.0008567000    0.0017133800
   0.0000050700    0.0000107800   -0.0037633600
  -0.0000109300    0.0016768700    0.0017162800
   0.0000039900   -0.0000003800   -0.0037089400
   0.0000243700    0.0016802600    0.0017124100
   0.0014630600   -0.0008378800    0.0017648400
  -0.0014600900   -0.0008239700    0.0017127100
   0.0014657500   -0.0008259400    0.0017192800
  -0.0014658400   -0.0008513300    0.0017288400
   0.0006090800    0.0003080600    0.0009842700
  -0.0007535000    0.0003577800    0.0009694600
   0.0007410800    0.0003482300    0.0008967600
  -0.0006487900    0.0004140900    0.0012126700
  -0.0000598100   -0.0008117800    0.0009746900
  -0.0000047600    0.0000049100    0.0010232400
   0.0000711300   -0.0008281400    0.0008902800
  -0.0000001700   -0.0000425900    0.0014212300
   0.0006653700    0.0004592200    0.0009385900
  -0.0006915500    0.0004812200    0.0009286900
   0.0007827000    0.0004366300    0.0010271000
  -0.0007837200    0.0004735700    0.0009266900
   0.0000714500   -0.0007273700    0.0010981900
  -0.0000674900    0.0000377500    0.0014537400
   0.0000287600   -0.0009073000    0.0009785400
   0.0000125200    0.0000028800    0.0013884700

17   
  0.0055104653984470   0.0000000000000000   0.0083447451184874
  -0.0029078700   -0.0055911600    0.0195187400
   0.0453261000   -0.0224233900    0.0511187100
  -0.0000386100   -0.0001180000    0.0014251000
   0.0005318700    0.0001445800    0.0006084200
   0.0066310100    0.0277444800    0.0349856400
   0.0008141000    0.0015899600    0.0027519600
  -0.0002867900   -0.0000174900    0.0002369400
   0.0000226500   -0.0010154500    0.0011653900
   0.0002687200    0.0002064200    0.0013726900
  -0.0001678400   -0.0001498000    0.0002452100
  -0.0000318300    0.0000698600    0.0005747400
   0.0003852400   -0.0009634300    0.0006610700
   0.0001267500   -0.0001670700    0.0007891600
  -0.0018371200   -0.0003990000    0.0019553700
  -0.0003396100    0.0006856200    0.0008969400
   0.0000163500    0.0000575700    0.0004119000
  -0.0568755300    0.0008369500   -0.1054063400
   0.0042464300   -0.0005235800   -0.0022343300
  -0.0008524700   -0.0006092100   -0.0005062000
   0.0057319500   -0.0002633000   -0.0032185500
   0.0003219200    0.0023946500   -0.0024316900
  -0.0000779400   -0.0000592900   -0.0031553500
  -0.0001016900    0.0009936800   -0.0001011700
   0.0009373500   -0.0028903500   -0.0059325200
  -0.0009196800   -0.0004464300   -0.0005774000
   0.0008235000   -0.0004995500   -0.0001768800
  -0.0007017500   -0.0004002600   -0.0004338600
   0.0008212300   -0.0003566200   -0.0001757800
   0.0010964100    0.0034672900   -0.0029196600
   0.0001669900   -0.0013104600   -0.0054388400
   0.0000242000    0.0009224100   -0.0001862900
  -0.0001999100   -0.0001311200   -0.0030705200
  -0.0028800900   -0.0007669800    0.0110984400
   0.0030893600    0.0007675100    0.0003680100
  -0.0012825700   -0.0008241500   -0.0007991300
   0.0006003400   -0.0002488300   -0.0012184400
   0.0009928300    0.0021724100   -0.0005910000
   0.0000273100    0.0000125500    0.0030909500
   0.0000951200    0.0014300900   -0.0010117200
  -0.0020301800    0.0004435900    0.0037720500
  -0.0014403400   -0.0006740600   -0.0007690300
   0.0012904400   -0.0007257800   -0.0009769200
  -0.0013355400   -0.0007978300   -0.0008323900
   0.0013163800   -0.0007377400   -0.0009690300
  -0.0002586800    0.0010108800   -0.0013819500
  -0.0007959700   -0.0027265100    0.0045700600
   0.0000789800    0.0014573300   -0.0009791000
   0.0000290600   -0.0000041500    0.0030794100
   0.0000142300   -0.0000041900   -0.0105903300
  -0.0000320700   -0.0064266000    0.0018108800
  -0.0000016800   -0.0000138200   -0.0106098500
  -0.0000161600   -0.0064092800    0.0018604800
  -0.0055747400    0.0031678900    0.0018131100
   0.0055354900    0.0031922800    0.0018454200
  -0.0055518100    0.0031953700    0.0018224100
   0.0055317300    0.0031917600    0.0018389800
   0.0000023000    0.0000068800   -0.0106109500
  -0.0000046000   -0.0064074800    0.0018178200
  -0.0000056600   -0.0000074200   -0.0106032600
  -0.0000103100   -0.0064213400    0.0018163200
  -0.0055484200    0.0031735300    0.0018523400
   0.0055383600    0.0031873000    0.0018311600
  -0.0055621500    0.0031884000    0.0018210300
   0.0055395500    0.0031954600    0.0018480700
  -0.0000157000   -0.0000145500   -0.0037628700
  -0.0000129600    0.0016807900    0.0016587800
  -0.0000087000   -0.0000133300   -0.0037735400
  -0.0000068400    0.0016773700    0.0016708400
   0.0014540000   -0.0008602800    0.0016544000
  -0.0014761800   -0.0008571200    0.0016582800
   0.0014566000   -0.0008575900    0.0016591400
  -0.0014750900   -0.0008565500    0.0016588000
  -0.0000093300   -0.0000093800   -0.0037794700
  -0.0000109800    0.0016813100    0.0016578500
  -0.0000086400   -0.0000108100   -0.0037706200
  -0.0000091100    0.0016790100    0.0016574500
   0.0014536600   -0.0008532800    0.0016679300
  -0.0014741200   -0.0008588700    0.0016578400
   0.0014547200   -0.0008587200    0.0016608200
  -0.0014752200   -0.0008587200    0.0016590300
   0.0007868800    0.0004497900    0.0009243200
  -0.0008149000    0.0004573600    0.0010122200
   0.0007884400    0.0004534700    0.0009603000
  -0.0007865100    0.0004455800    0.0009995300
  -0.0000108000   -0.0009465600    0.0010125900
  -0.0000003000   -0.0000099900    0.0011477100
  -0.0000109900   -0.0009288500    0.0009538000
  -0.0000005500   -0.0000247600    0.0011861000
   0.0007800000    0.0004543700    0.0009508100
  -0.0008015300    0.0004431700    0.0009594100
   0.0007737000    0.0004405800    0.0009716800
  -0.0008011500    0.0004474600    0.0009834800
  -0.0000003800   -0.0009164200    0.0010035900
  -0.0000173600   -0.0000063000    0.0011882600
  -0.0000146100   -0.0009271500    0.0009848300
  -0.0000106700   -0.0000166300    0.0011602500

17   
 -0.0055104653984470   0.0000000000000000  -0.0083447451184874
   0.0029199600    0.0055826300   -0.0181640000
  -0.0435200300    0.0211005900   -0.0485645700
   0.0000451100    0.0001172100   -0.0000002600
  -0.0005890100   -0.0004383300    0.0001353400
  -0.0068624100   -0.0268821400   -0.0336893800
  -0.0006284900   -0.0014599900   -0.0019982600
   0.0000124900    0.0001593100    0.0004880500
   0.0001887000    0.0011541300   -0.0004612400
  -0.0002659300   -0.0001786800    0.0000519400
   0.0001406800   -0.0001296000    0.0004785100
   0.0000026200   -0.0000619500    0.0008414000
  -0.0004214700    0.0007004700    0.0000810500
  -0.0004047100    0.0002754600   -0.0000547200
   0.0020430400    0.0005484400   -0.0012338400
   0.0000695500   -0.0005653000   -0.0001591100
   0.0002012800    0.0000770400    0.0003195100
   0.0555864900   -0.0011473800    0.1020400700
  -0.0025778900   -0.0004414100    0.0019372300
  -0.0008087800   -0.0003391800    0.0002443100
  -0.0041389200   -0.0006810500    0.0029619700
  -0.0003720500   -0.0004961200    0.0021389100
   0.0000560800    0.0000536600   -0.0029084900
   0.0000761000    0.0009014300   -0.0001542000
  -0.0009520500    0.0028643900   -0.0001464100
  -0.0007466200   -0.0005005900    0.0003196500
   0.0007999100   -0.0004530300   -0.0000769100
  -0.0009655900   -0.0005551400    0.0001733600
   0.0008003700   -0.0005986500   -0.0000813700
  -0.0011169100   -0.0015623900    0.0026560300
  -0.0002002500    0.0013072100   -0.0006543800
  -0.0000503200    0.0009723300   -0.0000727100
   0.0001837900    0.0001252700   -0.0029889200
   0.0002156100   -0.0007452000   -0.0124230600
  -0.0004931500   -0.0022928500   -0.0018556600
  -0.0013522200   -0.0006850600   -0.0007011600
   0.0020128100   -0.0012797500   -0.0002969200
  -0.0010512000    0.0008432400   -0.0009212600
  -0.0000404900   -0.0000126000    0.0034740000
  -0.0001222900    0.0015876000   -0.0004888800
   0.0020036400   -0.0004492500    0.0027960900
  -0.0011986000   -0.0008328300   -0.0007342100
   0.0013042100   -0.0007903700   -0.0005278900
  -0.0013042700   -0.0007165200   -0.0006742400
   0.0012776800   -0.0007751400   -0.0005385100
   0.0002279200    0.0020270500   -0.0001411800
   0.0007665100    0.0026885600    0.0020177100
  -0.0001038500    0.0015591700   -0.0005282000
  -0.0000493400   -0.0000044200    0.0034834700
  -0.0000367900    0.0000012600   -0.0105478600
   0.0000093800   -0.0063890400    0.0019083300
  -0.0000198600    0.0000103500   -0.0105313300
  -0.0000062300   -0.0064057900    0.0018585700
  -0.0055440600    0.0032350900    0.0019069700
   0.0055378200    0.0032111700    0.0018745900
  -0.0055657300    0.0032071000    0.0018982600
   0.0055418000    0.0032112100    0.0018805800
  -0.0000247700   -0.0000093700   -0.0105291900
  -0.0000171700   -0.0064080100    0.0019011400
  -0.0000157400    0.0000045500   -0.0105374500
  -0.0000125700   -0.0063948500    0.0019018200
  -0.0055704600    0.0032300400    0.0018691900
   0.0055345600    0.0032155500    0.0018893400
  -0.0055557400    0.0032143100    0.0018987700
   0.0055351900    0.0032076600    0.0018716400
  -0.0000062200    0.0000112500   -0.0036971300
  -0.0000092200    0.0017031300    0.0017433100
  -0.0000132600    0.0000099100   -0.0036855600
  -0.0000159200    0.0017067800    0.0017311200
   0.0014565500   -0.0008364100    0.0017469900
  -0.0014788800   -0.0008386100    0.0017436200
   0.0014541500   -0.0008389800    0.0017433100
  -0.0014798500   -0.0008398200    0.0017429000
  -0.0000129500    0.0000065500   -0.0036816600
  -0.0000112100    0.0017017600    0.0017433400
  -0.0000130100    0.0000079500   -0.0036895800
  -0.0000136100    0.0017040200    0.0017437000
   0.0014572800   -0.0008430000    0.0017333100
  -0.0014817500   -0.0008372700    0.0017441000
   0.0014561100   -0.0008376900    0.0017416000
  -0.0014792900   -0.0008376400    0.0017419700
   0.0007909400    0.0004707200    0.0011312000
  -0.0008053600    0.0004636200    0.0010428300
   0.0007886400    0.0004672900    0.0010930700
  -0.0008326300    0.0004757700    0.0010550100
  -0.0000106700   -0.0009025500    0.0010445200
  -0.0000209300    0.0000055600    0.0012724800
  -0.0000095300   -0.0009193700    0.0011008500
  -0.0000205100    0.0000212600    0.0012384300
   0.0007968700    0.0004655200    0.0011035700
  -0.0008167700    0.0004757100    0.0010965300
   0.0008034900    0.0004792400    0.0010846900
  -0.0008185900    0.0004726300    0.0010731400
  -0.0000210300   -0.0009292700    0.0010498700
  -0.0000027700    0.0000058400    0.0012305400
  -0.0000058400   -0.0009205800    0.0010693700
  -0.0000114900    0.0000152100    0.0012565200

33   
  0.0055104653984470   0.0000000000000000   0.0083447451184874
   0.0435929500    0.0212763400    0.0492752700
  -0.0031148000    0.0055243700    0.0193351600
   0.0004740600   -0.0002067700    0.0010059800
  -0.0000673900    0.0000364400    0.0010858900
   0.0065982600   -0.0270617300    0.0342844800
   0.0001409600    0.0011925000    0.0010474900
  -0.0002587000    0.0001799600    0.0002182000
   0.0007790300   -0.0014322800    0.0026367100
   0.0003994100    0.0006542600    0.0010991700
   0.0000312500   -0.0002423400    0.0002458400
  -0.0001757300   -0.0000259800    0.0005362700
   0.0001325500   -0.0003390700    0.0009879100
  -0.0002265800   -0.0005331600    0.0009677800
  -0.0018126200    0.0004254900    0.0018466000
   0.0000458400    0.0001922800    0.0007760000
   0.0000456600    0.0000578400    0.0003523900
  -0.0023584500   -0.0004809800    0.0115033200
   0.0001594200   -0.0009718600   -0.0006633700
  -0.0007910400   -0.0004275500   -0.0002179600
   0.0025471000   -0.0019510400    0.0009755300
  -0.0019507600    0.0004924300    0.0003338700
   0.0000834300    0.0000286800   -0.0032998200
   0.0000359700    0.0009260300   -0.0003637200
   0.0009407000   -0.0006569500   -0.0029132700
  -0.0008447300   -0.0004498000   -0.0002497100
   0.0008369800   -0.0005074600   -0.0003800700
  -0.0009381900   -0.0005652600   -0.0001807000
   0.0008081400   -0.0005445400   -0.0003936000
  -0.0007445100    0.0035439900    0.0011502200
  -0.0002507300    0.0004100300   -0.0037356900
   0.0000125000    0.0009209100   -0.0003684300
   0.0001243600    0.0000668400   -0.0033174400
  -0.0581509700    0.0002901900   -0.1041848800
   0.0066633900   -0.0009530800   -0.0038784900
  -0.0013384200   -0.0006610700   -0.0011733300
   0.0050961400   -0.0007859500   -0.0028455000
   0.0010095700    0.0045124700   -0.0036758200
  -0.0001150400   -0.0000919900    0.0031996200
  -0.0000472400    0.0015406600   -0.0009316400
   0.0004476000   -0.0016085300    0.0009885500
  -0.0012074900   -0.0008369300   -0.0011166800
   0.0013330200   -0.0007222700   -0.0008848300
  -0.0013829000   -0.0007866400   -0.0012338700
   0.0013323000   -0.0008523500   -0.0008803500
   0.0002574800    0.0030270300   -0.0031635600
   0.0011945100   -0.0027511200    0.0004677400
  -0.0001618800    0.0016042600   -0.0008592200
  -0.0000017600   -0.0000284000    0.0031278500
   0.0018213200    0.0011597000   -0.0079805600
  -0.0000227400   -0.0064027300    0.0016753100
   0.0000390500   -0.0000230200   -0.0106769600
  -0.0008940800   -0.0060119900    0.0022676000
  -0.0055591200    0.0031768800    0.0017067500
   0.0055482300    0.0031927900    0.0018065100
  -0.0055255900    0.0031559400    0.0017197200
   0.0055433000    0.0032499900    0.0015925700
   0.0000003300    0.0000221100   -0.0106865800
  -0.0000272900   -0.0063911800    0.0016785300
   0.0000222000    0.0000055600   -0.0107017800
  -0.0000065900   -0.0064132600    0.0017584200
  -0.0057472500    0.0016293300    0.0033502000
   0.0056269200    0.0031453200    0.0016174800
  -0.0055505700    0.0031777200    0.0017451100
   0.0055286900    0.0031854700    0.0015675600
  -0.0000432000   -0.0000393900   -0.0037655100
  -0.0000176800    0.0016707000    0.0016162300
  -0.0000150600   -0.0000088400   -0.0037956800
   0.0000461300    0.0016638800    0.0016082500
   0.0014446500   -0.0008651800    0.0016163100
  -0.0014651000   -0.0008570000    0.0016387300
   0.0014586000   -0.0008444700    0.0016372800
  -0.0014904100   -0.0009280200    0.0015907800
  -0.0000066600   -0.0000040100   -0.0038030200
   0.0000055700    0.0016890400    0.0016292500
  -0.0000043900   -0.0000049400   -0.0037762700
  -0.0000011900    0.0016787800    0.0016511100
   0.0014767400   -0.0008031600    0.0016381000
  -0.0015424900   -0.0008259000    0.0015928900
   0.0014558500   -0.0008535000    0.0016517900
  -0.0014190300   -0.0008141800    0.0015887500
   0.0009613600    0.0004527300    0.0005141900
  -0.0007822800    0.0003685800    0.0012749500
   0.0008095100    0.0004356400    0.0009269300
  -0.0008340800    0.0002306900    0.0011511800
  -0.0000363600   -0.0007949500    0.0014009600
  -0.0000597200   -0.0000156400    0.0010788200
  -0.0000220400   -0.0009492500    0.0008995900
   0.0002043100    0.0000517400    0.0012117700
   0.0008040600    0.0004550900    0.0009225200
  -0.0008496700    0.0004723800    0.0008987300
   0.0008341500    0.0004668300    0.0009325500
  -0.0008201200    0.0005261500    0.0009018800
  -0.0002028400   -0.0009399900    0.0013371100
   0.0000924900    0.0001120500    0.0012707100
   0.0000846400   -0.0009913000    0.0009447100
  -0.0000452200   -0.0000210900    0.0010385900

33   
 -0.0055104653984470   0.0000000000000000  -0.0083447451184874
  -0.0454817500   -0.0223549800   -0.0498159500
   0.0030420100   -0.0058343300   -0.0186429300
  -0.0004900800    0.0001822100    0.0002930500
  -0.0000071300   -0.0003340000   -0.0004719800
  -0.0069152400    0.0279070100   -0.0342366700
   0.0000792700   -0.0010710600   -0.0004106900
  -0.0000199200   -0.0000551000    0.0004023700
  -0.0005452000    0.0015503000   -0.0020483000
  -0.0004259900   -0.0006570100    0.0001972400
  -0.0000645700   -0.0000575600    0.0003736500
   0.0001351100    0.0000074500    0.0007779200
  -0.0002031500    0.0000699900   -0.0003741900
  -0.0000622900    0.0006392200   -0.0003584700
   0.0020382000   -0.0002924200   -0.0012240300
  -0.0003200600   -0.0000968200   -0.0001655200
   0.0001568900    0.0000613500    0.0002633600
   0.0007007100   -0.0004866400   -0.0120435200
   0.0014161600   -0.0000127700    0.0003122100
  -0.0008944800   -0.0005374200   -0.0001433400
  -0.0009564100    0.0009717300   -0.0013513500
   0.0019126200    0.0013787300   -0.0006998400
  -0.0001237400   -0.0000450400   -0.0028626000
  -0.0000902300    0.0009537200    0.0000062200
  -0.0009484300    0.0006360800   -0.0032369100
  -0.0008359900   -0.0005199200   -0.0001080100
   0.0007582500   -0.0004654700    0.0000228700
  -0.0007448500   -0.0003992000   -0.0001783000
   0.0007855300   -0.0004234800    0.0000349200
   0.0007088300   -0.0017043200   -0.0015345700
   0.0002129100   -0.0004047100   -0.0024078400
  -0.0000589400    0.0009507100    0.0000097600
  -0.0001638700   -0.0000848300   -0.0028397400
   0.0612982400    0.0004472600    0.1145713100
  -0.0040571900   -0.0005704800    0.0022598100
  -0.0013198300   -0.0008648400   -0.0004384500
  -0.0025694100   -0.0007567600    0.0012760500
  -0.0010599500   -0.0015379700    0.0020792100
   0.0000732300    0.0000741600    0.0032482800
   0.0000016900    0.0014556300   -0.0006816100
  -0.0004604900    0.0015883500    0.0054998600
  -0.0014453900   -0.0006943000   -0.0004938000
   0.0012341200   -0.0008078400   -0.0007345200
  -0.0012739700   -0.0007396600   -0.0003808400
   0.0012349500   -0.0006782400   -0.0007308500
  -0.0002860600   -0.0000232300    0.0015834300
  -0.0012408300    0.0027416000    0.0059873800
   0.0001114700    0.0013920100   -0.0007562500
  -0.0000370800    0.0000092400    0.0033249500
  -0.0018169100   -0.0011457100   -0.0131966000
  -0.0000179200   -0.0064284300    0.0019350600
  -0.0000826200    0.0000011900   -0.0105732000
   0.0008506600   -0.0068184400    0.0013261300
  -0.0055784000    0.0032071500    0.0018986800
   0.0055037200    0.0031918700    0.0017988100
  -0.0056102600    0.0032294200    0.0018902900
   0.0055073200    0.0031356800    0.0020128500
  -0.0000434200   -0.0000416600   -0.0105718400
  -0.0000135200   -0.0064412200    0.0019270500
  -0.0000645100   -0.0000251000   -0.0105530600
  -0.0000375500   -0.0064194500    0.0018451000
  -0.0053965300    0.0047350800    0.0002719100
   0.0054269500    0.0032394300    0.0019869200
  -0.0055885800    0.0032100600    0.0018635700
   0.0055245400    0.0032023400    0.0020355500
   0.0000008600    0.0000194700   -0.0037972700
  -0.0000239400    0.0016955800    0.0016773100
  -0.0000287000   -0.0000123400   -0.0037713800
  -0.0000896700    0.0017053400    0.0016868500
   0.0014448900   -0.0008503900    0.0016811400
  -0.0015110400   -0.0008577500    0.0016583600
   0.0014332600   -0.0008696200    0.0016581900
  -0.0014869900   -0.0007872500    0.0017053900
  -0.0000367200   -0.0000152600   -0.0037570000
  -0.0000462500    0.0016779500    0.0016691700
  -0.0000381000   -0.0000142800   -0.0037883400
  -0.0000428000    0.0016877000    0.0016479700
   0.0014150100   -0.0009090200    0.0016610400
  -0.0014342500   -0.0008870000    0.0017038500
   0.0014337000   -0.0008580000    0.0016430600
  -0.0015565300   -0.0008972700    0.0017090800
   0.0005989600    0.0004505200    0.0014360600
  -0.0008524800    0.0005371800    0.0006776400
   0.0007459500    0.0004686400    0.0010198900
  -0.0008055300    0.0006729800    0.0007981100
  -0.0000022800   -0.0010662700    0.0005586400
   0.0000168800   -0.0000081400    0.0012355000
  -0.0000177900   -0.0009162600    0.0010496800
  -0.0002446100   -0.0000721400    0.0011032100
   0.0007532000    0.0004459100    0.0010278700
  -0.0007870400    0.0004300500    0.0010533000
   0.0007218700    0.0004357100    0.0010186400
  -0.0008221700    0.0003773000    0.0010488100
   0.0001585300   -0.0009237000    0.0006174300
  -0.0001328500   -0.0001301900    0.0010416600
  -0.0001239400   -0.0008727400    0.0010037000
  -0.0000000000    0.0000047300    0.0012724100

49   
  0.0055104653984470   0.0000000000000000   0.0083447451184874
   0.0002209800    0.0000857000    0.0011806100
   0.0000435300   -0.0003627600   -0.0002014000
  -0.0001598300    0.0000637000    0.0009296500
   0.0000219200   -0.0002206900    0.0001699700
  -0.0003182200    0.0001808500   -0.0004252700
   0.0002483400    0.0000884700    0.0000220500
  -0.0001340000    0.0000926600    0.0002883600
   0.0000882700    0.0001044200    0.0003169000
   0.0000087300   -0.0002515900    0.0010572300
   0.0000250700   -0.0001848400    0.0003004300
  -0.0000131500   -0.0000329000    0.0005935500
  -0.0000820600   -0.0002024400    0.0003063700
  -0.0001628500    0.0000686300    0.0002030500
   0.0001386100   -0.0000038100    0.0003164000
  -0.0001962400   -0.0000024600    0.0002921900
   0.0001623300    0.0000418600    0.0001385700
  -0.0008442300   -0.0005229600   -0.0001953400
   0.0008406400   -0.0005154400   -0.0002028500
  -0.0008370100   -0.0005039200   -0.0002206800
   0.0007964000   -0.0005233800   -0.0002363600
   0.0000041900    0.0009385300   -0.0001960800
  -0.0000040700   -0.0000216300   -0.0031111100
  -0.0000100800    0.0009078000   -0.0002231900
  -0.0000312700   -0.0000283500   -0.0031106400
  -0.0008274400   -0.0005100200   -0.0002291400
   0.0008048000   -0.0005062000   -0.0002248700
  -0.0008254100   -0.0005041200   -0.0002235200
   0.0008207500   -0.0004907400   -0.0002224400
  -0.0000210800    0.0009098100   -0.0002405100
  -0.0000223100   -0.0000496200   -0.0031156900
  -0.0000038400    0.0009183000   -0.0002172600
  -0.0000200400   -0.0000346400   -0.0031023200
   0.0007315900    0.0005019200    0.0015775700
   0.0001362300   -0.0002265700   -0.0001764000
  -0.0012547300   -0.0007763300   -0.0009008600
   0.0012465900   -0.0007538600   -0.0009452500
  -0.0001977200   -0.0003791600    0.0007003400
  -0.0000215300   -0.0000351900    0.0029621800
  -0.0000079100    0.0015048600   -0.0008927200
   0.0000511500   -0.0000717900    0.0030284200
  -0.0012824100   -0.0007528500   -0.0009113600
   0.0013299200   -0.0008076100   -0.0009018000
  -0.0013341700   -0.0007987700   -0.0008818900
   0.0012345600   -0.0007470900   -0.0009407700
  -0.0000114800    0.0014288400   -0.0009299500
  -0.0000158300    0.0000077000    0.0030001200
   0.0000069800    0.0014013300   -0.0009159000
  -0.0000137900   -0.0000348800    0.0032047900
  -0.0617133900    0.0033682700   -0.1212504100
   0.0039487800   -0.0064754700    0.0000766100
   0.0000207600   -0.0000675200   -0.0110731800
   0.0057718400   -0.0062064800   -0.0011245700
  -0.0050878800    0.0047540200   -0.0001642800
   0.0054864500    0.0031146400    0.0016639300
  -0.0056627900    0.0032534000    0.0017568400
   0.0067857700   -0.0001442600   -0.0008912400
  -0.0000424900    0.0000018800   -0.0110969600
   0.0000318500   -0.0064701200    0.0017094400
   0.0000177800   -0.0000350500   -0.0110550100
   0.0000311900   -0.0063651600    0.0017105700
  -0.0041386500    0.0061157800   -0.0007657600
   0.0058397700    0.0017515700   -0.0002894200
  -0.0055720100    0.0032012800    0.0016963400
   0.0053953800    0.0030648800    0.0017262800
  -0.0012606600   -0.0000338700    0.0087436800
   0.0017519600    0.0032798500    0.0026734700
   0.0000215600   -0.0000658800   -0.0038388400
  -0.0005604000    0.0020915500    0.0011452900
   0.0024106000   -0.0003309100    0.0016379500
  -0.0014482600   -0.0008742300    0.0013803100
   0.0015673900   -0.0009354500    0.0013164400
  -0.0034569200   -0.0004550300    0.0021751000
  -0.0001304000    0.0000536200   -0.0038215400
   0.0000065200    0.0017092100    0.0013494800
  -0.0000724700   -0.0000869200   -0.0038527400
   0.0000001700    0.0017633300    0.0013346200
   0.0012502400   -0.0011677800    0.0008806200
  -0.0023129600   -0.0036385500    0.0029440700
   0.0016009100   -0.0009576700    0.0013097500
  -0.0015104100   -0.0009040900    0.0013596200
  -0.0039255900   -0.0057131900    0.0203510400
   0.0487469300   -0.0247700700    0.0544750800
   0.0006769900    0.0004303300    0.0017246200
  -0.0001855800    0.0007980100    0.0013181000
   0.0059083500    0.0302063200    0.0372416300
   0.0017428600    0.0021368200    0.0038528400
  -0.0000995300   -0.0010226600    0.0009181700
  -0.0006400000   -0.0008202500    0.0020678100
   0.0011286500    0.0005436500    0.0016706700
  -0.0008989900    0.0004282900    0.0008899500
   0.0008158900    0.0004955200    0.0009456100
  -0.0004264200   -0.0005198200    0.0013730000
   0.0003451100   -0.0011747500    0.0014669600
  -0.0020090000   -0.0014068400    0.0029574600
  -0.0003515600   -0.0002766900    0.0015760700
  -0.0001062100   -0.0000322900    0.0013113500

49   
 -0.0055104653984470   0.0000000000000000  -0.0083447451184874
  -0.0002465400   -0.0000766100    0.0002311200
  -0.0000555800    0.0000160000    0.0009402800
   0.0001108800   -0.0001500400    0.0004934400
  -0.0000552200   -0.0000751400    0.0005672100
  -0.0000135400   -0.0000659800    0.0011710600
  -0.0000059200    0.0000553100    0.0007133600
  -0.0001303700    0.0000795000    0.0004477700
   0.0001578300    0.0000149300    0.0004177600
  -0.0000282100    0.0002669200    0.0003641000
  -0.0000375200   -0.0000999100    0.0004413300
  -0.0000498700   -0.0000003300    0.0008441400
   0.0000627500   -0.0000867900    0.0004300500
  -0.0000891400   -0.0000034200    0.0005345700
   0.0000674200    0.0000969700    0.0004202900
  -0.0000427200    0.0001508800    0.0004487600
   0.0000047400    0.0000607100    0.0005992900
  -0.0008501400   -0.0004260200   -0.0002673700
   0.0007900500   -0.0005359200   -0.0003206100
  -0.0008848800   -0.0004442300   -0.0002902000
   0.0008723400   -0.0003875800   -0.0002521400
  -0.0001034600    0.0009406400   -0.0003439200
   0.0000387400    0.0001126000   -0.0031413700
  -0.0000055400    0.0008990500   -0.0002607600
  -0.0000050600   -0.0000468600   -0.0031311800
  -0.0007509200   -0.0005099700   -0.0002062700
   0.0006876300   -0.0005024300   -0.0002281600
  -0.0008091100   -0.0004048500   -0.0002860000
   0.0007847600   -0.0004258600   -0.0002552700
  -0.0000018200    0.0009842800   -0.0002706500
   0.0000416900    0.0000290600   -0.0031551600
  -0.0000292300    0.0009415400   -0.0001844600
  -0.0000591000   -0.0000423600   -0.0032205400
  -0.0034317300   -0.0020403200   -0.0034156400
   0.0024657700   -0.0013792700   -0.0015232500
  -0.0014387200   -0.0007316800   -0.0008307400
   0.0013914800   -0.0007180600   -0.0008130100
   0.0001108200    0.0033969100   -0.0024140000
   0.0000521800    0.0001217000    0.0033184800
  -0.0000082300    0.0014238900   -0.0008664400
  -0.0000863000   -0.0000019500    0.0032393300
  -0.0012689800   -0.0008292100   -0.0008943600
   0.0011364800   -0.0007624000   -0.0008872500
  -0.0012708900   -0.0006724900   -0.0008525000
   0.0013416400   -0.0007323200   -0.0008286000
  -0.0000102700    0.0015864600   -0.0008070700
   0.0000352400   -0.0000266000    0.0032913600
  -0.0000403400    0.0015813500   -0.0009246100
  -0.0000662600   -0.0000401800    0.0031357300
   0.0625742900   -0.0008901500    0.1138062700
  -0.0039486400   -0.0063913600    0.0032850500
  -0.0000378800    0.0000490900   -0.0103662200
  -0.0058635500   -0.0066078100    0.0045498800
  -0.0060763200    0.0016682900    0.0035805900
   0.0055982700    0.0033221400    0.0017923600
  -0.0054575100    0.0031626400    0.0017285900
   0.0042854700    0.0065037000    0.0043099300
   0.0000217700   -0.0000091000   -0.0102036000
  -0.0000674900   -0.0063992300    0.0018128300
  -0.0000791300   -0.0000220700   -0.0103580200
  -0.0000233900   -0.0064407300    0.0017994300
  -0.0070209300    0.0002271900    0.0042305800
   0.0051991800    0.0046585600    0.0036677600
  -0.0055046200    0.0031656100    0.0017584400
   0.0056801700    0.0032695500    0.0018025300
   0.0012307100    0.0000172100   -0.0162126300
  -0.0017831300    0.0000580800    0.0005165200
  -0.0000406800    0.0000470500   -0.0038733300
   0.0005292000    0.0012785100    0.0020047000
   0.0004508100   -0.0013442400    0.0014796700
  -0.0014862200   -0.0007852800    0.0017296200
   0.0013401800   -0.0007456300    0.0017761900
   0.0004717800   -0.0012619900    0.0009737100
   0.0001068400   -0.0000590700   -0.0040293600
  -0.0000408500    0.0016168400    0.0017031000
   0.0000093200    0.0000312700   -0.0038899300
   0.0000084300    0.0016324900    0.0017244000
   0.0016132800   -0.0005767800    0.0022125700
  -0.0006689200    0.0018897200    0.0002411000
   0.0013525200   -0.0007751500    0.0018054800
  -0.0014495900   -0.0008620800    0.0016849900
   0.0055009300    0.0065884600   -0.0184530600
  -0.0483737900    0.0245167800   -0.0504708900
   0.0009520500    0.0004555100    0.0002722300
  -0.0014753900    0.0000611600    0.0006866600
  -0.0059167200   -0.0312376000   -0.0346193400
  -0.0017924600   -0.0021074400   -0.0014779900
   0.0000879200   -0.0008030000    0.0010738100
   0.0005814400    0.0008217900    0.0002710800
   0.0004899700    0.0004331100    0.0003284600
  -0.0007383300    0.0005071100    0.0010919100
   0.0007291900    0.0003952500    0.0010445800
  -0.0012063500    0.0014458000    0.0006358000
  -0.0004104100   -0.0007598200    0.0005235200
   0.0019161700    0.0013523800   -0.0006096300
   0.0003379100   -0.0016309600    0.0004241500
   0.0001176700   -0.0000057300    0.0010575900

65   
  0.0055104653984470   0.0000000000000000   0.0083447451184874
   0.0000036900    0.0000327500    0.0009381200
  -0.0000042800   -0.0002199400    0.0005028500
  -0.0000183900   -0.0000672200    0.0009265300
  -0.0000041200   -0.0001378500    0.0005269700
  -0.0002158700    0.0000680400    0.0005072800
   0.0001772700    0.0001153500    0.0005014200
  -0.0001288200    0.0001183300    0.0005404100
   0.0001567400    0.0000707100    0.0005332700
   0.0000051700    0.0000371900    0.0009315000
   0.0000045800   -0.0001337700    0.0005322300
  -0.0000401200   -0.0000119000    0.0008852700
  -0.0000031900   -0.0001361000    0.0005460100
  -0.0001121300    0.0000256400    0.0005252700
   0.0001140500    0.0000563000    0.0005181700
  -0.0001020200    0.0001002400    0.0005561300
   0.0000677400    0.0000538400    0.0005325700
  -0.0008550800   -0.0004644500   -0.0001307400
   0.0008266400   -0.0005483200   -0.0001935700
  -0.0008780100   -0.0004494300   -0.0002008700
   0.0008772200   -0.0004266100   -0.0001748000
  -0.0000678400    0.0009502400   -0.0002137400
   0.0000540300    0.0000997100   -0.0030328900
   0.0000030400    0.0008798700   -0.0001675100
  -0.0000170000   -0.0000479900   -0.0030279900
  -0.0007444500   -0.0005164200   -0.0001223700
   0.0007034700   -0.0005147700   -0.0001442700
  -0.0007890700   -0.0004095200   -0.0001840300
   0.0008074900   -0.0004256400   -0.0001722000
  -0.0000116800    0.0009743700   -0.0001870000
   0.0000477300   -0.0000028100   -0.0030458500
  -0.0000168600    0.0009271200   -0.0000939900
  -0.0000454900   -0.0000591900   -0.0031070900
  -0.0012895400   -0.0007224600   -0.0008641300
   0.0012719200   -0.0007956100   -0.0007339400
  -0.0013603200   -0.0007292200   -0.0007813600
   0.0013318800   -0.0007228200   -0.0008149100
  -0.0000541000    0.0014586000   -0.0007457600
   0.0000337900    0.0000989100    0.0031935200
  -0.0000041600    0.0014397100   -0.0007868800
  -0.0000228100   -0.0000551600    0.0031027500
  -0.0012293200   -0.0007820000   -0.0008638500
   0.0011878000   -0.0007987300   -0.0008069200
  -0.0012748200   -0.0006881200   -0.0007734200
   0.0012926900   -0.0006906200   -0.0008128900
  -0.0000370500    0.0015177900   -0.0008066100
   0.0000255900    0.0000044800    0.0031587200
  -0.0000151500    0.0014872900   -0.0008839700
  -0.0000419300   -0.0000568900    0.0032653500
  -0.0012724300    0.0000123000    0.0016478900
  -0.0005220200   -0.0069440100    0.0012660400
   0.0000066400    0.0000180500   -0.0107044900
   0.0017621700   -0.0081351000    0.0027863100
  -0.0076027100    0.0028400200    0.0022883800
   0.0056237700    0.0033187500    0.0014988200
  -0.0055549000    0.0032316700    0.0015352300
   0.0066089000    0.0027376600    0.0018430300
  -0.0000268000    0.0000438200   -0.0105794800
  -0.0000413600   -0.0064937000    0.0015781000
  -0.0001157400   -0.0000833100   -0.0106293600
   0.0000096700   -0.0064379500    0.0015719600
  -0.0064831600    0.0059558000    0.0030620000
   0.0054541700    0.0034952600    0.0010577900
  -0.0055080000    0.0031748700    0.0015798200
   0.0056581300    0.0032135100    0.0015331500
  -0.0594898800    0.0003776700   -0.1194956000
   0.0058127500    0.0014840300   -0.0014371500
   0.0000294200    0.0000648000   -0.0041401600
   0.0036164000    0.0017505500   -0.0000050000
   0.0027910700    0.0024961700   -0.0011723800
  -0.0015587700   -0.0008447700    0.0016135200
   0.0013800400   -0.0007577500    0.0015958400
  -0.0010597200   -0.0022418100   -0.0003384900
   0.0001237700   -0.0000296200   -0.0042431300
  -0.0000173900    0.0016562200    0.0015449400
  -0.0000466100   -0.0000569800   -0.0042395200
   0.0000289100    0.0016189400    0.0015622100
   0.0016909300    0.0003102300   -0.0004754500
  -0.0000130200   -0.0038324700   -0.0010384600
   0.0013313800   -0.0007630800    0.0015893100
  -0.0014609000   -0.0009051100    0.0015668700
   0.0486103200    0.0245369100    0.0537286800
  -0.0057011200    0.0067984600    0.0212107700
   0.0015018600    0.0001002400    0.0013770300
  -0.0009298200    0.0004191100    0.0018382200
   0.0060824200   -0.0315034300    0.0376416400
  -0.0003637800    0.0009731300    0.0025529200
  -0.0001128100   -0.0008233500    0.0010920900
   0.0015725400   -0.0020234500    0.0040809300
   0.0012815900    0.0014878200    0.0014085500
  -0.0008054800    0.0004214200    0.0010941700
   0.0006727100    0.0004671700    0.0010771500
  -0.0004491900    0.0003569700    0.0018104900
  -0.0003563700   -0.0016951600    0.0016364400
  -0.0020055600    0.0010750300    0.0033185600
   0.0003707600   -0.0007498800    0.0015799300
  -0.0001317400   -0.0000185900    0.0014790900

65   
 -0.0055104653984470   0.0000000000000000  -0.0083447451184874
   0.0000171700    0.0000701100    0.0007990100
  -0.0000010500   -0.0001177900    0.0005394200
  -0.0000306300    0.0000045500    0.0008155200
  -0.0000067500   -0.0000784900    0.0005171500
  -0.0001596500    0.0001085900    0.0005383300
   0.0001091100    0.0001210800    0.0005460900
  -0.0001233000    0.0001480800    0.0005057800
   0.0001416300    0.0000979900    0.0005117500
  -0.0000002600    0.0000464500    0.0008066000
   0.0000060900   -0.0000772600    0.0005256800
  -0.0000340800    0.0000507100    0.0008704100
   0.0000130100   -0.0000800600    0.0004953800
  -0.0000914500    0.0000700400    0.0005199200
   0.0001094200    0.0000984500    0.0005222600
  -0.0001091500    0.0001319200    0.0004973200
   0.0000672400    0.0000974800    0.0005163900
  -0.0008600900   -0.0004134200   -0.0002330700
   0.0008416500   -0.0004902600   -0.0002989800
  -0.0008660900   -0.0004041200   -0.0002538900
   0.0008636900   -0.0003887100   -0.0002383200
  -0.0000632700    0.0010078500   -0.0002889100
   0.0000464300    0.0001236400   -0.0031132000
  -0.0000035000    0.0009230900   -0.0002522400
  -0.0000041300    0.0000085800   -0.0031052200
  -0.0007615300   -0.0004821700   -0.0002002700
   0.0007126100   -0.0004356200   -0.0002169000
  -0.0007850100   -0.0003668100   -0.0002547200
   0.0008083700   -0.0004172100   -0.0002369900
   0.0000210000    0.0010088400   -0.0002424900
   0.0000280500    0.0000206500   -0.0031097800
  -0.0000356400    0.0009801900   -0.0001808600
  -0.0000370000    0.0000138000   -0.0031942800
  -0.0013922400   -0.0007141000   -0.0008723300
   0.0013659600   -0.0007967800   -0.0008671000
  -0.0013504800   -0.0006853300   -0.0008577800
   0.0013747100   -0.0006533000   -0.0008741700
  -0.0000732100    0.0016177700   -0.0008458900
   0.0000631100    0.0001189500    0.0031337200
   0.0000049100    0.0014871300   -0.0008831700
   0.0000009600    0.0000189900    0.0031986700
  -0.0012507200   -0.0007783100   -0.0009064100
   0.0012045800   -0.0007151200   -0.0009217700
  -0.0012714500   -0.0006547100   -0.0008817800
   0.0012928900   -0.0007145300   -0.0008830000
   0.0000475000    0.0015865300   -0.0008682400
   0.0000486700    0.0000135700    0.0031622700
  -0.0000339700    0.0015408900   -0.0009346800
  -0.0000417400    0.0000154800    0.0031961000
   0.0012266400    0.0000552800   -0.0232698300
   0.0005208000   -0.0058076800    0.0021460100
  -0.0000434300   -0.0000038200   -0.0108045100
  -0.0017276900   -0.0046620000    0.0006243400
  -0.0034944400    0.0036617000    0.0012561200
   0.0054023900    0.0032199200    0.0019881800
  -0.0055328300    0.0032681900    0.0018680100
   0.0045385400    0.0037033200    0.0016259200
   0.0000262000    0.0000100800   -0.0105953100
  -0.0000229100   -0.0062852100    0.0020010000
   0.0000893800    0.0001177700   -0.0107745900
   0.0000332100   -0.0063506300    0.0019705100
  -0.0046677300    0.0004132500    0.0005067500
   0.0056057400    0.0029184900    0.0023870900
  -0.0055876400    0.0032568400    0.0018651000
   0.0054938900    0.0031544100    0.0019990400
   0.0624720000   -0.0038974800    0.1190314600
  -0.0057568700    0.0019834300    0.0046874700
  -0.0000709500   -0.0000550100   -0.0034064400
  -0.0036158100    0.0016496000    0.0032731000
   0.0001186800   -0.0041181800    0.0042921300
  -0.0014432900   -0.0007210000    0.0015527600
   0.0015715100   -0.0008451500    0.0016682100
  -0.0018307900    0.0005822400    0.0035688600
  -0.0001297800    0.0000838200   -0.0036425000
  -0.0000450500    0.0017663600    0.0015358000
   0.0000195700    0.0000928000   -0.0034185900
   0.0000165000    0.0017862800    0.0015558700
   0.0011951100   -0.0019873000    0.0035680900
  -0.0029625100    0.0021342800    0.0042679300
   0.0015974800   -0.0009010800    0.0016276000
  -0.0014175500   -0.0008241000    0.0015640300
  -0.0490529800   -0.0247820600   -0.0535432800
   0.0040407900   -0.0058304400   -0.0189129000
   0.0001158900    0.0008440500    0.0008255800
  -0.0006695100    0.0004839600    0.0003730500
  -0.0060955700    0.0305598900   -0.0360529300
   0.0003395200   -0.0008428600    0.0000429400
   0.0000760700   -0.0009256900    0.0011131400
  -0.0015131800    0.0020845700   -0.0015364100
   0.0003746000   -0.0004777200    0.0007956600
  -0.0008616300    0.0006129600    0.0011054900
   0.0008870800    0.0005373100    0.0011340600
  -0.0011449500    0.0006321100    0.0004008000
   0.0003602100   -0.0001879300    0.0005578700
   0.0019492100   -0.0010706200   -0.0007401900
  -0.0003688400   -0.0011162500    0.0006280600
   0.0001825700    0.0000119400    0.0010881400

81   
  0.0055104653984470   0.0000000000000000   0.0083447451184874
   0.0002165100    0.0001657600    0.0009375700
  -0.0001489100   -0.0001210300    0.0003624000
   0.0000586900   -0.0000452000    0.0010266800
  -0.0000340700   -0.0001867300    0.0006039500
  -0.0002145500   -0.0001271100    0.0004777500
   0.0002241700    0.0001276300    0.0003099500
  -0.0001381900    0.0001882600    0.0006000100
   0.0001268000    0.0000946000    0.0003665000
   0.0000116400    0.0000894700    0.0010696400
   0.0001007200   -0.0001876500    0.0005979700
  -0.0000781500   -0.0000150400    0.0009595800
   0.0000324300   -0.0000643700    0.0005613200
  -0.0001643400    0.0000316700    0.0006858000
   0.0001422800    0.0000160300    0.0003355500
  -0.0000587000    0.0000511300    0.0006010400
   0.0001098700    0.0000639100    0.0007342100
  -0.0008240800   -0.0004739000   -0.0002305600
   0.0008299700   -0.0004944500   -0.0001690900
  -0.0008469100   -0.0004726800   -0.0002257200
   0.0008750400   -0.0004360600   -0.0001694900
  -0.0000188000    0.0009484300   -0.0001857100
   0.0000219000    0.0000367800   -0.0030779900
   0.0000217700    0.0009208600   -0.0001853000
  -0.0000109100   -0.0000138400   -0.0030452700
  -0.0008126800   -0.0004746700   -0.0001909300
   0.0007878300   -0.0004616500   -0.0001722400
  -0.0007930600   -0.0004396100   -0.0002139100
   0.0008289500   -0.0004688200   -0.0002119300
   0.0000286200    0.0009786600   -0.0001598500
   0.0000114200   -0.0000056700   -0.0030323100
  -0.0000082500    0.0009555300   -0.0001863700
   0.0000036800   -0.0000187400   -0.0031404500
  -0.0011479700   -0.0007542600   -0.0012640100
   0.0012149100   -0.0005983600   -0.0005485500
  -0.0013167700   -0.0007460700   -0.0008138700
   0.0014292900   -0.0003599400   -0.0005307500
   0.0001173100    0.0012597500   -0.0006137400
  -0.0000187900    0.0000278900    0.0031278200
   0.0001097800    0.0014179600   -0.0008140900
  -0.0002524200   -0.0001804300    0.0035604400
  -0.0012567500   -0.0007706000   -0.0008561200
   0.0012488400   -0.0006692500   -0.0008704400
  -0.0012528300   -0.0007124200   -0.0008178100
   0.0012569600   -0.0007359000   -0.0008640100
   0.0003840900    0.0014881500   -0.0006317500
  -0.0001812100   -0.0000735700    0.0035386900
  -0.0000400700    0.0015009400   -0.0008756900
  -0.0000503800   -0.0000147000    0.0031887800
  -0.0031326000   -0.0052112500    0.0076738800
  -0.0000411900   -0.0068970400    0.0025844000
   0.0005569600    0.0006609400   -0.0103763000
   0.0460144000   -0.0295221900    0.0543651400
  -0.0056086400    0.0032461500    0.0026143000
   0.0054295200    0.0032447100    0.0019632100
  -0.0054256200    0.0025716100    0.0020779700
   0.0035584000    0.0016812000    0.0036038900
   0.0005979300   -0.0000076000   -0.0100065300
   0.0001020100   -0.0059156500    0.0023970700
   0.0000293500    0.0000707400   -0.0106398900
  -0.0000521600   -0.0064456500    0.0017277900
   0.0003694200    0.0316418400    0.0374238700
   0.0047777900    0.0024747200    0.0028050400
  -0.0056552500    0.0031670300    0.0017384900
   0.0074833100    0.0054224900    0.0043984400
   0.0483178000    0.0244183900    0.0517646700
   0.0006550100    0.0009302500    0.0018853600
  -0.0000557500    0.0004638000   -0.0030095700
  -0.0034314300    0.0072062600    0.0207797100
   0.0015245900   -0.0001177700    0.0018749700
  -0.0016307400   -0.0008062500    0.0017943900
   0.0014588100   -0.0007980700    0.0023726000
  -0.0034361500    0.0005295200    0.0036491300
   0.0001165000   -0.0004364000   -0.0033663300
   0.0006799200    0.0017134200    0.0020466600
  -0.0000437200    0.0000202300   -0.0038725200
  -0.0000036100    0.0016346500    0.0016168100
   0.0075197600   -0.0306509500    0.0387914400
   0.0003215600   -0.0030389300    0.0043029600
   0.0013748800   -0.0008116400    0.0016110600
  -0.0019960200   -0.0000595900    0.0029999200
  -0.1151417100   -0.0003277500   -0.2133753400
   0.0005321100    0.0055204600   -0.0030518800
   0.0023160900    0.0005036300    0.0020009000
   0.0006854700   -0.0046045400   -0.0033491600
   0.0017723600   -0.0062943100   -0.0031705500
   0.0003613000   -0.0002861100    0.0012883400
   0.0002904200   -0.0005413100    0.0011284500
   0.0019344700    0.0052309500   -0.0030524000
   0.0009355000    0.0012921500    0.0020311300
   0.0000988400    0.0004614800    0.0011191000
   0.0008227000   -0.0003771900    0.0019803000
   0.0001365500    0.0004804400    0.0011198100
   0.0019048700    0.0039750600   -0.0033241400
   0.0017668900   -0.0046864300   -0.0028992500
   0.0003504500   -0.0005996000    0.0011025800
   0.0003339600   -0.0003665600    0.0013123700

81   
 -0.0055104653984470   0.0000000000000000  -0.0083447451184874
  -0.0001888000   -0.0001571300    0.0006482000
   0.0001718400   -0.0001846100    0.0005334200
  -0.0000483500    0.0000309900    0.0005678500
   0.0000670200   -0.0000792800    0.0002942600
  -0.0000330800    0.0002840600    0.0004169700
   0.0000559000    0.0000303500    0.0005902800
  -0.0000754900   -0.0000097700    0.0003010600
   0.0001540100    0.0000703300    0.0005406200
   0.0000088300   -0.0000616200    0.0005249000
  -0.0000633900   -0.0000741400    0.0003085300
   0.0000941200    0.0000303800    0.0006394300
  -0.0000101700   -0.0002051000    0.0003388000
  -0.0000412900    0.0001003600    0.0002151900
   0.0001385700    0.0001309200    0.0005670400
  -0.0001694600    0.0000986900    0.0003025500
   0.0001330000    0.0000703400    0.0001660200
  -0.0008060200   -0.0004723000   -0.0000655100
   0.0008467000   -0.0004740000   -0.0001477600
  -0.0008072200   -0.0004557700   -0.0000962600
   0.0008259100   -0.0004694600   -0.0001262000
   0.0000221500    0.0009680800   -0.0001430400
   0.0000216900    0.0000126600   -0.0030215500
   0.0000228100    0.0009511600   -0.0001095700
   0.0000095800    0.0000130100   -0.0030367600
  -0.0007803000   -0.0004886300   -0.0000976000
   0.0008350900   -0.0004729000   -0.0001124400
  -0.0008088300   -0.0004760700   -0.0000933200
   0.0008356100   -0.0004579600   -0.0000852200
   0.0000096600    0.0009430100   -0.0001349500
   0.0000173400    0.0000026300   -0.0030525100
   0.0000276000    0.0009499300   -0.0000862200
   0.0000010200   -0.0000008900   -0.0029996300
  -0.0014572500   -0.0007523000   -0.0003183300
   0.0014304800   -0.0009262900   -0.0010020100
  -0.0013058300   -0.0007432800   -0.0007322000
   0.0012472200   -0.0011037400   -0.0010349800
  -0.0001107800    0.0017714200   -0.0009229900
   0.0000601600    0.0000207300    0.0033704600
  -0.0000651900    0.0015765400   -0.0007537800
   0.0002510100    0.0001733600    0.0029233200
  -0.0013054700   -0.0007528200   -0.0007232200
   0.0013450500   -0.0008251800   -0.0007103800
  -0.0013212700   -0.0007636400   -0.0007436300
   0.0013786400   -0.0007518400   -0.0007112300
  -0.0003372000    0.0015566900   -0.0009361900
   0.0002066300    0.0000704200    0.0029451500
   0.0000582800    0.0015252900   -0.0007188800
   0.0000569400   -0.0000023600    0.0033435000
   0.0031408600    0.0052117100   -0.0290093100
   0.0000607900   -0.0059011000    0.0010134100
  -0.0005505700   -0.0006620300   -0.0109114200
  -0.0478333200    0.0178367100   -0.0526646000
  -0.0054645000    0.0031895600    0.0010426100
   0.0056610300    0.0032072300    0.0016618300
  -0.0056287900    0.0038393400    0.0014963000
   0.0075390200    0.0047493200    0.0000087800
  -0.0005704300    0.0000218500   -0.0111327600
  -0.0001213600   -0.0068664500    0.0012453500
   0.0000055200   -0.0000506800   -0.0105980900
   0.0000864900   -0.0063920700    0.0019104600
  -0.0114134000   -0.0261033800   -0.0344801900
   0.0063158000    0.0039118800    0.0007988200
  -0.0054458700    0.0032534400    0.0018703900
   0.0036410100    0.0009549400   -0.0007824000
  -0.0464421300   -0.0232836200   -0.0573491500
  -0.0006075600    0.0024903200    0.0014887000
   0.0000903000   -0.0004830100   -0.0044612600
   0.0034508600   -0.0038109500   -0.0173570000
   0.0014494800   -0.0015559000    0.0014597500
  -0.0013076800   -0.0008427700    0.0015407600
   0.0015326400   -0.0008846200    0.0009921700
   0.0005365700   -0.0021976600   -0.0003029900
  -0.0000735500    0.0004733000   -0.0042333000
  -0.0006877500    0.0016812000    0.0012488600
   0.0000821700   -0.0000040900   -0.0036570600
   0.0000397500    0.0017319900    0.0017071500
  -0.0046338300    0.0280732000   -0.0347755900
  -0.0031892100    0.0013074300   -0.0009449600
   0.0015644300   -0.0008672300    0.0017427200
  -0.0008455800   -0.0016419900    0.0003391800
   0.1144696500   -0.0002815600    0.2147525700
  -0.0018564900   -0.0045761300    0.0052478400
  -0.0007049100    0.0004279900    0.0001538200
  -0.0024793900    0.0055317600    0.0054545300
  -0.0016912100    0.0046258000    0.0052614800
  -0.0003464500    0.0003255800    0.0012333500
  -0.0002779800   -0.0012781500    0.0010215800
  -0.0019394700   -0.0050771200    0.0056246000
   0.0007228000   -0.0003574000    0.0001306900
  -0.0017014000    0.0005071400    0.0010361100
   0.0007823300    0.0013252100    0.0001777000
  -0.0017008100    0.0004380100    0.0010375300
  -0.0019514900   -0.0059229500    0.0053634100
  -0.0016814600    0.0045920500    0.0055194200
  -0.0003332000   -0.0012456500    0.0010659300
  -0.0002891600    0.0003592500    0.0011911000
