80   
10   

1    
  0.0059177243968667   0.0000000000000000   0.0080610506736237
  -0.0818431200   -0.0003024500   -0.1418456600
  -0.0016746700    0.0042331300   -0.0038844400
   0.0005771800   -0.0001520600    0.0008504700
  -0.0019644800   -0.0040892700   -0.0037942700
   0.0004324500   -0.0053004200   -0.0038572200
   0.0003471900   -0.0001439300    0.0004717600
   0.0004800300    0.0000637500    0.0004929200
   0.0002041900    0.0054910000   -0.0038209400
  -0.0003330400    0.0005258400    0.0007531200
   0.0005934500    0.0000771100    0.0004834800
  -0.0000714400   -0.0003728700    0.0009491800
   0.0005930900    0.0000168700    0.0004840400
   0.0002955100    0.0027948900   -0.0038106400
   0.0003427300   -0.0030610200   -0.0038636600
   0.0004277100    0.0000957000    0.0005345500
   0.0003976700   -0.0001123500    0.0004341000
  -0.0005256800   -0.0032462000    0.0109773500
  -0.0001531000   -0.0004774000    0.0010035200
  -0.0000445500    0.0007070200    0.0004335800
   0.0370108400   -0.0184143000    0.0419082100
  -0.0000462100    0.0000019800    0.0010973400
  -0.0001117600   -0.0000028400    0.0002152600
  -0.0001924000   -0.0002141600    0.0003403100
  -0.0011812700   -0.0010295100    0.0015104100
   0.0004359400   -0.0003407100    0.0008110500
   0.0001844800    0.0003258000    0.0006277300
  -0.0001143200    0.0000374200    0.0001888700
  -0.0000668100   -0.0000687600    0.0001307300
   0.0051084500    0.0217772900    0.0265693100
  -0.0006905600   -0.0002875300    0.0014152100
  -0.0001825200    0.0000306500    0.0001557600
   0.0010997300    0.0013143400    0.0016061700
   0.0365880100    0.0182524800    0.0394687800
   0.0000146800   -0.0004569000   -0.0008002400
  -0.0000187600    0.0003964400   -0.0003473600
  -0.0001354100    0.0029602700    0.0086033000
  -0.0000280700    0.0001648800   -0.0008464500
  -0.0001372200   -0.0000027800   -0.0011200000
   0.0000052300   -0.0001072000   -0.0003008000
  -0.0012804700    0.0012852300   -0.0000607600
   0.0002094200   -0.0002704900   -0.0006186100
   0.0002804700    0.0002774600   -0.0005291200
  -0.0000598900    0.0000432000   -0.0012230800
  -0.0000887300   -0.0000308700   -0.0011341200
   0.0049845600   -0.0210940500    0.0239072000
   0.0013024900   -0.0014955400    0.0000413400
  -0.0001385400   -0.0000132600   -0.0011753200
  -0.0009160200    0.0002076100   -0.0001643800
   0.0001189200    0.0000398700    0.0006207600
   0.0000203400   -0.0000392300   -0.0000324900
  -0.0001895100    0.0001394700    0.0003617000
   0.0000808600    0.0000431000   -0.0004540200
   0.0000045200    0.0000092900   -0.0000607000
   0.0000724800    0.0000302700   -0.0000052000
  -0.0000290300   -0.0001061600    0.0001386000
  -0.0000694800   -0.0000833800    0.0001419300
   0.0000508400   -0.0001791800    0.0004909100
  -0.0001359700    0.0000750800    0.0001561100
  -0.0001181900    0.0000003600   -0.0000970100
   0.0000079300    0.0000559800    0.0001246300
   0.0000069800    0.0000430400   -0.0005573500
  -0.0001473100    0.0000323500    0.0001573100
   0.0000371100    0.0000276900    0.0001227300
  -0.0000674800   -0.0000854100   -0.0003506100
   0.0000262900    0.0000005000    0.0008889700
   0.0003285600    0.0003396400    0.0005389900
  -0.0000069700    0.0001107500    0.0002287600
  -0.0000243600    0.0002747800    0.0003175500
   0.0003876000    0.0000830500    0.0006592600
  -0.0002435500   -0.0001666000    0.0002560900
   0.0001660300   -0.0000703200    0.0004398900
  -0.0003206700   -0.0000829300    0.0001989200
   0.0000782000   -0.0000494800    0.0002010900
   0.0000445600    0.0002368400    0.0003490400
  -0.0001124400   -0.0000612100    0.0002564600
   0.0000805700    0.0000138300    0.0002612200
   0.0001703100   -0.0002285700    0.0005474000
  -0.0001845900   -0.0003834500    0.0003083800
   0.0000374400    0.0000250500    0.0001844900
   0.0000135700   -0.0000384900    0.0003382400

1    
 -0.0059177243968667   0.0000000000000000  -0.0080610506736237
   0.0838736500   -0.0002553000    0.1510743600
   0.0017654600   -0.0041966000    0.0047511900
  -0.0006035800    0.0001580000   -0.0000236000
   0.0018207200    0.0041284900    0.0045907400
  -0.0004113100    0.0053945100    0.0046448300
  -0.0003777800    0.0001384100    0.0003595400
  -0.0004967400   -0.0000709500    0.0003275700
  -0.0002833200   -0.0053951000    0.0046927400
   0.0003168100   -0.0005315000    0.0000745600
  -0.0006172700   -0.0000693600    0.0003432800
   0.0000382900    0.0003713500   -0.0001202800
  -0.0006173600   -0.0000287100    0.0003409800
  -0.0003739400   -0.0028586300    0.0045661500
  -0.0003148100    0.0029919800    0.0047719300
  -0.0004615700   -0.0000914000    0.0003031500
  -0.0004163800    0.0001160500    0.0003850800
   0.0004559800    0.0032031100   -0.0106076800
   0.0001196100    0.0004705100   -0.0006577800
   0.0000189800   -0.0006984500   -0.0000862300
  -0.0384682300    0.0192858000   -0.0428901100
   0.0000136900   -0.0000046500   -0.0007385500
   0.0000890300   -0.0000007800    0.0001310300
   0.0001609800    0.0001999200   -0.0000028600
   0.0011444900    0.0010343800   -0.0011579600
  -0.0004614300    0.0003389700   -0.0004554300
  -0.0002173700   -0.0003114000   -0.0002839100
   0.0000905700   -0.0000389700    0.0001600300
   0.0000393100    0.0000646600    0.0002220800
  -0.0050740000   -0.0223606100   -0.0266167000
   0.0006423800    0.0002834900   -0.0010651900
   0.0001544800   -0.0000279300    0.0001878900
  -0.0011465900   -0.0013240900   -0.0012572900
  -0.0352122000   -0.0174033100   -0.0404293800
  -0.0000318700    0.0004616000   -0.0014940800
   0.0000064000   -0.0004029700   -0.0019564000
   0.0001510500   -0.0030045100   -0.0109213400
   0.0000069400   -0.0001688300   -0.0014478300
   0.0001122600   -0.0000007600   -0.0011741700
  -0.0000251600    0.0001015500   -0.0020053700
   0.0012675200   -0.0012821600   -0.0022375000
  -0.0002316400    0.0002801500   -0.0016763800
  -0.0003050600   -0.0002761800   -0.0017782200
   0.0000372700   -0.0000474600   -0.0010747700
   0.0000631900    0.0000288300   -0.0011651800
  -0.0050567700    0.0205194000   -0.0257952300
  -0.0013102800    0.0014822000   -0.0023379700
   0.0001161200    0.0000165200   -0.0011174900
   0.0009121000   -0.0002063500   -0.0021310800
  -0.0001371500   -0.0000350000   -0.0005591400
  -0.0000455400    0.0000377200    0.0000925500
   0.0001610800   -0.0001372300   -0.0003002600
  -0.0001046300   -0.0000488000    0.0005082900
  -0.0000302000   -0.0000095300    0.0001203800
  -0.0000963300   -0.0000298100    0.0000640700
   0.0000023200    0.0001061500   -0.0000784800
   0.0000445500    0.0000858700   -0.0000828600
  -0.0000765800    0.0001705800   -0.0004301700
   0.0001101000   -0.0000757900   -0.0000963200
   0.0000937700   -0.0000002300    0.0001581200
  -0.0000358200   -0.0000574400   -0.0000648100
  -0.0000399300   -0.0000374900    0.0006071500
   0.0001236300   -0.0000326500   -0.0000989200
  -0.0000649300   -0.0000281300   -0.0000625400
   0.0000435600    0.0000851900    0.0004092000
  -0.0000562500   -0.0000001200   -0.0003251500
  -0.0003573500   -0.0003362000   -0.0000144100
  -0.0000176200   -0.0001093100    0.0003067500
   0.0000034800   -0.0002723900    0.0002142700
  -0.0004133800   -0.0000886400   -0.0001319900
   0.0002171100    0.0001646000    0.0002815500
  -0.0001895300    0.0000685000    0.0000980200
   0.0002932500    0.0000802700    0.0003333500
  -0.0001028200    0.0000482300    0.0003343700
  -0.0000694100   -0.0002349700    0.0001905800
   0.0000865700    0.0000592500    0.0002789000
  -0.0001058400   -0.0000147400    0.0002757100
  -0.0001908600    0.0002329800   -0.0000186700
   0.0001554200    0.0003828000    0.0002178300
  -0.0000639100   -0.0000245900    0.0003514600
  -0.0000393900    0.0000380300    0.0001999500

17   
  0.0059177243968667   0.0000000000000000   0.0080610506736237
  -0.0029237600   -0.0046220400    0.0129735000
   0.0408918900   -0.0207137100    0.0418234000
  -0.0004987800    0.0002613200    0.0010394800
   0.0002515800    0.0004426300    0.0009667100
   0.0050482300    0.0251276100    0.0272437900
   0.0003014900    0.0008590500    0.0024545600
  -0.0002091600   -0.0000574700    0.0004363900
   0.0000530800   -0.0007402600    0.0011243700
   0.0004155600   -0.0001645900    0.0010920600
  -0.0001582300   -0.0000422500    0.0004563500
  -0.0000799200    0.0000612900    0.0004170400
   0.0001588900   -0.0008745100    0.0009140700
   0.0003575700   -0.0004453600    0.0010561000
  -0.0012079600   -0.0001529500    0.0017866500
  -0.0006511500    0.0007120500    0.0009513400
  -0.0001405700   -0.0000130100    0.0004995700
  -0.0481561700    0.0011605400   -0.0895940600
   0.0032204000   -0.0002067000   -0.0010613400
   0.0001325400   -0.0001156400   -0.0001084100
   0.0044552100   -0.0000610500   -0.0019792200
   0.0001017100    0.0014752600   -0.0013673300
  -0.0000217800   -0.0000181300    0.0000805900
  -0.0000474700    0.0000052300    0.0001985300
   0.0009587200   -0.0024841000   -0.0016808200
  -0.0000832800    0.0001121100   -0.0001753400
  -0.0000145400   -0.0000270100    0.0001373200
   0.0001017900   -0.0000290400   -0.0000393900
  -0.0000167700    0.0000768400    0.0001410400
   0.0007467800    0.0024389800   -0.0018211600
   0.0003196100   -0.0012379700   -0.0012175300
   0.0000438800   -0.0000509000    0.0001297800
  -0.0001089500   -0.0000679200    0.0001497100
  -0.0012012900   -0.0000141700    0.0116577200
   0.0014605100    0.0014543800   -0.0000087200
   0.0000468900   -0.0000740600   -0.0011527000
  -0.0003533100    0.0002954400   -0.0013081000
   0.0007456900    0.0003652600   -0.0008757500
   0.0000332800    0.0000332000   -0.0012336800
  -0.0000197000   -0.0000294400   -0.0012180700
  -0.0016980600    0.0002947500   -0.0004440600
  -0.0001419300    0.0000973300   -0.0011056400
  -0.0000475100   -0.0000427500   -0.0012235200
  -0.0000305200   -0.0000552400   -0.0012048900
  -0.0000250700   -0.0000326500   -0.0011929800
  -0.0001778800   -0.0000840500   -0.0015250300
  -0.0008084000   -0.0024124300    0.0002066800
   0.0000146000   -0.0000385600   -0.0011846600
   0.0000515300    0.0000297500   -0.0011988600
  -0.0000369200   -0.0000029100    0.0001532600
  -0.0000132200   -0.0000013700    0.0000054800
   0.0000022200   -0.0000139700    0.0000413300
  -0.0000608400   -0.0000080900    0.0001995000
  -0.0000318700   -0.0000074000    0.0000038200
  -0.0000404900   -0.0000122900    0.0000764500
  -0.0000323400   -0.0000349600    0.0000432500
  -0.0000300200   -0.0000638100    0.0000967400
  -0.0000283100    0.0000111500    0.0000217000
  -0.0000441200   -0.0000274500    0.0000254300
  -0.0000345300   -0.0000128800    0.0000499900
  -0.0000040900   -0.0000293500    0.0000438900
  -0.0000533800   -0.0000262100    0.0001763400
  -0.0000833900    0.0000185900    0.0000852100
  -0.0000335400    0.0000051100    0.0000468100
   0.0000058100    0.0000085000    0.0001084900
   0.0000701800    0.0000578700    0.0002467800
  -0.0001216400    0.0000281100    0.0002524700
  -0.0000254600   -0.0000506600    0.0003119600
  -0.0000241500   -0.0000403800    0.0003038400
  -0.0000514500   -0.0001231400    0.0002494100
  -0.0000845900   -0.0000512100    0.0002686000
  -0.0000338700   -0.0000080600    0.0003206300
   0.0000073300   -0.0000267600    0.0003681800
  -0.0000735300    0.0000271900    0.0003255400
  -0.0000212300   -0.0000195100    0.0003078100
  -0.0000288300   -0.0000092800    0.0003334600
  -0.0000155500   -0.0000196600    0.0002902500
  -0.0000789800    0.0000074900    0.0003214100
  -0.0000173500    0.0000407800    0.0003182900
  -0.0000220700    0.0000018600    0.0002941800
  -0.0000490500   -0.0000123900    0.0002939900

17   
 -0.0059177243968667   0.0000000000000000  -0.0080610506736237
   0.0029390300    0.0046213100   -0.0120958000
  -0.0393503100    0.0197793700   -0.0393838600
   0.0004982700   -0.0002647900   -0.0000740800
  -0.0002960200   -0.0004624100    0.0000051300
  -0.0050797800   -0.0245682700   -0.0258887900
  -0.0003557500   -0.0008886100   -0.0014744200
   0.0001853100    0.0000394100    0.0005200000
  -0.0000820100    0.0007268300   -0.0001789700
  -0.0004175100    0.0001686700   -0.0001286700
   0.0001311300    0.0000297900    0.0005011900
   0.0000573800   -0.0000760900    0.0005382600
  -0.0001896900    0.0008728300    0.0000638200
  -0.0003911500    0.0004133900   -0.0000896700
   0.0011792600    0.0001572800   -0.0008303500
   0.0006279400   -0.0007383600    0.0000189000
   0.0001161600   -0.0000027600    0.0004638100
   0.0483611800    0.0003658400    0.0860496400
  -0.0031973700    0.0001802900    0.0015183700
  -0.0001461000    0.0001052700    0.0005876100
  -0.0045015800    0.0000507700    0.0024576100
  -0.0001487900   -0.0014844600    0.0018288300
   0.0000003200   -0.0000038900    0.0003953800
   0.0000227800   -0.0000183700    0.0002832800
  -0.0009721100    0.0024536800    0.0021468600
   0.0000568600   -0.0001187200    0.0006521800
  -0.0000007500    0.0000135800    0.0003382900
  -0.0001214600    0.0000096500    0.0005192600
  -0.0000060100   -0.0001008600    0.0003410700
  -0.0007689100   -0.0024419000    0.0023020000
  -0.0003454600    0.0012225900    0.0016761900
  -0.0000719600    0.0000351100    0.0003429700
   0.0000983500    0.0000540300    0.0003326100
   0.0011565600   -0.0000015800   -0.0136375600
  -0.0014770400   -0.0014754500   -0.0021474800
  -0.0000626200    0.0000634900   -0.0010134300
   0.0003471200   -0.0003269500   -0.0008681700
  -0.0007960700   -0.0003801900   -0.0013045500
  -0.0000487800   -0.0000511300   -0.0009328200
  -0.0000070600    0.0000177900   -0.0009481400
   0.0016766000   -0.0003058200   -0.0017223500
   0.0001149300   -0.0001033700   -0.0010590600
   0.0000319100    0.0000249000   -0.0009388200
   0.0000083300    0.0000370100   -0.0009681000
   0.0000033000    0.0000124300   -0.0009782200
   0.0001456500    0.0000895800   -0.0006621900
   0.0007859300    0.0023693100   -0.0023553500
  -0.0000403900    0.0000224200   -0.0009779400
  -0.0000660100   -0.0000460900   -0.0009708300
   0.0000156100   -0.0000117200    0.0000384200
  -0.0000087300   -0.0000139300    0.0001838700
  -0.0000239800   -0.0000008200    0.0001492800
   0.0000377200   -0.0000060000   -0.0000095400
   0.0000098300   -0.0000070500    0.0001857800
   0.0000191000   -0.0000023000    0.0001131600
   0.0000106700    0.0000204200    0.0001469400
   0.0000085300    0.0000488300    0.0000935700
   0.0000063900   -0.0000261200    0.0001686600
   0.0000226500    0.0000127200    0.0001644100
   0.0000130400   -0.0000018100    0.0001398700
  -0.0000173800    0.0000147400    0.0001468400
   0.0000315100    0.0000105300    0.0000143500
   0.0000609800   -0.0000325400    0.0001050800
   0.0000122300   -0.0000199000    0.0001430400
  -0.0000277500   -0.0000232200    0.0000819400
  -0.0000906400   -0.0000724400    0.0004188600
   0.0000998900   -0.0000423600    0.0004154700
   0.0000043300    0.0000356500    0.0003566800
   0.0000024600    0.0000258900    0.0003647700
   0.0000306900    0.0001075000    0.0004169200
   0.0000624900    0.0000360700    0.0004003100
   0.0000129400   -0.0000071000    0.0003468900
  -0.0000293200    0.0000119000    0.0003013000
   0.0000521400   -0.0000411800    0.0003433100
  -0.0000006200    0.0000055900    0.0003601900
   0.0000074000   -0.0000054600    0.0003336000
  -0.0000064000    0.0000050200    0.0003777200
   0.0000571800   -0.0000227600    0.0003472500
  -0.0000043300   -0.0000553300    0.0003504400
   0.0000006900   -0.0000170100    0.0003737300
   0.0000270700   -0.0000023900    0.0003732400

33   
  0.0059177243968667   0.0000000000000000   0.0080610506736237
   0.0376599400    0.0188469200    0.0378857700
  -0.0027038500    0.0044639400    0.0122127800
   0.0003219800   -0.0003820300    0.0011012700
  -0.0003205800   -0.0001103600    0.0011323400
   0.0050210200   -0.0234412300    0.0251908800
   0.0000538500    0.0007746200    0.0008212500
  -0.0001290400    0.0000710400    0.0005135000
   0.0003491800   -0.0009298000    0.0024348600
   0.0001904100    0.0006926300    0.0010888100
  -0.0000072000   -0.0000623700    0.0005063900
  -0.0001204400    0.0000123800    0.0005261600
   0.0003059600    0.0001265500    0.0011443300
  -0.0003800700   -0.0005651600    0.0011038900
  -0.0012756500    0.0001775800    0.0016298500
   0.0003747200    0.0002823300    0.0011299400
  -0.0001275100    0.0000076000    0.0005639100
  -0.0011431700    0.0000067100    0.0128832800
  -0.0003007300   -0.0002891900    0.0000891700
   0.0000775600    0.0000817100    0.0002640200
   0.0014552000   -0.0013902100    0.0014195000
  -0.0016204400   -0.0003084200    0.0009852300
   0.0000623700    0.0000377600    0.0002315400
   0.0000716000   -0.0000300000    0.0002092900
   0.0007258300   -0.0003540300    0.0005263100
   0.0000161300    0.0000414700    0.0002175200
   0.0000083200    0.0000152200    0.0002216300
  -0.0001115200   -0.0001044100    0.0002994700
  -0.0000160100    0.0000125000    0.0001885500
  -0.0007201700    0.0023348300    0.0016478800
  -0.0001441900    0.0000330800   -0.0001436100
   0.0000488500   -0.0000286000    0.0001691000
   0.0000366200    0.0000380000    0.0002029200
  -0.0500193900   -0.0003885200   -0.0960237600
   0.0048842000    0.0000115200   -0.0031167100
  -0.0000701800    0.0001288900   -0.0012230500
   0.0038971100    0.0001878600   -0.0024025000
   0.0010466300    0.0025692900   -0.0028693700
  -0.0000822200   -0.0000878000   -0.0010326100
   0.0000399200    0.0000298400   -0.0011750000
   0.0004246100   -0.0018355000   -0.0026413900
   0.0000866200   -0.0000843500   -0.0011390100
   0.0000806200    0.0000796900   -0.0011055900
  -0.0001229400   -0.0000255400   -0.0012972600
   0.0000797900   -0.0001130500   -0.0011059900
   0.0005812200    0.0015718400   -0.0025150400
   0.0008819600   -0.0024677100   -0.0029995600
  -0.0001245500    0.0001265000   -0.0010584500
   0.0000814900    0.0000081400   -0.0011492800
   0.0011810700    0.0008492800    0.0018846000
   0.0000649400   -0.0002256800    0.0000857800
  -0.0001178000   -0.0001018800    0.0003485700
  -0.0001198300   -0.0000802100    0.0003384300
  -0.0001350200    0.0001825200    0.0001859900
   0.0000029500    0.0000072000    0.0001936200
   0.0000685600    0.0001596200    0.0002481000
   0.0000887800    0.0002871300    0.0000714700
  -0.0001796500   -0.0000174900    0.0003171300
   0.0002073900    0.0000440800    0.0001164600
   0.0000593100    0.0000205600    0.0002549500
  -0.0000154400    0.0000372500    0.0003229700
  -0.0002743800   -0.0007446000    0.0011104000
   0.0002394500   -0.0000801900    0.0002645500
   0.0000364600   -0.0000357400    0.0002885500
  -0.0002455400   -0.0001860800   -0.0001198200
  -0.0007799900   -0.0005294600    0.0012130800
   0.0010268500   -0.0005024500    0.0018261500
   0.0002522500    0.0001408200    0.0002731300
  -0.0001339300    0.0001199700    0.0004370500
   0.0001468400    0.0010537800    0.0015221000
  -0.0004046200   -0.0000932700    0.0005190000
   0.0000605000    0.0000190100    0.0002874700
  -0.0002461200    0.0000172900   -0.0000318000
   0.0002452200    0.0000864000    0.0003200900
  -0.0000306700    0.0000591900    0.0002778200
  -0.0000510700   -0.0000578400    0.0002973300
  -0.0001603000    0.0001363500    0.0003902300
   0.0000739700   -0.0001893100    0.0004016400
  -0.0002295700    0.0000982200    0.0002434300
   0.0000527900   -0.0002535000    0.0003078500
  -0.0000072400    0.0000068700    0.0002605200

33   
 -0.0059177243968667   0.0000000000000000  -0.0080610506736237
  -0.0391246700   -0.0197398600   -0.0382589800
   0.0027337500   -0.0044448200   -0.0110486900
  -0.0002362900    0.0003778700   -0.0000244700
   0.0003603700    0.0001186400   -0.0000450600
  -0.0049517600    0.0240118000   -0.0245098800
   0.0000180100   -0.0007731800    0.0002699500
   0.0001937300   -0.0000760300    0.0005676700
  -0.0002497600    0.0009150100   -0.0013740400
  -0.0001212600   -0.0006826400   -0.0000131600
   0.0000711500    0.0000635500    0.0005787900
   0.0001904300   -0.0000095700    0.0005608500
  -0.0002600300   -0.0001064500   -0.0000628200
   0.0004429100    0.0005538700   -0.0000221300
   0.0013455900   -0.0001608000   -0.0005551200
  -0.0002973000   -0.0003002800   -0.0000482900
   0.0001945800   -0.0000073200    0.0005165800
   0.0012288800   -0.0000137200   -0.0124276000
   0.0003510400    0.0002744900    0.0005697900
  -0.0000187200   -0.0000824900    0.0003876400
  -0.0014037400    0.0013794900   -0.0007804300
   0.0016924400    0.0003193200   -0.0003411800
   0.0000036900   -0.0000458600    0.0004085100
  -0.0000172000    0.0000336900    0.0004360700
  -0.0006373000    0.0003644600    0.0001276800
   0.0000332600   -0.0000403200    0.0004286400
   0.0000621800   -0.0000104300    0.0004204200
   0.0001798800    0.0001014200    0.0003445400
   0.0000817700   -0.0000258900    0.0004688900
   0.0007877700   -0.0023687900   -0.0010187000
   0.0002070400   -0.0000118600    0.0007984500
   0.0000116900    0.0000370500    0.0004773600
   0.0000346700   -0.0000336000    0.0004458600
   0.0463966900    0.0006912700    0.0814279800
  -0.0047792600   -0.0000071300    0.0010850900
   0.0001275300   -0.0001308000   -0.0007939900
  -0.0038698500   -0.0002029700    0.0004116900
  -0.0009827700   -0.0025718700    0.0008625800
   0.0001458800    0.0000783400   -0.0009781400
   0.0000199900   -0.0000285600   -0.0008323300
  -0.0003358100    0.0018414200    0.0006478300
  -0.0000390300    0.0000853800   -0.0008708800
  -0.0000095500   -0.0000725400   -0.0009041400
   0.0001902200    0.0000219400   -0.0007138200
  -0.0000138600    0.0000965200   -0.0009165500
  -0.0005075000   -0.0015676900    0.0005224000
  -0.0008270600    0.0024781300    0.0009833500
   0.0001812000   -0.0001156700   -0.0009547200
  -0.0000086100   -0.0000035500   -0.0008641900
  -0.0010839300   -0.0008194300   -0.0014923900
   0.0000036700    0.0002207600    0.0002649800
   0.0001809800    0.0000987300    0.0000014900
   0.0001723400    0.0000849400    0.0000028800
   0.0001973200   -0.0001771100    0.0001648500
   0.0000607400   -0.0000069300    0.0001548200
  -0.0000032600   -0.0001573200    0.0001026800
  -0.0000227700   -0.0002835100    0.0002777000
   0.0002388400    0.0000183300    0.0000323400
  -0.0001381300   -0.0000444600    0.0002335900
   0.0000033400   -0.0000184400    0.0000944100
   0.0000785600   -0.0000370700    0.0000273100
   0.0003274900    0.0007182100   -0.0007449300
  -0.0001696500    0.0000784600    0.0000879200
   0.0000248200    0.0000370400    0.0000607000
   0.0003086000    0.0001849700    0.0004696000
   0.0008477500    0.0005301200   -0.0004002700
  -0.0009313200    0.0004806200   -0.0009363200
  -0.0001816500   -0.0001341800    0.0005604800
   0.0001933500   -0.0001143200    0.0003980200
  -0.0000845700   -0.0010296200   -0.0006651800
   0.0004568000    0.0000886500    0.0003172200
   0.0000016200   -0.0000201100    0.0005476900
   0.0003087400   -0.0000155100    0.0008699600
  -0.0001757400   -0.0000867200    0.0005136100
   0.0000925800   -0.0000597300    0.0005580800
   0.0001158100    0.0000586700    0.0005383400
   0.0002174100   -0.0001356700    0.0004445000
  -0.0000075400    0.0001849000    0.0004320700
   0.0002925600   -0.0000917400    0.0005930200
   0.0000091500    0.0002452900    0.0005257300
   0.0000710500   -0.0000067900    0.0005758100

49   
  0.0059177243968667   0.0000000000000000   0.0080610506736237
   0.0001484000    0.0000509300    0.0010509100
   0.0000878600   -0.0001569500    0.0000015600
  -0.0002026100    0.0001553800    0.0008336400
   0.0000296600   -0.0000413400    0.0004196000
  -0.0001551100    0.0001425500    0.0000360500
   0.0001196900    0.0000195700   -0.0000296400
  -0.0000701100   -0.0000234000    0.0006607600
  -0.0000199300    0.0000043400    0.0005245000
   0.0000609800   -0.0002028500    0.0009446800
  -0.0000738600   -0.0000124900    0.0006467400
  -0.0001089700    0.0000017100    0.0003545000
  -0.0000305600   -0.0000172800    0.0005393600
   0.0000112800    0.0000133300    0.0003959700
  -0.0000361200    0.0000271300    0.0005774900
  -0.0000428400    0.0000289800    0.0006069800
   0.0000861600    0.0000335300    0.0004440900
  -0.0000452500   -0.0000140200    0.0003547600
   0.0000215500   -0.0000191900    0.0003390200
   0.0000554800   -0.0000129800    0.0002017500
   0.0000081800   -0.0000180700    0.0001891000
  -0.0000161700    0.0000392200    0.0003486500
   0.0000155300    0.0000042900    0.0003012500
   0.0000018700   -0.0000045700    0.0002179900
  -0.0000164200    0.0000165500    0.0002363200
  -0.0000035500    0.0000432600    0.0001997600
   0.0000137500   -0.0000019000    0.0002291600
   0.0000236300    0.0000122500    0.0002079200
   0.0000034400    0.0000181000    0.0001899600
  -0.0000213200    0.0000107700    0.0001990700
   0.0000057500   -0.0000184000    0.0002692800
   0.0000313500   -0.0000316800    0.0001931800
  -0.0000028000    0.0000016400    0.0002470200
   0.0015579900    0.0010552800    0.0003233400
  -0.0005148600    0.0001460100   -0.0006019200
   0.0001538400    0.0000503800   -0.0010912800
  -0.0002047600    0.0000623700   -0.0009586100
  -0.0002658200   -0.0011969600   -0.0001396000
  -0.0002638200   -0.0002053100   -0.0013455700
   0.0000378900    0.0000539100   -0.0009510400
   0.0002604900   -0.0000958800   -0.0009864600
   0.0001508200    0.0001684800   -0.0011633600
   0.0000708700   -0.0000139800   -0.0009783100
  -0.0000207700   -0.0000340800   -0.0009246600
  -0.0001233100    0.0000916400   -0.0008853000
  -0.0000736400   -0.0002388600   -0.0011016200
   0.0000886100    0.0003023500   -0.0011678900
   0.0000103400   -0.0001237100   -0.0009486200
   0.0000057300    0.0000015500   -0.0010455100
  -0.1049963500   -0.0008545700   -0.0314850800
   0.0048177800    0.0013526500   -0.0015698200
   0.0003761200    0.0007659200   -0.0006923600
   0.0017611300    0.0021803400    0.0006644600
   0.0007699500    0.0036358400    0.0001110900
   0.0003039200   -0.0000188000    0.0000097500
   0.0006882600   -0.0002001800   -0.0000235300
  -0.0038107000   -0.0027628100   -0.0010149300
   0.0000220400    0.0002063100   -0.0002103000
   0.0003394100    0.0002257300   -0.0000069800
  -0.0013016900   -0.0009662700   -0.0011753500
   0.0003371300   -0.0000240900   -0.0000077100
  -0.0007542800    0.0001652400    0.0012310700
  -0.0023013600   -0.0045532500   -0.0021301000
   0.0004704400   -0.0000745800    0.0001340000
   0.0005185800    0.0001070800   -0.0001505000
  -0.0006863000   -0.0007903400    0.0009204300
   0.0055602700    0.0305017300    0.0099930700
  -0.0000049600    0.0004020900    0.0011930800
  -0.0002804600    0.0001642600    0.0005564500
   0.0730279100   -0.0388672600    0.0277400300
   0.0211734200    0.0091024400   -0.0082397800
   0.0007577100   -0.0015930300    0.0007087000
  -0.0000116600   -0.0005526200    0.0002696100
   0.0006872300    0.0003884700    0.0010578100
  -0.0005812700    0.0003967200    0.0000087600
  -0.0005790600   -0.0000002600    0.0010836000
   0.0008987800    0.0013433300    0.0009703400
   0.0000392000   -0.0001840600    0.0006914800
   0.0000045100    0.0003670000   -0.0002122300
   0.0022483200    0.0000428700    0.0011889100
  -0.0002425300    0.0000225100    0.0004210700

49   
 -0.0059177243968667   0.0000000000000000  -0.0080610506736237
  -0.0001413600   -0.0000598500   -0.0000980900
  -0.0000826700    0.0001521500    0.0009592300
   0.0002128500   -0.0001573300    0.0001308800
  -0.0000202400    0.0000382200    0.0005395400
   0.0001669900   -0.0001495000    0.0009335100
  -0.0001077400   -0.0000213900    0.0009851500
   0.0000774900    0.0000188800    0.0002983300
   0.0000315000   -0.0000100700    0.0004351500
  -0.0000513300    0.0001966500    0.0000180200
   0.0000854500    0.0000054800    0.0003147400
   0.0001179100   -0.0000064400    0.0006047800
   0.0000430200    0.0000109400    0.0004196800
   0.0000010100   -0.0000185000    0.0005642300
   0.0000461100   -0.0000315300    0.0003821400
   0.0000510500   -0.0000343400    0.0003507000
  -0.0000763300   -0.0000400000    0.0005142700
   0.0000513500    0.0000095300    0.0001176300
  -0.0000100600    0.0000152900    0.0001349700
  -0.0000464400    0.0000094900    0.0002754100
   0.0000027800    0.0000110400    0.0002849300
   0.0000256400   -0.0000428600    0.0001283200
  -0.0000044000   -0.0000123300    0.0001731800
   0.0000042800   -0.0000020800    0.0002545400
   0.0000268300   -0.0000187200    0.0002391000
   0.0000095600   -0.0000465500    0.0002740200
  -0.0000040000    0.0000015700    0.0002447400
  -0.0000113500   -0.0000179000    0.0002669600
   0.0000057700   -0.0000264200    0.0002871300
   0.0000322600   -0.0000162400    0.0002842900
   0.0000007600    0.0000097300    0.0002066400
  -0.0000227800    0.0000284200    0.0002784200
   0.0000144100   -0.0000064400    0.0002259400
  -0.0015572600   -0.0010655200   -0.0025082700
   0.0005133000   -0.0001412800   -0.0015572900
  -0.0001435500   -0.0000529400   -0.0010810500
   0.0002148800   -0.0000694100   -0.0012110400
   0.0002783900    0.0011873800   -0.0020336700
   0.0002727500    0.0001944300   -0.0008227900
  -0.0000309500   -0.0000612800   -0.0012160000
  -0.0002459200    0.0000912100   -0.0011711600
  -0.0001443200   -0.0001716200   -0.0010054000
  -0.0000607800    0.0000140700   -0.0011897300
   0.0000340700    0.0000290300   -0.0012451200
   0.0001296100   -0.0000974200   -0.0012872600
   0.0000846300    0.0002342900   -0.0010746800
  -0.0000807100   -0.0003084300   -0.0009989700
  -0.0000016500    0.0001171900   -0.0012186000
   0.0000051600   -0.0000062800   -0.0011225900
   0.1064319000   -0.0002322500    0.0301220200
  -0.0047937900   -0.0013401500    0.0017448800
  -0.0003676300   -0.0007662400    0.0008786300
  -0.0017749000   -0.0021839800   -0.0004816700
  -0.0007319200   -0.0036443600    0.0000728500
  -0.0002970500    0.0000121100    0.0001757600
  -0.0006832000    0.0001975700    0.0002103700
   0.0038227900    0.0027598600    0.0011921200
  -0.0000079000   -0.0002139200    0.0003918000
  -0.0003290900   -0.0002272200    0.0001930300
   0.0013081400    0.0009617800    0.0013644400
  -0.0003314400    0.0000212300    0.0001922500
   0.0007821500   -0.0001815200   -0.0010378600
   0.0022943200    0.0045596700    0.0023073600
  -0.0004696400    0.0000740000    0.0000512800
  -0.0005138600   -0.0001110800    0.0003322700
   0.0007007900    0.0007953200   -0.0002536200
  -0.0054264900   -0.0303986500   -0.0091063400
   0.0000165500   -0.0004111300   -0.0005280800
   0.0002934700   -0.0001673200    0.0001104600
  -0.0750678700    0.0402899900   -0.0273995500
  -0.0214307900   -0.0091605700    0.0087012800
  -0.0007404600    0.0015879300   -0.0000407700
   0.0000228000    0.0005431100    0.0003979800
  -0.0006860400   -0.0004082100   -0.0003898000
   0.0005865900   -0.0004008000    0.0006653200
   0.0005919400   -0.0000084400   -0.0004201600
  -0.0008849000   -0.0013491500   -0.0003073400
  -0.0000275700    0.0001777200   -0.0000240500
   0.0000031600   -0.0003703100    0.0008833500
  -0.0022371500   -0.0000552800   -0.0005276100
   0.0002510900   -0.0000319900    0.0002445800

65   
  0.0059177243968667   0.0000000000000000   0.0080610506736237
   0.0000246300   -0.0000011400    0.0011166300
  -0.0000089800    0.0002600600    0.0005523500
  -0.0000150900   -0.0000419100    0.0004781000
   0.0002964800    0.0002883500    0.0008152400
   0.0001483100   -0.0002124800    0.0008106500
   0.0001242700    0.0000280900    0.0004996700
  -0.0000840600    0.0000895600    0.0005229800
  -0.0001722800   -0.0003261000    0.0005541400
  -0.0000615700    0.0000248000    0.0005477900
   0.0000740900   -0.0001203400    0.0005122300
   0.0000145600    0.0000164500    0.0004086600
   0.0000363800    0.0001430000    0.0005952200
   0.0003447900    0.0000951500    0.0009455500
  -0.0002863400   -0.0001051800    0.0004206200
   0.0000784600   -0.0000259400    0.0007476200
  -0.0001707600   -0.0001205400    0.0004430000
  -0.0000087100    0.0000138000    0.0002844500
  -0.0000104100    0.0000119900    0.0002695900
   0.0000004300    0.0000380300    0.0002728800
  -0.0000014500   -0.0000182800    0.0001454400
  -0.0000123800    0.0000017500    0.0002511400
  -0.0000271800   -0.0000028300    0.0002569600
  -0.0000512400   -0.0000392400    0.0002898700
   0.0000047300    0.0000788500    0.0002827900
  -0.0000017600   -0.0000020200    0.0002481000
  -0.0000482200   -0.0000115500    0.0002892900
   0.0000166500    0.0000156300    0.0002808900
  -0.0000227800    0.0000012500    0.0002870000
  -0.0000298100    0.0000032000    0.0002181000
   0.0000496300   -0.0000284300    0.0003164000
  -0.0000157600   -0.0000200900    0.0002807700
  -0.0000836200   -0.0000502500    0.0002431200
  -0.0002819400   -0.0002395400   -0.0005973800
   0.0001551500    0.0000427500   -0.0012300900
  -0.0000692300   -0.0000221800   -0.0009553200
   0.0004847400   -0.0002051400    0.0006954000
   0.0001113700    0.0000784700   -0.0010848200
  -0.0000205400   -0.0000029100   -0.0011872400
  -0.0000196000    0.0001020800   -0.0010977500
  -0.0002393700   -0.0004305300   -0.0012052500
  -0.0000213700   -0.0000830500   -0.0009420500
   0.0000741600   -0.0001185900   -0.0012354300
  -0.0000389600   -0.0000516900   -0.0011668900
  -0.0000690900    0.0000625600   -0.0011510300
   0.0001344700    0.0004413400    0.0000507100
  -0.0007165800    0.0002724300   -0.0011468300
   0.0000447100   -0.0000143100   -0.0011563100
   0.0000371100    0.0001601100   -0.0012554700
  -0.0005475300   -0.0007105500    0.0005979300
  -0.0002992700    0.0002103400    0.0003449500
  -0.0001776200    0.0004922000    0.0010951500
   0.0054296200    0.0282957100    0.0095651800
   0.0000644800   -0.0002100100    0.0004474000
  -0.0003010300   -0.0000006200    0.0002424800
   0.0020665300    0.0001266800    0.0011018000
   0.0001525200    0.0002908900   -0.0005479600
   0.0006790400    0.0002196500    0.0008478500
   0.0007984200    0.0011244700    0.0008193700
  -0.0005999700    0.0000022100    0.0008758100
  -0.0005151700    0.0003258500   -0.0002674300
   0.0732527500   -0.0392473200    0.0291996900
   0.0000531300   -0.0003345900   -0.0000058600
   0.0006481700   -0.0015293700    0.0005576400
   0.0232458900    0.0101989900   -0.0095830100
  -0.1065908800    0.0007917000   -0.0327595000
   0.0023111500    0.0020051300    0.0003444900
   0.0002958200    0.0007857200   -0.0003700800
   0.0042755200    0.0022364500   -0.0011015600
  -0.0000035000    0.0008720100    0.0013332200
   0.0004200300    0.0000622300    0.0000796400
   0.0005602400   -0.0001455800    0.0003669100
  -0.0026739300   -0.0047243200   -0.0020913000
   0.0001199700    0.0001005600    0.0001311400
   0.0003103300    0.0000793300    0.0002235800
  -0.0012414100   -0.0008882800   -0.0008716600
   0.0003083200    0.0002248000    0.0002213100
   0.0009875800    0.0023543000    0.0006085100
  -0.0036791000   -0.0027551400   -0.0013702500
   0.0006893600   -0.0002203900    0.0002721600
   0.0002944900   -0.0000084800    0.0001708900

65   
 -0.0059177243968667   0.0000000000000000  -0.0080610506736237
  -0.0000336900    0.0000004800   -0.0001334100
  -0.0000049300   -0.0002578700    0.0004473100
   0.0000016800    0.0000466400    0.0005206500
  -0.0003142100   -0.0002935200    0.0001886000
  -0.0001607700    0.0002118300    0.0001884400
  -0.0001339600   -0.0000268800    0.0004979000
   0.0000734800   -0.0000911300    0.0004811400
   0.0001662000    0.0003377300    0.0004491200
   0.0000482000   -0.0000263000    0.0004510100
  -0.0000853600    0.0001216700    0.0004896400
  -0.0000264500   -0.0000144800    0.0005910300
  -0.0000509600   -0.0001429600    0.0004024700
  -0.0003552800   -0.0000925100    0.0000587500
   0.0002770300    0.0001068300    0.0005783500
  -0.0000919300    0.0000245000    0.0002543700
   0.0001585200    0.0001223900    0.0005505100
  -0.0000052500   -0.0000114800    0.0002228800
  -0.0000022500   -0.0000102000    0.0002357300
  -0.0000134400   -0.0000344500    0.0002395900
  -0.0000101600    0.0000173100    0.0003676800
  -0.0000007800    0.0000003300    0.0002590700
   0.0000169400   -0.0000001300    0.0002512100
   0.0000347100    0.0000385100    0.0002167300
  -0.0000160600   -0.0000755200    0.0002273000
  -0.0000153100    0.0000034000    0.0002590600
   0.0000364700    0.0000172700    0.0002164300
  -0.0000257600   -0.0000140800    0.0002281200
   0.0000095600   -0.0000047800    0.0002234000
   0.0000190800   -0.0000022300    0.0002996400
  -0.0000637900    0.0000270900    0.0001951100
  -0.0000000900    0.0000220800    0.0002233600
   0.0000734900    0.0000533800    0.0002611800
   0.0002872100    0.0002509900   -0.0015439800
  -0.0001671700   -0.0000410700   -0.0009025100
   0.0000539600    0.0000271300   -0.0011850600
  -0.0005102800    0.0002110800   -0.0028869600
  -0.0001243500   -0.0000759000   -0.0010498100
   0.0000092700    0.0000000300   -0.0009467800
   0.0000011200   -0.0001023800   -0.0010367800
   0.0002337000    0.0004395800   -0.0009304200
   0.0000051500    0.0000835800   -0.0011890900
  -0.0000872100    0.0001240900   -0.0008966800
   0.0000302400    0.0000526400   -0.0009686000
   0.0000560500   -0.0000662000   -0.0009852700
  -0.0001443700   -0.0004604200   -0.0022152600
   0.0006964400   -0.0002681600   -0.0009852800
  -0.0000598000    0.0000167100   -0.0009751000
  -0.0000541300   -0.0001651800   -0.0008754100
   0.0005395800    0.0007060500   -0.0003740900
   0.0002854300   -0.0002112600   -0.0001265800
   0.0001650200   -0.0004899400   -0.0008794100
  -0.0055473700   -0.0283912000   -0.0095591100
  -0.0000787600    0.0002126000   -0.0002298700
   0.0002903500    0.0000051800   -0.0000235200
  -0.0020813800   -0.0001167400   -0.0008801100
  -0.0001651100   -0.0002922100    0.0007614500
  -0.0006836500   -0.0002081800   -0.0006254200
  -0.0008164400   -0.0011220200   -0.0005999900
   0.0005816900    0.0000041900   -0.0006534600
   0.0005053100   -0.0003250900    0.0004796100
  -0.0711914100    0.0378171400   -0.0286377900
  -0.0000702200    0.0003415900    0.0002205000
  -0.0006705400    0.0015313600   -0.0003410900
  -0.0229872800   -0.0101538000    0.0100053600
   0.1053666200    0.0006019300    0.0285536600
  -0.0022947300   -0.0020007500    0.0003410800
  -0.0003086300   -0.0007865000    0.0010696900
  -0.0043129300   -0.0022623300    0.0018192100
  -0.0000264900   -0.0008681600   -0.0006438300
  -0.0004339500   -0.0000648200    0.0006221800
  -0.0005699500    0.0001455300    0.0003317900
   0.0026804300    0.0047239800    0.0028029500
  -0.0001347200   -0.0000991000    0.0005701500
  -0.0003197900   -0.0000779800    0.0004771900
   0.0012306400    0.0008900100    0.0015691100
  -0.0003217200   -0.0002278200    0.0004750600
  -0.0010271000   -0.0023425900    0.0000936000
   0.0036665900    0.0027513300    0.0020620000
  -0.0006964900    0.0002180400    0.0004245800
  -0.0003037600    0.0000121200    0.0005257000
