27   
3    

1    
  0.0047120522957977   0.0000000000000000   0.0088202360037398
  -0.0724712700   -0.0002191600   -0.1849933900
   0.0006743100    0.0043359800   -0.0029087100
  -0.0020510900   -0.0039263200   -0.0029314100
   0.0012281300   -0.0036771100   -0.0029397200
   0.0012743200   -0.0000035900   -0.0000385500
  -0.0004509400    0.0058302700   -0.0029007900
  -0.0001212600    0.0022536900   -0.0029510400
   0.0008989700   -0.0047646400   -0.0028894300
   0.0012722800    0.0000026600   -0.0000385900
  -0.0041159300   -0.0045782500    0.0158484300
  -0.0001751300    0.0008133700   -0.0027013200
   0.0351024600   -0.0180517700    0.0427128100
   0.0009269600   -0.0006338400   -0.0023980600
  -0.0004826100   -0.0001775200   -0.0029965300
  -0.0013145400    0.0042183400    0.0001153700
   0.0038229200    0.0227086100    0.0293611400
   0.0038575600   -0.0029854400   -0.0001616000
  -0.0034469100   -0.0012330000    0.0003900400
   0.0427185200    0.0224963200    0.0477680400
  -0.0001610800   -0.0002209600    0.0040478200
  -0.0103611200    0.0081644700    0.0195521700
   0.0000372400   -0.0001121000    0.0037603300
   0.0004192000    0.0003349900    0.0043274400
  -0.0013028300    0.0059302100    0.0031297600
   0.0037650000   -0.0305748700    0.0335738800
   0.0053631900   -0.0038479400    0.0034075700
  -0.0049063500   -0.0020823900    0.0028543600

10   
  0.0047120522957977   0.0000000000000000   0.0088202360037398
  -0.0099828400   -0.0079752800    0.0191776100
   0.0437122000   -0.0221135100    0.0445977700
  -0.0014634000    0.0008178800    0.0007024100
   0.0046176100    0.0311578700    0.0317762300
   0.0007166000    0.0011563700    0.0020451100
  -0.0011123300    0.0004253400    0.0012380600
   0.0003016300   -0.0017800700    0.0009385500
  -0.0008311100   -0.0018178300    0.0016394300
  -0.0003249300   -0.0001032600    0.0004645600
  -0.0425289200    0.0022528600   -0.1074257000
   0.0033572200   -0.0000869200   -0.0048562500
   0.0017981900    0.0016436900   -0.0041019800
   0.0004475700    0.0013268400   -0.0051713600
  -0.0002739800   -0.0001625900   -0.0032785200
   0.0013952900    0.0024643000   -0.0034993000
   0.0009751200   -0.0009761000   -0.0040114200
   0.0050080500   -0.0035485500   -0.0030933400
  -0.0044058300   -0.0025486600   -0.0014167400
   0.0019621700    0.0017605200    0.0134583700
   0.0014033500    0.0016564000    0.0045307700
  -0.0036012100    0.0025054800    0.0019267900
   0.0012715700    0.0002966900    0.0037723700
  -0.0000765900   -0.0001616400    0.0027275900
  -0.0017847200    0.0052087400    0.0023910100
   0.0000577100   -0.0041388100    0.0016902500
   0.0035758800   -0.0047113800    0.0029128500
  -0.0042143200   -0.0025483700    0.0008648700

10   
 -0.0047120522957977   0.0000000000000000  -0.0088202360037398
   0.0098835200    0.0079107200   -0.0189416800
  -0.0395050400    0.0215767800   -0.0428335300
  -0.0011312600   -0.0004187300   -0.0004799300
  -0.0029747500   -0.0283161600   -0.0309883800
  -0.0007586200   -0.0011723300   -0.0018279100
  -0.0005145500    0.0016148400   -0.0010510700
  -0.0012504600   -0.0006674900   -0.0007224300
   0.0017780200   -0.0005970200   -0.0014405300
   0.0003204800    0.0001007700   -0.0002400000
   0.0471069800    0.0015054800    0.0963441000
  -0.0033236100    0.0006621600   -0.0017044900
  -0.0079467300    0.0019089600    0.0006949800
   0.0000407900   -0.0016253500   -0.0013852300
  -0.0002326900   -0.0001351600   -0.0032628500
  -0.0013703000    0.0076489700    0.0006676100
  -0.0009634100   -0.0060971100    0.0005927200
   0.0037747000   -0.0015015500    0.0002466000
  -0.0043666800   -0.0025208500   -0.0014014900
   0.0041793500    0.0017907500   -0.0094705700
  -0.0013966200   -0.0010739000    0.0024019300
  -0.0025237600    0.0010350800    0.0018625600
  -0.0007837200   -0.0005960300    0.0031428600
  -0.0004211400   -0.0001343300    0.0042100100
   0.0017880500    0.0049280700    0.0008239800
  -0.0000583300   -0.0029316900    0.0020975500
   0.0052107100   -0.0003742900    0.0003176800
  -0.0045609400   -0.0025205800    0.0023475000
