75   
3    

1    
  0.0064859752673181   0.0000000000000000   0.0076113155782517
  -0.1011436200   -0.0003275400   -0.1660156700
  -0.0017674900    0.0059054300   -0.0019245400
   0.0012156800   -0.0000800300    0.0000809800
   0.0012078600    0.0000762400    0.0000768600
  -0.0019322400   -0.0058480600   -0.0019577300
   0.0005053900   -0.0071875200   -0.0019617400
   0.0003920300   -0.0003190100   -0.0000920600
   0.0001135600   -0.0000001400   -0.0000609300
   0.0003976400    0.0003069900   -0.0000962600
   0.0004674300    0.0072623800   -0.0019209400
   0.0000078300    0.0007717700    0.0000797100
   0.0001303800   -0.0000100500   -0.0000613000
   0.0001298400    0.0000090500   -0.0000606300
   0.0000099500   -0.0007724100    0.0000781600
   0.0009370800   -0.0000042100   -0.0000941600
   0.0000078800    0.0006165000    0.0000777100
   0.0009369500    0.0000000700   -0.0000941200
   0.0000104100   -0.0006160400    0.0000803100
   0.0001303600    0.0000081400   -0.0000616700
   0.0001294800   -0.0000104600   -0.0000603400
   0.0004657200    0.0045066200   -0.0019780800
   0.0005053100   -0.0045477500   -0.0019042500
   0.0003905300    0.0003154800   -0.0000885600
   0.0001139700   -0.0000015200   -0.0000609800
   0.0003992400   -0.0003105600   -0.0000995500
   0.0015585300   -0.0019699600    0.0081129400
  -0.0002868400   -0.0005355300    0.0006741500
  -0.0000211700   -0.0000112500    0.0000501100
   0.0000373900    0.0010518600   -0.0003497900
   0.0419591600   -0.0213349200    0.0466401700
   0.0001457100   -0.0000292200    0.0005878900
  -0.0000962700   -0.0000192400    0.0000441400
  -0.0001221500    0.0000333500    0.0000495900
  -0.0001414800   -0.0005143400   -0.0002576000
  -0.0016661300   -0.0007800000    0.0013690000
   0.0000056200   -0.0000173400    0.0000888000
  -0.0000636800   -0.0000159600    0.0000458700
   0.0000257400    0.0000260600    0.0000124500
   0.0000068000   -0.0000183300    0.0000471600
  -0.0000787500   -0.0001454500    0.0000140300
   0.0007235500   -0.0006157400    0.0000781600
   0.0001091100    0.0006387400    0.0002562700
  -0.0001887300    0.0001390500    0.0000225300
  -0.0000821600   -0.0000006200   -0.0000256400
  -0.0000904300    0.0000161500    0.0000386400
   0.0049879100    0.0234462200    0.0275310000
  -0.0002032000   -0.0008478000    0.0007694800
  -0.0002881100    0.0000937900    0.0000049300
  -0.0001040000   -0.0000868900    0.0000547400
   0.0011462700    0.0016193700    0.0019614400
   0.0435581200    0.0223216100    0.0483458300
   0.0000328100   -0.0010436300   -0.0003261000
  -0.0000222600    0.0000112600    0.0000590700
  -0.0002690500    0.0005260200    0.0006868400
   0.0016315300    0.0019094500    0.0081159300
  -0.0001419200    0.0004930900   -0.0002337100
  -0.0001215100   -0.0000343500    0.0000584000
  -0.0000989800    0.0000205100    0.0000539700
   0.0001532700    0.0000225200    0.0005886300
  -0.0016546000    0.0007781600    0.0013782400
   0.0000240800   -0.0000286200    0.0000189900
  -0.0000627600    0.0000119900    0.0000571700
   0.0000052200    0.0000148600    0.0000981100
  -0.0000780000    0.0001450700    0.0000216900
   0.0000075900    0.0000178600    0.0000559300
   0.0001230300   -0.0006175400    0.0002704000
   0.0007170800    0.0006153600    0.0000801600
  -0.0000891000   -0.0000186700    0.0000459000
  -0.0000832100   -0.0000006200   -0.0000170800
  -0.0001881400   -0.0001376700    0.0000316700
   0.0049170600   -0.0240776100    0.0280670900
   0.0011708100   -0.0016344100    0.0019794600
  -0.0001013600    0.0000870700    0.0000641000
  -0.0002857100   -0.0000952800    0.0000150300
  -0.0001778600    0.0008482300    0.0007836000

26   
  0.0064859752673181   0.0000000000000000   0.0076113155782517
  -0.0008587900   -0.0033784300    0.0103244000
   0.0461855200   -0.0238019000    0.0463633800
  -0.0006802400   -0.0000875000    0.0004053800
   0.0000023700    0.0000540700    0.0001554800
   0.0004853800    0.0005270700    0.0001478300
   0.0049776100    0.0269709200    0.0281319300
   0.0011924200    0.0016381700    0.0020584500
  -0.0001404300   -0.0000357800    0.0002137100
  -0.0001985600    0.0000250500    0.0000562300
  -0.0001975800   -0.0008310400    0.0008892500
   0.0003471000   -0.0001385800    0.0005299400
  -0.0001058000   -0.0000938500    0.0001766900
  -0.0000559400    0.0000011500    0.0000796100
  -0.0001251300    0.0001534500    0.0000926700
   0.0005480700   -0.0010977400    0.0000219200
   0.0000872300   -0.0000480700    0.0001470800
  -0.0000286000   -0.0000216400    0.0000976800
   0.0000107600   -0.0000207800    0.0001711100
  -0.0000038900   -0.0000021400    0.0001640000
  -0.0000377700    0.0000052900    0.0001521800
   0.0005101100   -0.0004628300    0.0004000000
  -0.0016403400   -0.0008003600    0.0014701000
  -0.0004589400    0.0012675600    0.0001494900
  -0.0000820900    0.0000265700    0.0001413700
  -0.0000886300   -0.0000282600    0.0001622300
  -0.0655724800    0.0001474800   -0.0992512800
   0.0056271700   -0.0002897800   -0.0007910300
   0.0001779300    0.0000107200   -0.0000225500
   0.0001712200   -0.0001213300   -0.0000161500
   0.0069150600   -0.0000235300   -0.0019281800
   0.0006811400    0.0025609600   -0.0011913800
  -0.0000448000   -0.0000232300    0.0000381200
   0.0000963400    0.0000119700    0.0000352500
   0.0000517200   -0.0000302100    0.0002033800
   0.0016525100   -0.0035891000   -0.0015343900
  -0.0000213400    0.0000501400   -0.0000643300
   0.0000551400    0.0000255900    0.0000359300
   0.0000367400   -0.0000342400    0.0000349200
   0.0000747300    0.0000126500    0.0000248300
  -0.0000037200    0.0001068900    0.0001224300
  -0.0000229000    0.0001779100   -0.0000609200
  -0.0000038800    0.0000568200    0.0001203900
   0.0000787300   -0.0001236400    0.0000213700
   0.0000442200   -0.0000297400    0.0000285100
   0.0000451600    0.0000300900    0.0000422300
   0.0013816200    0.0034889500   -0.0017603800
   0.0009613600   -0.0021438500   -0.0009651500
   0.0000936200   -0.0000566400    0.0001635500
   0.0000965600    0.0000022800    0.0000351900
  -0.0000883000   -0.0000482100    0.0000815100
  -0.0016803500    0.0000010300    0.0090572800
   0.0013823600    0.0013955900    0.0015209000
   0.0000708800    0.0001426100    0.0000881700
   0.0000384600   -0.0001103300    0.0000608200
  -0.0004478400    0.0004521400   -0.0000561300
   0.0007271600    0.0004254000    0.0004313600
   0.0000819900    0.0000650000   -0.0001015500
   0.0000252300   -0.0000139500    0.0001134900
   0.0002320200   -0.0001489600   -0.0001246500
  -0.0017863100    0.0002369300    0.0010288500
  -0.0000105800   -0.0000694400    0.0000721800
   0.0000181300    0.0000057700    0.0001129100
   0.0000445800    0.0000111900    0.0001141300
  -0.0000517600    0.0000845000    0.0000770000
  -0.0000294700    0.0000157500   -0.0001154800
  -0.0000256500    0.0001551100    0.0000585500
  -0.0000296300    0.0000891800   -0.0001119700
  -0.0000352000   -0.0001951500    0.0000912200
   0.0000289600    0.0000020800    0.0001004500
   0.0000311600   -0.0000027500    0.0001253500
  -0.0001761000   -0.0002085400   -0.0003518300
  -0.0008657500   -0.0023130600    0.0018216700
   0.0001637400   -0.0001118800   -0.0001826700
   0.0000259500    0.0000035100    0.0001132300
   0.0001406500    0.0000989300   -0.0000472400

26   
 -0.0064859752673181   0.0000000000000000  -0.0076113155782517
   0.0010090800    0.0033999100   -0.0102604500
  -0.0443784200    0.0227652700   -0.0443961700
   0.0007693800    0.0000832200   -0.0002632700
   0.0000585800   -0.0000639900   -0.0000126800
  -0.0004533700   -0.0005461900    0.0000131100
  -0.0049147500   -0.0263979800   -0.0275302800
  -0.0011639000   -0.0016566300   -0.0018984200
   0.0002009600    0.0000208100   -0.0000719100
   0.0002600800   -0.0000323400    0.0000847800
   0.0002492700    0.0008212000   -0.0007666500
  -0.0002595200    0.0001477400   -0.0003867400
   0.0001641700    0.0000838600   -0.0000360300
   0.0001184200   -0.0000113800    0.0000606800
   0.0001849900   -0.0001621500    0.0000482900
  -0.0004919000    0.0011009200    0.0001352300
  -0.0000231900    0.0000365200   -0.0000043200
   0.0000922600    0.0000124800    0.0000420800
   0.0000540000    0.0000125900   -0.0000303000
   0.0000690400   -0.0000042500   -0.0000208300
   0.0001014500   -0.0000141900   -0.0000098900
  -0.0004620600    0.0004342500   -0.0002498600
   0.0016889000    0.0008085100   -0.0013365000
   0.0005247200   -0.0012819700   -0.0000042000
   0.0001426100   -0.0000340200    0.0000004100
   0.0001486500    0.0000170800   -0.0000210000
   0.0591072700    0.0010041700    0.0865741800
  -0.0054847100    0.0002599700    0.0008931400
  -0.0001098200   -0.0000196400    0.0001510000
  -0.0001005900    0.0001122700    0.0001450200
  -0.0069099900    0.0000181300    0.0020676800
  -0.0006527200   -0.0025660700    0.0012981700
   0.0001108800    0.0000137400    0.0000844100
  -0.0000301000   -0.0000214700    0.0000944500
   0.0000126000    0.0000209500   -0.0000720000
  -0.0015700900    0.0035570700    0.0016565400
   0.0000832700   -0.0000597000    0.0001910300
   0.0000102100   -0.0000344300    0.0000935300
   0.0000291000    0.0000233100    0.0000947200
  -0.0000083000   -0.0000271600    0.0001050800
   0.0000675400   -0.0001213900    0.0000073700
   0.0000879400   -0.0001829300    0.0001875600
   0.0000683200   -0.0000661600    0.0000058300
  -0.0000135400    0.0001138400    0.0001078300
   0.0000201300    0.0000187600    0.0001019000
   0.0000184700   -0.0000395800    0.0000857300
  -0.0013089600   -0.0034810900    0.0018858800
  -0.0009062400    0.0021450200    0.0010697000
  -0.0000337200    0.0000469600   -0.0000338300
  -0.0000312000   -0.0000117300    0.0000940600
   0.0001581400    0.0000408200    0.0000489500
   0.0017250300   -0.0000106500   -0.0087925800
  -0.0013154800   -0.0014159700   -0.0013615200
  -0.0000029300   -0.0001501400    0.0000637200
   0.0000274300    0.0001006100    0.0000891500
   0.0005282800   -0.0004737800    0.0001926800
  -0.0006986400   -0.0004381900   -0.0002985100
  -0.0000047400   -0.0000681500    0.0002563400
   0.0000409000    0.0000045200    0.0000364400
  -0.0001673200    0.0001403100    0.0002778500
   0.0018415800   -0.0002476100   -0.0008755100
   0.0000737800    0.0000621300    0.0000812300
   0.0000474600   -0.0000150700    0.0000383100
   0.0000213000   -0.0000223300    0.0000356300
   0.0001153000   -0.0000948100    0.0000709900
   0.0000939500   -0.0000249000    0.0002651800
   0.0000884500   -0.0001633000    0.0000946700
   0.0000948100   -0.0001018400    0.0002681800
   0.0000993000    0.0001830000    0.0000587400
   0.0000354900   -0.0000138500    0.0000474400
   0.0000325600   -0.0000065100    0.0000258300
   0.0002352000    0.0002230900    0.0004830200
   0.0009237000    0.0022704100   -0.0016481900
  -0.0001024500    0.0001019700    0.0003306000
   0.0000404500   -0.0000119800    0.0000365700
  -0.0000767300   -0.0001099200    0.0002007200
