100  
4    

1    
  0.0052498498459156   0.0000000000000000   0.0085111148855682
  -0.3277811200   -0.0029148300   -0.1257918800
   0.0179709500    0.0011575600   -0.0068655600
  -0.0029996900    0.0035575600   -0.0013019800
   0.0045135700    0.0040198400   -0.0013170000
   0.0322947300    0.0039056800   -0.0067867800
  -0.0056382500    0.0107474000   -0.0067541700
   0.0030687300    0.0015895000    0.0038556900
   0.0011762100    0.0010279100    0.0035250600
   0.0012206800   -0.0005122000    0.0038558400
  -0.0027341900   -0.0258563600   -0.0068974300
   0.0006366200   -0.0040347800   -0.0012963300
   0.0011595400    0.0000204000    0.0035326500
  -0.0006131400   -0.0010209000    0.0035177000
  -0.0021634900   -0.0062481500   -0.0013228200
   0.0003268400    0.0020453100    0.0031012200
   0.0044001500    0.0020168200   -0.0013040700
   0.0003269000   -0.0010386100    0.0038556900
  -0.0059261500    0.0007207700   -0.0013154100
  -0.0009182200   -0.0011954300    0.0033811100
   0.0014586900   -0.0001533900    0.0033991900
   0.0017150600    0.0206176700   -0.0067147600
  -0.0100898800   -0.0104875100   -0.0069367700
   0.0039039200   -0.0020534200    0.0031118200
   0.0011720900    0.0013760300    0.0033902500
   0.0003932900    0.0000491900    0.0030908000
   0.1158458200    0.0352619600    0.0529848500
   0.0027095800   -0.0030233500   -0.0083770700
   0.0002211800    0.0004217500    0.0012209800
  -0.0050730200    0.0046365900   -0.0083416100
   0.1111519200   -0.0322134700    0.0542680700
  -0.0008525600    0.0004793000   -0.0083791100
  -0.0009498200   -0.0000886600    0.0025563400
  -0.0026934600    0.0011061500    0.0026059800
  -0.0061169900    0.0054551700   -0.0083398200
   0.0100849800   -0.0013596200    0.0032203000
   0.0006635900   -0.0002506000    0.0012335700
  -0.0007856600   -0.0010183400    0.0025812700
  -0.0000517900   -0.0001511600    0.0012082100
   0.0019980800    0.0080597800   -0.0044259700
  -0.0010129500    0.0068141000   -0.0044366100
   0.0018931500   -0.0024578400   -0.0083610300
   0.0043824800   -0.0051054300   -0.0083570900
   0.0071423900   -0.0014223900   -0.0044334900
   0.0001591500    0.0000106200   -0.0043167000
  -0.0072498300   -0.0033936300   -0.0044283700
   0.0550665900   -0.0007945800    0.0536397600
  -0.0017056800    0.0068465700    0.0031722300
   0.0045158900   -0.0047216000   -0.0044388800
  -0.0068630300   -0.0053054800   -0.0044232700
   0.0005589700   -0.0054602200    0.0032689500
   0.0022291200    0.0013344800    0.0066476900
   0.0016552100   -0.0020768600    0.0006357200
   0.0000319300   -0.0144161000    0.0018763300
  -0.0014701900   -0.0019758700    0.0006032200
  -0.0022016700    0.0012350700    0.0064033400
  -0.0009605200    0.0024791900    0.0006436700
  -0.0030657500   -0.0017831700    0.0049699000
   0.0032387800   -0.0018473700    0.0049220900
   0.0009952400    0.0022701300    0.0005950600
   0.0000227700    0.0127981600    0.0019447000
  -0.0124496800    0.0072167000    0.0018646500
   0.0000307400    0.0036503100    0.0049459000
   0.0125307100    0.0072266800    0.0018882600
   0.0032704000    0.0030009500   -0.0003286100
  -0.0032081300    0.0030279300   -0.0003139600
  -0.0025326300   -0.0003453500    0.0006271900
   0.0025483800   -0.0003211200    0.0006111200
   0.0042690000    0.0013229100   -0.0003229500
   0.0000673500    0.0000045600   -0.0104929300
  -0.0041737100    0.0012909200   -0.0003202200
  -0.0000727800   -0.0025490300    0.0065253100
   0.0111555700   -0.0064189500    0.0019620200
   0.0010189300   -0.0043277400   -0.0003157400
  -0.0009449400   -0.0042698800   -0.0003276100
  -0.0110040100   -0.0063588400    0.0019267300
   0.0109071400    0.0063096000    0.0005193500
   0.0007741000    0.0041109400   -0.0028244500
  -0.0008347000    0.0041432800   -0.0028047200
  -0.0110199700    0.0063604400    0.0006610300
  -0.0000286800    0.0023765700    0.0048949900
   0.0039187700   -0.0013581600   -0.0028202600
  -0.0001124600    0.0000071000   -0.0119164400
  -0.0040256800   -0.0013550300   -0.0028088700
  -0.0025414000    0.0003564500   -0.0008038700
   0.0025471800    0.0003436100   -0.0007648400
   0.0031418200   -0.0027386100   -0.0028101700
  -0.0031946400   -0.0027646500   -0.0028186500
  -0.0125637200   -0.0072270200    0.0004667400
  -0.0000140600   -0.0036287000    0.0035172700
   0.0124687700   -0.0072147700    0.0004768800
  -0.0000133000   -0.0126506400    0.0005907700
  -0.0009917400   -0.0023494100   -0.0007857400
  -0.0032090200    0.0018532700    0.0035188500
   0.0030864600    0.0017986200    0.0035163400
   0.0009602400   -0.0023832400   -0.0007828200
   0.0020259200   -0.0011789200    0.0048393100
   0.0015412300    0.0020511700   -0.0007661900
  -0.0000368900    0.0144596800    0.0004720100
  -0.0015948900    0.0020286100   -0.0008022900
  -0.0020833900   -0.0011795400    0.0049513800

1    
 -0.0052498498459156   0.0000000000000000  -0.0085111148855682
   0.3288192800   -0.0025163800    0.1251592200
  -0.0320546100    0.0036946900    0.0007376600
  -0.0045121900    0.0039721700   -0.0011663400
   0.0029692200    0.0035111900   -0.0011625000
  -0.0182178200    0.0009429200    0.0011148400
   0.0026628300   -0.0255406000    0.0008105700
  -0.0012101200   -0.0005050600    0.0026070900
  -0.0011879500    0.0009927400    0.0036201300
  -0.0031064200    0.0016018700    0.0026126900
   0.0056866400    0.0110537500    0.0010409400
   0.0021173400   -0.0062162900   -0.0011793400
   0.0005781200   -0.0010127700    0.0036132900
  -0.0011405400    0.0000355000    0.0036270900
  -0.0006238000   -0.0040037800   -0.0011497400
  -0.0003290100    0.0020474400    0.0018554800
   0.0058627800    0.0007266100   -0.0011775500
  -0.0003314200   -0.0010702300    0.0026096600
  -0.0043726400    0.0020183200   -0.0011518400
  -0.0014462500   -0.0001413900    0.0034927800
   0.0008850500   -0.0011888200    0.0034774300
   0.0097743600   -0.0105918000    0.0009982500
  -0.0014262900    0.0205021900    0.0008515100
  -0.0003933800    0.0000451900    0.0018518400
  -0.0011882500    0.0013457700    0.0034851600
  -0.0039153100   -0.0020633700    0.0018592800
  -0.1112011900   -0.0322441300   -0.0500579200
   0.0050069700    0.0045764300   -0.0002028000
  -0.0002359200    0.0004458900    0.0002719500
  -0.0026508100   -0.0030857600   -0.0002504900
  -0.1158024700    0.0352280700   -0.0490835200
   0.0060312600    0.0054274600   -0.0001851200
   0.0026574500    0.0010869500    0.0017724300
   0.0009579400   -0.0001033500    0.0017257800
   0.0009288000    0.0004480500   -0.0002682100
  -0.0101018900   -0.0014557900   -0.0032528200
   0.0000659100   -0.0001730300    0.0002528100
   0.0007780300   -0.0009965600    0.0017491000
  -0.0006977600   -0.0002644900    0.0002906600
   0.0010058500    0.0068231500   -0.0043270600
  -0.0020089400    0.0080770600   -0.0043141100
  -0.0044087300   -0.0050257500   -0.0002083100
  -0.0018827900   -0.0023801500   -0.0002436300
   0.0072483700   -0.0034041100   -0.0043200500
  -0.0001624200    0.0000069200   -0.0045357300
  -0.0071756400   -0.0014341100   -0.0043204900
  -0.0550743900   -0.0007466400   -0.0495849000
  -0.0006529700   -0.0054204400   -0.0032119100
   0.0068669000   -0.0053144000   -0.0043135800
  -0.0045404100   -0.0047414500   -0.0043272000
   0.0017711600    0.0068910000   -0.0032931100
   0.0020804600    0.0011671800    0.0056283600
   0.0014111800   -0.0019510300    0.0005276400
  -0.0000348200   -0.0143875800    0.0018059700
  -0.0016272500   -0.0020469000    0.0005590100
  -0.0021206900    0.0012615000    0.0058598300
  -0.0010058500    0.0022123900    0.0005192000
  -0.0032573100   -0.0018529600    0.0048283100
   0.0030644700   -0.0017954800    0.0048761600
   0.0009388200    0.0024222200    0.0005671800
  -0.0000310600    0.0127205200    0.0020292400
  -0.0125100400    0.0072088300    0.0018181700
  -0.0000467000    0.0036561800    0.0048520600
   0.0124139200    0.0071937300    0.0017939600
   0.0031686400    0.0030150800   -0.0003873900
  -0.0032562200    0.0029797400   -0.0004020900
  -0.0025131400   -0.0003026500    0.0005347600
   0.0024700200   -0.0003272800    0.0005512400
   0.0041453300    0.0012708600   -0.0003937500
  -0.0000881500    0.0000005800   -0.0105542000
  -0.0042477800    0.0013020600   -0.0003962900
   0.0000610300   -0.0024204500    0.0057439500
   0.0109273700   -0.0063223700    0.0020097700
   0.0009345700   -0.0042498300   -0.0004012500
  -0.0010334800   -0.0042960000   -0.0003889700
  -0.0111047600   -0.0063899900    0.0020481100
   0.0112413000    0.0064915500    0.0006342900
   0.0008583000    0.0041348300   -0.0028708700
  -0.0008158200    0.0041157300   -0.0028903700
  -0.0111483500    0.0064369400    0.0004930800
   0.0000176300    0.0025906100    0.0045067500
   0.0040256100   -0.0013304100   -0.0028751800
   0.0001108100    0.0000029700   -0.0119833700
  -0.0039557300   -0.0013364000   -0.0028859500
  -0.0024919600    0.0003101200   -0.0008492700
   0.0024708700    0.0003238900   -0.0008881900
   0.0031711600   -0.0027935500   -0.0028847700
  -0.0031364700   -0.0027767200   -0.0028760800
  -0.0124657400   -0.0072059800    0.0003991000
   0.0000088300   -0.0036361100    0.0034185500
   0.0125330800   -0.0072244300    0.0003888200
  -0.0000017900   -0.0129212300    0.0005641600
  -0.0009585400   -0.0023210900   -0.0008671100
  -0.0030998700    0.0017993900    0.0034178200
   0.0032017700    0.0018477800    0.0034198000
   0.0009808700   -0.0022812100   -0.0008702100
   0.0022581600   -0.0012902700    0.0045663700
   0.0015345800    0.0019842100   -0.0008864800
   0.0000176900    0.0144366000    0.0003941200
  -0.0014880000    0.0020081400   -0.0008508200
  -0.0022288800   -0.0012943700    0.0044475500

26   
  0.0052498498459156   0.0000000000000000   0.0085111148855682
   0.1122563800    0.0328661800    0.0491896700
   0.1075977400   -0.0321778800    0.0481243600
  -0.0048471400    0.0075906300   -0.0052745700
   0.0040360300    0.0038305000   -0.0007167900
   0.0060503000   -0.0013969400   -0.0069569500
   0.0536162000   -0.0078387900    0.0487042200
   0.0005244100   -0.0055510900    0.0064860800
  -0.0010996000    0.0006953500    0.0035661800
  -0.0020549800    0.0008989500    0.0032188300
   0.0008852800   -0.0012267300    0.0003605700
   0.0045615300   -0.0036961500   -0.0052604100
   0.0008824900   -0.0013846700    0.0035660300
  -0.0006535500   -0.0004638000    0.0037272900
  -0.0013802200   -0.0041418300   -0.0012506200
   0.0032130800    0.0008164300   -0.0015407400
   0.0055264900    0.0013456400   -0.0007214600
   0.0005396000   -0.0017054100    0.0032222500
  -0.0045773200    0.0020758600   -0.0012468700
  -0.0008338100   -0.0006054100    0.0039621400
   0.0004430800   -0.0005889500    0.0038990100
   0.0022306500    0.0025697800   -0.0069590600
   0.0044499800    0.0050008300    0.0003314200
  -0.0016168600    0.0015100900   -0.0015567600
  -0.0017324300    0.0019717500    0.0038914000
  -0.0035643500   -0.0015980200    0.0029476600
  -0.3322887200   -0.0008278100   -0.1254481200
   0.0291962200    0.0021808500   -0.0080600100
   0.0008552600    0.0007227900    0.0007001700
  -0.0030303000    0.0005482500   -0.0043318800
   0.0240952500   -0.0008618000   -0.0016724600
  -0.0018226200    0.0185313600   -0.0081339700
   0.0029986200    0.0015302000    0.0028722300
   0.0003893500    0.0005288000    0.0021643800
  -0.0003702900    0.0019320200   -0.0036421800
  -0.0040129000   -0.0169755400   -0.0036479300
  -0.0003584700    0.0004796200    0.0006988900
   0.0002847700   -0.0004101800    0.0021454600
  -0.0000601000   -0.0007287800    0.0007640700
   0.0007930000    0.0068543000   -0.0044139100
  -0.0010989400    0.0074286600   -0.0036970500
  -0.0019917100   -0.0025329800   -0.0043365700
   0.0016627400   -0.0036457100   -0.0036135900
   0.0064902200   -0.0035479100   -0.0044171300
   0.0003354000   -0.0005012900   -0.0044219200
  -0.0069398200   -0.0018047400   -0.0043820100
  -0.0042704200    0.0173173300   -0.0017765700
  -0.0053861800   -0.0176556100   -0.0036782500
   0.0078472000   -0.0059959400   -0.0036765600
  -0.0044309500   -0.0050304600   -0.0043766800
   0.0034243700    0.0017803400    0.0006423200
   0.0020951600    0.0012821800    0.0066872600
   0.0014780000   -0.0019028100    0.0005600700
   0.0000391300   -0.0143653400    0.0019283800
  -0.0015253300   -0.0019837400    0.0006569000
  -0.0019924300    0.0013072400    0.0062453500
  -0.0009294800    0.0022768300    0.0006217700
  -0.0031778000   -0.0018602200    0.0049410700
   0.0031478600   -0.0017579400    0.0049755700
   0.0010226700    0.0024123500    0.0006662200
   0.0000708400    0.0126496100    0.0020400900
  -0.0124386500    0.0072545700    0.0019253700
   0.0000586600    0.0036455200    0.0049919900
   0.0124861900    0.0072534200    0.0019013600
   0.0032534000    0.0030486900   -0.0002790400
  -0.0031781600    0.0029953800   -0.0002914900
  -0.0024978500   -0.0003011000    0.0006593200
   0.0026224600   -0.0002493700    0.0006446400
   0.0042430400    0.0013257900   -0.0002735900
  -0.0000054600    0.0000110900   -0.0104520700
  -0.0041899200    0.0013444900   -0.0002770700
   0.0001154700   -0.0023838000    0.0062394500
   0.0109612200   -0.0062633600    0.0019725500
   0.0010010800   -0.0042388700   -0.0003137000
  -0.0009422900   -0.0042404300   -0.0002819300
  -0.0109587100   -0.0063171900    0.0020755100
   0.0113510100    0.0065979300    0.0010548200
   0.0010016800    0.0042490600   -0.0027498200
  -0.0007329300    0.0041396200   -0.0027667000
  -0.0109498500    0.0063999300    0.0006471100
  -0.0001259700    0.0025807800    0.0051022600
   0.0040963700   -0.0013103800   -0.0027650200
   0.0001883100    0.0000910400   -0.0118543400
  -0.0038785900   -0.0013207900   -0.0027577700
  -0.0024701900    0.0003783400   -0.0007416600
   0.0025946000    0.0004000500   -0.0008235700
   0.0032402900   -0.0027283300   -0.0027753000
  -0.0030678600   -0.0027824600   -0.0027547900
  -0.0123915500   -0.0071659300    0.0005223800
   0.0000819700   -0.0035725800    0.0035584300
   0.0126095100   -0.0072052800    0.0005071800
   0.0000798600   -0.0126924800    0.0006459300
  -0.0009156700   -0.0024369500   -0.0007276000
  -0.0030485000    0.0018241600    0.0035584100
   0.0032811100    0.0018558000    0.0035445600
   0.0010818300   -0.0022890600   -0.0007516600
   0.0021338700   -0.0014295700    0.0051396300
   0.0017068100    0.0020013300   -0.0008037500
   0.0001027500    0.0145017600    0.0005151500
  -0.0014481800    0.0020474800   -0.0007436600
  -0.0020437500   -0.0011885500    0.0046821700

26   
 -0.0052498498459156   0.0000000000000000  -0.0085111148855682
  -0.1145046000   -0.0345024000   -0.0539878100
  -0.1196274700    0.0353785600   -0.0550026300
  -0.0025778400   -0.0000176300    0.0029614100
   0.0035539700    0.0037240400   -0.0016020900
   0.0084509900    0.0062679800    0.0012015100
  -0.0565652500   -0.0081823300   -0.0544684000
   0.0014889700    0.0066265300    0.0001271100
   0.0011886500    0.0013309400    0.0037324200
   0.0002793300    0.0001859000    0.0034020000
   0.0021375300   -0.0136660600   -0.0060984900
  -0.0017147400   -0.0065086600    0.0029255900
   0.0009435500    0.0004178400    0.0037313100
  -0.0010009000   -0.0005115800    0.0035722500
  -0.0013115500   -0.0060887700   -0.0010665500
  -0.0031278300    0.0033433900    0.0066675000
   0.0048283900    0.0014226800   -0.0015916900
  -0.0004603900   -0.0003924400    0.0033960600
  -0.0056160200    0.0006983300   -0.0010712900
  -0.0014295700   -0.0007190000    0.0030618200
   0.0019817900   -0.0007262800    0.0031307900
   0.0092672700    0.0075437400    0.0011884300
  -0.0157607600    0.0051186900   -0.0060778800
   0.0052238400   -0.0035191900    0.0066900400
   0.0017941800    0.0007765800    0.0031369100
   0.0001175700   -0.0004080000    0.0021658300
   0.3265256200    0.0039069100    0.1196397000
  -0.0210520600   -0.0006061400   -0.0005987700
  -0.0007626800    0.0001673300    0.0009531000
  -0.0046091500    0.0010465100   -0.0041041600
  -0.0266992700    0.0022313000    0.0061239700
   0.0070083500   -0.0125354700   -0.0004827500
  -0.0012126600   -0.0005221500    0.0016201800
  -0.0020461000    0.0004997700    0.0023214500
  -0.0047226100    0.0039710200   -0.0047961900
   0.0041969000    0.0142633000    0.0039537100
   0.0011794000   -0.0008776800    0.0009559800
  -0.0002109300   -0.0015780600    0.0023385700
  -0.0005878000    0.0003246800    0.0008850200
   0.0023175200    0.0080631000   -0.0041901300
  -0.0018398600    0.0074741000   -0.0049002100
  -0.0004320000   -0.0049050100   -0.0040919900
   0.0009245300   -0.0037748800   -0.0048166800
   0.0079978300   -0.0012567000   -0.0041809500
  -0.0002382200    0.0005279300   -0.0042750500
  -0.0073974500   -0.0029966700   -0.0042147900
   0.0042939600   -0.0200924100    0.0060429100
   0.0030977700    0.0189853200    0.0037566100
   0.0036461400   -0.0040457200   -0.0049225700
  -0.0068701700   -0.0050111200   -0.0042196500
  -0.0009382900   -0.0003580800   -0.0005178100
   0.0022984200    0.0012349500    0.0057279500
   0.0016765000   -0.0021038000    0.0007571700
   0.0000505900   -0.0144194400    0.0019088400
  -0.0014787100   -0.0020211900    0.0006599800
  -0.0022344800    0.0012072500    0.0061734600
  -0.0009446000    0.0024297400    0.0006963400
  -0.0030533200   -0.0017585800    0.0050114700
   0.0032478300   -0.0018664300    0.0049771100
   0.0010054900    0.0022973900    0.0006509200
   0.0000134400    0.0128861100    0.0020906000
  -0.0124281800    0.0071891700    0.0019121200
   0.0000179900    0.0036789800    0.0049608000
   0.0125509500    0.0071853400    0.0019357500
   0.0032787300    0.0029865400   -0.0002822500
  -0.0031938900    0.0030302400   -0.0002701500
  -0.0024558000   -0.0003280900    0.0006574600
   0.0024884200   -0.0003791500    0.0006723000
   0.0042651100    0.0012858200   -0.0002881300
   0.0000771600    0.0000117300   -0.0104402800
  -0.0041394600    0.0012668300   -0.0002849200
  -0.0000333000   -0.0025626200    0.0061795000
   0.0112116900   -0.0064583100    0.0021575600
   0.0010451700   -0.0043208400   -0.0002491300
  -0.0009438300   -0.0043067700   -0.0002800200
  -0.0110575100   -0.0064130700    0.0020536200
   0.0109071700    0.0062316500    0.0002651300
   0.0007262200    0.0040172200   -0.0027902200
  -0.0008251800    0.0041367000   -0.0027735500
  -0.0111250500    0.0064157000    0.0006623300
   0.0001997700    0.0024081000    0.0044561500
   0.0039423200   -0.0013594500   -0.0027752200
  -0.0000962900   -0.0000619600   -0.0118903600
  -0.0040093200   -0.0013518600   -0.0027822600
  -0.0024687300    0.0003059100   -0.0007567000
   0.0025155400    0.0002860500   -0.0006755600
   0.0031652900   -0.0027856800   -0.0027649200
  -0.0031698700   -0.0027414600   -0.0027851200
  -0.0125433000   -0.0072480000    0.0004983800
   0.0000055300   -0.0036735600    0.0035323800
   0.0124847300   -0.0072155300    0.0005133100
  -0.0000018100   -0.0128631700    0.0006636500
  -0.0009418300   -0.0022143000   -0.0007705300
  -0.0031676900    0.0018465600    0.0035330900
   0.0030999000    0.0018082400    0.0035467100
   0.0009524500   -0.0023573400   -0.0007462100
   0.0022421300   -0.0010328600    0.0044217800
   0.0014609600    0.0020501600   -0.0006959500
  -0.0000286200    0.0144122500    0.0005058600
  -0.0015418600    0.0020072500   -0.0007543600
  -0.0021747400   -0.0012664600    0.0048704800
