48   
3    

1    
  0.0057805247822454   0.0000000000000000   0.0081599959094258
  -0.0939046200   -0.0003929300   -0.0378464000
   0.0160766200   -0.0025457600   -0.0142786900
   0.0022813600    0.0000009500   -0.0017373000
   0.0160121200    0.0024993800   -0.0141356600
  -0.0002757600    0.0118901500   -0.0142611800
   0.0021309100    0.0010074400   -0.0012940900
   0.0021361800   -0.0009989000   -0.0012743900
  -0.0001878700   -0.0119484700   -0.0141524100
  -0.0004357100    0.0015787900   -0.0017363600
   0.0003947000    0.0000195000   -0.0012829200
  -0.0004433900   -0.0015653600   -0.0017365200
   0.0003936400    0.0000016200   -0.0012837300
  -0.0001883000    0.0069201100   -0.0141879100
  -0.0002748000   -0.0068281900   -0.0142226600
   0.0021348300   -0.0010034500   -0.0012912800
   0.0021316800    0.0010044100   -0.0012777400
   0.0074196100    0.0005176600    0.0063396300
  -0.0008914300   -0.0009406400   -0.0001931300
  -0.0025526000   -0.0002340000   -0.0004728000
   0.0163770400   -0.0056483800    0.0297571400
  -0.0010769100   -0.0000432000   -0.0002546900
  -0.0009119000   -0.0000012200   -0.0011396800
  -0.0008886300    0.0020755400   -0.0004074500
   0.0033597900    0.0019008300    0.0006384500
  -0.0010568900   -0.0007148200   -0.0003942700
   0.0007991800   -0.0001410100   -0.0002676800
   0.0002150600    0.0006226400   -0.0007268300
   0.0001005300   -0.0005479700   -0.0006459100
   0.0065587600    0.0052620200    0.0181756200
   0.0010715100    0.0013341600    0.0007741200
  -0.0008560100   -0.0000601400   -0.0006870700
  -0.0022132500   -0.0032053500    0.0005023500
   0.0175641100    0.0064184500    0.0328073300
  -0.0025563800    0.0002227900    0.0015974600
  -0.0008913000    0.0009535500    0.0018802400
   0.0074708600   -0.0005468500    0.0081967200
  -0.0008949100   -0.0020684100    0.0016590800
  -0.0009158600    0.0000007700    0.0009354800
  -0.0010814200    0.0000467700    0.0018175900
   0.0033467600   -0.0018698200    0.0027009200
   0.0007986500    0.0001334800    0.0018028000
  -0.0010463200    0.0007146700    0.0016786200
   0.0001018000    0.0005593800    0.0014269000
   0.0002140100   -0.0006142300    0.0013393400
   0.0064853200   -0.0057333700    0.0203695600
  -0.0022097200    0.0032200000    0.0025678300
  -0.0008585600    0.0000694400    0.0013850000
   0.0010374700   -0.0013220200    0.0028365600

17   
  0.0057805247822454   0.0000000000000000   0.0081599959094258
  -0.0047457300   -0.0064802900    0.0158119000
   0.0298101700   -0.0135016400    0.0230045000
  -0.0019635300    0.0006477100    0.0000479500
  -0.0015617400   -0.0006189400    0.0012257200
   0.0064500700    0.0198212700    0.0192943100
  -0.0007926600   -0.0023950500    0.0004453900
  -0.0008910000    0.0000656300    0.0002844800
  -0.0004191700    0.0021543500    0.0027611900
  -0.0002482500   -0.0007353300   -0.0000158400
   0.0001868000   -0.0006216800    0.0002463300
   0.0000668600    0.0005526500    0.0003249700
  -0.0000733600    0.0003896900    0.0012939700
  -0.0009106900   -0.0006197800    0.0005746500
   0.0033314400    0.0002241500    0.0016048700
  -0.0011325800    0.0009585300    0.0007059700
  -0.0009503800    0.0000029300   -0.0001671000
  -0.0301113600    0.0001732700   -0.0851861300
   0.0042608900    0.0006811500   -0.0019222400
   0.0010107800    0.0000564500   -0.0012074900
   0.0058783800   -0.0003427200   -0.0030814200
   0.0003344500    0.0012496500   -0.0021212800
   0.0002936100    0.0002150100   -0.0011056500
   0.0003448700   -0.0002451200   -0.0011128500
   0.0008919000   -0.0028553000   -0.0028894700
   0.0000312200    0.0005638700   -0.0011735500
  -0.0000793900    0.0000278000   -0.0011086200
  -0.0000615000   -0.0006213900   -0.0012413800
  -0.0000769400   -0.0000047100   -0.0011100500
   0.0011805500    0.0037219400   -0.0027001000
   0.0000611200   -0.0024566900   -0.0023104500
   0.0003200100   -0.0002288500   -0.0010922500
   0.0003241600    0.0002315100   -0.0011266400
  -0.0087294600    0.0000071900    0.0249322300
   0.0021187900    0.0026686600    0.0024310100
   0.0006261200   -0.0000491100    0.0009461600
   0.0000423800   -0.0005525100    0.0009345000
  -0.0001280400    0.0002855500    0.0013955800
   0.0004006400    0.0003067300    0.0008177500
   0.0003765200   -0.0002914400    0.0009063700
  -0.0029759800    0.0004545800    0.0019692400
   0.0000087900    0.0003554200    0.0009774300
  -0.0001298400   -0.0000147000    0.0008639800
   0.0000959700   -0.0003076800    0.0009174000
  -0.0001262600   -0.0000728000    0.0008591000
  -0.0011618600    0.0016933100    0.0006523200
  -0.0019532800   -0.0045612100    0.0027232200
   0.0003267700   -0.0002629800    0.0008688500
   0.0004497900    0.0003309200    0.0008511700

17   
 -0.0057805247822454   0.0000000000000000  -0.0081599959094258
   0.0047682500    0.0065266200   -0.0159598800
  -0.0284688800    0.0126356900   -0.0222591200
   0.0019204400   -0.0006422500   -0.0001534500
   0.0015205100    0.0006227500   -0.0013323300
  -0.0065624500   -0.0193121500   -0.0192183100
   0.0007850500    0.0023711800   -0.0005529200
   0.0008602800   -0.0000711500   -0.0003852100
   0.0003863700   -0.0021642000   -0.0028644000
   0.0002188700    0.0007514500   -0.0000851400
  -0.0002138600    0.0006217600   -0.0003434100
  -0.0000957400   -0.0005514400   -0.0004251100
   0.0000348000   -0.0003772400   -0.0013963600
   0.0008735400    0.0006168700   -0.0006730400
  -0.0033450600   -0.0002215700   -0.0017075600
   0.0010951200   -0.0009470000   -0.0008061200
   0.0009149800    0.0000037900    0.0000669300
   0.0305999100    0.0001339600    0.0864624200
  -0.0042649200   -0.0006635800   -0.0002497400
  -0.0010449200   -0.0000553000   -0.0009627900
  -0.0059562400    0.0003594400    0.0009358100
  -0.0003860900   -0.0012780100   -0.0000592300
  -0.0003306600   -0.0002162200   -0.0010618600
  -0.0003779300    0.0002442900   -0.0010584300
  -0.0009260600    0.0028612300    0.0007376900
  -0.0000698500   -0.0005636800   -0.0009972200
   0.0000443500   -0.0000282400   -0.0010588100
   0.0000312800    0.0006200300   -0.0009269100
   0.0000471100    0.0000036900   -0.0010623000
  -0.0011942100   -0.0037177400    0.0005343500
  -0.0001024200    0.0024407200    0.0001450000
  -0.0003468400    0.0002285700   -0.0010784500
  -0.0003561700   -0.0002324400   -0.0010442000
   0.0084828100    0.0000078500   -0.0226739200
  -0.0021569400   -0.0026423300   -0.0004379600
  -0.0006579900    0.0000513100    0.0010244000
  -0.0000566900    0.0005287200    0.0010209800
   0.0000480000   -0.0002933100    0.0005635800
  -0.0004324600   -0.0003031700    0.0011566100
  -0.0004091200    0.0002926700    0.0010702900
   0.0029519000   -0.0004668500    0.0000192300
  -0.0000418600   -0.0003560500    0.0009947900
   0.0000951700    0.0000132900    0.0011151300
  -0.0001277700    0.0003053200    0.0010574600
   0.0000992900    0.0000701900    0.0011117700
   0.0011019300   -0.0016608700    0.0012971300
   0.0018865800    0.0045267300   -0.0007045100
  -0.0003589600    0.0002637700    0.0011038800
  -0.0004824500   -0.0003371100    0.0011212600
