# Tetrahedron method
       -5.9960580702        0.0000000000
       -5.7030569461        0.0000000000
       -5.4100558220        0.0000000000
       -5.1170546979        0.0000000000
       -4.8240535738        0.0000000000
       -4.5310524497        0.0000000000
       -4.2380513256        0.0000000000
       -3.9450502015        0.0000000000
       -3.6520490774        0.0000000000
       -3.3590479533        0.0000000000
       -3.0660468292        0.0000000000
       -2.7730457051        0.0000000000
       -2.4800445810        0.0000000000
       -2.1870434569        0.0000000000
       -1.8940423328        0.0000000000
       -1.6010412088        0.0000000000
       -1.3080400847        0.0000000000
       -1.0150389606        0.0004865444
       -0.7220378365        0.0019461776
       -0.4290367124        0.0034058107
       -0.1360355883        0.0048654439
        0.1569655358        0.0068366742
        0.4499666599        0.0092512866
        0.7429677840        0.0276859548
        1.0359689081        0.0339399835
        1.3289700322        0.0401943403
        1.6219711563        0.0460768494
        1.9149722804        0.0507027008
        2.2079734045        0.0545250419
        2.5009745286        0.0576630909
        2.7939756527        0.0688379196
        3.0869767768        0.0754201978
        3.3799779009        0.0791317643
        3.6729790250        0.0833266565
        3.9659801491        0.3187965974
        4.2589812731        0.2067909044
        4.5519823972        0.1809039294
        4.8449835213        0.1719586460
        5.1379846454        0.1625309952
        5.4309857695        0.1584674212
        5.7239868936        0.1583777048
        6.0169880177        0.1568213155
        6.3099891418        0.1577507294
        6.6029902659        0.1591413982
        6.8959913900        0.1615322920
        7.1889925141        0.1628338070
        7.4819936382        0.1648414524
        7.7749947623        0.1677398285
        8.0679958864        0.1704661386
        8.3609970105        0.1742160869
        8.6539981346        0.1777762044
        8.9469992587        0.1812854235
        9.2400003828        0.1847371152
        9.5330015069        0.1881645204
        9.8260026310        0.1924135760
       10.1190037550        0.1977979263
       10.4120048791        0.2024686622
       10.7050060032        0.2069594518
       10.9980071273        0.2114603547
       11.2910082514        0.2179119872
       11.5840093755        0.2255581902
       11.8770104996        0.2323161929
       12.1700116237        0.2397212355
       12.4630127478        0.2485963329
       12.7560138719        0.2603890528
       13.0490149960        0.2794714136
       13.3420161201        0.2993933563
       13.6350172442        0.3258947094
       13.9280183683        0.3824094349
       14.2210194924        0.5281283713
       14.5140206165        0.2359354862
       14.8070217406        0.1858185352
       15.1000228647        0.1985367046
       15.3930239888        0.1469804570
       15.6860251129        0.1372369697
       15.9790262369        0.1275563897
       16.2720273610        0.1187147292
       16.5650284851        0.1327821256
       16.8580296092        0.1584785023
       17.1510307333        0.1812616169
       17.4440318574        0.2206046599
       17.7370329815        0.2429761400
       18.0300341056        0.2873543233
       18.3230352297        0.3424004419
       18.6160363538        0.5167468959
       18.9090374779        0.5622527572
       19.2020386020        0.4289508815
       19.4950397261        0.4653651298
       19.7880408502        0.4286951129
       20.0810419743        0.4605999645
       20.3740430984        0.4644160345
       20.6670442225        0.3597106189
       20.9600453466        0.4103508815
       21.2530464707        0.3113699350
       21.5460475947        0.2977880734
       21.8390487188        0.3662859703
       22.1320498429        0.3503167220
       22.4250509670        0.3734942997
       22.7180520911        0.3631138676
       23.0110532152        0.3778067905
       23.3040543393        0.3993936465
       23.5970554634        0.4451892128
       23.8900565875        0.4872200752
       24.1830577116        0.2119551385
       24.4760588357        0.0826401636
       24.7690599598        0.3007125226
       25.0620610839        0.4893418520
       25.3550622080        0.4489601233
       25.6480633321        0.4584434949
       25.9410644562        0.4730754028
       26.2340655803        0.4652484692
       26.5270667044        0.1312927513
       26.8200678285        0.1262097727
       27.1130689526        0.1261649624
       27.4060700766        0.1231657171
       27.6990712007        0.1191872454
       27.9920723248        0.1162455096
       28.2850734489        0.1175421040
       28.5780745730        0.1197157451
       28.8710756971        0.1202144154
       29.1640768212        0.1206235874
       29.4570779453        0.0993727521
       29.7500790694        0.0808852456
       30.0430801935        0.0822550984
       30.3360813176        0.0864863057
       30.6290824417        0.0919662457
       30.9220835658        0.0944297113
       31.2150846899        0.0968931769
       31.5080858140        0.0993419896
       31.8010869381        0.1004934754
       32.0940880622        0.1068160961
       32.3870891863        0.1134267343
       32.6800903104        0.1178144133
       32.9730914345        0.1188230057
       33.2660925585        0.1197668027
       33.5590936826        0.1339474068
       33.8520948067        0.1363839699
       34.1450959308        0.1388205330
       34.4380970549        0.1440306370
       34.7310981790        0.1551188462
       35.0240993031        0.1637053187
       35.3171004272        0.1697845434
       35.6101015513        0.2437594206
       35.9031026754        0.1986706797
       36.1961037995        0.1534728090
       36.4891049236        0.1358797407
       36.7821060477        0.1624513928
       37.0751071718        0.1297433491
       37.3681082959        0.1309906719
       37.6611094200        0.1324102119
       37.9541105441        0.1510443776
       38.2471116682        0.1364901486
       38.5401127923        0.1266557006
       38.8331139164        0.1262010979
       39.1261150404        0.1491316625
       39.4191161645        0.1266236685
       39.7121172886        0.1336013250
       40.0051184127        0.1338833992
       40.2981195368        0.5078743195
       40.5911206609        0.4464422422
       40.8841217850        0.5751024953
       41.1771229091        0.8132617903
       41.4701240332        0.6857640883
       41.7631251573        1.1160804183
       42.0561262814        0.7118614596
       42.3491274055        0.5599373148
       42.6421285296        0.4771409815
       42.9351296537        0.4345116443
       43.2281307778        0.4056600439
       43.5211319019        0.3856930319
       43.8141330260        0.3678821565
       44.1071341501        0.3525597261
       44.4001352742        0.3427227316
       44.6931363983        0.3418961691
       44.9861375223        0.3397637363
       45.2791386464        0.3315230764
       45.5721397705        0.3281153235
       45.8651408946        0.3293836248
       46.1581420187        0.3500681204
       46.4511431428        0.3508746899
       46.7441442669        0.2890946326
       47.0371453910        0.4526455736
       47.3301465151        0.5481701213
       47.6231476392        1.3832046227
       47.9161487633        0.0000000000
       48.2091498874        0.0000000000
       48.5021510115        0.0000000000
       48.7951521356        0.0000000000
       49.0881532597        0.0000000000
       49.3811543838        0.0000000000
       49.6741555079        0.0000000000
       49.9671566320        0.0000000000
       50.2601577561        0.0000000000
       50.5531588802        0.0000000000
       50.8461600042        0.0000000000
       51.1391611283        0.0000000000
       51.4321622524        0.0000000000
       51.7251633765        0.0000000000
       52.0181645006        0.0000000000
       52.3111656247        0.0000000000
       52.6041667488        0.0000000000
