150  
12   

1    
  0.0061792037162548   0.0000000000000000   0.0078624068473352
  -0.1438759900   -0.0003194700   -0.2006438100
   0.0058434800    0.0059731900   -0.0059630400
   0.0004819200   -0.0001001200    0.0005216500
   0.0005131800    0.0000635800    0.0004772100
   0.0052576200   -0.0061680600   -0.0058659400
   0.0026987700   -0.0041806300   -0.0060776600
   0.0001629900   -0.0004954700    0.0004015800
   0.0000018400   -0.0000418100    0.0000120000
   0.0002299400    0.0004524600    0.0003553700
   0.0027083800    0.0046721500   -0.0057523700
  -0.0001141100    0.0004128100    0.0005003800
  -0.0000547200    0.0000339100   -0.0000318900
   0.0000159000    0.0000098000    0.0000569000
  -0.0000726300   -0.0004304000    0.0004994200
   0.0010191200   -0.0000399900    0.0003776700
  -0.0000952700    0.0002815000    0.0004779000
   0.0010191300    0.0000340600    0.0003773300
  -0.0000907100   -0.0002375900    0.0005212200
   0.0000381200    0.0000219600    0.0000411300
  -0.0000781400    0.0000440200   -0.0000173300
   0.0024839100    0.0076098600   -0.0060288600
   0.0029220600   -0.0078195800   -0.0057997600
   0.0001676800    0.0004973100    0.0004119100
  -0.0000006500   -0.0000651200    0.0000119200
   0.0002260300   -0.0004519100    0.0003426000
   0.0022772400   -0.0045459600    0.0184440200
  -0.0000978700   -0.0005867000    0.0007653100
   0.0000843600    0.0000424000   -0.0000149900
   0.0007733300    0.0004534100    0.0008383800
   0.0472353300   -0.0214216700    0.0513999300
  -0.0002829200    0.0000323000    0.0007901000
  -0.0000496000   -0.0000066400    0.0000238500
  -0.0000561400    0.0000154300    0.0000819300
   0.0002718400   -0.0007245200    0.0008164900
  -0.0024444800   -0.0017350700    0.0017377700
   0.0000323500    0.0000282600    0.0000484000
  -0.0000340800   -0.0000069200    0.0000552700
  -0.0000437800   -0.0000750000   -0.0000785500
   0.0001041800   -0.0000966000   -0.0000110000
  -0.0000257700   -0.0000915300   -0.0000871800
   0.0004529100    0.0002602700    0.0008269300
   0.0001248900    0.0005667500    0.0007830000
  -0.0001268200    0.0001392000    0.0000365600
  -0.0000232200    0.0000003500   -0.0000040200
  -0.0000310400    0.0000726000   -0.0001365000
   0.0101446900    0.0260939300    0.0350694700
  -0.0012967900   -0.0006708100    0.0015476100
  -0.0001618600    0.0000736900    0.0000010700
   0.0000680300   -0.0000946300   -0.0000952900
   0.0017061500    0.0023904400    0.0019263800
   0.0480962800    0.0219688500    0.0523230100
   0.0007720500   -0.0003276300    0.0008334800
   0.0000579300   -0.0000637700   -0.0000357700
  -0.0001018600    0.0006222600    0.0008071100
   0.0026586200    0.0042568400    0.0177948800
   0.0003714500    0.0006929300    0.0008460700
  -0.0000654200   -0.0000349500    0.0000771300
  -0.0000300000    0.0000196500   -0.0000255900
  -0.0003175500   -0.0000866300    0.0007918600
  -0.0024376700    0.0018746800    0.0015662900
  -0.0000762400    0.0000756600   -0.0000852100
  -0.0000007700    0.0000172100    0.0000240600
   0.0000316700   -0.0000161500    0.0000143400
  -0.0000542100    0.0000952800   -0.0001241900
   0.0001274800    0.0000397800   -0.0000410900
   0.0001673000   -0.0006160600    0.0008323200
   0.0003423500   -0.0002827700    0.0008016700
  -0.0000504000   -0.0000939100   -0.0001927400
  -0.0000133300    0.0000007400   -0.0000069300
  -0.0000790600   -0.0001256900    0.0000295700
   0.0100414200   -0.0260870300    0.0349003000
   0.0018447800   -0.0024805900    0.0018231800
   0.0000509500    0.0001369500   -0.0001537800
  -0.0001552100   -0.0000499500   -0.0000152100
  -0.0014053000    0.0005900300    0.0013119700
   0.0001373700    0.0000584900    0.0001417300
  -0.0000258700   -0.0000361800    0.0000362300
   0.0000001900    0.0000201100    0.0000845800
   0.0000297200   -0.0000468400    0.0000925000
  -0.0001431200    0.0001045400   -0.0001506800
  -0.0000167600   -0.0000202900    0.0000183200
  -0.0000265400    0.0000025700    0.0000768000
  -0.0000204800   -0.0000061900    0.0000811700
   0.0000832500    0.0000139600    0.0001109400
  -0.0000767800    0.0000265100    0.0000873400
   0.0000372300   -0.0000215300    0.0001003500
  -0.0000309800    0.0000038200    0.0000793400
   0.0000014000    0.0000007800    0.0000687300
   0.0000234600    0.0000073500    0.0000612200
  -0.0000124400    0.0000057300    0.0000520200
   0.0000067100    0.0000288800    0.0000470200
   0.0000492300    0.0000601300    0.0000832800
   0.0000107700    0.0000130000    0.0000584400
  -0.0000025100    0.0000005200    0.0000584000
  -0.0000200800    0.0000102200    0.0000551700
   0.0000368600   -0.0001629300   -0.0000025500
   0.0000374200   -0.0000659400    0.0000933400
  -0.0000032400   -0.0000104500    0.0000526300
   0.0000004400   -0.0000270700    0.0000597400
  -0.0000077800    0.0000399000    0.0000845300
   0.0001618100    0.0000016200   -0.0003242300
   0.0000277100   -0.0001585200    0.0002793700
   0.0000105300   -0.0000145400   -0.0000002600
   0.0000033500   -0.0000080800   -0.0000047400
   0.0000034200   -0.0000634700    0.0001643900
  -0.0000729000    0.0000476200    0.0003112300
   0.0000394900    0.0000203700    0.0000263800
   0.0000021200    0.0000045400   -0.0000114200
  -0.0000258700    0.0000163100   -0.0000291100
   0.0001068900    0.0000831500    0.0001317900
  -0.0000001300    0.0000351700   -0.0000062300
  -0.0000032200    0.0000023900   -0.0000152300
  -0.0000097100   -0.0000074800   -0.0000081300
   0.0000168300   -0.0000160800    0.0000005200
  -0.0000276700    0.0000152300   -0.0000247300
  -0.0000229500   -0.0000127000   -0.0000081100
   0.0000027300   -0.0000358000   -0.0000019300
   0.0000005900    0.0000186300    0.0000033600
  -0.0000168600   -0.0000011100    0.0000101400
   0.0000047700   -0.0000115000    0.0000199800
  -0.0000301900    0.0000279600    0.0002528300
   0.0001755300    0.0000608300    0.0001879800
  -0.0000271100   -0.0000010100   -0.0000472800
  -0.0000143200    0.0000122200    0.0000146000
  -0.0000513400   -0.0000137800   -0.0000017000
   0.0000014500    0.0000011800   -0.0000638000
  -0.0000023200    0.0000318600   -0.0000196300
  -0.0000013800    0.0000118400   -0.0000213000
  -0.0000020000    0.0000104800   -0.0000264500
   0.0000039000    0.0000118100   -0.0000066300
   0.0000150300   -0.0000139100   -0.0000218500
  -0.0000047900    0.0000027400   -0.0000107700
   0.0000014100   -0.0000085000   -0.0000239900
  -0.0000103400    0.0000003100   -0.0000168000
  -0.0000195600   -0.0000133100   -0.0000036700
   0.0000045600   -0.0000038600   -0.0000236500
  -0.0000108400    0.0000064400   -0.0000229900
   0.0000057400    0.0000018800   -0.0000231200
  -0.0000140800   -0.0000056300   -0.0000246400
  -0.0000028000   -0.0000069200   -0.0000189600
   0.0000053200   -0.0000028100   -0.0000267900
  -0.0000101700   -0.0000017200   -0.0000136600
  -0.0000135000   -0.0000079600   -0.0000226800
  -0.0000052900   -0.0000009900   -0.0000221300
  -0.0000049400    0.0000011700   -0.0000202800
   0.0000103200   -0.0000013000   -0.0000155100
  -0.0000286100   -0.0000161900   -0.0000093400
  -0.0000162200    0.0000072900   -0.0000149100
  -0.0000028000   -0.0000001300   -0.0000206400
  -0.0000030900   -0.0000000700   -0.0000230700

1    
 -0.0061792037162548  -0.0000000000000000  -0.0078624068473352
   0.1446472700   -0.0003655000    0.2003450900
  -0.0055005800   -0.0059288300    0.0060550800
  -0.0004770000    0.0001013600   -0.0005110800
  -0.0005259900   -0.0000612300   -0.0004930300
  -0.0056126200    0.0062164100    0.0057799800
  -0.0026263800    0.0043488000    0.0060115200
  -0.0001650200    0.0004931900   -0.0004014100
  -0.0000071600    0.0000441100   -0.0000145700
  -0.0002357200   -0.0004567400   -0.0003575600
  -0.0027972900   -0.0045075500    0.0058242900
   0.0001189600   -0.0004144200   -0.0004917300
   0.0000527000   -0.0000348700    0.0000296600
  -0.0000226400   -0.0000091100   -0.0000579300
   0.0000576200    0.0004297300   -0.0005115800
  -0.0010240700    0.0000270300   -0.0003804500
   0.0000970500   -0.0002894900   -0.0004836200
  -0.0010210500   -0.0000428000   -0.0003796700
   0.0000782800    0.0002300200   -0.0005204100
  -0.0000403100   -0.0000202500   -0.0000443700
   0.0000687000   -0.0000424700    0.0000146700
  -0.0026014900   -0.0077322900    0.0058748300
  -0.0028184300    0.0076931100    0.0059624100
  -0.0001733200   -0.0004862600   -0.0003993300
  -0.0000051000    0.0000638200   -0.0000150600
  -0.0002290900    0.0004635200   -0.0003620200
  -0.0023361300    0.0045046400   -0.0184672700
   0.0000734800    0.0005754300   -0.0007455100
  -0.0000907600   -0.0000427300    0.0000485900
  -0.0007921100   -0.0004420900   -0.0008068400
  -0.0491354200    0.0225101200   -0.0531457400
   0.0002567200   -0.0000376600   -0.0007476000
   0.0000471000    0.0000119100    0.0000021000
   0.0000514300   -0.0000141600   -0.0000503100
  -0.0002879400    0.0007170800   -0.0008011000
   0.0024033700    0.0017321500   -0.0017056500
  -0.0000354100   -0.0000315800   -0.0000231700
   0.0000263600    0.0000015300   -0.0000266300
   0.0000396500    0.0000757700    0.0001152800
  -0.0001115300    0.0000974400    0.0000415000
   0.0000198900    0.0000936100    0.0001168300
  -0.0004584400   -0.0002613500   -0.0007784100
  -0.0001441900   -0.0005485600   -0.0007673300
   0.0001212200   -0.0001349100   -0.0000091500
   0.0000193300   -0.0000006300    0.0000328900
   0.0000211300   -0.0000706200    0.0001680000
  -0.0101400800   -0.0268726500   -0.0356470700
   0.0012511800    0.0006566300   -0.0015274100
   0.0001523000   -0.0000746700    0.0000292800
  -0.0000750900    0.0000936000    0.0001308700
  -0.0017504200   -0.0024036800   -0.0018876400
  -0.0462187700   -0.0208880300   -0.0505906200
  -0.0007589500    0.0003373200   -0.0008989200
  -0.0000622800    0.0000635500   -0.0000395500
   0.0001220300   -0.0006351100   -0.0008823900
  -0.0026113100   -0.0042993200   -0.0178219100
  -0.0003673500   -0.0006991100   -0.0008968900
   0.0000612300    0.0000384200   -0.0001445000
   0.0000235500   -0.0000164000   -0.0000487800
   0.0003339300    0.0000828000   -0.0008886600
   0.0024695500   -0.0018788300   -0.0016391200
   0.0000720300   -0.0000772500    0.0000144600
  -0.0000053400   -0.0000226500   -0.0000936600
  -0.0000368800    0.0000152500   -0.0000884700
   0.0000492100   -0.0000952400    0.0000509600
  -0.0001306900   -0.0000381400   -0.0000291400
  -0.0001576500    0.0006345000   -0.0008889400
  -0.0003427200    0.0002833800   -0.0009003800
   0.0000464200    0.0000946800    0.0001207700
   0.0000081500   -0.0000002300   -0.0000636900
   0.0000712700    0.0001316800   -0.0000989800
  -0.0100463600    0.0253127200   -0.0343549600
  -0.0018137700    0.0024645000   -0.0018969800
  -0.0000548500   -0.0001353800    0.0000801400
   0.0001541200    0.0000469400   -0.0000595800
   0.0014395600   -0.0006001900   -0.0013767800
  -0.0001434400   -0.0000577300   -0.0000608100
   0.0000223800    0.0000394500    0.0000328500
  -0.0000072900   -0.0000209400   -0.0000118900
  -0.0000309200    0.0000448500   -0.0000173200
   0.0001366900   -0.0001022000    0.0002241300
   0.0000138000    0.0000212600    0.0000520400
   0.0000211300   -0.0000006700   -0.0000074700
   0.0000117300    0.0000076700   -0.0000102600
  -0.0000842800   -0.0000155900   -0.0000362600
   0.0000688500   -0.0000248500   -0.0000130600
  -0.0000388200    0.0000183000   -0.0000255400
   0.0000239700   -0.0000047200   -0.0000085300
  -0.0000064400    0.0000007200    0.0000026400
  -0.0000272000   -0.0000085500    0.0000153500
   0.0000040800   -0.0000089100    0.0000234200
  -0.0000083700   -0.0000278800    0.0000273600
  -0.0000582600   -0.0000608900   -0.0000111700
  -0.0000133500   -0.0000122100    0.0000185200
  -0.0000050900    0.0000016800    0.0000187200
   0.0000133500   -0.0000073500    0.0000205100
  -0.0000419800    0.0001606400    0.0000829100
  -0.0000436900    0.0000657600   -0.0000186900
  -0.0000005000    0.0000092800    0.0000220500
  -0.0000071700    0.0000270000    0.0000161600
   0.0000019300   -0.0000379300   -0.0000067600
  -0.0001626900    0.0000019900    0.0003536100
  -0.0000424300    0.0001633100   -0.0002781900
  -0.0000138800    0.0000165800    0.0000076300
  -0.0000102800    0.0000088300    0.0000119500
  -0.0000061600    0.0000634100   -0.0001571900
   0.0000658900   -0.0000562900   -0.0003093000
  -0.0000436000   -0.0000215200   -0.0000203900
  -0.0000048300   -0.0000052100    0.0000189300
   0.0000190600   -0.0000146200    0.0000373600
  -0.0001126700   -0.0000886600   -0.0001273000
  -0.0000043000   -0.0000321100    0.0000122700
  -0.0000049600   -0.0000005800    0.0000206100
   0.0000066200    0.0000060500    0.0000155600
  -0.0000229400    0.0000178000    0.0000066100
   0.0000234200   -0.0000134200    0.0000312800
   0.0000179100    0.0000118700    0.0000148400
  -0.0000067200    0.0000387200    0.0000080000
  -0.0000060900   -0.0000196400    0.0000052900
   0.0000118900    0.0000019300   -0.0000031700
  -0.0000100700    0.0000114900   -0.0000129200
   0.0000250800   -0.0000255900   -0.0002498400
  -0.0001876500   -0.0000572100   -0.0001891000
   0.0000224200    0.0000003000    0.0000539400
   0.0000099500   -0.0000126200   -0.0000083900
   0.0000480200    0.0000144900    0.0000086600
  -0.0000043400    0.0000016300    0.0000354100
  -0.0000041000   -0.0000302700   -0.0000102000
  -0.0000031900   -0.0000098700   -0.0000059900
  -0.0000045600   -0.0000095200   -0.0000001800
  -0.0000082400   -0.0000126800   -0.0000204800
  -0.0000206800    0.0000121800   -0.0000062200
  -0.0000001200   -0.0000034400   -0.0000140100
  -0.0000046600    0.0000088800   -0.0000044700
   0.0000040300    0.0000015900   -0.0000110500
   0.0000145000    0.0000137400   -0.0000233000
  -0.0000091900    0.0000057800   -0.0000040300
   0.0000036300   -0.0000052900   -0.0000022900
  -0.0000091500   -0.0000030200   -0.0000043500
   0.0000086700    0.0000064800   -0.0000027400
  -0.0000013000    0.0000078500   -0.0000082700
  -0.0000098900    0.0000021700   -0.0000014700
   0.0000060000    0.0000044400   -0.0000126700
   0.0000075100    0.0000082900   -0.0000062500
   0.0000002900    0.0000022200   -0.0000047600
   0.0000001900   -0.0000010600   -0.0000075600
  -0.0000172900    0.0000016000   -0.0000113600
   0.0000246000    0.0000156100   -0.0000173100
   0.0000111400   -0.0000072400   -0.0000112000
  -0.0000021400   -0.0000000200   -0.0000055900
  -0.0000008900    0.0000007500   -0.0000049400

26   
  0.0061792037162548   0.0000000000000000   0.0078624068473352
   0.0037937900   -0.0036753300    0.0172340300
   0.0477753500   -0.0217012500    0.0543592200
   0.0004195000   -0.0001852900    0.0011287000
   0.0000872600    0.0000943400   -0.0000331200
   0.0002975600    0.0001723700    0.0004482500
   0.0101723800    0.0251553500    0.0355841700
   0.0004484700    0.0016688900    0.0029159600
  -0.0001042100   -0.0001460100    0.0000213000
   0.0000218100   -0.0000408800   -0.0001564000
  -0.0000156800   -0.0013929700    0.0005242500
   0.0003248300    0.0006028600    0.0009128600
  -0.0001857300   -0.0000719500   -0.0000294000
  -0.0000198700    0.0000036600   -0.0000201700
   0.0000350300    0.0000622800   -0.0001054600
   0.0002765500   -0.0004993700    0.0006680800
   0.0000824200    0.0000012200   -0.0000025400
  -0.0000033100    0.0001352300   -0.0001189600
   0.0000941800    0.0000610800   -0.0000173900
  -0.0000866900   -0.0001010100   -0.0000627000
  -0.0000278000    0.0000392300    0.0000373300
  -0.0000249900   -0.0003576600    0.0005701200
  -0.0024372600   -0.0002698200    0.0017160200
   0.0000419900    0.0002709600    0.0010061200
  -0.0000126800   -0.0000052700    0.0000341100
  -0.0000861700   -0.0000297800    0.0000395900
  -0.0675976500    0.0002091300   -0.1121012700
   0.0032138800    0.0001116800   -0.0026108700
  -0.0000533400   -0.0000360100   -0.0002260600
  -0.0000193800   -0.0000661500   -0.0002528100
   0.0045463300    0.0004752600   -0.0036765000
   0.0003076700    0.0014374300   -0.0026857100
  -0.0000992300   -0.0000409400   -0.0000713300
   0.0000280900    0.0000066300   -0.0000143500
  -0.0002104300    0.0001137500    0.0000606300
   0.0005048200   -0.0029297200   -0.0036190400
  -0.0000407700   -0.0000362100   -0.0002655600
   0.0000236100   -0.0000001400   -0.0000201400
   0.0000206700   -0.0000049900    0.0000101300
   0.0000624200    0.0000458000   -0.0002130400
  -0.0000205200    0.0000904100    0.0000057400
  -0.0000215700    0.0000302400   -0.0002812200
  -0.0000193100   -0.0000665600   -0.0000001900
   0.0000402200    0.0000517500   -0.0002044700
   0.0000425000    0.0000123300   -0.0000142800
   0.0000028400    0.0000177300   -0.0000158700
   0.0010122900    0.0022763700   -0.0032126900
  -0.0001955600   -0.0013737000   -0.0030840500
  -0.0000726000    0.0000308400   -0.0000423900
   0.0000280100   -0.0000228000   -0.0000083400
  -0.0002348900   -0.0001251200    0.0000516600
  -0.0016918100    0.0000012500    0.0152958700
   0.0022675500    0.0019634400    0.0011757700
   0.0000215700    0.0000253900   -0.0000458300
   0.0000574500   -0.0001440600    0.0000055900
  -0.0002343900    0.0001506000   -0.0007873500
   0.0008603100    0.0006178300    0.0000136700
   0.0000498000    0.0000184100   -0.0001839400
  -0.0000109900    0.0000140200   -0.0000208300
   0.0000583000   -0.0000137900   -0.0003053400
  -0.0022182900    0.0004924100    0.0003684600
  -0.0000996500   -0.0000245500    0.0000145300
   0.0000077300   -0.0000133600   -0.0000086300
  -0.0000076000    0.0000013500   -0.0000476800
   0.0000198000    0.0000416300   -0.0000557900
   0.0000410100    0.0000472500   -0.0002567600
  -0.0000826100    0.0001760100    0.0000432200
   0.0000273700    0.0000043600   -0.0002485700
  -0.0000081000   -0.0000829100   -0.0000765200
   0.0000289900    0.0000262300   -0.0000179200
  -0.0000205100    0.0000094500   -0.0000285000
  -0.0003725000    0.0002630400   -0.0009619600
  -0.0009711000   -0.0035159300    0.0013587100
   0.0000955500   -0.0000308300   -0.0002591000
  -0.0000094700   -0.0000285600   -0.0000292800
   0.0000071700   -0.0000209100   -0.0002508500
   0.0000180800    0.0000003100   -0.0000616900
   0.0000110100   -0.0000040700    0.0000573700
   0.0000011500   -0.0000056900    0.0000329900
   0.0000000300   -0.0000040400    0.0000426500
  -0.0000094000   -0.0000097300    0.0000650600
   0.0000057600    0.0000222400    0.0000717300
   0.0000010400    0.0000073100    0.0000406000
  -0.0000018700    0.0000006900    0.0000363900
  -0.0000047500   -0.0000017400    0.0000472800
   0.0000076400    0.0000031000    0.0000513400
  -0.0000014600    0.0000020200    0.0000422800
   0.0000043800   -0.0000033400    0.0000360900
   0.0000060900    0.0000042800    0.0000367100
   0.0000025500    0.0000041000    0.0000342900
   0.0000020400    0.0000101000    0.0000499700
  -0.0000020800    0.0000012500    0.0000474200
  -0.0000101800   -0.0000044700    0.0000443900
   0.0000074600    0.0000001500    0.0000303400
  -0.0000055400   -0.0000019600    0.0000393400
   0.0000034700   -0.0000001800    0.0000434900
  -0.0000182200   -0.0000131500    0.0000754700
   0.0000042500    0.0000044300    0.0000475600
   0.0000064400   -0.0000018200    0.0000439900
   0.0000006900    0.0000049600    0.0000408400
  -0.0000135000   -0.0000084600    0.0000554300
   0.0000232800    0.0000105600   -0.0000165600
  -0.0000158000    0.0000136200   -0.0000014600
  -0.0000286900    0.0000198200    0.0000082800
   0.0000027000   -0.0000029200    0.0000060400
   0.0000077600    0.0000099600    0.0000103700
   0.0000067600   -0.0000228000   -0.0000106100
  -0.0000135100   -0.0000076800   -0.0000534200
  -0.0000053000   -0.0000001300    0.0000047700
   0.0000103500    0.0000097000    0.0000174700
   0.0000001400   -0.0000012200    0.0000095500
   0.0000012700   -0.0000149700    0.0000137200
  -0.0000016900   -0.0000106600    0.0000074100
   0.0000044200   -0.0000004800    0.0000096600
  -0.0000007100   -0.0000075800    0.0000138600
  -0.0000031600   -0.0000282600    0.0000037000
  -0.0000023400    0.0000030600    0.0000030200
   0.0000153700    0.0000077900    0.0000146900
  -0.0000030400    0.0000044200    0.0000079900
   0.0000054900    0.0000016800    0.0000083800
   0.0000023500   -0.0000008900    0.0000053400
   0.0000052400   -0.0000003800    0.0000141300
  -0.0000009100    0.0000071300   -0.0000211800
  -0.0000370300    0.0000182200    0.0000021200
   0.0000080700   -0.0000039700    0.0000063500
   0.0000095900    0.0000034900    0.0000034000
   0.0000071600    0.0000068500    0.0000127900
  -0.0000007100   -0.0000005400    0.0000101800
   0.0000042000    0.0000010900   -0.0000010800
   0.0000036400    0.0000008000    0.0000010300
   0.0000051200   -0.0000007500    0.0000017700
  -0.0000031700   -0.0000046100    0.0000122200
  -0.0000043000   -0.0000024400   -0.0000010900
   0.0000048000   -0.0000001800   -0.0000024700
   0.0000013600    0.0000015900   -0.0000012000
   0.0000035700   -0.0000024200   -0.0000002400
   0.0000031100    0.0000021200   -0.0000019700
   0.0000012900    0.0000013800   -0.0000006600
   0.0000026500   -0.0000005600    0.0000003700
   0.0000006500    0.0000009900   -0.0000012900
   0.0000059100   -0.0000003600    0.0000027200
   0.0000021900    0.0000013700   -0.0000009600
   0.0000032600    0.0000016000   -0.0000013100
   0.0000020500   -0.0000012900   -0.0000028600
   0.0000033300    0.0000001000    0.0000021500
   0.0000041200   -0.0000023000   -0.0000007100
   0.0000022300    0.0000007600    0.0000000700
  -0.0000002300    0.0000040600   -0.0000015100
   0.0000030900    0.0000013100    0.0000020600
   0.0000019600    0.0000007500    0.0000008800
   0.0000067100    0.0000011600   -0.0000001700

26   
 -0.0061792037162548  -0.0000000000000000  -0.0078624068473352
  -0.0036791900    0.0037300500   -0.0174270000
  -0.0457630100    0.0205803900   -0.0524166800
  -0.0003769700    0.0001859800   -0.0011258100
  -0.0000988500   -0.0000973500    0.0000346500
  -0.0003312600   -0.0001744900   -0.0004417800
  -0.0101283400   -0.0245251300   -0.0351261000
  -0.0004878200   -0.0016635700   -0.0028806300
   0.0000921100    0.0001401900   -0.0000238900
  -0.0000301500    0.0000433300    0.0001565900
  -0.0000118600    0.0013973800   -0.0005526000
  -0.0003084100   -0.0005702200   -0.0009086600
   0.0001692100    0.0000735300    0.0000281400
   0.0000129700   -0.0000015300    0.0000199900
  -0.0000467200   -0.0000601900    0.0001049000
  -0.0002986800    0.0005117100   -0.0006534800
  -0.0000920100   -0.0000063600    0.0000048800
  -0.0000052400   -0.0001347900    0.0001180000
  -0.0001015800   -0.0000637900    0.0000149900
   0.0000777000    0.0001006400    0.0000637800
   0.0000213600   -0.0000380300   -0.0000360400
   0.0000056800    0.0003409600   -0.0005692800
   0.0024010700    0.0002758600   -0.0017207900
  -0.0000382900   -0.0002934200   -0.0009971900
   0.0000050600    0.0000078800   -0.0000335100
   0.0000745000    0.0000291200   -0.0000390500
   0.0667268700    0.0002876200    0.1075724600
  -0.0031582400   -0.0001195800    0.0026021000
   0.0000468700    0.0000362900    0.0002616000
   0.0000130200    0.0000652200    0.0002852800
  -0.0046036900   -0.0004693500    0.0037284500
  -0.0003428600   -0.0014203800    0.0026837500
   0.0000893600    0.0000427000    0.0000989900
  -0.0000371000   -0.0000032600    0.0000479900
   0.0002053100   -0.0001102400   -0.0000255200
  -0.0005173000    0.0029189200    0.0036385700
   0.0000331100    0.0000335400    0.0003035700
  -0.0000320700   -0.0000057000    0.0000580100
  -0.0000272500    0.0000030900    0.0000335500
  -0.0000725300   -0.0000533400    0.0002464400
   0.0000155400   -0.0000969200    0.0000306700
   0.0000116200   -0.0000265700    0.0003120100
   0.0000146400    0.0000708800    0.0000345900
  -0.0000519500   -0.0000527300    0.0002320700
  -0.0000496700   -0.0000082600    0.0000456100
  -0.0000086800   -0.0000152100    0.0000483600
  -0.0010261300   -0.0022773000    0.0032508200
   0.0001717100    0.0013549600    0.0030810600
   0.0000627300   -0.0000297800    0.0000797600
  -0.0000355100    0.0000213200    0.0000469500
   0.0002307700    0.0001236000   -0.0000165300
   0.0016436000    0.0000022000   -0.0151630900
  -0.0022608900   -0.0019727800   -0.0012211700
  -0.0000269400   -0.0000250000   -0.0000291600
  -0.0000660900    0.0001429700   -0.0000782600
   0.0002536600   -0.0001700400    0.0007016900
  -0.0009092700   -0.0006148800   -0.0000942900
  -0.0000527900   -0.0000123600    0.0001123500
   0.0000020300   -0.0000104700   -0.0000520400
  -0.0000648300    0.0000195700    0.0002352200
   0.0022062100   -0.0004945000   -0.0004397100
   0.0000912700    0.0000241600   -0.0000911000
  -0.0000157200    0.0000077600   -0.0000660800
   0.0000015400   -0.0000026900   -0.0000332400
  -0.0000300300   -0.0000471400   -0.0000213500
  -0.0000436000   -0.0000508000    0.0001784100
   0.0000716900   -0.0001728300   -0.0001124900
  -0.0000316600   -0.0000012200    0.0001753500
  -0.0000038500    0.0000820300    0.0000058400
  -0.0000361100   -0.0000221800   -0.0000535800
   0.0000149400   -0.0000068400   -0.0000448100
   0.0003668500   -0.0002442600    0.0008743600
   0.0009451700    0.0034582800   -0.0013962700
  -0.0001029200    0.0000318900    0.0001799700
   0.0000025800    0.0000273600   -0.0000490400
  -0.0000154800    0.0000157800    0.0001764900
  -0.0000267100   -0.0000002800    0.0001657300
  -0.0000176300    0.0000036900    0.0000490200
  -0.0000110900    0.0000052200    0.0000713500
  -0.0000053300    0.0000020800    0.0000629300
  -0.0000003400    0.0000088100    0.0000400200
  -0.0000137700   -0.0000210700    0.0000350100
  -0.0000088900   -0.0000058500    0.0000642300
  -0.0000101500    0.0000008000    0.0000684500
   0.0000003300    0.0000010000    0.0000583000
  -0.0000166700   -0.0000016800    0.0000558300
  -0.0000026100   -0.0000045900    0.0000631700
  -0.0000138800    0.0000020100    0.0000694100
  -0.0000140300   -0.0000028800    0.0000686500
  -0.0000097500   -0.0000053900    0.0000719800
  -0.0000124500   -0.0000129000    0.0000564400
  -0.0000032800   -0.0000017900    0.0000588700
   0.0000010300    0.0000036300    0.0000606800
  -0.0000135000   -0.0000003200    0.0000758100
  -0.0000044500    0.0000033500    0.0000664000
  -0.0000121700    0.0000025400    0.0000635100
   0.0000084000    0.0000128000    0.0000312000
  -0.0000115800   -0.0000044300    0.0000594000
  -0.0000133600    0.0000005900    0.0000623000
  -0.0000090900   -0.0000053500    0.0000648600
   0.0000060800    0.0000103400    0.0000500300
  -0.0000277300   -0.0000075800    0.0000323200
   0.0000063600   -0.0000125100    0.0000225900
   0.0000218200   -0.0000174500    0.0000101200
  -0.0000123500    0.0000044700    0.0000105500
  -0.0000159600   -0.0000109300    0.0000081300
  -0.0000145700    0.0000192100    0.0000265400
   0.0000052400    0.0000053300    0.0000667300
   0.0000009000   -0.0000015800    0.0000129600
  -0.0000202500   -0.0000084600   -0.0000004200
  -0.0000089100    0.0000015900    0.0000062800
  -0.0000094700    0.0000179500    0.0000041300
  -0.0000095900    0.0000126400    0.0000068300
  -0.0000085400   -0.0000013500    0.0000079900
  -0.0000095200    0.0000089400    0.0000033600
  -0.0000031100    0.0000293100    0.0000130900
  -0.0000065300   -0.0000039300    0.0000146900
  -0.0000224400   -0.0000047800    0.0000012800
  -0.0000058200   -0.0000062100    0.0000108900
  -0.0000138500   -0.0000013700    0.0000072600
  -0.0000090200   -0.0000000300    0.0000119900
  -0.0000156700   -0.0000004200    0.0000027600
  -0.0000048700   -0.0000091900    0.0000373300
   0.0000274900   -0.0000187400    0.0000141100
  -0.0000153200    0.0000029200    0.0000087000
  -0.0000160500   -0.0000049800    0.0000143000
  -0.0000117600   -0.0000041400   -0.0000082300
  -0.0000085600    0.0000023800   -0.0000088700
  -0.0000111700    0.0000014800    0.0000045700
  -0.0000131600    0.0000010700    0.0000041500
  -0.0000128200   -0.0000006100    0.0000030600
  -0.0000044900    0.0000014300   -0.0000079300
  -0.0000042500    0.0000003500    0.0000077600
  -0.0000092900   -0.0000009400    0.0000060700
  -0.0000111100   -0.0000001300    0.0000054900
  -0.0000119200    0.0000028800    0.0000061900
  -0.0000109600    0.0000002000    0.0000055300
  -0.0000121400    0.0000003600    0.0000078500
  -0.0000071300   -0.0000013700    0.0000033700
  -0.0000102900    0.0000000800    0.0000055700
  -0.0000118200    0.0000013000    0.0000019300
  -0.0000106600   -0.0000017400    0.0000038000
  -0.0000101600    0.0000013400    0.0000066900
  -0.0000105800    0.0000001300    0.0000048900
  -0.0000117400    0.0000005300    0.0000036400
  -0.0000100300    0.0000016900    0.0000041500
  -0.0000123600   -0.0000010100    0.0000053300
  -0.0000057600   -0.0000053800    0.0000060600
  -0.0000120500   -0.0000014000    0.0000032000
  -0.0000096600   -0.0000010700    0.0000059900
  -0.0000126900   -0.0000022400    0.0000035800

51   
  0.0061792037162548   0.0000000000000000   0.0078624068473352
   0.0452850900    0.0203752600    0.0511635200
   0.0034150300    0.0038120000    0.0172517600
   0.0003193200   -0.0001992300    0.0005206600
   0.0000468700   -0.0000730000    0.0000117100
   0.0003066000    0.0002312300    0.0012079000
   0.0100040300   -0.0244002100    0.0344010800
  -0.0001248800    0.0013472500    0.0003491900
   0.0000271200    0.0000899000   -0.0001174400
  -0.0001473800    0.0001333300    0.0000473700
   0.0005371600   -0.0017210200    0.0028703300
   0.0002584000    0.0005119300    0.0007895700
   0.0000687200   -0.0000694600   -0.0000451300
  -0.0000233700   -0.0000027300    0.0000382100
  -0.0002069700    0.0001071700   -0.0000242900
   0.0002221100   -0.0005282700    0.0009363800
  -0.0000954500    0.0000818800   -0.0000298800
   0.0000811600   -0.0000888100    0.0000367200
  -0.0000230300   -0.0001732600   -0.0001067500
   0.0000355700   -0.0000098800    0.0000545300
  -0.0000102500   -0.0000711100    0.0000714000
   0.0000303700   -0.0003123500    0.0011340500
  -0.0024533400    0.0003843400    0.0016138600
  -0.0000024900    0.0002994100    0.0005934400
  -0.0001195300    0.0000601200    0.0000844600
   0.0000085700    0.0000082400    0.0000578900
  -0.0016678700    0.0000011000    0.0151605200
  -0.0002557500   -0.0000773100   -0.0007109400
   0.0000563400    0.0001520400    0.0000709500
  -0.0000080200   -0.0000087500    0.0000370000
   0.0022269200   -0.0018807300    0.0012346500
  -0.0021376100   -0.0005259500    0.0004980600
   0.0000448900    0.0000096800   -0.0002065900
  -0.0000246300   -0.0000127800    0.0000491100
   0.0000301100   -0.0000022800   -0.0001383600
   0.0008006500   -0.0006485700    0.0000392900
   0.0000214700   -0.0000445800    0.0000236200
  -0.0000200300   -0.0000029200    0.0000295000
   0.0000003000    0.0000096200    0.0000615100
  -0.0001349900    0.0000326300    0.0000871400
   0.0000121700   -0.0000894200   -0.0001758200
  -0.0000092300    0.0000671700    0.0000082600
   0.0000244300   -0.0000018700   -0.0001749200
  -0.0000923300   -0.0001935900    0.0000965000
  -0.0000380300   -0.0000086500    0.0000507100
   0.0000096300   -0.0000236400    0.0000546000
  -0.0008939200    0.0033989500    0.0014671100
  -0.0004612900   -0.0003056800   -0.0009418600
  -0.0000375000    0.0000299100   -0.0001756600
  -0.0000263300    0.0000278300    0.0000490900
   0.0001207400    0.0000601300   -0.0001800200
  -0.0643362500    0.0002811200   -0.1146632900
   0.0046927000   -0.0005257500   -0.0034247200
  -0.0000659800    0.0000433100   -0.0003147500
  -0.0000459900   -0.0000028100   -0.0003254500
   0.0035376100   -0.0002027900   -0.0025190700
   0.0003964800    0.0029404100   -0.0034380200
  -0.0002209300   -0.0001280300   -0.0000328400
   0.0000092600    0.0000051400   -0.0000816000
  -0.0000711000    0.0000395500   -0.0001437100
   0.0004881800   -0.0016249500   -0.0024965200
   0.0000033600   -0.0000665900   -0.0003031800
   0.0000063500    0.0000015800   -0.0000755000
  -0.0000041000   -0.0000121700   -0.0000804700
  -0.0000232700    0.0000331700   -0.0003371700
  -0.0000010600   -0.0000852900   -0.0000837300
   0.0000096300   -0.0000043800   -0.0003105600
  -0.0000036500    0.0000916500   -0.0000869200
  -0.0000255800    0.0000006900   -0.0003259700
  -0.0000058400   -0.0000101000   -0.0000907900
   0.0000066700   -0.0000012900   -0.0000728000
  -0.0001463700    0.0016585800   -0.0029922000
   0.0010257700   -0.0022581100   -0.0029528500
  -0.0002215200    0.0001281400   -0.0000249800
   0.0000090900    0.0000073500   -0.0000788600
  -0.0000697600   -0.0000422800   -0.0001416600
   0.0002459700   -0.0000007200   -0.0006029500
   0.0000780500    0.0001028500    0.0003655600
  -0.0000004600    0.0000107700    0.0000619900
  -0.0000115000   -0.0000118300    0.0000492700
   0.0000052900    0.0001974500    0.0002778400
   0.0001387200   -0.0000810700    0.0002564900
   0.0000756900    0.0000569600    0.0000863200
  -0.0000095700   -0.0000083700    0.0000404200
  -0.0000782900    0.0000327800    0.0000073100
  -0.0001580600   -0.0000083400    0.0003865400
   0.0000044700    0.0000034000    0.0000563100
  -0.0000254800    0.0000090500    0.0000410300
  -0.0000097600   -0.0000009000    0.0000403900
  -0.0000038200    0.0000053100    0.0000555400
  -0.0000306600   -0.0000695400    0.0000102900
  -0.0000143500   -0.0000051100    0.0000502200
  -0.0000228900   -0.0000906700    0.0000470800
  -0.0000081000   -0.0000072100    0.0000626300
  -0.0000316100   -0.0000029200    0.0000707400
   0.0000039600   -0.0000159100    0.0000649100
   0.0002004200   -0.0000676100    0.0002140500
  -0.0000234900   -0.0001449500    0.0004311900
  -0.0001025200    0.0000414200    0.0000179400
  -0.0000249700    0.0000198200    0.0000672600
   0.0000153800    0.0000262700    0.0000026700
  -0.0007980600   -0.0003547000    0.0003715800
   0.0014580900   -0.0009504000    0.0020932300
  -0.0000611500    0.0000455100   -0.0000371900
  -0.0000151300    0.0000042000    0.0000186400
   0.0000729100    0.0000626500    0.0000333400
  -0.0001850800    0.0013009100    0.0012271900
   0.0000720400    0.0001117300   -0.0000886900
  -0.0000207200    0.0000140500   -0.0000025900
   0.0000029100   -0.0000060100    0.0000335200
  -0.0000913900   -0.0000180400   -0.0001879400
   0.0000030500   -0.0000896200   -0.0000073200
  -0.0000052600   -0.0000131700    0.0000130800
  -0.0000047700   -0.0000015600    0.0000450900
   0.0000018900   -0.0000133700    0.0000147800
  -0.0000217600   -0.0000791100    0.0000023900
  -0.0000050600   -0.0000059900    0.0000242200
  -0.0000033800    0.0000087900    0.0000330000
  -0.0000253100    0.0000111100   -0.0000025700
  -0.0000112000    0.0000016800    0.0000135100
  -0.0000165600    0.0000127700    0.0000245300
   0.0000896200    0.0000416800    0.0000274900
  -0.0001212700   -0.0000961600   -0.0001374800
  -0.0000698900    0.0000193200   -0.0000331500
   0.0000011300   -0.0000113000    0.0000152500
  -0.0000218400   -0.0000041600    0.0000315800
   0.0000146400    0.0000163900    0.0000458900
  -0.0000471700    0.0000201700    0.0000143200
  -0.0000179500    0.0000189600    0.0000004200
  -0.0000123100   -0.0000045000    0.0000260400
  -0.0000306300    0.0000000500    0.0000291900
  -0.0000125400   -0.0000364900    0.0000308000
  -0.0000815600   -0.0000367900   -0.0000133500
  -0.0000315500   -0.0000049500    0.0000202600
   0.0000022300    0.0000027200    0.0000312900
   0.0000471100   -0.0000391200    0.0000024800
  -0.0000005200   -0.0000008400    0.0000158900
  -0.0000256400   -0.0000166000    0.0000254400
  -0.0000066000   -0.0000016000    0.0000213500
  -0.0000046900   -0.0000135900    0.0000289900
  -0.0000215700    0.0000042100    0.0000135600
  -0.0000155500    0.0000019200    0.0000241300
  -0.0000012600    0.0000165700    0.0000292700
  -0.0000195100    0.0000175800    0.0000223500
  -0.0000059000    0.0000032200    0.0000269000
  -0.0000102400    0.0000076100    0.0000215900
  -0.0000193700   -0.0000164700    0.0000309900
  -0.0000187000    0.0000728900   -0.0000064300
  -0.0000285100   -0.0000044800   -0.0000001200
   0.0000008700   -0.0000075200    0.0000269200
  -0.0000126100   -0.0000023000    0.0000189500

51   
 -0.0061792037162548  -0.0000000000000000  -0.0078624068473352
  -0.0473190900   -0.0214948400   -0.0531179800
  -0.0035492800   -0.0037586300   -0.0170425900
  -0.0003042200    0.0001950500   -0.0005207700
  -0.0000595000    0.0000716400   -0.0000096100
  -0.0003661800   -0.0002331900   -0.0012103500
  -0.0100755000    0.0250324700   -0.0348746000
   0.0001360000   -0.0013437700   -0.0003219700
  -0.0000382200   -0.0000872500    0.0001222100
   0.0001385200   -0.0001364500   -0.0000424500
  -0.0005141100    0.0017262000   -0.0029095700
  -0.0002545800   -0.0004968200   -0.0007992300
  -0.0000760000    0.0000673000    0.0000499900
   0.0000122100    0.0000029300   -0.0000341800
   0.0002029700   -0.0001047200    0.0000286300
  -0.0002572700    0.0005603200   -0.0009377500
   0.0000841000   -0.0000834500    0.0000348400
  -0.0000926100    0.0000870900   -0.0000313500
   0.0000153000    0.0001705900    0.0001099700
  -0.0000450000    0.0000077500   -0.0000529400
  -0.0000032600    0.0000711900   -0.0000694300
  -0.0000521200    0.0002895300   -0.0011427800
   0.0024681800   -0.0003760800   -0.0016099500
   0.0000066100   -0.0003161200   -0.0005907400
   0.0001074700   -0.0000619500   -0.0000819400
  -0.0000168200   -0.0000064100   -0.0000546000
   0.0016922400   -0.0000017700   -0.0153314700
   0.0002218400    0.0000620800    0.0007671500
  -0.0000704000   -0.0001522400   -0.0000294600
  -0.0000052900    0.0000092900    0.0000007900
  -0.0022491700    0.0018732800   -0.0012208800
   0.0021377900    0.0005214400   -0.0004586900
  -0.0000572100   -0.0000070100    0.0002461500
   0.0000124600    0.0000139100   -0.0000090100
  -0.0000447700    0.0000071900    0.0001805600
  -0.0007736500    0.0006497300    0.0000098000
  -0.0000305000    0.0000388500    0.0000181600
   0.0000068500    0.0000000200    0.0000169900
  -0.0000112600   -0.0000143700   -0.0000216100
   0.0001232000   -0.0000323600   -0.0000450200
  -0.0000251000    0.0000888000    0.0002219900
   0.0000018800   -0.0000643000    0.0000321700
  -0.0000374000    0.0000031500    0.0002136600
   0.0000835400    0.0001954300   -0.0000615000
   0.0000272200    0.0000104300   -0.0000067400
  -0.0000241300    0.0000213800   -0.0000169500
   0.0009001500   -0.0034585200   -0.0014604900
   0.0004473100    0.0003214800    0.0009945000
   0.0000282200   -0.0000316500    0.0002184700
   0.0000110600   -0.0000294700   -0.0000085900
  -0.0001279000   -0.0000609200    0.0002246200
   0.0679611100    0.0002784600    0.1139532900
  -0.0046477300    0.0005305500    0.0033340400
   0.0000502700   -0.0000431800    0.0002462900
   0.0000345300    0.0000034900    0.0002590500
  -0.0035996700    0.0001938600    0.0025009900
  -0.0004030500   -0.0029531500    0.0033835900
   0.0002066600    0.0001283900   -0.0000389900
  -0.0000210500   -0.0000038700    0.0000123300
   0.0000624100   -0.0000385800    0.0000795700
  -0.0004692200    0.0016360800    0.0024688400
  -0.0000123200    0.0000603700    0.0002388900
  -0.0000191500   -0.0000043300    0.0000016700
  -0.0000059600    0.0000079800    0.0000121400
   0.0000096000   -0.0000348600    0.0002678800
  -0.0000091600    0.0000817400    0.0000132000
  -0.0000180500    0.0000073200    0.0002461800
  -0.0000090200   -0.0000885500    0.0000197700
   0.0000156000    0.0000005000    0.0002624300
  -0.0000051400    0.0000120700    0.0000197500
  -0.0000203300   -0.0000006000    0.0000073800
   0.0001507400   -0.0016682300    0.0029636000
  -0.0010285400    0.0022574300    0.0028826100
   0.0002077300   -0.0001263800   -0.0000480800
  -0.0000235600   -0.0000090300    0.0000103200
   0.0000645100    0.0000406000    0.0000720700
  -0.0002515900   -0.0000003500    0.0007112700
  -0.0000832100   -0.0001012100   -0.0002484600
  -0.0000119600   -0.0000116800    0.0000487800
   0.0000036200    0.0000093000    0.0000605600
  -0.0000164400   -0.0001954000   -0.0001673700
  -0.0001471200    0.0000802100   -0.0001446400
  -0.0000852200   -0.0000547400    0.0000253800
  -0.0000057100    0.0000093200    0.0000707700
   0.0000703000   -0.0000333900    0.0001021200
   0.0001423600    0.0000083300   -0.0002701200
  -0.0000113200   -0.0000064000    0.0000549000
   0.0000119800   -0.0000106800    0.0000721900
  -0.0000015100    0.0000013100    0.0000711800
  -0.0000056100   -0.0000072100    0.0000559800
   0.0000171300    0.0000662900    0.0001011500
   0.0000058200    0.0000045600    0.0000607500
   0.0000103400    0.0000881700    0.0000631500
  -0.0000003500    0.0000066700    0.0000491300
   0.0000185900    0.0000037500    0.0000406300
  -0.0000155000    0.0000182300    0.0000475100
  -0.0002103400    0.0000673400   -0.0001018300
   0.0000139100    0.0001392000   -0.0003105300
   0.0000917900   -0.0000427600    0.0000940700
   0.0000138900   -0.0000205300    0.0000445000
  -0.0000255600   -0.0000252100    0.0001069200
   0.0007894700    0.0003582200   -0.0003662500
  -0.0014339300    0.0009225100   -0.0020065000
   0.0000505600   -0.0000430800    0.0000607400
   0.0000018900   -0.0000030800    0.0000042700
  -0.0000830200   -0.0000639800   -0.0000097200
   0.0001666900   -0.0012848700   -0.0011913800
  -0.0000826000   -0.0001121600    0.0001055500
   0.0000127800   -0.0000156300    0.0000256500
  -0.0000165200    0.0000070000   -0.0000096200
   0.0000800800    0.0000176400    0.0002079200
  -0.0000143200    0.0000913800    0.0000307300
  -0.0000086500    0.0000139100    0.0000061500
  -0.0000026500   -0.0000008300   -0.0000216500
  -0.0000152600    0.0000146300    0.0000087200
   0.0000132300    0.0000791700    0.0000194400
  -0.0000072300    0.0000048400   -0.0000001900
  -0.0000068100   -0.0000064100   -0.0000108200
   0.0000133200   -0.0000129900    0.0000273200
  -0.0000005500   -0.0000016700    0.0000084200
   0.0000071300   -0.0000141800   -0.0000007400
  -0.0001030900   -0.0000427400   -0.0000050200
   0.0001112000    0.0000931100    0.0001567200
   0.0000575700   -0.0000199900    0.0000546600
  -0.0000115600    0.0000101300    0.0000048000
   0.0000124400    0.0000022700   -0.0000076600
  -0.0000225400   -0.0000140200   -0.0000364500
   0.0000346100   -0.0000187300   -0.0000081700
   0.0000073000   -0.0000160200    0.0000074300
  -0.0000004300    0.0000059900   -0.0000168300
   0.0000195500   -0.0000016000   -0.0000196000
   0.0000018600    0.0000328200   -0.0000220100
   0.0000687700    0.0000336800    0.0000248500
   0.0000234900    0.0000031700   -0.0000124000
  -0.0000151100   -0.0000014400   -0.0000232400
  -0.0000578600    0.0000388900    0.0000084300
  -0.0000103300    0.0000028200   -0.0000079600
   0.0000116300    0.0000176400   -0.0000130400
  -0.0000007000   -0.0000006300   -0.0000135600
  -0.0000081000    0.0000141900   -0.0000206000
   0.0000119400   -0.0000037500   -0.0000042900
   0.0000038900   -0.0000026500   -0.0000175100
  -0.0000086300   -0.0000139700   -0.0000193300
   0.0000078100   -0.0000187400   -0.0000162500
  -0.0000056400   -0.0000031300   -0.0000168800
   0.0000011800   -0.0000086000   -0.0000141500
   0.0000056500    0.0000153300   -0.0000210700
   0.0000100400   -0.0000736200    0.0000159200
   0.0000153200    0.0000040500    0.0000096000
  -0.0000113800    0.0000067400   -0.0000152000
   0.0000033800    0.0000009600   -0.0000114600

76   
  0.0061792037162548   0.0000000000000000   0.0078624068473352
   0.0001886100    0.0000816700    0.0000624400
  -0.0001754500    0.0001265500   -0.0001534000
   0.0000443700   -0.0000481300    0.0000499200
   0.0000115800    0.0000203000    0.0000474200
  -0.0000213300   -0.0000477800    0.0000078000
   0.0000466700   -0.0002119000   -0.0000454500
   0.0000200100    0.0000490900    0.0000308300
   0.0000129100   -0.0000082500    0.0000202800
   0.0000041300   -0.0000016500    0.0000167100
   0.0000312900   -0.0000581900    0.0000666500
   0.0000143300    0.0000305400    0.0000119400
   0.0000048800   -0.0000023700    0.0000070500
   0.0000083500   -0.0000003700    0.0000202300
   0.0000059300    0.0000114800    0.0000304600
   0.0000617800    0.0000719000    0.0000470700
   0.0000469700   -0.0000224600    0.0000610500
   0.0000126900    0.0000005500    0.0000043500
   0.0000206300   -0.0000069800    0.0000312300
   0.0000109000   -0.0000003600    0.0000341900
  -0.0000220000    0.0000015400    0.0000437000
  -0.0000153700   -0.0000166200   -0.0000103200
  -0.0000651900    0.0000060000    0.0000489600
   0.0000994600    0.0000071200    0.0000678900
  -0.0000108600   -0.0000067600    0.0000468000
  -0.0000139300    0.0000040500    0.0000401100
   0.0000228500   -0.0000007700   -0.0000910000
   0.0000114000    0.0000038300    0.0000221200
   0.0000106600    0.0000103400    0.0000080500
   0.0000015500    0.0000068400    0.0000141600
  -0.0000008000    0.0000296300    0.0000426600
   0.0000152000   -0.0000036200    0.0000213300
   0.0000085200   -0.0000001300    0.0000109900
   0.0000064500    0.0000022400    0.0000134400
  -0.0000051700    0.0000076900    0.0000311300
  -0.0000199500   -0.0000079100    0.0000402300
   0.0000182500   -0.0000026000    0.0000019000
   0.0000064500   -0.0000027300    0.0000144200
   0.0000014700   -0.0000030000    0.0000096700
  -0.0000056300   -0.0000009900    0.0000120900
  -0.0000028500    0.0000039400    0.0000133600
   0.0000111200   -0.0000098200    0.0000030000
   0.0000090200   -0.0000078300    0.0000205600
  -0.0000014000   -0.0000114000    0.0000096500
   0.0000105100    0.0000012300    0.0000073600
   0.0000088200   -0.0000024500    0.0000062600
   0.0000267300   -0.0000159100    0.0000322000
  -0.0000023700   -0.0000137200    0.0000315400
   0.0000061800   -0.0000059100    0.0000107200
   0.0000060200   -0.0000018100    0.0000093300
  -0.0000027700    0.0000018300    0.0000212100
   0.0002572900   -0.0000011300   -0.0006991800
   0.0000037400   -0.0000615500    0.0001994300
   0.0000034600   -0.0000064600   -0.0000476400
   0.0000211600   -0.0000027600   -0.0000390200
   0.0001136900   -0.0001913300    0.0002513200
  -0.0000321100    0.0000334700    0.0003159800
  -0.0000348000   -0.0000136000   -0.0000387300
  -0.0000065400   -0.0000051700   -0.0000319800
  -0.0000152900    0.0000023000   -0.0001349400
   0.0002432300   -0.0000074100    0.0001379100
  -0.0000007100   -0.0000157800   -0.0000414700
   0.0000001400   -0.0000064600   -0.0000155700
   0.0000080500    0.0000083500   -0.0000449400
   0.0000118200    0.0000021200   -0.0000386700
  -0.0000027300   -0.0000580500   -0.0000484700
   0.0000191300    0.0000169900   -0.0000351700
  -0.0000108400    0.0000110000   -0.0000866100
   0.0000163300   -0.0000013200   -0.0000428000
   0.0000007100   -0.0000071500   -0.0000495800
  -0.0000006200    0.0000060500   -0.0000606500
  -0.0000696900    0.0000914000    0.0003403400
   0.0000888100    0.0001286100    0.0001096000
  -0.0000339800    0.0000173800   -0.0001097500
   0.0000112800   -0.0000014300   -0.0000574700
   0.0000640600    0.0000403200    0.0000084700
  -0.1421318400    0.0004834100   -0.2159595400
   0.0032402600   -0.0061807000   -0.0031818900
   0.0014634300    0.0001932400    0.0005234100
   0.0014051000   -0.0002325500    0.0005571800
   0.0033367100    0.0061744300   -0.0035401500
   0.0025785100    0.0063983100   -0.0032207200
   0.0004314100   -0.0004000700   -0.0001716300
  -0.0000340200   -0.0000156500    0.0000515200
   0.0003781600    0.0004306600   -0.0001467200
   0.0026865100   -0.0067103500   -0.0035043900
   0.0001836800    0.0005369800    0.0005227800
   0.0000348200   -0.0000400900    0.0000483200
   0.0000617700    0.0000544900    0.0000542300
   0.0001902300   -0.0004785100    0.0005603200
   0.0011244100    0.0000243100   -0.0001579200
   0.0001579000    0.0009206700    0.0005393800
   0.0011238700   -0.0000301500   -0.0001574500
   0.0002154800   -0.0009450000    0.0005454500
   0.0000509100    0.0000481900    0.0000646200
   0.0000453800   -0.0000456900    0.0000437300
   0.0027272000   -0.0056823100   -0.0033974300
   0.0025404700    0.0059145000   -0.0033206100
   0.0004271600    0.0004059400   -0.0001803600
  -0.0000330500   -0.0000042300    0.0000531900
   0.0003804700   -0.0004261900   -0.0001355000
   0.0491544500    0.0247745900    0.0559471800
   0.0002986300    0.0034085000    0.0143459100
  -0.0000179700    0.0005487000    0.0008362800
   0.0000905700    0.0000276100    0.0000397300
   0.0007684200   -0.0008660200   -0.0000656900
   0.0062241000   -0.0283328900    0.0353160800
  -0.0002456000    0.0011965500    0.0008207800
  -0.0002171000   -0.0000672000    0.0000391300
   0.0001049200    0.0001534000   -0.0000172400
   0.0019128400   -0.0024361500    0.0030310100
   0.0001105500   -0.0006187800    0.0005917200
  -0.0001117400   -0.0001593200    0.0000303300
  -0.0000062000   -0.0000014800   -0.0000118000
  -0.0000256100   -0.0001664300   -0.0000088800
   0.0007815600    0.0000899800    0.0001897100
   0.0000592100    0.0000174600   -0.0000034000
   0.0001496800    0.0000717600    0.0000021200
  -0.0000898400    0.0001633000    0.0000198600
   0.0000095800   -0.0000477200    0.0000826000
  -0.0000230700   -0.0000049700    0.0000870000
   0.0001644400    0.0008898700    0.0001378800
  -0.0023123600    0.0012489000    0.0019303500
   0.0000454100   -0.0000487600    0.0006379900
  -0.0000574900    0.0000187900    0.0000818200
  -0.0000496200   -0.0000165700    0.0000936600
   0.0002092600   -0.0035614700    0.0150329900
   0.0517423200   -0.0262203500    0.0587230600
   0.0008666700    0.0009426000   -0.0001319300
   0.0001187100   -0.0000324700    0.0000152200
  -0.0000540600   -0.0005306600    0.0007611900
   0.0063534100    0.0296162200    0.0366961700
   0.0018278700    0.0023993800    0.0030517900
   0.0001126800   -0.0001255500   -0.0000258700
  -0.0002157500    0.0000609300    0.0000040300
  -0.0001191900   -0.0012686800    0.0011468600
   0.0009136700   -0.0000560600    0.0000852500
  -0.0000172000    0.0001420300   -0.0000292700
  -0.0000284300   -0.0000012000   -0.0000444100
  -0.0001255000    0.0001713700    0.0000080700
   0.0000999300    0.0006407500    0.0005307600
   0.0000216900    0.0000554100    0.0000568900
  -0.0000764200   -0.0001485600   -0.0000149400
   0.0001401800   -0.0001045200   -0.0000071100
   0.0000762000   -0.0000254700   -0.0000271500
  -0.0000400300    0.0000077400    0.0000541200
   0.0000689800   -0.0000454100    0.0005354200
  -0.0023221600   -0.0011214500    0.0020954100
   0.0001714100   -0.0009557700    0.0000877800
  -0.0000653400    0.0000134400    0.0000513200
  -0.0000788100   -0.0000234000    0.0000556900

76   
 -0.0061792037162548  -0.0000000000000000  -0.0078624068473352
  -0.0001814900   -0.0000841700   -0.0000862500
   0.0001884600   -0.0001297100    0.0001385400
  -0.0000332800    0.0000477000   -0.0000641500
   0.0000017100   -0.0000224900   -0.0000631700
   0.0000356000    0.0000457200   -0.0000206600
  -0.0000345700    0.0002126900    0.0000262100
  -0.0000059000   -0.0000477100   -0.0000489500
  -0.0000007700    0.0000082600   -0.0000351800
   0.0000071700    0.0000000000   -0.0000313600
  -0.0000216200    0.0000559600   -0.0000847300
  -0.0000024200   -0.0000342500   -0.0000241300
   0.0000088800   -0.0000000700   -0.0000213200
   0.0000041500    0.0000002500   -0.0000337300
   0.0000045800   -0.0000121900   -0.0000448600
  -0.0000508700   -0.0000723300   -0.0000598100
  -0.0000370800    0.0000210300   -0.0000769100
   0.0000041800   -0.0000037500   -0.0000202800
  -0.0000100300    0.0000057800   -0.0000477800
   0.0000024100    0.0000013200   -0.0000489000
   0.0000306600   -0.0000016200   -0.0000595400
   0.0000266400    0.0000232400   -0.0000034300
   0.0000780900   -0.0000084600   -0.0000665700
  -0.0000885600   -0.0000085400   -0.0000817600
   0.0000230700    0.0000048600   -0.0000622200
   0.0000274100   -0.0000016100   -0.0000572400
  -0.0000120900    0.0000000900    0.0001083100
   0.0000012000   -0.0000061100   -0.0000068700
   0.0000008800   -0.0000108000    0.0000132800
   0.0000133300   -0.0000091600    0.0000134900
   0.0000096300   -0.0000318800   -0.0000148600
  -0.0000066100    0.0000032800   -0.0000056200
   0.0000037800    0.0000009800    0.0000062900
   0.0000061200   -0.0000025000    0.0000107500
   0.0000194400   -0.0000084800   -0.0000038400
   0.0000318000    0.0000054600   -0.0000194300
  -0.0000043900   -0.0000025100    0.0000118100
   0.0000035700   -0.0000010000    0.0000046400
   0.0000082500    0.0000020600    0.0000140000
   0.0000157200    0.0000018900    0.0000075500
   0.0000177700   -0.0000030200    0.0000026900
   0.0000028300    0.0000109500    0.0000093800
   0.0000044900    0.0000102800    0.0000004200
   0.0000137000    0.0000071700    0.0000082900
   0.0000007400   -0.0000036800    0.0000119200
  -0.0000009900    0.0000043000    0.0000114200
  -0.0000116500    0.0000135700   -0.0000090500
   0.0000118600    0.0000126500   -0.0000139900
   0.0000072600    0.0000064700    0.0000063200
   0.0000064600   -0.0000013700    0.0000138900
   0.0000112300   -0.0000009200    0.0000044400
  -0.0002530600   -0.0000003700    0.0006177100
   0.0000065100    0.0000590700   -0.0002715000
   0.0000084300    0.0000069400   -0.0000341700
  -0.0000065300    0.0000011500   -0.0000468900
  -0.0000983400    0.0001886000   -0.0003292800
   0.0000379800   -0.0000366800   -0.0003855200
   0.0000467800    0.0000144100   -0.0000365900
   0.0000191800    0.0000049100   -0.0000515900
   0.0000300600   -0.0000028800    0.0000510900
  -0.0002263100    0.0000009000   -0.0002120500
   0.0000155500    0.0000101500   -0.0000336600
   0.0000101900    0.0000028800   -0.0000620300
   0.0000021800   -0.0000089500   -0.0000375000
  -0.0000023000   -0.0000011500   -0.0000412700
   0.0000174900    0.0000588400   -0.0000285800
  -0.0000046100   -0.0000159600   -0.0000375800
   0.0000243700   -0.0000088100    0.0000078100
  -0.0000040900   -0.0000032600   -0.0000349800
   0.0000110500    0.0000054600   -0.0000289600
   0.0000084600   -0.0000039600   -0.0000162800
   0.0000868000   -0.0000885200   -0.0004159900
  -0.0000796600   -0.0001254700   -0.0001855700
   0.0000477000   -0.0000170700    0.0000318700
   0.0000015400   -0.0000017100   -0.0000247400
  -0.0000558100   -0.0000395100   -0.0000932800
   0.1403548500    0.0003567700    0.2173947500
  -0.0029144500    0.0061473400    0.0032762800
  -0.0014462500   -0.0001946900   -0.0004534800
  -0.0013977000    0.0002308400   -0.0005035100
  -0.0036385100   -0.0062060700    0.0035638300
  -0.0024923100   -0.0063398700    0.0033805000
  -0.0004238000    0.0003995800    0.0002450900
   0.0000434700    0.0000164800    0.0000066700
  -0.0003579400   -0.0004357300    0.0001948500
  -0.0027476000    0.0067667800    0.0034596200
  -0.0001710900   -0.0005426100   -0.0004517200
  -0.0000237600    0.0000390200    0.0000072800
  -0.0000504800   -0.0000543900    0.0000052900
  -0.0001754000    0.0004735000   -0.0005051700
  -0.0011145500   -0.0000315700    0.0002208400
  -0.0001434600   -0.0009171800   -0.0004768900
  -0.0011149000    0.0000393000    0.0002212600
  -0.0002026800    0.0009500300   -0.0004784300
  -0.0000395900   -0.0000477500   -0.0000021500
  -0.0000357000    0.0000468700    0.0000193100
  -0.0027570800    0.0055726500    0.0035240800
  -0.0024863000   -0.0060214700    0.0033153800
  -0.0004169500   -0.0003984800    0.0002452800
   0.0000443500    0.0000018300    0.0000084700
  -0.0003651500    0.0004366300    0.0001968200
  -0.0511280200   -0.0259824900   -0.0581369800
  -0.0003511800   -0.0033607500   -0.0143878700
   0.0000050000   -0.0005380600   -0.0008512700
  -0.0000813500   -0.0000285800   -0.0000434500
  -0.0007614000    0.0008510700    0.0000429400
  -0.0061488800    0.0291814200   -0.0360813200
   0.0002259000   -0.0011990800   -0.0008410500
   0.0002267600    0.0000673600   -0.0000465400
  -0.0000977100   -0.0001541700    0.0000128600
  -0.0019476700    0.0024624200   -0.0030554200
  -0.0001167700    0.0005915600   -0.0006118200
   0.0001215700    0.0001560200   -0.0000392700
   0.0000206200   -0.0000006400    0.0000089100
   0.0000355500    0.0001670600    0.0000053200
  -0.0007660200   -0.0000884500   -0.0001853400
  -0.0000456400   -0.0000202600   -0.0000001700
  -0.0001372600   -0.0000718200   -0.0000097100
   0.0000978300   -0.0001641800   -0.0000237300
   0.0000032900    0.0000489800   -0.0000871500
   0.0000332500    0.0000065400   -0.0000943000
  -0.0001591900   -0.0008708200   -0.0001676800
   0.0023101900   -0.0012514200   -0.0019438600
  -0.0000464100    0.0000547500   -0.0006354600
   0.0000722900   -0.0000228800   -0.0000882100
   0.0000614700    0.0000157800   -0.0000991700
  -0.0001396700    0.0036048000   -0.0150278000
  -0.0497353800    0.0250069600   -0.0565834800
  -0.0008496700   -0.0009567400    0.0001175200
  -0.0001074600    0.0000317700   -0.0000537300
   0.0000926200    0.0005393700   -0.0007862100
  -0.0064032600   -0.0287591300   -0.0359737700
  -0.0017708100   -0.0023751300   -0.0030667800
  -0.0000956600    0.0001237800   -0.0000128500
   0.0002305400   -0.0000588900   -0.0000403400
   0.0001614100    0.0012678000   -0.0011745800
  -0.0009063100    0.0000581800   -0.0001305800
   0.0000291000   -0.0001407400   -0.0000090100
   0.0000408600   -0.0000003100    0.0000056100
   0.0001373200   -0.0001749600   -0.0000435500
  -0.0000683900   -0.0006694700   -0.0005514500
  -0.0000096800   -0.0000560300   -0.0000950100
   0.0000919000    0.0001493400   -0.0000234800
  -0.0001292500    0.0001021700   -0.0000302200
  -0.0000651200    0.0000245000   -0.0000129300
   0.0000530600   -0.0000055800   -0.0000894400
  -0.0000455200    0.0000526400   -0.0005788800
   0.0023504300    0.0011194800   -0.0021250800
  -0.0001551900    0.0009768100   -0.0000961500
   0.0000779000   -0.0000147500   -0.0000876700
   0.0000887000    0.0000203200   -0.0000921500

101  
  0.0061792037162548   0.0000000000000000   0.0078624068473352
   0.0001440300    0.0000009400   -0.0002789100
  -0.0000719800    0.0001079800    0.0002678800
  -0.0000094600   -0.0000318500    0.0000537300
  -0.0000034700    0.0000202800    0.0000581500
   0.0000782000    0.0000737800    0.0002906900
   0.0001018700   -0.0000950600    0.0001977900
  -0.0000239600    0.0000117800    0.0000245600
  -0.0000285100    0.0000085300    0.0000735500
  -0.0000826500    0.0000240600    0.0000430400
   0.0000190600   -0.0001247700    0.0003600800
  -0.0000315200    0.0000152100    0.0000472400
  -0.0000124400   -0.0000086100    0.0000822200
  -0.0000255200    0.0000027000    0.0000653300
  -0.0000185700   -0.0000120900    0.0000653500
  -0.0000120900   -0.0000397200    0.0000563200
  -0.0000099100    0.0000014500    0.0000488100
  -0.0000395800   -0.0000339500    0.0000330800
  -0.0000018400    0.0000108700    0.0000623900
  -0.0000145600   -0.0000001200    0.0000433100
  -0.0000252800    0.0000073700    0.0000501500
   0.0001191100   -0.0000249100    0.0002099600
  -0.0001107100    0.0000693100    0.0003497900
  -0.0000427900    0.0000186100    0.0000314500
  -0.0000125800   -0.0000043500    0.0000467200
   0.0000296300    0.0000257300    0.0000807400
  -0.0000222400   -0.0000045900    0.0000795800
  -0.0000279000   -0.0000034100    0.0000983100
  -0.0000149100   -0.0000032700    0.0000842900
  -0.0000284700    0.0000192000    0.0000747500
  -0.0000107200   -0.0000010300    0.0000559700
  -0.0000276600   -0.0000036900    0.0001005800
  -0.0000131700    0.0000039200    0.0000816800
  -0.0000072300   -0.0000041200    0.0000846200
  -0.0000386800   -0.0000006400    0.0000727400
  -0.0000210300    0.0000453300    0.0000577800
  -0.0000192000    0.0000018600    0.0000774500
  -0.0000177400    0.0000026100    0.0000825200
  -0.0000138300    0.0000017000    0.0000885400
  -0.0000184900    0.0000070200    0.0000825000
  -0.0000059900    0.0000100800    0.0000946700
  -0.0000125700   -0.0000042700    0.0000841100
  -0.0000254100   -0.0000003000    0.0000841300
  -0.0000143600   -0.0000057500    0.0000887100
  -0.0000165100   -0.0000000900    0.0000878500
  -0.0000234800   -0.0000083700    0.0000876200
  -0.0000101600    0.0000073700    0.0000682900
   0.0000129000   -0.0000198900    0.0000616500
  -0.0000072500    0.0000054400    0.0000954900
  -0.0000243400   -0.0000019600    0.0000833500
  -0.0000656500   -0.0000233000    0.0000544200
  -0.0007534000   -0.0003266100    0.0003618600
   0.0000448700    0.0000336900    0.0000650000
  -0.0000190300    0.0000081300    0.0000295300
  -0.0000433200    0.0000042800   -0.0000455500
   0.0013629800   -0.0008910600    0.0020811200
   0.0000424500    0.0000367900    0.0000745300
  -0.0000076900    0.0000107200    0.0000274600
  -0.0000250300    0.0000026300    0.0000429100
  -0.0000314700    0.0000238300   -0.0000557600
  -0.0001276300   -0.0000737100   -0.0001240900
  -0.0000056000   -0.0000082300    0.0000356700
  -0.0000239300   -0.0000108200    0.0000364900
  -0.0000198900    0.0000007000    0.0000263900
  -0.0000440300    0.0000229400    0.0000176800
   0.0000052700    0.0000064800    0.0000354700
  -0.0000207600   -0.0000468800    0.0000232000
  -0.0000086600   -0.0000442800   -0.0000008600
  -0.0000053300   -0.0000332800    0.0000297600
  -0.0000134600    0.0000002700    0.0000555800
  -0.0000066700   -0.0000186500    0.0000250600
  -0.0001809600    0.0012242500    0.0012246000
  -0.0000807600   -0.0000273600   -0.0001881400
   0.0000092000    0.0000100900    0.0000378300
  -0.0000368700    0.0000190700    0.0000140800
   0.0000470000    0.0001030700   -0.0000617700
   0.0534436500    0.0272977000    0.0565306600
  -0.0001916200    0.0002842400    0.0007932800
   0.0000670900   -0.0000614300    0.0001374400
   0.0009109500   -0.0003313100    0.0001916000
  -0.0018821400    0.0046623400    0.0161655600
  -0.0002176200   -0.0010167300    0.0005376000
  -0.0000718800   -0.0000148600    0.0001856200
  -0.0000869200    0.0000238700    0.0001814000
   0.0003857700    0.0000735500    0.0004483000
  -0.0023510100    0.0016166900    0.0020294000
  -0.0000444000    0.0000648400    0.0001578800
  -0.0000457500   -0.0000076600    0.0001838600
   0.0000651600   -0.0000006400    0.0001163500
   0.0000170800   -0.0000975500    0.0000149600
  -0.0000029700    0.0000245200    0.0002021300
   0.0006804600    0.0011631700    0.0002348800
   0.0001746400   -0.0001672700    0.0007481500
  -0.0001204000    0.0001303000    0.0001437900
  -0.0000324000    0.0000011400    0.0000847400
  -0.0000659100   -0.0000753700    0.0000755500
   0.0061791500   -0.0317246000    0.0361141700
   0.0022251900   -0.0026443300    0.0028942000
  -0.0001158700    0.0000154000    0.0002359900
  -0.0000425800    0.0000059800   -0.0000190000
  -0.0005828300    0.0010184900    0.0011681200
  -0.0730965000   -0.0003815200   -0.1278748800
   0.0057935500    0.0000137000   -0.0013032700
   0.0000274500   -0.0000300000   -0.0001234900
  -0.0000020600    0.0000505900   -0.0000971800
   0.0075981800   -0.0002732700   -0.0027400500
   0.0007055900    0.0022218500   -0.0017596000
  -0.0000211100   -0.0000306100    0.0001414200
   0.0000256100    0.0000078600   -0.0000030800
  -0.0001992400    0.0001354200    0.0001541100
   0.0018866000   -0.0037262600   -0.0022909700
   0.0000032000    0.0000642000   -0.0001112500
   0.0000093600    0.0000095500   -0.0000098900
  -0.0000016100   -0.0000155600    0.0000027900
  -0.0000281900   -0.0000454300   -0.0001107300
   0.0000342800    0.0000079800    0.0001459700
  -0.0000105000   -0.0000421200   -0.0000977900
   0.0000332500   -0.0001009400    0.0001471600
  -0.0000135400    0.0000092400   -0.0001231200
   0.0000118100   -0.0000069100   -0.0000067400
  -0.0000037700    0.0000169800    0.0000021400
   0.0016617900    0.0041465700   -0.0024775000
   0.0009299800   -0.0023748600   -0.0015722000
  -0.0001041300    0.0000810600    0.0000727800
   0.0000252800   -0.0000082800   -0.0000027900
  -0.0001157400   -0.0000851100    0.0002188800
  -0.0015497800    0.0000014000    0.0097865800
   0.0017542100   -0.0016698700    0.0014981400
  -0.0000313500   -0.0001396000    0.0000514200
  -0.0000007600    0.0001193800    0.0000549800
  -0.0006755200   -0.0004793100   -0.0004342900
  -0.0009260800    0.0028595400    0.0018011300
   0.0002012400    0.0001321900   -0.0003262100
  -0.0000225400    0.0000218700    0.0000633700
  -0.0000138100   -0.0000054000   -0.0002000900
  -0.0002679100    0.0003453400   -0.0007305800
  -0.0000905800    0.0001545000    0.0000651300
   0.0000078500   -0.0000170100    0.0000532400
  -0.0000279800   -0.0000026300    0.0000755700
  -0.0000561800   -0.0001676100    0.0000409800
  -0.0000277100   -0.0001146200   -0.0002581600
  -0.0000724900   -0.0000760900    0.0000662800
  -0.0000257900   -0.0001229900   -0.0002635700
  -0.0000708900    0.0001151500    0.0000383800
  -0.0000182400    0.0000028000    0.0000774200
   0.0000016800   -0.0000128000    0.0000540400
  -0.0021424600   -0.0004557500    0.0008272900
   0.0009386900   -0.0005710700    0.0002289100
  -0.0000012800   -0.0000144200   -0.0001983100
  -0.0000215100    0.0000122500    0.0000658900
   0.0001971900    0.0001310300   -0.0003180000

101  
 -0.0061792037162548  -0.0000000000000000  -0.0078624068473352
  -0.0001257500    0.0000005600    0.0003507600
   0.0000928300   -0.0001043900   -0.0001962500
   0.0000322100    0.0000331000    0.0000215000
   0.0000262400   -0.0000195300    0.0000168900
  -0.0000573200   -0.0000713600   -0.0002211500
  -0.0000768800    0.0000925900   -0.0001256600
   0.0000471000   -0.0000080600    0.0000516800
   0.0000503500   -0.0000061800    0.0000019700
   0.0001046800   -0.0000234700    0.0000311900
  -0.0000006100    0.0001259500   -0.0002926300
   0.0000542600   -0.0000141500    0.0000289300
   0.0000361800    0.0000087900   -0.0000066100
   0.0000481300   -0.0000002400    0.0000109900
   0.0000393800    0.0000146900    0.0000100700
   0.0000335300    0.0000433500    0.0000184900
   0.0000307900   -0.0000013700    0.0000261900
   0.0000659800    0.0000330000    0.0000406900
   0.0000226300   -0.0000095100    0.0000117600
   0.0000391100    0.0000031600    0.0000317300
   0.0000448300   -0.0000056600    0.0000246600
  -0.0000963600    0.0000319300   -0.0001372800
   0.0001331000   -0.0000694100   -0.0002788600
   0.0000649100   -0.0000176600    0.0000438400
   0.0000353100    0.0000049200    0.0000282800
  -0.0000065500   -0.0000215300   -0.0000073100
   0.0000443500    0.0000075200    0.0000273100
   0.0000515100    0.0000033100    0.0000075000
   0.0000370500    0.0000051300    0.0000274300
   0.0000540000   -0.0000195600    0.0000422900
   0.0000291200    0.0000021000    0.0000606000
   0.0000462300    0.0000060200    0.0000057900
   0.0000360000   -0.0000005200    0.0000253500
   0.0000306400    0.0000063800    0.0000290300
   0.0000644300    0.0000023900    0.0000443400
   0.0000433600   -0.0000455700    0.0000532400
   0.0000433700   -0.0000046600    0.0000269000
   0.0000387400   -0.0000037600    0.0000266300
   0.0000342400   -0.0000008200    0.0000251100
   0.0000385800   -0.0000036300    0.0000282300
   0.0000315600   -0.0000068700    0.0000126300
   0.0000369400    0.0000081600    0.0000185000
   0.0000494800    0.0000061700    0.0000272500
   0.0000376200    0.0000036100    0.0000197800
   0.0000381700   -0.0000002000    0.0000227100
   0.0000420400    0.0000127100    0.0000203200
   0.0000358000   -0.0000083800    0.0000447200
   0.0000064200    0.0000203300    0.0000464600
   0.0000313400   -0.0000017900    0.0000125600
   0.0000477600    0.0000016700    0.0000299400
   0.0000855000    0.0000266300    0.0000611100
   0.0007748300    0.0003270700   -0.0003334200
  -0.0000218600   -0.0000324900   -0.0000490200
   0.0000417400   -0.0000060300   -0.0000213300
   0.0000685100   -0.0000029600    0.0000505600
  -0.0013802000    0.0009212800   -0.0021349000
  -0.0000231000   -0.0000354000   -0.0000604500
   0.0000304500   -0.0000073300   -0.0000143900
   0.0000484400   -0.0000002100   -0.0000353300
   0.0000556400   -0.0000223500    0.0000614000
   0.0001509500    0.0000742300    0.0001358900
   0.0000303900    0.0000056400   -0.0000207000
   0.0000450700    0.0000097500   -0.0000236700
   0.0000407600    0.0000003600   -0.0000187600
   0.0000646400   -0.0000196000   -0.0000081300
   0.0000207000   -0.0000031500   -0.0000235700
   0.0000459000    0.0000505400   -0.0000066400
   0.0000315900    0.0000496700    0.0000106000
   0.0000286900    0.0000313800   -0.0000178900
   0.0000354800    0.0000001900   -0.0000457300
   0.0000253000    0.0000232300   -0.0000125200
   0.0002155000   -0.0012421000   -0.0012311500
   0.0000996900    0.0000286100    0.0001998300
   0.0000153100   -0.0000063300   -0.0000262900
   0.0000607900   -0.0000197500   -0.0000068800
  -0.0000285900   -0.0001015800    0.0000697900
  -0.0512687700   -0.0260502500   -0.0540835900
   0.0002556200   -0.0002812500   -0.0006408500
  -0.0000479400    0.0000649500    0.0000183200
  -0.0009267700    0.0003364600   -0.0000254100
   0.0020042600   -0.0046944400   -0.0161304000
   0.0002483500    0.0010336000   -0.0003810400
   0.0000914900    0.0000139900   -0.0000372100
   0.0001068500   -0.0000225500   -0.0000302700
  -0.0003793800   -0.0000500400   -0.0002879800
   0.0023286700   -0.0016340900   -0.0018856400
   0.0000677700   -0.0000663800   -0.0000004500
   0.0000676200    0.0000096100   -0.0000322000
  -0.0000420000    0.0000036100    0.0000360900
   0.0000046800    0.0000970100    0.0001372400
   0.0000255400   -0.0000251600   -0.0000484500
  -0.0006760200   -0.0011762100   -0.0000712200
  -0.0001285700    0.0001419400   -0.0005938800
   0.0001371800   -0.0001295500    0.0000115700
   0.0000518700    0.0000009100    0.0000695200
   0.0000864000    0.0000758600    0.0000783200
  -0.0061382600    0.0309636900   -0.0353190700
  -0.0022266200    0.0026275700   -0.0027134200
   0.0001360500   -0.0000098500   -0.0000819700
   0.0000628400   -0.0000058300    0.0001721100
   0.0005956100   -0.0010033100   -0.0010381700
   0.0676907200   -0.0003427000    0.1129891900
  -0.0057104500    0.0000048200    0.0013456100
  -0.0000040100    0.0000311400    0.0002065200
   0.0000305700   -0.0000492200    0.0001829500
  -0.0076439800    0.0002741800    0.0028482200
  -0.0007028300   -0.0022493800    0.0018075800
   0.0000407600    0.0000308000   -0.0000577200
  -0.0000021000   -0.0000068700    0.0000877800
   0.0002258500   -0.0001359900   -0.0000652800
  -0.0018575400    0.0037133300    0.0023792800
   0.0000184900   -0.0000618700    0.0001930800
   0.0000117100   -0.0000074500    0.0000933900
   0.0000251200    0.0000161500    0.0000819700
   0.0000519000    0.0000438700    0.0001945900
  -0.0000108600   -0.0000070900   -0.0000635400
   0.0000365200    0.0000481900    0.0001815600
  -0.0000115000    0.0001081900   -0.0000619800
   0.0000346600   -0.0000066400    0.0002071200
   0.0000115300    0.0000086900    0.0000943500
   0.0000254300   -0.0000155300    0.0000830700
  -0.0016150400   -0.0041181900    0.0025589800
  -0.0009453700    0.0023830000    0.0016280500
   0.0001267300   -0.0000783900    0.0000057000
  -0.0000018800    0.0000086800    0.0000882600
   0.0001398800    0.0000884500   -0.0001330900
   0.0015471400    0.0000013900   -0.0095884400
  -0.0017277800    0.0016815600   -0.0014297500
   0.0000556700    0.0001392500    0.0000030300
   0.0000242200   -0.0001179800   -0.0000041200
   0.0007182900    0.0004939100    0.0004724400
   0.0009370200   -0.0028123300   -0.0017121700
  -0.0001819700   -0.0001330100    0.0003753900
   0.0000467800   -0.0000204900   -0.0000134100
   0.0000345500    0.0000105100    0.0002526800
   0.0002882100   -0.0003682600    0.0007603500
   0.0001110700   -0.0001493800   -0.0000124300
   0.0000142500    0.0000195000   -0.0000017000
   0.0000506600    0.0000029100   -0.0000239100
   0.0000780300    0.0001682900    0.0000115100
   0.0000527300    0.0001197700    0.0003143700
   0.0000954400    0.0000783900   -0.0000164700
   0.0000503300    0.0001253700    0.0003135000
   0.0000920800   -0.0001143200    0.0000143000
   0.0000421500   -0.0000009200   -0.0000265200
   0.0000208000    0.0000146400   -0.0000030000
   0.0021490000    0.0004565400   -0.0007678600
  -0.0009532000    0.0005763700   -0.0001968700
   0.0000344100    0.0000112200    0.0002543000
   0.0000453100   -0.0000116900   -0.0000146900
  -0.0001748900   -0.0001302800    0.0003749300

126  
  0.0061792037162548   0.0000000000000000   0.0078624068473352
   0.0000000900   -0.0000007200   -0.0000627300
   0.0000083600   -0.0000077200   -0.0000103300
  -0.0000041500   -0.0000006800   -0.0000236400
   0.0000034300   -0.0000038000   -0.0000235500
  -0.0000044100   -0.0000109600   -0.0000147100
  -0.0000115700    0.0000054000    0.0000032500
  -0.0000133200   -0.0000064300   -0.0000132800
  -0.0000023400    0.0000015000   -0.0000204600
  -0.0000050900    0.0000003400   -0.0000237000
  -0.0000042300    0.0000122400   -0.0000283800
  -0.0000057300   -0.0000024300   -0.0000159800
  -0.0000023000   -0.0000005600   -0.0000201700
  -0.0000058400   -0.0000022800   -0.0000199900
  -0.0000007400   -0.0000034600   -0.0000302100
  -0.0000098700   -0.0000031300   -0.0000133900
  -0.0000037600    0.0000046600   -0.0000163000
  -0.0000002000    0.0000035100   -0.0000193600
  -0.0000050100    0.0000008500   -0.0000311100
  -0.0000004200   -0.0000011300   -0.0000168000
  -0.0000040500    0.0000016100   -0.0000285800
  -0.0000126400    0.0000116400    0.0000007900
   0.0000100200   -0.0000135000   -0.0000259700
  -0.0000094300   -0.0000009400   -0.0000155400
   0.0000012000   -0.0000016300   -0.0000227100
  -0.0000032200    0.0000043000   -0.0000124400
  -0.0000018900    0.0000030700    0.0000205500
   0.0000018300   -0.0000040000    0.0000061800
  -0.0000000900   -0.0000015100    0.0000084800
   0.0000001200   -0.0000026400    0.0000106600
  -0.0000035900   -0.0000041500    0.0000214300
  -0.0000035800    0.0000028200    0.0000057600
   0.0000001900    0.0000012100    0.0000067900
  -0.0000007400   -0.0000000500    0.0000077800
   0.0000017600    0.0000009300    0.0000114800
  -0.0000061400   -0.0000005100    0.0000062200
  -0.0000012400   -0.0000015600    0.0000043700
  -0.0000020200   -0.0000027000    0.0000068300
  -0.0000015100   -0.0000009900    0.0000102700
  -0.0000026000    0.0000011900    0.0000055100
  -0.0000001900    0.0000010700    0.0000042200
  -0.0000016400    0.0000003000    0.0000034700
   0.0000027500    0.0000009500    0.0000088300
  -0.0000008000   -0.0000026700    0.0000041900
  -0.0000039800   -0.0000015000    0.0000076900
  -0.0000045500    0.0000008300    0.0000047400
  -0.0000060800   -0.0000014000    0.0000211500
  -0.0000047100   -0.0000020200    0.0000075500
  -0.0000003300    0.0000000400    0.0000039900
  -0.0000016900   -0.0000022200    0.0000073100
  -0.0000067200    0.0000007700    0.0000054600
   0.0000096900    0.0000078700   -0.0000042100
   0.0000025100    0.0000071000   -0.0000476200
  -0.0000024400   -0.0000005300   -0.0000344100
  -0.0000318700    0.0000160100   -0.0000429700
  -0.0000277400    0.0000121800   -0.0000559000
   0.0000047100   -0.0000004000   -0.0000396900
  -0.0000010500    0.0000014500   -0.0000410900
   0.0000056400   -0.0000045400   -0.0000333900
  -0.0000314600    0.0000176300   -0.0000513400
  -0.0000121900    0.0000105200   -0.0000670400
  -0.0000005400   -0.0000032400   -0.0000348400
  -0.0000035400    0.0000017600   -0.0000362200
  -0.0000022400   -0.0000000000   -0.0000315600
  -0.0000057700    0.0000069900   -0.0000400900
   0.0000028200    0.0000066700   -0.0000256800
   0.0000006600   -0.0000206500   -0.0000332100
  -0.0000040400   -0.0000208000   -0.0000537400
  -0.0000002000   -0.0000042700   -0.0000242800
  -0.0000008400   -0.0000011100   -0.0000373300
  -0.0000106800   -0.0000083800   -0.0000399900
  -0.0000025500   -0.0000219400   -0.0000301200
   0.0000014000   -0.0000088900   -0.0000158300
   0.0000014400    0.0000002900   -0.0000177000
  -0.0000129600   -0.0000029500   -0.0000494300
  -0.0000199300   -0.0000033800   -0.0001191700
  -0.0017067600   -0.0046575300    0.0165434300
   0.0009806200    0.0003086400   -0.0000293600
   0.0001119000    0.0000610200    0.0000517600
  -0.0002026200   -0.0002844600    0.0007065300
   0.0514903700   -0.0260461100    0.0550789900
   0.0004116300   -0.0000793100    0.0002981600
  -0.0000779300   -0.0000167100    0.0000842200
  -0.0000830100    0.0000177900    0.0000927700
  -0.0001922100    0.0010748100    0.0003815700
  -0.0023194200   -0.0014031700    0.0021303900
   0.0000925300    0.0000102600    0.0000315600
  -0.0000503800   -0.0000034100    0.0000893900
  -0.0000131500   -0.0000728600    0.0000715000
   0.0000268000   -0.0000208800    0.0001128300
   0.0000174000    0.0000641700   -0.0000589900
   0.0002068400    0.0001674800    0.0006676900
   0.0007781000   -0.0011903800    0.0000146300
  -0.0000565800    0.0000727200   -0.0000146900
  -0.0000375400   -0.0000001300   -0.0000042500
  -0.0000996900   -0.0000897700    0.0000686800
   0.0063686300    0.0309221800    0.0360423400
  -0.0003754000   -0.0011257200    0.0013834400
  -0.0000434400    0.0000090700   -0.0001007900
  -0.0000795400   -0.0000403800    0.0001553500
   0.0020438100    0.0025158100    0.0028769300
  -0.0015097700   -0.0000003900    0.0095828300
  -0.0006824800    0.0005527300   -0.0004777600
   0.0000000100   -0.0001084000    0.0000074100
  -0.0000069100    0.0001456000   -0.0000188800
   0.0017655800    0.0017261100    0.0014230500
  -0.0002008500   -0.0003951400   -0.0007310800
   0.0000336300    0.0000280900   -0.0002396400
  -0.0000082300   -0.0000181400    0.0000082600
   0.0001873800   -0.0001173500   -0.0003963100
  -0.0009410000   -0.0028434400    0.0016696300
  -0.0000381700    0.0001531200   -0.0000074500
  -0.0000097900    0.0000000700    0.0000156300
   0.0000205500    0.0000157900    0.0000007400
  -0.0000750400   -0.0001667400   -0.0000053000
  -0.0000134000    0.0000923700   -0.0003236800
  -0.0000424300   -0.0001108200   -0.0000201200
  -0.0000158800    0.0000883400   -0.0003178400
  -0.0000737100    0.0000841400    0.0000089100
   0.0000184600    0.0000163000   -0.0000073500
  -0.0000112300   -0.0000003400    0.0000209500
   0.0010311800    0.0005472600    0.0002261200
  -0.0021647300    0.0004317100    0.0007255000
   0.0001890700   -0.0001177200   -0.0004089400
  -0.0000101200   -0.0000178800    0.0000063400
   0.0000253000    0.0000219800   -0.0002388000
  -0.0724744300   -0.0001514800   -0.1107602000
   0.0076143900    0.0002946600   -0.0031887900
   0.0000405400   -0.0000794200   -0.0001864900
   0.0000585300    0.0000146000   -0.0001963600
   0.0053600200   -0.0001349500   -0.0014348800
   0.0018905500    0.0036879600   -0.0026955800
  -0.0002049000   -0.0001296800    0.0000475000
   0.0000499500   -0.0000216600   -0.0000826200
   0.0000128200    0.0000032400    0.0000777200
   0.0006773200   -0.0018908400   -0.0019197800
  -0.0000223000    0.0000791300   -0.0002107300
   0.0000037200    0.0000258600   -0.0000708800
   0.0000412300   -0.0000058700   -0.0000926800
   0.0000414200   -0.0000626700   -0.0001720600
   0.0000183700    0.0000206900    0.0000647800
  -0.0000132800   -0.0000008300   -0.0002160200
   0.0000186900    0.0001259000    0.0000633000
   0.0000319200    0.0000477200   -0.0001676000
   0.0000089800   -0.0000235400   -0.0000679800
   0.0000353200    0.0000072200   -0.0000981400
   0.0008169300    0.0022389000   -0.0018192000
   0.0017505600   -0.0041978200   -0.0027963500
  -0.0000769700    0.0000546500    0.0001478900
   0.0000492000    0.0000144000   -0.0000824600
  -0.0001131000   -0.0000758700   -0.0000174600

126  
 -0.0061792037162548  -0.0000000000000000  -0.0078624068473352
  -0.0000137000   -0.0000002800    0.0000558600
  -0.0000199900    0.0000072300    0.0000038800
  -0.0000071800   -0.0000001600    0.0000169600
  -0.0000135600    0.0000020300    0.0000172600
  -0.0000041700    0.0000102100    0.0000076200
   0.0000018900   -0.0000074900   -0.0000104300
   0.0000028600    0.0000073700    0.0000080900
  -0.0000089600   -0.0000013600    0.0000146700
  -0.0000067100   -0.0000016800    0.0000177200
  -0.0000067000   -0.0000157100    0.0000213200
  -0.0000052400    0.0000010900    0.0000101400
  -0.0000073800   -0.0000010000    0.0000145500
  -0.0000046800    0.0000027900    0.0000152900
  -0.0000113100    0.0000038800    0.0000248500
  -0.0000017300    0.0000041500    0.0000076000
  -0.0000090300   -0.0000062600    0.0000096700
  -0.0000066600   -0.0000061800    0.0000122600
  -0.0000073000   -0.0000012200    0.0000239700
  -0.0000089400    0.0000020200    0.0000111400
  -0.0000098900   -0.0000019000    0.0000225300
   0.0000015800   -0.0000062900   -0.0000086100
  -0.0000204600    0.0000131700    0.0000197600
  -0.0000018000    0.0000001100    0.0000093900
  -0.0000121300    0.0000003700    0.0000167800
  -0.0000069800   -0.0000022800    0.0000050500
  -0.0000097900   -0.0000025700    0.0000058700
  -0.0000116800    0.0000022400    0.0000182800
  -0.0000115400    0.0000011400    0.0000215300
  -0.0000086500    0.0000013800    0.0000250000
  -0.0000109900    0.0000030700    0.0000143700
  -0.0000111600   -0.0000025600    0.0000193500
  -0.0000110000    0.0000003600    0.0000185300
  -0.0000091800    0.0000003200    0.0000242900
  -0.0000107200   -0.0000014200    0.0000244300
  -0.0000052500   -0.0000017500    0.0000240900
  -0.0000081000   -0.0000032400    0.0000186500
  -0.0000105800   -0.0000005500    0.0000207200
  -0.0000116600   -0.0000000700    0.0000216300
  -0.0000107800    0.0000005300    0.0000237300
  -0.0000075300    0.0000001500    0.0000214700
  -0.0000073100    0.0000010700    0.0000180400
  -0.0000128100    0.0000023400    0.0000208800
  -0.0000092700   -0.0000014900    0.0000228100
  -0.0000079000   -0.0000009400    0.0000213500
  -0.0000102800    0.0000013500    0.0000218800
  -0.0000017500   -0.0000009500    0.0000108000
  -0.0000093400    0.0000007400    0.0000196000
  -0.0000091900    0.0000017200    0.0000224900
  -0.0000084200   -0.0000001800    0.0000244600
  -0.0000074800    0.0000005200    0.0000293200
  -0.0000215000   -0.0000074200   -0.0000626600
  -0.0000120500   -0.0000081800   -0.0000187800
  -0.0000087400    0.0000005300   -0.0000378800
   0.0000231900   -0.0000170800   -0.0000339900
   0.0000139200   -0.0000128000   -0.0000214400
  -0.0000185800    0.0000003100   -0.0000282400
  -0.0000096200    0.0000000900   -0.0000263200
  -0.0000156600    0.0000051600   -0.0000403700
   0.0000234800   -0.0000176600   -0.0000253000
   0.0000005900   -0.0000125500   -0.0000050100
  -0.0000082000   -0.0000014800   -0.0000312700
  -0.0000086900   -0.0000050200   -0.0000319800
  -0.0000104100   -0.0000008200   -0.0000415800
  -0.0000076700   -0.0000053200   -0.0000311100
  -0.0000105200   -0.0000053400   -0.0000433800
  -0.0000091800    0.0000218300   -0.0000315700
  -0.0000054900    0.0000242800   -0.0000179800
  -0.0000098400    0.0000003600   -0.0000443500
  -0.0000110600   -0.0000005500   -0.0000338200
  -0.0000040100    0.0000107700   -0.0000286600
  -0.0000048800    0.0000203400   -0.0000426900
  -0.0000150600    0.0000076600   -0.0000539900
  -0.0000106900    0.0000012000   -0.0000513800
   0.0000029900    0.0000006100   -0.0000242100
   0.0000052600    0.0000044800    0.0000430200
   0.0016023000    0.0046226300   -0.0163663000
  -0.0009509600   -0.0003060300    0.0000857000
  -0.0001192400   -0.0000594400    0.0000151700
   0.0001512100    0.0002839800   -0.0006414300
  -0.0536565700    0.0272961800   -0.0573199500
  -0.0004053500    0.0001027900   -0.0002337600
   0.0000688000    0.0000172600   -0.0000178800
   0.0000739700   -0.0000213300   -0.0000262800
   0.0001745500   -0.0010610400   -0.0003175900
   0.0023487800    0.0013872500   -0.0020530800
  -0.0001037900   -0.0000089300    0.0000382900
   0.0000381200    0.0000032800   -0.0000232600
   0.0000018800    0.0000697600   -0.0000074100
  -0.0000375200    0.0000191000   -0.0000416900
  -0.0000281800   -0.0000675600    0.0001312600
  -0.0002415400   -0.0001942800   -0.0005982500
  -0.0007705700    0.0011749800    0.0000449300
   0.0000481100   -0.0000751400    0.0000868300
   0.0000277000    0.0000001900    0.0000772600
   0.0000954100    0.0000900900    0.0000021900
  -0.0063919600   -0.0316843900   -0.0366019500
   0.0003772700    0.0011356600   -0.0012807200
   0.0000352900   -0.0000114900    0.0001714000
   0.0000719200    0.0000440000   -0.0000851700
  -0.0020352200   -0.0025340200   -0.0028348800
   0.0015250800    0.0000005500   -0.0097228100
   0.0006510100   -0.0005359200    0.0004961000
  -0.0000123300    0.0001079300   -0.0000019500
  -0.0000067800   -0.0001484200    0.0000207800
  -0.0017798100   -0.0017182500   -0.0014344500
   0.0001932000    0.0003674400    0.0007563600
  -0.0000429800   -0.0000262000    0.0002413300
  -0.0000037600    0.0000166100   -0.0000029600
  -0.0001959200    0.0001156500    0.0004044800
   0.0009402300    0.0028883500   -0.0017017400
   0.0000280500   -0.0001531200    0.0000098700
  -0.0000026700   -0.0000009200   -0.0000114700
  -0.0000312100   -0.0000162000    0.0000050100
   0.0000658600    0.0001691200    0.0000078700
   0.0000008200   -0.0000894000    0.0003224000
   0.0000324000    0.0001081200    0.0000217800
   0.0000031100   -0.0000880200    0.0003231800
   0.0000626900   -0.0000832300   -0.0000026500
  -0.0000295200   -0.0000155100    0.0000132800
  -0.0000020900   -0.0000007400   -0.0000156800
  -0.0010049400   -0.0005430800   -0.0002024000
   0.0021660300   -0.0004352900   -0.0007297300
  -0.0001983900    0.0001151000    0.0004061800
  -0.0000025000    0.0000159500   -0.0000015000
  -0.0000459700   -0.0000266800    0.0002382300
   0.0762151000   -0.0002619800    0.1137550900
  -0.0075621000   -0.0002937300    0.0031355200
  -0.0000591900    0.0000791000    0.0001568700
  -0.0000710500   -0.0000156100    0.0001701500
  -0.0054349700    0.0001488400    0.0014459900
  -0.0019104900   -0.0037077900    0.0026637000
   0.0001892600    0.0001260600   -0.0000790200
  -0.0000614100    0.0000216800    0.0000527700
  -0.0000208900   -0.0000038100   -0.0001074100
  -0.0006684700    0.0018642100    0.0019259100
   0.0000103000   -0.0000822500    0.0001816500
  -0.0000155800   -0.0000266600    0.0000429400
  -0.0000519300    0.0000051900    0.0000646900
  -0.0000512300    0.0000619800    0.0001451200
  -0.0000292900   -0.0000215100   -0.0000915000
   0.0000043200    0.0000004100    0.0001881300
  -0.0000285200   -0.0001204200   -0.0000927800
  -0.0000465500   -0.0000414700    0.0001381400
  -0.0000198600    0.0000242000    0.0000385000
  -0.0000479100   -0.0000082600    0.0000664200
  -0.0007934500   -0.0022339500    0.0018186000
  -0.0017854800    0.0042236200    0.0027710400
   0.0000657300   -0.0000543300   -0.0001762000
  -0.0000617700   -0.0000160600    0.0000527100
   0.0001043600    0.0000780100   -0.0000059700
