150  
12   

1    
  0.0064638474082051   0.0000000000000000   0.0076301164265979
  -0.1170595954   -0.0003374880   -0.1678973284
   0.0036471461    0.0054254100   -0.0066060513
   0.0009299978   -0.0001900500   -0.0008412960
   0.0000848935   -0.0001750900   -0.0009068729
   0.0001181373   -0.0057281900   -0.0064266053
   0.0021669806   -0.0037836862   -0.0066603448
   0.0004180467   -0.0002652837   -0.0013495699
   0.0000686751    0.0001905236   -0.0016827032
  -0.0000111141    0.0004912507   -0.0014531673
   0.0007621469    0.0069169021   -0.0063681218
  -0.0000551246    0.0008144809   -0.0008766152
   0.0002077824   -0.0000807917   -0.0017367842
  -0.0001508502   -0.0001232114   -0.0016291823
  -0.0001610649    0.0000856868   -0.0008678736
   0.0008386653    0.0003638897   -0.0014351585
  -0.0004528349    0.0000889032   -0.0009120636
   0.0008405153   -0.0002404997   -0.0014002185
   0.0002599854   -0.0006146909   -0.0008343852
   0.0003780324    0.0001978117   -0.0016983042
  -0.0003454802    0.0002294414   -0.0017610223
   0.0004665769    0.0044318379   -0.0065686018
   0.0024877106   -0.0071967138   -0.0064641348
   0.0005208467    0.0001929037   -0.0013783199
   0.0000508951   -0.0004104936   -0.0017311432
  -0.0001193341   -0.0005370007   -0.0014957873
   0.0004690750    0.0002845732   -0.0001349488
   0.0001669366   -0.0004230436    0.0002695030
   0.0000112852   -0.0011366092   -0.0003924939
  -0.0001817867   -0.0004114554    0.0002971524
  -0.0004338276    0.0002449628   -0.0004131927
  -0.0002661925    0.0003393085    0.0002359962
  -0.0004026674   -0.0002112908   -0.0002024829
   0.0003629800   -0.0002367080   -0.0002133188
   0.0002906688    0.0003733340    0.0003321145
  -0.0000419172    0.0011715656   -0.0003342015
  -0.0009584094    0.0005582049   -0.0003834674
  -0.0000422271    0.0004375299   -0.0002093264
   0.0010110527    0.0005747947   -0.0004043220
  -0.0000545934   -0.0001766470   -0.0010658362
   0.0000607272   -0.0001682545   -0.0010669815
  -0.0004285589    0.0000503411    0.0002495645
   0.0004693515    0.0000717784    0.0003156234
  -0.0001742719    0.0000257802   -0.0010582119
   0.0000085083    0.0000014097   -0.0017234189
   0.0001725836    0.0000398259   -0.0010785646
  -0.0000171782   -0.0005199847   -0.0002740751
   0.0010556581   -0.0006273064   -0.0003259489
  -0.0001058171    0.0001455501   -0.0010580989
   0.0001245365    0.0001342633   -0.0010747062
  -0.0009766364   -0.0005366624   -0.0003458634
   0.0011497748   -0.0040926366    0.0087303425
   0.0016945393   -0.0052571488    0.0031631346
   0.0000547568   -0.0072358689    0.0020036613
  -0.0012266048   -0.0041264253    0.0029580589
   0.0434644892   -0.0203426656    0.0412677903
  -0.0033392224    0.0039493816    0.0031602845
   0.0014777073    0.0008603525   -0.0052518576
  -0.0015628383    0.0008820529   -0.0052031525
   0.0033242823    0.0032565361    0.0029448953
  -0.0019723997    0.0054364932    0.0034582630
  -0.0062654278    0.0036463190    0.0020358797
  -0.0000292517   -0.0017415623   -0.0052276426
   0.0062674148    0.0035825338    0.0019198272
   0.0035899351    0.0056470478    0.0024565163
  -0.0035726182    0.0056172996    0.0023883886
  -0.0044708866    0.0008644795    0.0030981636
   0.0050877744    0.0013109405    0.0030376000
   0.0065701532    0.0003378026    0.0025011960
  -0.0000613518    0.0000010783    0.0009520088
  -0.0067693111    0.0002395318    0.0023415010
   0.0081857973    0.0245629313    0.0251548924
   0.0048909523   -0.0039501430    0.0034397386
   0.0029900541   -0.0058385412    0.0024738835
  -0.0031844225   -0.0059833236    0.0023927962
  -0.0045151841   -0.0015036371    0.0034925237
   0.0387010066    0.0176991632    0.0411894333
   0.0025254056   -0.0048756434   -0.0019005797
   0.0000288274   -0.0040466283    0.0034843549
  -0.0021063221   -0.0038512296   -0.0016121134
   0.0064920320    0.0008937484    0.0079218105
  -0.0026004465    0.0045129322   -0.0018508977
   0.0026184608    0.0014928030   -0.0034627430
  -0.0026921733    0.0015602317   -0.0035497020
   0.0026373852    0.0038481741   -0.0016475813
  -0.0020084420    0.0048551749    0.0038220312
  -0.0035216522    0.0020456137    0.0034610562
   0.0000164675   -0.0030516416   -0.0035067750
   0.0034882930    0.0019933185    0.0035527494
  -0.0012896539   -0.0022935163   -0.0070853952
   0.0012881580   -0.0024013072   -0.0070265910
  -0.0046468014   -0.0000504337   -0.0017431013
   0.0051985900    0.0004127143   -0.0017832812
  -0.0027576484    0.0000818114   -0.0071708423
  -0.0000465700    0.0000005883   -0.0030348809
   0.0025927801    0.0000385867   -0.0069385561
   0.0079923289   -0.0184575825    0.0243925560
   0.0043785681   -0.0036742555    0.0039685055
  -0.0014911648    0.0023776081   -0.0071479615
   0.0012846661    0.0022139543   -0.0069818396
  -0.0040204198   -0.0011985047    0.0036639609
   0.0002341791   -0.0000091400    0.0064884529
  -0.0009452214   -0.0003056300    0.0050671607
  -0.0056211045   -0.0007541600   -0.0007488073
   0.0056397800   -0.0007255600   -0.0007424853
   0.0010020818   -0.0002068300    0.0048192708
  -0.0007116095   -0.0007493571    0.0051279180
  -0.0035575850   -0.0020598221    0.0018452180
  -0.0000080039   -0.0003270246   -0.0033802532
   0.0035635718   -0.0020705530    0.0018257581
   0.0007372907   -0.0006823501    0.0047613531
  -0.0034401368   -0.0044596711   -0.0007624099
  -0.0002961324    0.0001681388   -0.0033688368
   0.0002731655    0.0001634584   -0.0033871318
   0.0034660324   -0.0045293778   -0.0007425939
  -0.0000257208   -0.0036351098    0.0013562363
   0.0021468124    0.0052158278   -0.0007504639
  -0.0000005408    0.0041127398    0.0018299063
  -0.0021813768    0.0052669811   -0.0007439199
   0.0002557876    0.0001620012   -0.0039194768
  -0.0002705645    0.0001519516   -0.0038974118
   0.0003667407    0.0009924001    0.0050017231
  -0.0001809695    0.0009738371    0.0048849080
  -0.0031862350    0.0018283421    0.0013191180
  -0.0000311539   -0.0003095054   -0.0039125432
   0.0030945218    0.0017884030    0.0013827181
   0.0000082951   -0.0000096900    0.0163052803
   0.0049589614   -0.0000384700    0.0050019053
  -0.0041813172   -0.0003435600    0.0036995921
   0.0041833764   -0.0003253900    0.0036967636
  -0.0049775375   -0.0000692800    0.0049918410
   0.0024138477    0.0043135043    0.0050016635
  -0.0015627731   -0.0009065604    0.0033791030
  -0.0000051736    0.0013485930   -0.0003924189
   0.0015546460   -0.0009123139    0.0033593690
  -0.0024291265    0.0043454630    0.0049911414
  -0.0023842915   -0.0034385744    0.0037125796
   0.0011619150   -0.0006726445   -0.0004019748
  -0.0011709120   -0.0006713982   -0.0003882032
   0.0023715254   -0.0034480510    0.0036997354
  -0.0000095471   -0.0014702947    0.0027194656
   0.0017806954    0.0037867810    0.0036993954
  -0.0000020971    0.0018014247    0.0033753756
  -0.0018011815    0.0037822844    0.0037006196
   0.0016634250    0.0009691645   -0.0008687548
  -0.0016854520    0.0009746282   -0.0008710632
  -0.0025301365   -0.0042459530    0.0049989414
   0.0025139577   -0.0042820343    0.0049919235
  -0.0012767931    0.0007361704    0.0027285630
  -0.0000217836   -0.0019388330   -0.0008661689
   0.0012531960    0.0007154239    0.0027207590

1    
 -0.0064638474082051   0.0000000000000000  -0.0076301164265979
   0.1170364673   -0.0003380680    0.1647515304
  -0.0004159673   -0.0055907700    0.0035551753
  -0.0000296935   -0.0001187200   -0.0015352771
  -0.0010034278   -0.0001301300   -0.0014867240
  -0.0033374661    0.0055797000    0.0032259413
  -0.0007994969    0.0065724721    0.0034808918
   0.0001334441    0.0005426707   -0.0020806027
  -0.0000607051    0.0002777436   -0.0015929468
  -0.0005303867   -0.0001795237   -0.0019834301
  -0.0021521406   -0.0041105162    0.0033026048
   0.0002398849    0.0001147668   -0.0014992664
   0.0002357302   -0.0001647314   -0.0015401877
  -0.0002743124   -0.0001169317   -0.0016444558
  -0.0000330154    0.0008423609   -0.0015237448
  -0.0008463353    0.0005026697   -0.0020667615
  -0.0002329954   -0.0007007109   -0.0014764548
  -0.0008366053   -0.0003854597   -0.0020310115
   0.0004487949   -0.0000025768   -0.0015500164
   0.0002040002    0.0001581814   -0.0016704477
  -0.0002609324    0.0001193617   -0.0016087358
  -0.0021981006   -0.0070054938    0.0033170348
  -0.0007290869    0.0046268279    0.0034660918
   0.0002348041   -0.0006124407   -0.0021117527
  -0.0000660351   -0.0002647936   -0.0016426068
  -0.0006446167    0.0001258037   -0.0020227201
   0.0002293907    0.0001187716   -0.0002832891
   0.0001619821   -0.0003621892    0.0001217652
  -0.0000166010   -0.0011330904   -0.0004904439
  -0.0001451525   -0.0003545750    0.0000976024
  -0.0002539405    0.0001718284   -0.0000166061
  -0.0002521369    0.0003107925    0.0001539801
  -0.0003770583   -0.0002585461   -0.0003094434
   0.0004365412   -0.0002185222   -0.0002972118
   0.0002256278    0.0003058665    0.0000670528
   0.0000293243    0.0010113701   -0.0004872907
  -0.0009948197    0.0005648773   -0.0005053417
   0.0000631169    0.0004686292   -0.0003043732
   0.0009613877    0.0005632234   -0.0004774577
  -0.0001129274   -0.0001940726   -0.0010971939
   0.0000716125   -0.0002098913   -0.0010954064
  -0.0003876468    0.0000654240    0.0001417373
   0.0003815583    0.0000336539    0.0000773628
  -0.0002173536    0.0000185836   -0.0011071123
  -0.0000364471    0.0000026297   -0.0017509306
   0.0002151368    0.0000167950   -0.0010903567
   0.0000327016   -0.0002808687   -0.0001504019
   0.0008426662   -0.0004637541   -0.0005001502
  -0.0001391537    0.0001730566   -0.0011068629
   0.0000999355    0.0001979568   -0.0010884748
  -0.0009130234   -0.0005420591   -0.0004767506
  -0.0049665183    0.0018391068   -0.0173789086
   0.0017669559   -0.0040799578    0.0016861224
  -0.0000609690   -0.0073275283    0.0020368057
  -0.0022814485   -0.0051752097    0.0018530585
  -0.0413054313    0.0191389329   -0.0514521925
  -0.0029894103    0.0037181493    0.0016499536
   0.0015456914    0.0008696205   -0.0052524777
  -0.0014542616    0.0008631035   -0.0052816158
   0.0030015069    0.0043935591    0.0018709132
   0.0019233137    0.0081321101    0.0007849817
  -0.0063400433    0.0036318178    0.0019456511
   0.0000403827   -0.0017247810   -0.0052580943
   0.0063349720    0.0036852345    0.0020888245
   0.0034993925    0.0057762527    0.0024867830
  -0.0035231462    0.0057923210    0.0025429767
  -0.0053170532    0.0007868456    0.0017656134
   0.0046939105    0.0003441674    0.0017850468
   0.0068654267    0.0001031903    0.0024479870
   0.0000542197   -0.0000011317    0.0009736911
  -0.0066649528    0.0001959696    0.0025834648
  -0.0081745996   -0.0208358306   -0.0342543846
   0.0068263831   -0.0028311670    0.0008242093
   0.0033460582   -0.0059948839    0.0024883402
  -0.0031592583   -0.0058507229    0.0025552843
  -0.0072454672   -0.0053125882    0.0007536601
  -0.0427815141   -0.0200808058   -0.0483049504
   0.0015056981   -0.0040995515   -0.0030758474
  -0.0000337552   -0.0039307589    0.0034407181
  -0.0019128330   -0.0051252570   -0.0033362438
  -0.0007161386   -0.0042130982   -0.0165839641
  -0.0031353125    0.0034530533   -0.0030649506
   0.0027089092    0.0015680534   -0.0036683086
  -0.0026349554    0.0015185913   -0.0035981326
   0.0031432974    0.0040999868   -0.0033306869
   0.0020105078    0.0017730279    0.0014222835
  -0.0033841545    0.0019396946    0.0035128022
  -0.0000056785   -0.0030782117   -0.0036417881
   0.0034082682    0.0019789682    0.0034030398
  -0.0011376217   -0.0025208630   -0.0070245801
   0.0011366844   -0.0024270722   -0.0070713283
  -0.0051025036    0.0010750515   -0.0032243756
   0.0045670798    0.0005839406   -0.0031981956
  -0.0026260877    0.0002314300   -0.0069443936
   0.0000389821   -0.0000021017   -0.0031596790
   0.0027943000    0.0002743762   -0.0071526069
  -0.0080279164    0.0244190331   -0.0325938932
   0.0013916926    0.0003565703    0.0012490595
  -0.0014723044    0.0021509954   -0.0069790290
   0.0016786617    0.0023119706   -0.0071278941
  -0.0016678255   -0.0021432753    0.0015900512
  -0.0002031232   -0.0000076900    0.0075686705
  -0.0012521293    0.0000561000    0.0041927981
  -0.0056065461   -0.0007131200   -0.0007327532
   0.0055997802   -0.0007130700   -0.0007527571
   0.0011506433   -0.0000750700    0.0044375543
  -0.0006432650   -0.0010207383    0.0041419247
  -0.0035911714   -0.0020864619    0.0018532851
   0.0000049812   -0.0003479630   -0.0033912843
   0.0036023006   -0.0020816044    0.0018933485
   0.0006031597   -0.0010493040    0.0044983178
  -0.0034255965   -0.0045116441   -0.0007452697
  -0.0002948644    0.0001745856   -0.0033943822
   0.0003094555    0.0001771800   -0.0033832187
   0.0034067085   -0.0044634775   -0.0007541017
   0.0000275589   -0.0036176007    0.0014076452
   0.0021842485    0.0052248575   -0.0007469517
   0.0000148089    0.0041554307    0.0018721452
  -0.0021746265    0.0051852041   -0.0007460497
   0.0003060256    0.0001649944   -0.0039809122
  -0.0002800445    0.0001779300   -0.0039979087
   0.0004958697    0.0010554640    0.0042597378
  -0.0007042650    0.0010514983    0.0043757047
  -0.0030586814    0.0017888619    0.0014337651
   0.0000102812   -0.0003398571   -0.0039883243
   0.0031893606    0.0018166344    0.0013672485
   0.0000180285   -0.0000081000    0.0163681743
   0.0049686553   -0.0001124500    0.0050020959
  -0.0041743798   -0.0003663600    0.0037083517
   0.0041823240   -0.0003552700    0.0037286657
  -0.0049853963   -0.0001097500    0.0050187991
   0.0023802329    0.0043646427    0.0049946810
  -0.0015549659   -0.0009116983    0.0033687207
   0.0000022645    0.0013567674   -0.0003675406
   0.0015777914   -0.0009115047    0.0033656377
  -0.0023754177    0.0043690902    0.0050195926
  -0.0023880379   -0.0034247436    0.0037266423
   0.0011743054   -0.0006755151   -0.0003665747
  -0.0011732080   -0.0006773320   -0.0003726768
   0.0024084842   -0.0034353388    0.0037262744
   0.0000117456   -0.0014388034    0.0027398138
   0.0017699642    0.0037862788    0.0037265844
   0.0000168656    0.0018110934    0.0033687638
  -0.0017748179    0.0038026236    0.0037176823
   0.0016927354    0.0009711951   -0.0008344647
  -0.0016587480    0.0009681520   -0.0008366368
  -0.0025770977   -0.0042524002    0.0050053526
   0.0025772429   -0.0042406327    0.0050083710
  -0.0012053059    0.0007104783    0.0027404807
   0.0000002745   -0.0019358974   -0.0008375806
   0.0012679014    0.0007164047    0.0027532477

26   
  0.0064638474082051   0.0000000000000000   0.0076301164265979
   0.0001913893    0.0000995684   -0.0012741109
   0.0013609505   -0.0000478084   -0.0017120939
   0.0004577125   -0.0002128550   -0.0011139024
  -0.0004420890   -0.0001352996   -0.0011454261
  -0.0015004921   -0.0001540308   -0.0014666852
   0.0006324484    0.0011435187   -0.0016284881
   0.0003172434    0.0001653091   -0.0017043294
   0.0000222045    0.0002247432   -0.0016291252
  -0.0002468963    0.0001596434   -0.0016965571
  -0.0006063762    0.0012882041   -0.0014359098
   0.0000746668    0.0004909860   -0.0011340073
   0.0002210832   -0.0001293550   -0.0016387833
  -0.0001792429   -0.0001306397   -0.0016237094
  -0.0000788964    0.0004604364   -0.0011586977
   0.0000485917    0.0004902361   -0.0016357128
  -0.0002989503   -0.0003217873   -0.0011482583
   0.0000319475   -0.0002824287   -0.0017145136
   0.0003693274   -0.0003044474   -0.0011613661
   0.0003057523    0.0001768166   -0.0016335723
  -0.0003529469    0.0001726808   -0.0016441968
  -0.0008515031   -0.0012389225   -0.0014942901
   0.0008065957   -0.0012299101   -0.0014882793
   0.0004628322   -0.0001922465   -0.0016481728
  -0.0000400712   -0.0003512678   -0.0016496982
  -0.0003969917   -0.0001992839   -0.0016945166
  -0.1055157369    0.0008600633   -0.1651876386
   0.0007226061   -0.0071107500   -0.0000340413
   0.0018578178   -0.0012047700   -0.0004291460
   0.0015926635   -0.0002935600    0.0002868271
   0.0003702773    0.0068860500   -0.0008192653
   0.0004979006    0.0067769138   -0.0000862748
  -0.0000959033   -0.0006218637   -0.0004556999
   0.0006196751   -0.0002289064   -0.0003450732
   0.0004826859    0.0007683207    0.0000663427
   0.0008763869   -0.0056737279   -0.0009581818
  -0.0008140946    0.0016447609   -0.0004072052
   0.0002335124    0.0004477383   -0.0003479442
   0.0012149198    0.0005672886   -0.0005297223
   0.0000213451   -0.0011970932   -0.0010127936
   0.0010550153   -0.0001324603   -0.0012501185
  -0.0002945849    0.0008906032    0.0002763764
   0.0014018653    0.0000120903    0.0000309115
  -0.0000535746   -0.0009044509   -0.0010550052
   0.0002331724   -0.0000009183   -0.0018244342
   0.0004232098    0.0000235814   -0.0011789923
   0.0009154869   -0.0070811921   -0.0006852418
   0.0016547706    0.0063826162   -0.0007785148
   0.0001814567    0.0005528137   -0.0012790099
   0.0003478551    0.0001541264   -0.0011745032
  -0.0007234141   -0.0009774407   -0.0005545973
  -0.0018560300   -0.0010984700   -0.0044833333
   0.0017483231   -0.0046705000    0.0023970873
  -0.0000140807   -0.0072652400    0.0019733780
  -0.0017356251   -0.0046423200    0.0023722745
   0.0018832006   -0.0010523400   -0.0043120070
  -0.0031452328    0.0038290311    0.0023816593
   0.0015199741    0.0008675104   -0.0052937598
  -0.0015116044    0.0008634937   -0.0052758287
   0.0031432725    0.0038358036    0.0023918041
  -0.0000266788    0.0067745543    0.0021122522
  -0.0062860767    0.0036465370    0.0019470649
  -0.0000027252   -0.0017387675   -0.0052890179
   0.0062915505    0.0036336340    0.0019553207
   0.0035506112    0.0057107397    0.0024355381
  -0.0035574098    0.0056984237    0.0024154325
  -0.0049000488    0.0008084203    0.0023699181
   0.0048980202    0.0008188863    0.0023927325
   0.0067219433    0.0001953430    0.0024325849
  -0.0000097852    0.0000165475    0.0009249021
  -0.0066976895    0.0002126060    0.0024103007
   0.0000324812    0.0021447857   -0.0043080178
   0.0058469772   -0.0033899311    0.0021078093
   0.0031899541   -0.0059150904    0.0024470002
  -0.0031836144   -0.0059443837    0.0024264213
  -0.0058755575   -0.0033978336    0.0020837941
  -0.0024938285   -0.0016550400   -0.0051798887
   0.0019720207   -0.0045827500   -0.0021777839
  -0.0000278487   -0.0039791000    0.0035260558
  -0.0020105183   -0.0044818200   -0.0024271984
   0.0030357534   -0.0018364700   -0.0039855065
  -0.0029391592    0.0039737529   -0.0019894576
   0.0026112490    0.0015018976   -0.0034805110
  -0.0026774938    0.0015251355   -0.0035076043
   0.0028319673    0.0039958739   -0.0025838668
   0.0002864972    0.0032612070    0.0028150461
  -0.0034477104    0.0019832194    0.0035411505
  -0.0000080431   -0.0030748238   -0.0034686026
   0.0034433306    0.0019965699    0.0035275154
  -0.0012011563   -0.0023910432   -0.0069990166
   0.0011959928   -0.0024789265   -0.0070231372
  -0.0048850863    0.0005010232   -0.0024274866
   0.0048773328    0.0005169165   -0.0024978372
  -0.0026778704    0.0001370306   -0.0069933995
  -0.0000272231    0.0000031238   -0.0030677226
   0.0027150006    0.0001496301   -0.0069950146
  -0.0000300828    0.0034233730   -0.0038511939
   0.0029348008   -0.0014607729    0.0027803424
  -0.0015062010    0.0022871624   -0.0071044810
   0.0014700562    0.0022490345   -0.0070132643
  -0.0028135727   -0.0016276039    0.0026923232
   0.0397818999    0.0202519539    0.0503278213
   0.0000616776    0.0018892536    0.0121627341
  -0.0060560501   -0.0000713205   -0.0000922649
   0.0055413867   -0.0006752228   -0.0006215794
   0.0014261800   -0.0010788310    0.0040775043
   0.0040203227   -0.0232820542    0.0301819087
  -0.0036927979   -0.0010739988    0.0018973445
  -0.0003827060   -0.0004773062   -0.0033628522
   0.0034972402   -0.0019657224    0.0019238423
   0.0016807868   -0.0025133824    0.0062517434
  -0.0033744615   -0.0055425709   -0.0004084170
  -0.0005166716   -0.0000323819   -0.0033892086
   0.0002233190    0.0001643123   -0.0033855458
   0.0033884814   -0.0045483631   -0.0006601403
   0.0007092970   -0.0031196004    0.0011455354
   0.0022445174    0.0051414891   -0.0006867791
   0.0000484000    0.0041643877    0.0018760595
  -0.0022529798    0.0054689327   -0.0006812466
   0.0002602232    0.0001931283   -0.0037676631
  -0.0003113355    0.0001470306   -0.0038708846
   0.0006449961    0.0018287526    0.0043617459
  -0.0022528329    0.0016583623    0.0054759244
  -0.0030645362    0.0018114035    0.0017540391
  -0.0000845810   -0.0002983660   -0.0038482931
   0.0030719617    0.0017870776    0.0014343664
   0.0011786701   -0.0021387380    0.0246410104
   0.0470171409   -0.0215747404    0.0511161395
  -0.0036820393    0.0006658754    0.0032143237
   0.0041152771   -0.0004107211    0.0038895950
  -0.0054955743   -0.0006788191    0.0056188743
   0.0072657296    0.0278297416    0.0320664190
  -0.0007284200    0.0006546421    0.0050745363
  -0.0000765573    0.0012538206   -0.0002535457
   0.0011701802   -0.0007838097    0.0034105275
  -0.0023362690    0.0032346212    0.0054899754
  -0.0015150527   -0.0038684943    0.0035135763
   0.0011102574   -0.0006537898   -0.0002485972
  -0.0012658975   -0.0006798877   -0.0003639258
   0.0021448460   -0.0032118069    0.0037603080
   0.0000094109   -0.0003605442    0.0030449137
   0.0017676654    0.0037644179    0.0039446451
  -0.0000743847    0.0015863149    0.0034545835
  -0.0017287806    0.0037201581    0.0037996655
   0.0017680625    0.0010575278   -0.0007206918
  -0.0017238171    0.0009848305   -0.0007293097
  -0.0024557199   -0.0044228493    0.0053638830
   0.0007022211   -0.0047049835    0.0060879199
  -0.0010126313   -0.0002080847    0.0024845600
  -0.0000768681   -0.0019245220   -0.0007549752
   0.0011448537    0.0006831236    0.0028824033

26   
 -0.0064638474082051   0.0000000000000000  -0.0076301164265979
  -0.0001718250   -0.0001335232   -0.0013259412
   0.0016434276   -0.0001801428   -0.0014131373
   0.0004296467   -0.0000976746   -0.0012683624
  -0.0004839952   -0.0001634008   -0.0012402261
  -0.0014705266   -0.0000453164   -0.0016558530
   0.0006754282    0.0015204047   -0.0015045749
   0.0002566564    0.0000984424   -0.0017406266
  -0.0000018065    0.0002521567   -0.0016533538
  -0.0003115529    0.0001721999   -0.0017320311
  -0.0007218381    0.0013936164   -0.0017025911
   0.0001189989    0.0004391489   -0.0012526745
   0.0002334064   -0.0001116559   -0.0016329554
  -0.0002415183   -0.0001245597   -0.0016491511
  -0.0001165981    0.0004759698   -0.0012222481
  -0.0000646715    0.0003945516   -0.0018600634
  -0.0003821306   -0.0002871249   -0.0012364926
  -0.0000016272   -0.0003255255   -0.0017145185
   0.0003327834   -0.0002990430   -0.0012186038
   0.0002784673    0.0001924553   -0.0017324880
  -0.0002645129    0.0001973001   -0.0017366036
  -0.0007833575   -0.0012374385   -0.0016302862
   0.0008644472   -0.0012512356   -0.0016394785
   0.0003159712   -0.0002343140   -0.0018545145
   0.0000115600   -0.0003193620   -0.0017215612
  -0.0003721526   -0.0002313292   -0.0018068171
   0.1057107905   -0.0000616667    0.1630202053
  -0.0001704273    0.0062663800    0.0004208553
  -0.0018491735   -0.0010480200   -0.0005023571
  -0.0019170378   -0.0004701300    0.0000486660
  -0.0012883061   -0.0065517200    0.0002778613
  -0.0009677469   -0.0060773279    0.0004907718
  -0.0006930459    0.0001653707   -0.0000962827
   0.0001707449   -0.0002186664   -0.0002144068
   0.0000386833   -0.0001007537    0.0002741999
  -0.0009027106    0.0078917738    0.0000041748
  -0.0011403451   -0.0005241432   -0.0005348864
  -0.0002197998    0.0004602986   -0.0002186277
   0.0007491476    0.0005651783   -0.0004013758
  -0.0001774754    0.0008282309   -0.0012051348
  -0.0009010453   -0.0002310003   -0.0009680715
  -0.0005173754   -0.0007727909    0.0000568852
  -0.0005589553    0.0001072003    0.0003136285
  -0.0003533951    0.0009618132   -0.0011672564
  -0.0002290598    0.0000022714   -0.0016988777
  -0.0000319824    0.0000313317   -0.0010472158
  -0.0009260506    0.0062197662    0.0002263948
   0.0002596731   -0.0075336521   -0.0001330882
  -0.0004267359   -0.0002185907   -0.0009324827
  -0.0001074551    0.0001649264   -0.0010439968
  -0.0011566567   -0.0000940963   -0.0003327301
  -0.0018832844   -0.0010931100   -0.0042301984
   0.0017380299   -0.0046930000    0.0024079624
  -0.0000279197   -0.0072765000    0.0020138425
  -0.0017246374   -0.0046485000    0.0023906426
   0.0018870136   -0.0011232100   -0.0043975308
  -0.0031890137    0.0038422915    0.0023523372
   0.0015284263    0.0008823697   -0.0052637794
  -0.0015057364    0.0008697366   -0.0052464617
   0.0031750448    0.0038207985    0.0023708213
   0.0000278784    0.0068070916    0.0020574556
  -0.0062990330    0.0036455631    0.0019846553
   0.0000038152   -0.0017421028   -0.0052656121
   0.0062999192    0.0036498364    0.0019904689
   0.0035677783    0.0057217619    0.0024458003
  -0.0035519996    0.0056932979    0.0024268663
  -0.0049072417    0.0008385681    0.0023978103
   0.0049073204    0.0008381221    0.0023975963
   0.0067285870    0.0002086869    0.0024585253
  -0.0000264148    0.0000080128    0.0009509179
  -0.0066984608    0.0002275936    0.0024424589
  -0.0000235016    0.0021910784   -0.0043756144
   0.0058715363   -0.0033564115    0.0021021572
   0.0031888863   -0.0058973897    0.0024756106
  -0.0031735164   -0.0059313366    0.0024580183
  -0.0058564252   -0.0033877985    0.0020943013
  -0.0031834163   -0.0016491300   -0.0033918314
   0.0020533087   -0.0044320900   -0.0027026188
  -0.0000138074   -0.0039777400    0.0034993760
  -0.0019929508   -0.0044638500   -0.0024227101
   0.0026688989   -0.0014541000   -0.0045742953
  -0.0028283634    0.0039914446   -0.0028277881
   0.0027405144    0.0015805783   -0.0035464908
  -0.0026480408    0.0015406060   -0.0035532073
   0.0029164096    0.0039566588   -0.0022638127
  -0.0002773830    0.0033774221    0.0025475237
  -0.0034339399    0.0020157277    0.0035309727
   0.0000068125   -0.0030690873   -0.0035647071
   0.0034441075    0.0019944728    0.0035320439
  -0.0011990977   -0.0024136319   -0.0070031303
   0.0012135543   -0.0023660111   -0.0069471750
  -0.0048940677    0.0005025219   -0.0024228203
   0.0048964743    0.0004963511   -0.0023711350
  -0.0026938199    0.0001423723   -0.0070169773
  -0.0000061675    0.0000189273   -0.0030284771
   0.0027089675    0.0001641972   -0.0069823861
   0.0000390870    0.0031428279   -0.0047302463
   0.0027746266   -0.0018139246    0.0025440619
  -0.0014188556    0.0022603517   -0.0069339808
   0.0014752792    0.0022377840   -0.0069896173
  -0.0029100604   -0.0016909988    0.0026605673
  -0.0412873687   -0.0211692608   -0.0380681929
  -0.0023028219   -0.0021133437   -0.0029409842
  -0.0051997788   -0.0013736031   -0.0014369204
   0.0056977341   -0.0007804012   -0.0009101854
   0.0007592136    0.0008052770    0.0051226595
  -0.0052974140    0.0221529577   -0.0215581726
  -0.0035001325   -0.0030803455    0.0017452811
   0.0003943935   -0.0001928385   -0.0034473682
   0.0036627598   -0.0021712702    0.0017535640
  -0.0003698515    0.0007845421    0.0029672564
  -0.0035182211   -0.0034656836   -0.0011446133
  -0.0000693140    0.0003727254   -0.0034403088
   0.0003704977    0.0001662723   -0.0034175144
   0.0034893937   -0.0044420013   -0.0008631844
  -0.0006953216   -0.0041250529    0.0015832605
   0.0021048276    0.0053094784   -0.0008675486
  -0.0000416397    0.0041108584    0.0017785832
  -0.0020903154    0.0049844233   -0.0008352746
   0.0002998548    0.0001351374   -0.0041557655
  -0.0002449630    0.0001813308   -0.0040808208
   0.0002147997    0.0002201879    0.0048169751
   0.0014080892    0.0003723534    0.0037601497
  -0.0032204034    0.0018182485    0.0010003691
   0.0000934276   -0.0003524772   -0.0040887336
   0.0031896089    0.0018272585    0.0012620544
  -0.0011114958    0.0021964379    0.0081760695
  -0.0355416823    0.0204577936   -0.0393090083
  -0.0046860346   -0.0013718193    0.0043127422
   0.0042456321   -0.0002867928    0.0036261998
  -0.0044158566    0.0005272055    0.0044986711
  -0.0025154984   -0.0185053382   -0.0213575653
  -0.0023778649   -0.0024629323    0.0017733746
   0.0000958773    0.0014547668   -0.0004149406
   0.0019625222   -0.0010246751    0.0034116829
  -0.0024421707    0.0054555645    0.0046234590
  -0.0032777927   -0.0030077992    0.0040155777
   0.0012344475   -0.0006896146   -0.0004015482
  -0.0010702192   -0.0006782377   -0.0003093041
   0.0026419196   -0.0036713696    0.0037503594
   0.0000133617   -0.0025658203    0.0025186067
   0.0017978565    0.0038184278    0.0035957535
   0.0000827898    0.0020304112    0.0033879076
  -0.0018316597    0.0038645180    0.0037027318
   0.0015809224    0.0008834697   -0.0009091405
  -0.0016232145    0.0009566209   -0.0008677449
  -0.0026450104   -0.0040837086    0.0047602588
   0.0044441228   -0.0038051312    0.0040010363
  -0.0015064747    0.0016817354    0.0030644489
   0.0000837076   -0.0019484420   -0.0008567856
   0.0013527097    0.0007562032    0.0027007534

51   
  0.0064638474082051   0.0000000000000000   0.0076301164265979
   0.0030982283   -0.0029555568    0.0116770386
   0.0447474913   -0.0203652529    0.0456647225
   0.0005916185   -0.0002633603   -0.0003160785
  -0.0004051710   -0.0000706417   -0.0012244457
  -0.0011429559    0.0001640678   -0.0011663624
   0.0088359296    0.0242957706    0.0283348446
   0.0004846872    0.0013935682    0.0006098599
  -0.0001488517    0.0001014429   -0.0016224243
  -0.0003247782    0.0001320639   -0.0018459602
  -0.0005204831    0.0001220670   -0.0012365293
   0.0004208732    0.0008439544   -0.0004618234
   0.0000147828   -0.0002003596   -0.0016544148
  -0.0002731297   -0.0001326883   -0.0016637311
  -0.0001161067    0.0005141197   -0.0012871870
   0.0002697495   -0.0002182574   -0.0012061668
  -0.0002819367   -0.0003256778   -0.0011931611
  -0.0000470438   -0.0002236810   -0.0018051467
   0.0003886675   -0.0002570327   -0.0012197930
   0.0002263780    0.0000894155   -0.0017466145
  -0.0003461027    0.0001833210   -0.0016769657
  -0.0007097897   -0.0016051293   -0.0010732836
  -0.0011313237   -0.0012818701   -0.0002393417
   0.0002392431    0.0002319209   -0.0009681532
  -0.0000540984   -0.0003537335   -0.0016874742
  -0.0004525814   -0.0002505605   -0.0017406723
   0.0003456244    0.0001876100   -0.0003846916
   0.0001772064   -0.0004024900    0.0001688208
  -0.0000127726   -0.0011465700   -0.0005027426
  -0.0001839403   -0.0003845500    0.0001415975
  -0.0003856399    0.0002071000   -0.0002411324
  -0.0002515084    0.0003465516    0.0001823444
  -0.0004006448   -0.0002371015   -0.0003142313
   0.0003827364   -0.0002423134   -0.0003154583
   0.0002295537    0.0003323897    0.0001506494
  -0.0000359263    0.0010922315   -0.0004554572
  -0.0010010483    0.0005598619   -0.0005029003
  -0.0000006892    0.0004323964   -0.0003205889
   0.0009761448    0.0005647272   -0.0004985479
  -0.0000978470   -0.0001921769   -0.0011418753
   0.0000521796   -0.0001742221   -0.0011310563
  -0.0004304070    0.0000483969    0.0001399547
   0.0004114096    0.0000407121    0.0001432637
  -0.0002032783    0.0000150381   -0.0011480303
  -0.0000373692   -0.0000107364   -0.0017958389
   0.0001689948    0.0000106528   -0.0011462079
  -0.0000114763   -0.0004409015   -0.0002197272
   0.0009330616   -0.0005684316   -0.0004589956
  -0.0001388048    0.0001440015   -0.0011328213
   0.0000955764    0.0001563734   -0.0011461183
  -0.0009848463   -0.0005589797   -0.0004572006
  -0.0605855119    0.0004845002   -0.0955762789
   0.0050548345   -0.0046455700    0.0003843030
  -0.0000291324   -0.0073376500    0.0018206561
  -0.0017214405   -0.0047259700    0.0021918218
   0.0062603935   -0.0008621900   -0.0072826330
  -0.0029563033    0.0053629330    0.0002262412
   0.0014312405    0.0008442541   -0.0053842978
  -0.0014692210    0.0008557620   -0.0053082769
   0.0030218181    0.0038820586    0.0024424565
   0.0005587199    0.0041241028   -0.0007129018
  -0.0063536163    0.0036348691    0.0017541626
   0.0000110945   -0.0017289588   -0.0053145774
   0.0063189831    0.0036071526    0.0019420436
   0.0035973843    0.0057209513    0.0023012554
  -0.0035950723    0.0058034164    0.0024053795
  -0.0049398357    0.0008678487    0.0021649354
   0.0048468877    0.0007836636    0.0023580795
   0.0067658137    0.0002503109    0.0023085426
   0.0000158945   -0.0000258912    0.0009028126
  -0.0067103569    0.0002157474    0.0024096736
   0.0007840599    0.0044756772   -0.0069432818
   0.0058625167   -0.0048820530   -0.0002327288
   0.0031434705   -0.0059368141    0.0023958922
  -0.0031374210   -0.0059340020    0.0024003731
  -0.0060563119   -0.0034855186    0.0020913965
  -0.0044818520   -0.0016506800    0.0082213354
   0.0038662985   -0.0030280700   -0.0013083483
   0.0000327725   -0.0039847700    0.0034476788
  -0.0019942105   -0.0046025300   -0.0025017739
   0.0025722402   -0.0014797900   -0.0049804262
  -0.0022102844    0.0046108628   -0.0022746536
   0.0027360000    0.0015860431   -0.0036542718
  -0.0026718780    0.0015259204   -0.0035605638
   0.0029193430    0.0039374754   -0.0026856846
  -0.0018113768    0.0036736933    0.0029570472
  -0.0035232692    0.0020054997    0.0035076221
  -0.0000083227   -0.0030783144   -0.0035519250
   0.0034415479    0.0019733068    0.0034831958
  -0.0012250892   -0.0023644533   -0.0071282692
   0.0012172611   -0.0024072307   -0.0071972944
  -0.0049829892    0.0006101833   -0.0024610092
   0.0048533711    0.0004823407   -0.0026224444
  -0.0026804192    0.0000636603   -0.0071188379
   0.0000047873   -0.0000075356   -0.0030896750
   0.0026782179    0.0001393732   -0.0070586142
  -0.0003846668    0.0033646867   -0.0050620928
   0.0021066356   -0.0044459128    0.0038610164
  -0.0014243800    0.0022266369   -0.0072049018
   0.0014687620    0.0022412996   -0.0070419538
  -0.0028088270   -0.0016413754    0.0024649854
   0.0000304710   -0.0000217240    0.0069565613
  -0.0011278548   -0.0001153873    0.0045993590
  -0.0056615939   -0.0007286627   -0.0007563730
   0.0056207280   -0.0007184966   -0.0007766307
   0.0010503936   -0.0001390439    0.0045985968
  -0.0006940172   -0.0009148304    0.0045927398
  -0.0035981451   -0.0020844264    0.0017465297
  -0.0000353108   -0.0003394268   -0.0034100648
   0.0035909701   -0.0020853503    0.0018560551
   0.0006547716   -0.0008628257    0.0046046144
  -0.0034380387   -0.0045025684   -0.0007880424
  -0.0003190745    0.0001412633   -0.0033932522
   0.0002738474    0.0001641902   -0.0034201886
   0.0034243151   -0.0045259558   -0.0007649888
  -0.0000270860   -0.0036786498    0.0013550584
   0.0021300238    0.0052093690   -0.0007773856
   0.0000250261    0.0041354536    0.0018236522
  -0.0022075265    0.0052281780   -0.0007631144
   0.0002709743    0.0001563672   -0.0039708473
  -0.0002844177    0.0001629362   -0.0039706723
   0.0004251002    0.0010269510    0.0045968290
  -0.0004794560    0.0010064156    0.0045809062
  -0.0031705690    0.0018173309    0.0013562799
  -0.0000300527   -0.0003437991   -0.0039795964
   0.0031489762    0.0017891020    0.0013444530
   0.0000303510   -0.0000088066    0.0163423629
   0.0049273729   -0.0000757158    0.0049910038
  -0.0041940287   -0.0003690461    0.0036761472
   0.0041820243   -0.0003338791    0.0036905440
  -0.0050072795   -0.0001035563    0.0049864492
   0.0023563329    0.0043039024    0.0049922734
  -0.0015661695   -0.0009207385    0.0033605407
  -0.0000258342    0.0013451555   -0.0004086182
   0.0015630210   -0.0009309607    0.0033265042
  -0.0024078604    0.0043604504    0.0049882206
  -0.0023901863   -0.0034281306    0.0037075179
   0.0011452264   -0.0006871678   -0.0004230970
  -0.0011916555   -0.0006807699   -0.0003931794
   0.0023808887   -0.0034613927    0.0036869230
  -0.0000110933   -0.0014801072    0.0027070085
   0.0017466082    0.0037701739    0.0036872647
   0.0000088127    0.0017986873    0.0033549692
  -0.0018094103    0.0037921886    0.0036778368
   0.0016653666    0.0009621651   -0.0008781666
  -0.0016755573    0.0009677948   -0.0008808715
  -0.0025660822   -0.0042427068    0.0049896939
   0.0025201562   -0.0042681517    0.0049747807
  -0.0012493986    0.0007199369    0.0027087225
  -0.0000363073   -0.0019497432   -0.0008704451
   0.0012641117    0.0006975182    0.0027162322

51   
 -0.0064638474082051   0.0000000000000000  -0.0076301164265979
  -0.0030062148    0.0029922766   -0.0143798825
  -0.0400315792    0.0191528356   -0.0470544603
   0.0003137348   -0.0000412747   -0.0020371989
  -0.0005174268   -0.0002300611   -0.0011375813
  -0.0018579993   -0.0003755512   -0.0019309946
  -0.0075171973   -0.0211055813   -0.0310451824
   0.0000124841   -0.0011118429   -0.0039902737
   0.0001287325    0.0003566236   -0.0016302362
  -0.0002281641    0.0001835612   -0.0015684335
  -0.0008237323    0.0025529830   -0.0018935386
  -0.0002352834    0.0000955705   -0.0018961036
   0.0003878411   -0.0000459818   -0.0016007610
  -0.0001626182   -0.0001163783   -0.0015892788
  -0.0000748032    0.0004020474   -0.0010722860
  -0.0003062144    0.0011060295   -0.0022573800
  -0.0004307522   -0.0002888490   -0.0011687597
   0.0000290982   -0.0003857096   -0.0016049986
   0.0003007249   -0.0003532878   -0.0011469363
   0.0003570952    0.0002574262   -0.0015971472
  -0.0002725983    0.0001602023   -0.0016664674
  -0.0009617776   -0.0008808216   -0.0020316545
   0.0027702997   -0.0011696932   -0.0028696830
   0.0005119377   -0.0006637661   -0.0024972953
   0.0000114483   -0.0003282329   -0.0016583675
  -0.0003226173   -0.0001820125   -0.0017412124
   0.0003372400    0.0002063900   -0.0000539667
   0.0001348394   -0.0003957400    0.0002035770
  -0.0000069749   -0.0011185600   -0.0004043845
  -0.0001566993   -0.0003705200    0.0002234920
  -0.0003189731    0.0002095500   -0.0002191173
  -0.0002858912    0.0002959743    0.0001823178
  -0.0003889825   -0.0002332864   -0.0002234841
   0.0004073944   -0.0002204863   -0.0002196413
   0.0002663659    0.0003433404    0.0002254998
   0.0000056628    0.0010879611   -0.0003924793
  -0.0009756812    0.0005590897   -0.0004148881
   0.0000132695    0.0004593440   -0.0002195907
   0.0009821552    0.0005691025   -0.0004081221
  -0.0000813933   -0.0001843230   -0.0010440849
   0.0000629498   -0.0001962063   -0.0010583525
  -0.0004015033    0.0000683230    0.0002161451
   0.0004386098    0.0000683663    0.0002254275
  -0.0002028312    0.0000346303   -0.0010417781
  -0.0000071605    0.0000115160   -0.0017020907
   0.0001909452    0.0000331475   -0.0010539921
   0.0000271828   -0.0003509311   -0.0002361793
   0.0009463288   -0.0005215743   -0.0003911222
  -0.0001324325    0.0001675164   -0.0010572541
   0.0001154644    0.0001689363   -0.0010527913
  -0.0009219041   -0.0005134104   -0.0003961102
   0.0572585967   -0.0019079617    0.0842986461
  -0.0015144835   -0.0046871700    0.0044106130
   0.0000038705   -0.0072143400    0.0021957982
  -0.0017652476   -0.0045900000    0.0026203939
  -0.0025523545   -0.0012973400   -0.0013352430
  -0.0034060399    0.0023221727    0.0045504018
   0.0015737319    0.0008771886   -0.0051343965
  -0.0015675990    0.0008776020   -0.0051905531
   0.0032999095    0.0037927541    0.0023904378
  -0.0005868467    0.0094154830    0.0049329788
  -0.0062768243    0.0036472313    0.0022277346
  -0.0000122531   -0.0017310474   -0.0051922436
   0.0062809155    0.0036468512    0.0020525674
   0.0034622063    0.0056896591    0.0026346674
  -0.0035044277    0.0056051064    0.0025137805
  -0.0048724737    0.0007718709    0.0026665174
   0.0049224923    0.0008697836    0.0024638205
   0.0066638357    0.0001871587    0.0026102246
  -0.0000346831    0.0000228774    0.0010165064
  -0.0067301445    0.0002101988    0.0025128074
  -0.0007946467   -0.0001282830   -0.0016821112
   0.0058522301   -0.0019266327    0.0044578018
   0.0031791219   -0.0058984486    0.0025499735
  -0.0032219790   -0.0059145120    0.0025229369
  -0.0056923505   -0.0032946241    0.0021454478
  -0.0012622643   -0.0016427800   -0.0167075292
   0.0001585049   -0.0059621200   -0.0036189497
  -0.0000577352   -0.0039823100    0.0035076507
  -0.0020373506   -0.0043693900   -0.0024324036
   0.0031280178   -0.0018191900   -0.0037102130
  -0.0035931923    0.0033593720   -0.0026580260
   0.0025826420    0.0014731142   -0.0034575293
  -0.0026734665    0.0015394119   -0.0035656847
   0.0028302003    0.0040347039   -0.0022619125
   0.0017835677    0.0029398819    0.0023012476
  -0.0034040752    0.0019856843    0.0034768212
   0.0000052451   -0.0030458316   -0.0035671850
   0.0034547028    0.0019871825    0.0034914638
  -0.0012350566   -0.0024589053   -0.0069692160
   0.0012032153   -0.0024181208   -0.0068842970
  -0.0048028266    0.0003855253   -0.0024881960
   0.0048854353    0.0005269708   -0.0023176970
  -0.0027113952    0.0002478657   -0.0069607388
  -0.0000229149    0.0000033116   -0.0030914650
   0.0027015228    0.0001607775   -0.0070254962
   0.0003720177    0.0032232181   -0.0036329524
   0.0035995577    0.0010805480    0.0014102340
  -0.0015540880    0.0023000758   -0.0069005693
   0.0014734135    0.0022717781   -0.0070395047
  -0.0029357297   -0.0016737739    0.0027930075
   0.0000024451   -0.0000085389    0.0070760054
  -0.0010798330   -0.0001284644    0.0046715338
  -0.0055911468   -0.0007574746   -0.0007150696
   0.0056254659   -0.0006978039   -0.0007346274
   0.0010573876   -0.0001487256    0.0046606380
  -0.0006903036   -0.0008605883    0.0046835794
  -0.0035529474   -0.0020694409    0.0019387145
   0.0000121895   -0.0003289601   -0.0033693177
   0.0035648719   -0.0020849098    0.0018802040
   0.0006733390   -0.0008410231    0.0046497007
  -0.0034374314   -0.0044570539   -0.0007381621
  -0.0002919913    0.0001954126   -0.0033677226
   0.0002947536    0.0001784702   -0.0033554909
   0.0034301154   -0.0044766950   -0.0007319624
   0.0000157805   -0.0035889257    0.0014075629
   0.0021583565    0.0052225528   -0.0007312142
  -0.0000006168    0.0041277061    0.0018574177
  -0.0021782438    0.0052221582   -0.0007221738
   0.0002827965    0.0001738007   -0.0039378820
  -0.0002715325    0.0001731746   -0.0039173775
   0.0004230368    0.0010382888    0.0046500580
  -0.0004241672    0.0010026175    0.0046957919
  -0.0030711101    0.0018082380    0.0013996656
  -0.0000359433   -0.0003139638   -0.0039264803
   0.0031391549    0.0017937682    0.0013929965
   0.0000027279   -0.0000220943    0.0163278037
   0.0049779285   -0.0000642850    0.0050057881
  -0.0041841802   -0.0003589142    0.0037192848
   0.0041890356   -0.0003249510    0.0037459459
  -0.0049981618   -0.0000813240    0.0050208784
   0.0024054973    0.0043600193    0.0049970559
  -0.0015511792   -0.0009040406    0.0033938717
   0.0000016846    0.0013661448   -0.0003465210
   0.0015590884   -0.0009106590    0.0033777649
  -0.0024087310    0.0043749006    0.0050256963
  -0.0023908633   -0.0034211283    0.0037445027
   0.0011703039   -0.0006663018   -0.0003527123
  -0.0011667645   -0.0006660299   -0.0003647206
   0.0023798209   -0.0034303969    0.0037361263
   0.0000003230   -0.0014426516    0.0027499306
   0.0017601418    0.0037931360    0.0037445752
   0.0000159172    0.0018074122    0.0034045706
  -0.0017950596    0.0037904210    0.0037319734
   0.0016822334    0.0009814649   -0.0008194733
  -0.0016729427    0.0009812854   -0.0008395185
  -0.0025530685   -0.0042342442    0.0050279344
   0.0025424539   -0.0042651200    0.0050136590
  -0.0012281408    0.0007330222    0.0027541889
  -0.0000294325   -0.0019332671   -0.0008309144
   0.0012619780    0.0007127315    0.0027646673

76   
  0.0064638474082051   0.0000000000000000   0.0076301164265979
   0.0404754341    0.0187654958    0.0420730304
   0.0044159186    0.0028261082    0.0112782441
   0.0008205130   -0.0004226730   -0.0007266162
  -0.0004243748   -0.0002089511   -0.0011631081
  -0.0014576081    0.0000456215   -0.0005795226
   0.0086431664   -0.0205482031    0.0267251732
   0.0002285155    0.0012915453   -0.0016371012
  -0.0000118817    0.0003192394   -0.0017169759
  -0.0004676956    0.0002615146   -0.0016408910
  -0.0002928726   -0.0000181403    0.0007575205
   0.0003838336    0.0011210385   -0.0005061744
   0.0002458700   -0.0001753662   -0.0016536231
  -0.0002507121   -0.0001069583   -0.0015667810
  -0.0003073823    0.0005944200   -0.0011786064
   0.0002289002    0.0001561194   -0.0009865844
  -0.0004224755   -0.0002391146   -0.0012096922
   0.0000243756   -0.0003976578   -0.0016532917
   0.0003157717   -0.0004519670   -0.0012561499
   0.0003280018    0.0001950218   -0.0016123198
  -0.0002957215    0.0001282017   -0.0016154519
  -0.0009633575   -0.0017321233   -0.0006183394
  -0.0011656378   -0.0009888479   -0.0003607835
   0.0005246426    0.0000725332   -0.0012423431
  -0.0000957846   -0.0002728413   -0.0016073974
  -0.0003871892   -0.0002063234   -0.0016898414
   0.0006854263    0.0002072400   -0.0011236386
   0.0002437711   -0.0002275100    0.0005590153
  -0.0000316992   -0.0011211300   -0.0004513599
  -0.0001756026   -0.0003853600    0.0001850640
  -0.0003057487    0.0004745200   -0.0000471912
  -0.0000598870    0.0002162021    0.0004093463
  -0.0003411496   -0.0001867512   -0.0002683773
   0.0003889608   -0.0002126240   -0.0002829627
   0.0001864456    0.0003747583    0.0001114708
  -0.0001882666    0.0010398546   -0.0000981719
  -0.0009955923    0.0005514981   -0.0004591897
   0.0000047525    0.0004552728   -0.0002778439
   0.0009667775    0.0005716327   -0.0004732329
  -0.0000873001   -0.0001696623   -0.0010889227
   0.0000456057   -0.0003107311   -0.0011601750
  -0.0004218301    0.0000755823    0.0001790673
   0.0004095357   -0.0000052989    0.0001454750
  -0.0002102123    0.0000400019   -0.0010887997
  -0.0000652775   -0.0000014428   -0.0017254839
   0.0002006675    0.0000119173   -0.0010810229
   0.0002825234   -0.0004772146   -0.0000937219
   0.0008800830   -0.0006949321   -0.0000028237
  -0.0003044796    0.0002575912   -0.0011516473
   0.0000817408    0.0002078340   -0.0010775427
  -0.0008969044   -0.0004901983   -0.0005033992
  -0.0034711457   -0.0010898000    0.0080733192
   0.0014411122   -0.0047199800    0.0018004530
   0.0000412306   -0.0071545300    0.0019800736
  -0.0017227448   -0.0046485700    0.0024080693
   0.0037205951   -0.0024163000   -0.0031479203
  -0.0048581277    0.0034085119    0.0028383724
   0.0015479997    0.0008944139   -0.0054045375
  -0.0015121235    0.0008761619   -0.0052416953
   0.0032401080    0.0038032342    0.0022798493
   0.0005786323    0.0060960720    0.0022468660
  -0.0062941234    0.0035915947    0.0019352160
  -0.0000032428   -0.0017215475   -0.0052408638
   0.0063044049    0.0036494684    0.0020198250
   0.0034497952    0.0057052943    0.0024902688
  -0.0035672553    0.0056410492    0.0023334270
  -0.0048746148    0.0009058857    0.0023742688
   0.0049035547    0.0008335208    0.0022663870
   0.0066224766    0.0000980353    0.0024864660
  -0.0000122728    0.0000037175    0.0009688162
  -0.0067208551    0.0002150116    0.0024848550
  -0.0006469077    0.0048509880   -0.0029996740
   0.0054073223   -0.0035170019    0.0013542924
   0.0031605897   -0.0059315339    0.0023216125
  -0.0031835335   -0.0058926219    0.0024890447
  -0.0057375720   -0.0033049242    0.0019959393
  -0.0611393574   -0.0026137626   -0.0977358671
   0.0067239845   -0.0047848700   -0.0050826670
  -0.0000278524   -0.0039407600    0.0032549961
  -0.0020218305   -0.0044720000   -0.0027316182
   0.0066807635   -0.0017720600   -0.0062086230
  -0.0023957733    0.0067502130   -0.0050505888
   0.0025024105    0.0014539041   -0.0035670078
  -0.0026262210    0.0015581320   -0.0036505869
   0.0028616881    0.0039954286   -0.0026317435
   0.0004557199    0.0015130428    0.0007423082
  -0.0034502063    0.0019451091    0.0032776626
   0.0000168345   -0.0030427988   -0.0036649574
   0.0034458331    0.0019761026    0.0033997936
  -0.0012331557   -0.0024097587   -0.0073104246
   0.0012086677   -0.0025050836   -0.0071304105
  -0.0048538257    0.0005281987   -0.0027097946
   0.0048738477    0.0005722036   -0.0025525505
  -0.0027353063    0.0001624109   -0.0072996974
   0.0000159545   -0.0000052312   -0.0031807774
   0.0026869331    0.0001789174   -0.0071287164
   0.0000494599    0.0051597772   -0.0065562018
   0.0037529767   -0.0040035530    0.0003675512
  -0.0016641995    0.0023587359   -0.0070819078
   0.0015104090    0.0022696480   -0.0071390969
  -0.0028584019   -0.0016530886    0.0024934665
  -0.0008838764   -0.0003580911    0.0071930257
   0.0006664433   -0.0013023362    0.0070674219
  -0.0056229270   -0.0006790008   -0.0007687566
   0.0056141602   -0.0007041715   -0.0007768943
   0.0011114991   -0.0000453158    0.0046576610
  -0.0009776140    0.0006621031    0.0059405457
  -0.0034160303   -0.0018845486    0.0017594978
  -0.0000186498   -0.0003162027   -0.0034272344
   0.0035814108   -0.0020862323    0.0018466675
   0.0005735742   -0.0008815454    0.0043481493
  -0.0033943798   -0.0045278319   -0.0007617033
  -0.0002935216    0.0001736602   -0.0033900847
   0.0002841334    0.0001845612   -0.0033733199
   0.0034408725   -0.0044889853   -0.0007803897
  -0.0000670121   -0.0036855841    0.0013793263
   0.0021503399    0.0052191232   -0.0007765727
   0.0000085644    0.0041371096    0.0018413172
  -0.0021933008    0.0052400738   -0.0007850696
   0.0002703767    0.0001728058   -0.0039827911
  -0.0002940412    0.0002067080   -0.0039897338
   0.0005193585    0.0010453709    0.0046556464
  -0.0006045444    0.0008674823    0.0044498453
  -0.0031729665    0.0017845137    0.0013448183
  -0.0000005022   -0.0003384375   -0.0039919440
   0.0031121273    0.0018003915    0.0013386718
   0.0000218477    0.0000132107    0.0163676637
   0.0049047212   -0.0000452214    0.0049549163
  -0.0041795514   -0.0003503111    0.0036610660
   0.0041846576   -0.0003339473    0.0037189538
  -0.0050353661   -0.0000934263    0.0050010769
   0.0023610609    0.0043101499    0.0049864871
  -0.0016162264   -0.0009226437    0.0033344195
  -0.0000338553    0.0013557820   -0.0003811938
   0.0015742149   -0.0009124508    0.0033688059
  -0.0023697697    0.0043402685    0.0049768239
  -0.0023851637   -0.0033959894    0.0037114987
   0.0011439080   -0.0006754836   -0.0004012259
  -0.0011814906   -0.0006600498   -0.0003838987
   0.0023884589   -0.0034469825    0.0037212375
  -0.0000238898   -0.0014320591    0.0027012792
   0.0017525774    0.0037935348    0.0037218859
   0.0000101179    0.0018234214    0.0033741185
  -0.0018071235    0.0038168750    0.0037076119
   0.0016754219    0.0009794922   -0.0008460894
  -0.0016842837    0.0009966676   -0.0008481925
  -0.0025922061   -0.0042549007    0.0050112251
   0.0025122575   -0.0042039928    0.0049639933
  -0.0012416603    0.0007191748    0.0026875747
  -0.0000049471   -0.0019450549   -0.0008447773
   0.0012555409    0.0007245767    0.0027351231

76   
 -0.0064638474082051   0.0000000000000000  -0.0076301164265979
  -0.0422321966   -0.0197471632   -0.0463939633
  -0.0015444020   -0.0029948684   -0.0142653405
   0.0000790621    0.0001220396   -0.0016704266
  -0.0004866274   -0.0000801717   -0.0012252149
  -0.0015504956   -0.0002386366   -0.0025552903
  -0.0073910489    0.0237559525   -0.0302741260
   0.0003200198   -0.0009913353   -0.0017819909
   0.0000062639    0.0001527057   -0.0015619004
  -0.0000689452    0.0000514319   -0.0017950985
  -0.0009928781    0.0027033555   -0.0039192055
  -0.0002030486   -0.0001749863   -0.0018955387
   0.0001659299   -0.0000644667   -0.0016246439
  -0.0001669300   -0.0001275483   -0.0017109791
   0.0001285384    0.0003304786   -0.0012060577
  -0.0002695300    0.0007440657   -0.0025227188
  -0.0002827378   -0.0003617137   -0.0011782062
  -0.0000371080   -0.0001957728   -0.0017782290
   0.0003879839   -0.0001568837   -0.0011307548
   0.0002559570    0.0001585415   -0.0017616394
  -0.0003142075    0.0002185116   -0.0017563150
  -0.0007033435   -0.0007480022   -0.0025226623
   0.0028443620   -0.0014532849   -0.0027681612
   0.0002299148   -0.0004988341   -0.0022630887
   0.0000718533   -0.0003982817   -0.0017644580
  -0.0003719908   -0.0002122130   -0.0018173970
   0.0000099485    0.0001961100    0.0006384787
   0.0000785466   -0.0005517800   -0.0002085535
   0.0000224683   -0.0011339000   -0.0004841716
  -0.0001577613   -0.0003628600    0.0001521842
  -0.0003938907   -0.0000479300   -0.0004413361
  -0.0004632872    0.0004408070   -0.0000711961
  -0.0004470773   -0.0002704561   -0.0002961632
   0.0004075938   -0.0002424145   -0.0002817757
   0.0003138710    0.0003075876    0.0002356910
   0.0001662392    0.0011497529   -0.0007741824
  -0.0009741837    0.0005805368   -0.0004840334
   0.0000057794    0.0004528199   -0.0002895854
   0.0009973431    0.0005706662   -0.0004602274
  -0.0000835996   -0.0001947706   -0.0011255205
   0.0000834772   -0.0000494465   -0.0010563528
  -0.0004071096    0.0000496106    0.0001535395
   0.0004377072    0.0001255865    0.0001954372
  -0.0001894337    0.0000172132   -0.0011274634
   0.0000353994    0.0000114101   -0.0018000854
   0.0001720131    0.0000417138   -0.0011429574
  -0.0002627508   -0.0003127329   -0.0003892624
   0.0010031328   -0.0003918670   -0.0008671161
   0.0000436927    0.0000653361   -0.0010663632
   0.0001395938    0.0001244845   -0.0011480957
  -0.0010018390   -0.0005798476   -0.0003802890
  -0.0002463880   -0.0010854000   -0.0169260154
   0.0019990198   -0.0046069500    0.0030187162
  -0.0000483095   -0.0073907400    0.0020016839
  -0.0017725725   -0.0046647800    0.0023779512
   0.0000143215    0.0002612900   -0.0055383617
  -0.0014615532    0.0042668733    0.0019365828
   0.0014575870    0.0008388954   -0.0051406254
  -0.0015162120    0.0008692204   -0.0052964962
   0.0030878900    0.0038795131    0.0025207118
  -0.0005705256    0.0074710028    0.0019767936
  -0.0063241508    0.0037005567    0.0020183792
   0.0000027821   -0.0017338932   -0.0052990658
   0.0063007627    0.0036271456    0.0019455450
   0.0036240392    0.0057126897    0.0024071679
  -0.0035344911    0.0057847193    0.0025631844
  -0.0049338608    0.0007531503    0.0024350579
   0.0048839489    0.0008167407    0.0025206044
   0.0067984892    0.0003486533    0.0024036492
   0.0000109021    0.0000066232    0.0009157642
  -0.0067172773    0.0002085344    0.0024058550
   0.0006380044   -0.0005589128   -0.0056950964
   0.0063295568   -0.0032261333    0.0028855028
   0.0031729370   -0.0059062554    0.0025830546
  -0.0031782120   -0.0059325504    0.0024048138
  -0.0059913700   -0.0034683531    0.0022158718
   0.0583974620   -0.0013713136    0.0948115350
  -0.0026679735   -0.0041766900    0.0000891730
   0.0000171405   -0.0040193100    0.0036783982
  -0.0020130276   -0.0044963400   -0.0022325061
  -0.0010657345   -0.0014970000   -0.0024451130
  -0.0033626599    0.0012112728    0.0001129118
   0.0028086119    0.0016105186   -0.0035759165
  -0.0027106990    0.0015192320   -0.0034939131
   0.0029001695    0.0039790741   -0.0023400622
  -0.0004501867    0.0051217930    0.0045150688
  -0.0034658243    0.0020527913    0.0036821946
  -0.0000188531   -0.0030768574   -0.0034784636
   0.0034557555    0.0020079112    0.0035473274
  -0.0012128937   -0.0024111109   -0.0068014126
   0.0012094723   -0.0023088936   -0.0069786095
  -0.0049277637    0.0004885109   -0.0022713226
   0.0048835523    0.0004361436   -0.0024123895
  -0.0026665743    0.0001591287   -0.0068048754
  -0.0000174531    0.0000153674   -0.0030200336
   0.0026952955    0.0001190288   -0.0069785326
  -0.0000592967    0.0013940270   -0.0021078812
   0.0019797501    0.0007130672    0.0048472818
  -0.0013091981    0.0021677314   -0.0070390465
   0.0014287810    0.0022658880   -0.0069675831
  -0.0028609305   -0.0016525341    0.0027366478
   0.0009186497    0.0003406925    0.0067833772
  -0.0028255767    0.0010300518    0.0022357498
  -0.0056194578   -0.0007948100   -0.0007391724
   0.0056363643   -0.0007075706   -0.0007588414
   0.0010070271   -0.0002321715    0.0045714308
  -0.0004063140   -0.0024013377    0.0033182918
  -0.0037278943   -0.0022513480    0.0018949673
  -0.0000022012   -0.0003435262   -0.0033835082
   0.0035823191   -0.0020739381    0.0018550160
   0.0007612460   -0.0008151340    0.0048752481
  -0.0034718841   -0.0044257581   -0.0007899932
  -0.0003138439    0.0001700649   -0.0033988871
   0.0002937795    0.0001688212   -0.0034371498
   0.0034209464   -0.0045016216   -0.0007456025
   0.0000602426   -0.0035703655    0.0013522508
   0.0021518017    0.0052222423   -0.0007563283
   0.0000177156    0.0041410493    0.0018148061
  -0.0021854530    0.0052199347   -0.0007316036
   0.0002883866    0.0001638858   -0.0039583196
  -0.0002562698    0.0001378003   -0.0039337287
   0.0003338322    0.0010236320    0.0045664590
  -0.0002903920    0.0011498819    0.0047917730
  -0.0030644510    0.0018495461    0.0013779900
  -0.0000525889   -0.0003060470   -0.0039442413
   0.0031777974    0.0017974389    0.0013726093
   0.0000146095   -0.0000322787    0.0162787997
   0.0050080707   -0.0000895822    0.0050167036
  -0.0041903796   -0.0003655237    0.0037101203
   0.0041915653   -0.0003199931    0.0036830477
  -0.0049621337   -0.0000806035    0.0049761296
   0.0024110953    0.0043675801    0.0049751288
  -0.0014968811   -0.0008881463    0.0033881757
   0.0000126516    0.0013636402   -0.0004026703
   0.0015564065   -0.0009196293    0.0033106734
  -0.0024406474    0.0044027428    0.0050090643
  -0.0023866565   -0.0034472186    0.0037064228
   0.0011747351   -0.0006704221   -0.0004056198
  -0.0011674585   -0.0006759398   -0.0003982409
   0.0023804126   -0.0034332378    0.0036716719
   0.0000162059   -0.0014790973    0.0027265523
   0.0017680328    0.0037796466    0.0036744743
   0.0000162715    0.0017979582    0.0033514516
  -0.0017907166    0.0037755320    0.0036749197
   0.0016776987    0.0009701262   -0.0008792799
  -0.0016587064    0.0009611631   -0.0008959072
  -0.0025224664   -0.0042198799    0.0049720133
   0.0025611440   -0.0043194045    0.0049974566
  -0.0012337727    0.0007439612    0.0027482836
  -0.0000476799   -0.0019248573   -0.0008860100
   0.0012722899    0.0007004734    0.0027127165

101  
  0.0064638474082051   0.0000000000000000   0.0076301164265979
   0.0002310432   -0.0000048300   -0.0018234805
   0.0014133767    0.0000921100   -0.0013351143
   0.0004729898   -0.0001902200   -0.0011671729
  -0.0004284939   -0.0001267500   -0.0011876568
  -0.0012926007    0.0000287900   -0.0011464781
   0.0008442503    0.0011543760   -0.0013771878
   0.0002725994    0.0001560556   -0.0017208885
  -0.0000031212    0.0002471570   -0.0015853157
  -0.0003413786    0.0001925181   -0.0017326951
  -0.0006165750    0.0011122017   -0.0011038547
   0.0000979715    0.0004804125   -0.0011841183
   0.0002326345   -0.0001371700   -0.0015723013
  -0.0002081556   -0.0001175244   -0.0015964978
  -0.0000880935    0.0004533059   -0.0011732403
   0.0000060411    0.0004128693   -0.0017576752
  -0.0003318635   -0.0003152859   -0.0011950203
  -0.0000022589   -0.0003520693   -0.0017282552
   0.0003897015   -0.0002969825   -0.0011610583
   0.0002952845    0.0001736400   -0.0016720413
  -0.0002821256    0.0001757044   -0.0016592878
  -0.0005754250   -0.0012373017   -0.0012818447
   0.0006618203   -0.0011565460   -0.0011966278
   0.0003707594   -0.0002082656   -0.0017696585
   0.0000077588   -0.0003316670   -0.0016658357
  -0.0003484886   -0.0001985481   -0.0017437451
   0.0436824187    0.0225205108    0.0432568529
  -0.0005780136    0.0001168930    0.0005994205
  -0.0000694541   -0.0012011088   -0.0002979146
   0.0004878188   -0.0008962869   -0.0000384796
  -0.0010395081    0.0033257437    0.0089796642
  -0.0004609197   -0.0012005079    0.0003327049
  -0.0004656589   -0.0002663485   -0.0001393144
   0.0003515224   -0.0002149728   -0.0001629264
   0.0007581534    0.0006579615    0.0002231609
  -0.0018255192    0.0021333166    0.0004439403
  -0.0010022076    0.0005314616   -0.0002595514
  -0.0000100870    0.0004719492   -0.0001491692
   0.0010853152    0.0006597726   -0.0003344745
  -0.0000714946   -0.0001364533   -0.0010734754
   0.0000401497   -0.0001374484   -0.0009624332
   0.0003405911    0.0012149636    0.0000162933
   0.0004894116    0.0001151129    0.0005424395
  -0.0002786637    0.0001973413   -0.0009446056
  -0.0000758777   -0.0000009323   -0.0017235156
   0.0000147240   -0.0001560554   -0.0010909712
   0.0047020740   -0.0256419377    0.0259182426
   0.0023075015   -0.0023835221    0.0009316436
  -0.0003125498    0.0001365902   -0.0008880740
  -0.0001454735    0.0001075585   -0.0011462118
  -0.0013945475    0.0002507355   -0.0000348111
  -0.0018819051   -0.0011001411   -0.0043167654
   0.0017395624   -0.0046578644    0.0024558920
   0.0000184341   -0.0072901461    0.0020179474
  -0.0017379932   -0.0046397654    0.0024140496
   0.0019134130   -0.0010800156   -0.0043332138
  -0.0031596068    0.0038194812    0.0024523420
   0.0015160651    0.0008716218   -0.0052325065
  -0.0014734567    0.0008581738   -0.0052393297
   0.0031630701    0.0038252320    0.0024186744
  -0.0000126428    0.0068248925    0.0021082181
  -0.0062901965    0.0036474172    0.0020025142
   0.0000101225   -0.0017295646   -0.0052358625
   0.0063255035    0.0036386693    0.0020181920
   0.0035558038    0.0057074818    0.0024744338
  -0.0035270932    0.0057209739    0.0024971023
  -0.0048850886    0.0008262039    0.0024378521
   0.0049021095    0.0008304457    0.0024330471
   0.0067277546    0.0002135950    0.0024865724
   0.0000204564   -0.0000013902    0.0009770709
  -0.0067114287    0.0002065374    0.0024888826
   0.0000267636    0.0021855183   -0.0043165194
   0.0059095810   -0.0034219069    0.0021176993
   0.0031898581   -0.0059140402    0.0025029560
  -0.0031606095   -0.0059221599    0.0024767477
  -0.0059084826   -0.0034133191    0.0020904555
  -0.0037118597   -0.0019913125   -0.0041451472
   0.0020894829   -0.0044340585   -0.0024640308
   0.0000129057   -0.0039877194    0.0034589014
  -0.0020055222   -0.0044742700   -0.0024992476
   0.0045759667   -0.0027778618   -0.0019576698
  -0.0027920722    0.0040108980   -0.0024111690
   0.0026645526    0.0015391611   -0.0036283593
  -0.0026386311    0.0015267970   -0.0035718187
   0.0028848710    0.0039743339   -0.0025512200
  -0.0001436480    0.0031738281    0.0024407770
  -0.0034279117    0.0019912377    0.0034710683
   0.0000024398   -0.0030659503   -0.0036004713
   0.0034676234    0.0019917742    0.0034602396
  -0.0012270170   -0.0024024347   -0.0070673364
   0.0012499644   -0.0024105893   -0.0070668561
  -0.0048715559    0.0004616981   -0.0024357668
   0.0048879774    0.0004643955   -0.0025290108
  -0.0026769764    0.0001289416   -0.0070649375
   0.0000246205   -0.0000017412   -0.0030798902
   0.0027286439    0.0001313651   -0.0070728129
  -0.0002551660    0.0047810377   -0.0030547518
   0.0027951740   -0.0017002160    0.0023305219
  -0.0014503691    0.0022747481   -0.0070701360
   0.0014840412    0.0022876062   -0.0070712718
  -0.0026995157   -0.0014851820    0.0025545027
  -0.0692915955   -0.0002528236   -0.0836869361
   0.0065538854   -0.0002784600    0.0036349853
  -0.0053926929   -0.0007855700   -0.0009370977
   0.0057296365   -0.0006183000   -0.0008713543
   0.0092277928   -0.0000486600    0.0031780717
   0.0006075571    0.0027286004    0.0035077943
  -0.0033983669   -0.0019574273    0.0019545876
   0.0001215517   -0.0003495157   -0.0034975331
   0.0035661719   -0.0020471257    0.0018483340
   0.0022676414   -0.0049686056    0.0033059125
  -0.0033749208   -0.0043074730   -0.0009002642
  -0.0002463073    0.0002060242   -0.0035080942
   0.0003663695    0.0001356742   -0.0035084220
   0.0034082826   -0.0046374384   -0.0008940476
   0.0000063548   -0.0036928102    0.0014240060
   0.0021880426    0.0051816584   -0.0008688776
   0.0000190848    0.0040272902    0.0019007660
  -0.0021816208    0.0051590830   -0.0009441042
   0.0003668827    0.0001240058   -0.0040635342
  -0.0002339405    0.0002073558   -0.0040745620
   0.0019935514    0.0048932256    0.0032787725
   0.0008672771   -0.0023333104    0.0035496743
  -0.0031142369    0.0018228573    0.0013299576
   0.0001138517   -0.0003410243   -0.0040646531
   0.0032952719    0.0018909057    0.0015114040
  -0.0021180219   -0.0000006400    0.0227453713
   0.0064449137   -0.0011684400    0.0070888243
  -0.0040715351   -0.0005644800    0.0036621139
   0.0042076738   -0.0001981300    0.0036114904
  -0.0058357217   -0.0005818200    0.0051045070
   0.0018744960    0.0064938122    0.0072140463
  -0.0012843712   -0.0007119506    0.0029436100
   0.0000292829    0.0013333953   -0.0003878556
   0.0017957008   -0.0010509588    0.0033329046
  -0.0027674082    0.0050314506    0.0049818474
  -0.0024211123   -0.0031732547    0.0036769324
   0.0012052142   -0.0006851703   -0.0004100545
  -0.0010981427   -0.0006560700   -0.0003428799
   0.0023846098   -0.0036292003    0.0035843907
  -0.0000431352   -0.0017440001    0.0025132917
   0.0017188298    0.0036520603    0.0036518207
  -0.0000249052    0.0017840201    0.0031385517
  -0.0017844923    0.0039052647    0.0036266024
   0.0017194842    0.0009578103   -0.0008690745
  -0.0015984227    0.0009430800   -0.0008429699
  -0.0042796782   -0.0047403606    0.0062181474
   0.0033789860   -0.0050306822    0.0059542663
  -0.0012490912    0.0007171506    0.0025054600
   0.0000227729   -0.0019096553   -0.0008615956
   0.0017832308    0.0010458888    0.0025235146

101  
 -0.0064638474082051   0.0000000000000000  -0.0076301164265979
  -0.0002006691    0.0000040900   -0.0007769929
   0.0016020082   -0.0002994600   -0.0018051508
   0.0004506500   -0.0001176000   -0.0012194247
  -0.0004133655   -0.0001769200   -0.0011999427
  -0.0016629586   -0.0002347800   -0.0019965407
   0.0005114493    0.0015224599   -0.0017602831
   0.0002881982    0.0001511170   -0.0017155481
   0.0000393539    0.0002230754   -0.0016953568
  -0.0001483450    0.0001069579   -0.0017028380
  -0.0006673005    0.0015685229   -0.0020410580
   0.0001228876    0.0004294422   -0.0012041661
   0.0002143145   -0.0001051916   -0.0017082682
  -0.0001602576   -0.0001165312   -0.0016824632
  -0.0000680432    0.0004701689   -0.0012157001
   0.0000303108    0.0004548202   -0.0017508063
  -0.0003383232   -0.0003028889   -0.0011946101
   0.0000483708   -0.0002585702   -0.0017097563
   0.0003519676   -0.0003158222   -0.0012237761
   0.0003197545    0.0001734316   -0.0017006782
  -0.0002687976    0.0001705612   -0.0017148232
  -0.0010535705   -0.0012314229   -0.0018576780
   0.0010520293   -0.0013287299   -0.0019423231
   0.0004164282   -0.0002300570   -0.0017350881
   0.0000237539   -0.0003464554   -0.0017073168
  -0.0003739250   -0.0002254579   -0.0017645780
  -0.0412705199   -0.0211507439   -0.0418611813
   0.0009531600   -0.0009028590   -0.0002328943
   0.0000939333   -0.0010642372   -0.0006150706
  -0.0008041999    0.0001424505    0.0004268049
   0.0004713224   -0.0029176336   -0.0094663641
  -0.0000148161    0.0018474074    0.0000355141
  -0.0002840717   -0.0002081876   -0.0004038664
   0.0004770010   -0.0002400540   -0.0003814169
  -0.0002234038    0.0000412165    0.0001533809
   0.0018388529    0.0000076377   -0.0013082444
  -0.0009196874    0.0005795609   -0.0006518409
   0.0000655155    0.0004374594   -0.0003918254
   0.0009297968    0.0004747817   -0.0005761969
  -0.0000606502   -0.0002339227   -0.0011244034
   0.0001274300   -0.0002382177   -0.0012334295
  -0.0011256985   -0.0011135391    0.0003669670
   0.0004266430   -0.0000212596   -0.0001751154
  -0.0000926514   -0.0001432369   -0.0012518197
   0.0000834610   -0.0000009023   -0.0017850642
   0.0004057216    0.0002138119   -0.0011042814
  -0.0046127127    0.0242715642   -0.0258569887
  -0.0004338268    0.0013154724   -0.0017660234
   0.0000967498    0.0001842624   -0.0013065423
   0.0004004060    0.0002195762   -0.0010488878
  -0.0004633821   -0.0013259312   -0.0008394445
  -0.0018474210   -0.0010672260   -0.0043129013
   0.0017814164   -0.0046515461    0.0023821232
   0.0000121620   -0.0072756534    0.0019827007
  -0.0016999661   -0.0046675273    0.0024217430
   0.0018844748   -0.0010928527   -0.0042939090
  -0.0031280602    0.0038434190    0.0023869710
   0.0015193638    0.0008598180   -0.0052728830
  -0.0014887773    0.0008673191   -0.0052701736
   0.0031961690    0.0038445991    0.0024238101
   0.0000509360    0.0067293344    0.0021430238
  -0.0062859838    0.0036352910    0.0019946356
   0.0000225277   -0.0017319662   -0.0052741377
   0.0063328157    0.0036440428    0.0019832773
   0.0035607965    0.0056989220    0.0024577444
  -0.0035216061    0.0056931164    0.0024355378
  -0.0048789613    0.0008126284    0.0023947624
   0.0049354560    0.0008168298    0.0024121116
   0.0067323749    0.0002148658    0.0024441388
   0.0000191526    0.0000032498    0.0009380686
  -0.0066791555    0.0002233367    0.0024463322
   0.0000163072    0.0021574804   -0.0043093098
   0.0058612984   -0.0033621543    0.0021324756
   0.0031903699   -0.0059233897    0.0024347949
  -0.0031426092   -0.0059243332    0.0024560048
  -0.0057992749   -0.0033633236    0.0021576103
  -0.0019489236   -0.0012924189   -0.0045844557
   0.0019718509   -0.0045281442   -0.0025686810
   0.0000181398   -0.0039931385    0.0034308543
  -0.0019759130   -0.0044850392   -0.0025325634
   0.0011053567   -0.0004723638   -0.0068672119
  -0.0029253885    0.0039472991   -0.0026215464
   0.0026773727    0.0015243485   -0.0035707118
  -0.0026308378    0.0015303375   -0.0036216960
   0.0029004665    0.0039911963   -0.0024854383
   0.0001827044    0.0034429577    0.0027307647
  -0.0034455699    0.0019983368    0.0034210927
   0.0000291812   -0.0030602880   -0.0035935262
   0.0034870333    0.0019976642    0.0034295711
  -0.0011749092   -0.0024280438   -0.0071003004
   0.0012196356   -0.0024123096   -0.0071024072
  -0.0048633902    0.0005335919   -0.0025945367
   0.0049189821    0.0005383241   -0.0025108963
  -0.0026837025    0.0001733453   -0.0071021303
   0.0000147566    0.0000031488   -0.0031747601
   0.0026999216    0.0001727198   -0.0070977553
   0.0003079440    0.0017683069   -0.0057150557
   0.0029660858   -0.0016142746    0.0028370007
  -0.0014715608    0.0022486923   -0.0071031675
   0.0015140798    0.0022266727   -0.0070970256
  -0.0030026197   -0.0018253814    0.0026170022
   0.0622647949   -0.0000964261    0.1002175635
  -0.0086089928    0.0000168000    0.0055508183
  -0.0057801965   -0.0006775700   -0.0006049557
   0.0055266729   -0.0008407800   -0.0006789323
  -0.0070756254   -0.0002585300    0.0060596647
  -0.0019064914   -0.0045036456    0.0056825875
  -0.0037270219   -0.0021679957    0.0017025760
  -0.0000898717   -0.0003266357   -0.0032989769
   0.0036478969   -0.0020731573    0.0018205324
  -0.0009033571    0.0032009304    0.0059170157
  -0.0034675626   -0.0046758284   -0.0006265424
  -0.0003160695    0.0001211942   -0.0033018880
   0.0002619073    0.0001926542   -0.0033206358
   0.0035046208   -0.0043757330   -0.0006370458
   0.0000421552   -0.0035347702    0.0012858740
   0.0022151508    0.0052656730   -0.0006760158
   0.0000263352    0.0042704202    0.0017693340
  -0.0021595526    0.0052941084   -0.0005974224
   0.0002511205    0.0001979658   -0.0038827380
  -0.0003094127    0.0001043158   -0.0038614558
  -0.0011067971   -0.0028401804    0.0059457457
  -0.0017057614    0.0043373456    0.0056519975
  -0.0031204519    0.0018146057    0.0013676860
  -0.0000811217   -0.0003166643   -0.0038686369
   0.0030277469    0.0017463873    0.0012058224
   0.0021376251    0.0000178400    0.0099441454
   0.0035157009    0.0009974500    0.0028544274
  -0.0042276867   -0.0001418600    0.0036998371
   0.0041668739   -0.0005021000    0.0037573906
  -0.0040339756    0.0003935900    0.0048109766
   0.0029759277    0.0022161076    0.0027531460
  -0.0018072404   -0.0010864984    0.0037311533
   0.0000040080    0.0013683889   -0.0004582913
   0.0013789950   -0.0007363193    0.0033385266
  -0.0020342151    0.0036325621    0.0049251658
  -0.0023293970   -0.0036971815    0.0036705475
   0.0011591907   -0.0006764324   -0.0004214651
  -0.0011993259   -0.0007057317   -0.0004700808
   0.0024298858   -0.0032696134    0.0037668392
   0.0000916019   -0.0011339479    0.0028973545
   0.0019015258    0.0039224034    0.0037128792
   0.0000711519    0.0018515779    0.0035269645
  -0.0017751770    0.0036777315    0.0037343575
   0.0016927507    0.0009776524   -0.0008977351
  -0.0017386859    0.0009818417   -0.0009339808
  -0.0008441051   -0.0037749121    0.0037181358
   0.0017600777   -0.0035017776    0.0039544260
  -0.0012098804    0.0007391984    0.0029062633
   0.0000107580   -0.0019737289   -0.0009198813
   0.0007786650    0.0004202193    0.0028833966

126  
  0.0064638474082051   0.0000000000000000   0.0076301164265979
  -0.0000170885    0.0000043100   -0.0012281843
   0.0014707063   -0.0000870600   -0.0014671891
   0.0004273260   -0.0001446400   -0.0011027757
  -0.0004341302   -0.0001602700   -0.0011035117
  -0.0014848753   -0.0001068900   -0.0014747159
   0.0006530377    0.0013248102   -0.0014471826
   0.0002216686    0.0001456453   -0.0016161777
  -0.0000141245    0.0002366674   -0.0015522694
  -0.0002797041    0.0001487817   -0.0016365607
  -0.0006685629    0.0013275927   -0.0014956910
   0.0000803658    0.0004483112   -0.0010939044
   0.0001786580   -0.0001155220   -0.0015527532
  -0.0002211354   -0.0001206651   -0.0015524353
  -0.0000986421    0.0004552864   -0.0011126223
  -0.0000115456    0.0004292266   -0.0016500038
  -0.0003655921   -0.0003062264   -0.0010949323
  -0.0000112756   -0.0002959866   -0.0016266138
   0.0003325858   -0.0003076912   -0.0011104444
   0.0002845780    0.0001700120   -0.0015909132
  -0.0002995454    0.0001696951   -0.0015993853
  -0.0008382929   -0.0012169827   -0.0014530610
   0.0008186477   -0.0012505802   -0.0014910426
   0.0003579286   -0.0002206453   -0.0016512677
  -0.0000058245   -0.0003458074   -0.0015948294
  -0.0003879341   -0.0002098017   -0.0016470307
  -0.0002875042   -0.0029692279    0.0096080905
   0.0007918266    0.0001364145   -0.0001565811
  -0.0000688321   -0.0010791972   -0.0002167498
  -0.0008657254   -0.0008613107    0.0007319778
   0.0418246223   -0.0213205836    0.0426613983
   0.0002505304   -0.0000324514    0.0002265312
  -0.0004717497   -0.0002482232   -0.0001049634
   0.0002829724   -0.0001983080   -0.0000856044
   0.0000573747    0.0018169746    0.0003592811
  -0.0018732328    0.0002468112    0.0007312337
  -0.0009074365    0.0004772722   -0.0002603935
  -0.0000538455    0.0004364391   -0.0000948251
   0.0009670476    0.0005899903   -0.0001704695
  -0.0000963303   -0.0002258580   -0.0008954218
   0.0000379202   -0.0002721212   -0.0010002676
  -0.0003036773    0.0000145492    0.0006695923
   0.0011630383   -0.0010795697   -0.0000856967
  -0.0004161896    0.0002190296   -0.0010270594
  -0.0001110708   -0.0000030423   -0.0016721359
   0.0000827525   -0.0000872554   -0.0008703718
   0.0048724284    0.0244859582    0.0263345053
   0.0006608407   -0.0014620345    0.0004064710
  -0.0004256922    0.0002372651   -0.0010812429
  -0.0000737573    0.0001336532   -0.0008171394
   0.0002192849    0.0012074323    0.0010453754
  -0.0018823479   -0.0010732057   -0.0041647737
   0.0017331118   -0.0046632360    0.0025362016
  -0.0000124956   -0.0072777690    0.0021095841
  -0.0017398998   -0.0046515458    0.0025315352
   0.0018589915   -0.0010951150   -0.0041880981
  -0.0031753415    0.0038421042    0.0025418956
   0.0014990720    0.0008628285   -0.0051412273
  -0.0015078975    0.0008583971   -0.0051409656
   0.0031467408    0.0038368078    0.0025320511
  -0.0000116539    0.0067786700    0.0022415010
  -0.0063227118    0.0036399740    0.0021171148
  -0.0000077973   -0.0017270854   -0.0051437415
   0.0063031766    0.0036413851    0.0021112633
   0.0035291896    0.0057061990    0.0025791166
  -0.0035458472    0.0057011678    0.0025784194
  -0.0049079067    0.0008121783    0.0025313073
   0.0048935370    0.0008157816    0.0025411394
   0.0067032791    0.0002067669    0.0025795937
  -0.0000159055    0.0000024199    0.0010693906
  -0.0067195039    0.0002171718    0.0025753823
  -0.0000188673    0.0021638907   -0.0041844059
   0.0058587810   -0.0033916506    0.0022479637
   0.0031688116   -0.0059208010    0.0025786551
  -0.0031806046   -0.0059305748    0.0025754810
  -0.0058893508   -0.0033828794    0.0022411183
  -0.0028266795   -0.0016168313   -0.0042588297
   0.0020128137   -0.0044707165   -0.0024497596
  -0.0000096053   -0.0039858669    0.0035528423
  -0.0020443404   -0.0044563863   -0.0024117803
   0.0027688393   -0.0016219878   -0.0043109436
  -0.0028704236    0.0039921599   -0.0024472433
   0.0026555701    0.0015335466   -0.0035004265
  -0.0026493601    0.0015141073   -0.0034779700
   0.0028239727    0.0039980388   -0.0024203236
  -0.0000275540    0.0033164445    0.0026542634
  -0.0034713028    0.0019951034    0.0035412857
  -0.0000134136   -0.0030541731   -0.0034868428
   0.0034520913    0.0019935138    0.0035552999
  -0.0012258734   -0.0024065220   -0.0069849097
   0.0012093085   -0.0024072082   -0.0069784216
  -0.0048904835    0.0004615086   -0.0024213928
   0.0048669141    0.0004664173   -0.0024452123
  -0.0026981126    0.0001465578   -0.0069693719
  -0.0000139315    0.0000024898   -0.0030245491
   0.0026812249    0.0001512321   -0.0069912602
  -0.0000216853    0.0032342499   -0.0042774488
   0.0028529974   -0.0016652428    0.0026931157
  -0.0014780965    0.0022499393   -0.0069642034
   0.0014645784    0.0022447898   -0.0069944597
  -0.0028991789   -0.0016474337    0.0026082343
  -0.0021271051    0.0000135500    0.0134187246
  -0.0019836644    0.0003959200    0.0048270234
  -0.0056002439   -0.0008591500   -0.0007799606
   0.0056771467   -0.0005238700   -0.0007230671
   0.0025379291    0.0009786600    0.0068074426
  -0.0009670249   -0.0015881979    0.0047493042
  -0.0033519750   -0.0018860093    0.0019261934
   0.0000194520   -0.0003233211   -0.0032970887
   0.0037990904   -0.0022209084    0.0014845867
   0.0000608423   -0.0030107024    0.0068726140
  -0.0034699258   -0.0043322334   -0.0007708892
  -0.0002463241    0.0001470783   -0.0032901392
   0.0003110693    0.0001613176   -0.0033298749
   0.0033787570   -0.0047715415   -0.0007085975
  -0.0000606219   -0.0033455579    0.0012206855
   0.0022004270    0.0051137415   -0.0007550675
  -0.0000740019    0.0041327579    0.0017142055
  -0.0022759458    0.0053597534   -0.0007417592
   0.0003551659    0.0001906617   -0.0038532792
  -0.0002968007    0.0001631224   -0.0038764449
   0.0012610123    0.0017203724    0.0057494040
  -0.0021635449    0.0014669379    0.0058835042
  -0.0026960850    0.0015166293    0.0011965034
   0.0000195520   -0.0003710589   -0.0038647087
   0.0031299204    0.0018538584    0.0012500467
  -0.0633738240   -0.0000140864   -0.0812608843
   0.0130994154   -0.0001639600    0.0032583653
  -0.0040136129   -0.0004781300    0.0036911023
   0.0043972065   -0.0003189600    0.0036124157
   0.0020933928   -0.0002040700    0.0041327417
   0.0039453071    0.0083820304    0.0034205643
  -0.0016202369   -0.0008953473    0.0033930076
   0.0001153017    0.0013542943   -0.0004182831
   0.0017516719   -0.0010279757    0.0035826240
  -0.0012228886    0.0012354444    0.0039840125
  -0.0024563408   -0.0032623630    0.0036170458
   0.0012153827   -0.0006419958   -0.0003896642
  -0.0011316305   -0.0007274758   -0.0004203820
   0.0024534926   -0.0036541484    0.0036633324
  -0.0000485252   -0.0013136102    0.0028539460
   0.0017817726    0.0038778184    0.0035917824
  -0.0000576152    0.0019521202    0.0034796060
  -0.0017699608    0.0038232930    0.0037074058
   0.0017192427    0.0009213658   -0.0008874942
  -0.0016412405    0.0009946958   -0.0008768620
  -0.0015228086   -0.0010322744    0.0038511925
   0.0042565371   -0.0082689804    0.0035496143
  -0.0010910869    0.0005968173    0.0029495676
   0.0001168217   -0.0019343943   -0.0008820731
   0.0012195219    0.0007442557    0.0027526440

126  
 -0.0064638474082051   0.0000000000000000  -0.0076301164265979
   0.0000487149   -0.0000051300   -0.0012419803
   0.0015434975   -0.0001201400   -0.0015376510
   0.0004966436   -0.0001613700   -0.0011547336
  -0.0004072228   -0.0001427300   -0.0011530621
  -0.0014602714   -0.0000987200   -0.0015297553
   0.0007012365    0.0013534830   -0.0015570014
   0.0003362540    0.0001586661   -0.0016909090
   0.0000570836    0.0002347130   -0.0015972711
  -0.0002128769    0.0001514396   -0.0016664730
  -0.0006083677    0.0013468243   -0.0015101535
   0.0001391046    0.0004632290   -0.0011651454
   0.0002703720   -0.0001245582   -0.0015973868
  -0.0001475150   -0.0001169045   -0.0015954752
  -0.0000550185    0.0004684656   -0.0011461296
   0.0000495071    0.0004368253   -0.0017277356
  -0.0003004685   -0.0003103856   -0.0011648696
   0.0000530071   -0.0003127853   -0.0016804656
   0.0004111746   -0.0003085690   -0.0011450254
   0.0003349420    0.0001786082   -0.0016503768
  -0.0002543850    0.0001739945   -0.0016436852
  -0.0007900977   -0.0012547543   -0.0015525335
   0.0008922365   -0.0012280730   -0.0015145614
   0.0004319640   -0.0002180061   -0.0017240790
   0.0000365336   -0.0003362430   -0.0016474511
  -0.0003303569   -0.0002131696   -0.0017305530
   0.0009512799    0.0033691280   -0.0099178204
  -0.0004063357   -0.0009136809    0.0006184757
   0.0001150029   -0.0011810189   -0.0005747850
   0.0005652293    0.0000884046   -0.0002456537
  -0.0441573009    0.0227035704   -0.0448468495
  -0.0007153801    0.0007072593    0.0002532470
  -0.0002686137   -0.0002255136   -0.0003129133
   0.0005585881   -0.0002647380   -0.0003342748
   0.0004910913   -0.0011438253    0.0001279400
   0.0019130889    0.0018913035   -0.0014428799
  -0.0010152154    0.0006415221   -0.0005307251
   0.0001155871    0.0004771795   -0.0003230903
   0.0010460275    0.0005296522   -0.0006208382
  -0.0000289994   -0.0001422081   -0.0011749755
   0.0001288147   -0.0001137549   -0.0010636035
  -0.0005068973    0.0000857943   -0.0001801663
  -0.0002659309    0.0011805342    0.0005597463
   0.0000538140   -0.0001686531   -0.0010449080
   0.0001335675   -0.0000008323   -0.0017121042
   0.0003601226    0.0001585398   -0.0011971628
  -0.0048553496   -0.0258611016   -0.0271748690
   0.0012831390    0.0003704388   -0.0011090754
   0.0002184398    0.0000810997   -0.0009873175
   0.0003443273    0.0002009494   -0.0012515943
  -0.0020116700   -0.0022567421   -0.0017895063
  -0.0018393610   -0.0010970234   -0.0043342329
   0.0017841495   -0.0046508337    0.0024317408
   0.0000451557   -0.0072844309    0.0020261360
  -0.0017002813   -0.0046569139    0.0024355128
   0.0019378471   -0.0010744242   -0.0043133038
  -0.0031126478    0.0038241768    0.0024237261
   0.0015418883    0.0008608518   -0.0052405322
  -0.0014577027    0.0008730032   -0.0052277449
   0.0032138586    0.0038275731    0.0024354175
   0.0000478838    0.0067741917    0.0021389493
  -0.0062589882    0.0036477961    0.0020077853
   0.0000525673   -0.0017340448   -0.0052354685
   0.0063455234    0.0036378949    0.0020201866
   0.0035907803    0.0057099314    0.0024835032
  -0.0035000527    0.0057083927    0.0024778608
  -0.0048568537    0.0008299206    0.0024417721
   0.0049426533    0.0008283972    0.0024275615
   0.0067632813    0.0002204927    0.0024866370
   0.0000484355    0.0000016599    0.0009804294
  -0.0066657764    0.0002071378    0.0024816970
   0.0000544871    0.0021751276   -0.0043128734
   0.0059168904   -0.0033869404    0.0021349894
   0.0032133290   -0.0059188693    0.0024910858
  -0.0031295458   -0.0059135655    0.0024867482
  -0.0058080505   -0.0033940415    0.0021363693
  -0.0028237077   -0.0016659707   -0.0043671837
   0.0020465261   -0.0044969037   -0.0024567369
   0.0000415724   -0.0039913427    0.0034600162
  -0.0019376086   -0.0045060389   -0.0024942960
   0.0029548788   -0.0016603286   -0.0043163763
  -0.0028473439    0.0039703607   -0.0024578651
   0.0026927691    0.0015221833   -0.0035653531
  -0.0026236529    0.0015496249   -0.0035996127
   0.0029662403    0.0039620552   -0.0024855247
   0.0000628925    0.0032987328    0.0026420467
  -0.0034082374    0.0019996452    0.0034799641
   0.0000577837   -0.0030719576   -0.0035808375
   0.0034923681    0.0019927778    0.0034610794
  -0.0011728465   -0.0024146350   -0.0070564119
   0.0012635521   -0.0024202314   -0.0070579085
  -0.0048457463    0.0005376794   -0.0024918187
   0.0049406298    0.0005344191   -0.0024624192
  -0.0026562389    0.0001552425   -0.0070736775
   0.0000458806    0.0000013998   -0.0031077313
   0.0027531520    0.0001467936   -0.0070459741
   0.0000563591    0.0033304901   -0.0043512171
   0.0029144397   -0.0016452085    0.0025995461
  -0.0014421549    0.0022711608   -0.0070822059
   0.0015263553    0.0022724180   -0.0070462362
  -0.0027908536   -0.0016608163    0.0026873905
   0.0021837219    0.0000135200    0.0006153787
  -0.0001967283   -0.0006923800    0.0045543330
  -0.0055669238   -0.0005973000   -0.0006440304
   0.0055645051   -0.0009326900   -0.0006971839
  -0.0003089037   -0.0012678900    0.0025495357
  -0.0003047318   -0.0001942794    0.0046394626
  -0.0037851608   -0.0022250588    0.0018583154
   0.0000249171   -0.0003593747   -0.0033630044
   0.0033958612   -0.0019033106    0.0023006900
   0.0013104640    0.0012810622    0.0024501237
  -0.0033571298   -0.0046761803   -0.0006309107
  -0.0003207773    0.0001826800   -0.0034142801
   0.0003343358    0.0001626697   -0.0033508755
   0.0035330123   -0.0042079647   -0.0006901924
   0.0000855852   -0.0038803301    0.0016055183
   0.0022185223    0.0053294147   -0.0006594224
   0.0001040452    0.0041686401    0.0020802083
  -0.0020670098    0.0050747803   -0.0006786107
   0.0002823327    0.0001231800   -0.0039567901
  -0.0002635042    0.0001649403   -0.0039391455
  -0.0003749660    0.0002927578    0.0036329937
   0.0014043882    0.0005543694    0.0034727526
  -0.0035622908    0.0021363188    0.0016291754
   0.0000155571   -0.0003027153   -0.0039363844
   0.0031808412    0.0017821806    0.0015760600
   0.0594909496   -0.0002856967    0.1019916933
  -0.0030767328   -0.0000467000    0.0067859983
  -0.0042842365   -0.0002215000    0.0038055343
   0.0039657629   -0.0003778800    0.0038798477
  -0.0120772354    0.0000324500    0.0059523247
   0.0009066386    0.0002799144    0.0066415575
  -0.0014887119   -0.0008901557    0.0034084260
  -0.0000697117    0.0013430443   -0.0003075569
   0.0014091569   -0.0007648773    0.0032252024
  -0.0035477971    0.0074277604    0.0061120157
  -0.0022810726   -0.0036397784    0.0038573076
   0.0011442005   -0.0007181158   -0.0002912380
  -0.0011483127   -0.0006387958   -0.0002831058
   0.0023630808   -0.0032161630    0.0038079842
   0.0000737652   -0.0015707702    0.0026823440
   0.0018571708    0.0036989430    0.0038962942
   0.0000890352    0.0016973502    0.0033165240
  -0.0017946326    0.0037478884    0.0037870576
   0.0017124505    0.0010047558   -0.0007601980
  -0.0017125427    0.0009451858   -0.0007670258
  -0.0035538671   -0.0075075804    0.0062331357
   0.0009148986   -0.0002280344    0.0065125875
  -0.0014028019    0.0008830057    0.0025807760
  -0.0000820217   -0.0019643843   -0.0007753969
   0.0013440269    0.0007280473    0.0027897624
