45   
10   

1    
  0.0043952803313199   0.0000000000000000   0.0089822887288882
  -0.0944584200   -0.0002197500   -0.2382019900
   0.0023942900    0.0041468700   -0.0070718200
   0.0023832900   -0.0046474600   -0.0070368000
   0.0014371000   -0.0038836200   -0.0070971800
   0.0013398100   -0.0000017400   -0.0037531300
   0.0019236400    0.0040917500   -0.0070120800
   0.0014692900    0.0049760100   -0.0070798100
   0.0018912800   -0.0046387300   -0.0070276400
   0.0013355800    0.0000005300   -0.0034479300
  -0.0079003100   -0.0072840000    0.0417597600
   0.0004025600    0.0002522900    0.0112304400
   0.0425980400   -0.0218596000    0.0700853200
   0.0005033500   -0.0000568300    0.0113254300
   0.0000646900   -0.0001935200    0.0111427200
  -0.0018027200    0.0060879800    0.0153142200
   0.0047264100    0.0292201600    0.0560063100
   0.0057597900   -0.0043671900    0.0147110800
  -0.0047861200   -0.0017232800    0.0159145800
   0.0497563500    0.0260551900    0.0446815200
   0.0004470300   -0.0031561400   -0.0011370700
  -0.0133383500    0.0103871600    0.0148973900
  -0.0024302100    0.0016624600   -0.0012044100
   0.0030354700    0.0014962900   -0.0010798300
  -0.0017605600    0.0025353000    0.0032753900
   0.0046407800   -0.0363577200    0.0297001400
   0.0027376600   -0.0025987300    0.0039084500
  -0.0016550700    0.0000597600    0.0026453600
  -0.0003821800    0.0000025600   -0.0069481500
  -0.0007621200    0.0013805400   -0.0033528700
   0.0010599500    0.0015748400   -0.0033845900
   0.0007587900   -0.0013257500   -0.0032830400
   0.0000385900    0.0000023500    0.0005924700
  -0.0008957200   -0.0017280000   -0.0034532400
   0.0016834900    0.0000879900   -0.0032989900
  -0.0017831400    0.0000100400   -0.0034377000
  -0.0000164400    0.0000035300   -0.0005976400
  -0.0001016500   -0.0000353900   -0.0030357400
  -0.0001328000   -0.0000144300   -0.0037977500
   0.0000323400   -0.0000406600   -0.0025434500
  -0.0000691200   -0.0000405500   -0.0037974000
  -0.0000427200    0.0000481400   -0.0037946000
   0.0000289000    0.0004234800   -0.0028433200
  -0.0000390000    0.0000831300   -0.0027884500
   0.0003239900   -0.0001643200   -0.0028180200
  -0.0004157900   -0.0002509400   -0.0028659500

1    
 -0.0043952803313199   0.0000000000000000  -0.0089822887288882
   0.0946095700   -0.0001949500    0.2343650000
  -0.0025074900   -0.0046530300    0.0001987700
  -0.0022776400    0.0041416500    0.0001172900
  -0.0019936700    0.0039913000    0.0001432600
  -0.0013407300   -0.0000022500   -0.0028400400
  -0.0013752200   -0.0039853900    0.0001777200
  -0.0018416600   -0.0045330800    0.0001035500
  -0.0015268200    0.0050808800    0.0002177600
  -0.0013403900   -0.0000021800   -0.0025311000
   0.0123926600    0.0098675800   -0.0099308300
  -0.0004301300   -0.0007816700    0.0095595200
  -0.0487233100    0.0254327600   -0.0399044200
  -0.0009761800    0.0003131600    0.0094961900
   0.0003765300    0.0004694000    0.0096323600
   0.0017843200    0.0081906200    0.0108682400
  -0.0046806900   -0.0352160600   -0.0248282300
   0.0065697200   -0.0027677500    0.0114712700
  -0.0076191900   -0.0054282300    0.0102610700
  -0.0421277600   -0.0216064400   -0.0636314700
  -0.0004186600   -0.0022317500   -0.0029387300
   0.0073212900   -0.0069315800   -0.0354896000
  -0.0022246700    0.0010411300   -0.0028597700
   0.0016397100    0.0011921500   -0.0030309300
   0.0017720700    0.0003043000   -0.0011589400
  -0.0046898600    0.0286130000   -0.0496435400
  -0.0002480800    0.0011613400   -0.0017846100
  -0.0007765600   -0.0014710000   -0.0005298500
   0.0003778500   -0.0000032600   -0.0083028800
  -0.0009033700    0.0013135800   -0.0032600300
   0.0006000300    0.0011094400   -0.0032300000
   0.0007262500   -0.0014606500   -0.0033300900
  -0.0000354500   -0.0000063500    0.0008449300
  -0.0006026400   -0.0010545600   -0.0031592700
   0.0014707800    0.0000216900   -0.0033153200
  -0.0013857500    0.0000864000   -0.0031754800
   0.0000207800   -0.0000032300   -0.0004104600
   0.0002233400    0.0001079500   -0.0027502100
   0.0001268700    0.0001134600   -0.0037423100
  -0.0001588100    0.0001142600   -0.0032293000
   0.0001484600   -0.0000150700   -0.0037411200
  -0.0000461600   -0.0001029400   -0.0037458200
  -0.0000303200    0.0003901100   -0.0026579300
   0.0000377800   -0.0002178300   -0.0029894900
   0.0003814100   -0.0002348000   -0.0026810300
  -0.0002982200   -0.0001521400   -0.0026341500

10   
  0.0043952803313199   0.0000000000000000   0.0089822887288882
  -0.0120373000   -0.0097100900    0.0270649700
   0.0484153500   -0.0255184000    0.0515830600
   0.0006447100   -0.0000446500   -0.0026208400
   0.0044966200    0.0348633500    0.0373415500
   0.0017976400    0.0020464600   -0.0006345900
  -0.0003713400   -0.0006318200   -0.0016991000
   0.0003986300    0.0002398000   -0.0024025400
  -0.0016056900   -0.0011530200   -0.0012431300
   0.0001901700   -0.0001652400   -0.0023804900
  -0.0509357500    0.0011668100   -0.1117109400
   0.0029972000   -0.0004001100    0.0080542200
   0.0032482700    0.0014596400    0.0125047800
   0.0000577600    0.0011550100    0.0077769000
   0.0001419400    0.0001363500    0.0105726000
   0.0014567300    0.0039638100    0.0098421900
   0.0015172100    0.0003042000    0.0128119400
   0.0064061200   -0.0042675600    0.0104254300
  -0.0062635000   -0.0035612600    0.0132601500
   0.0018960400    0.0016898000    0.0017713200
   0.0018008800   -0.0010530100   -0.0010119000
  -0.0037210100    0.0025937800   -0.0106972200
  -0.0010025300    0.0019941000   -0.0019046700
   0.0024998300    0.0013520700   -0.0030983100
  -0.0021714500    0.0017585100    0.0016533300
   0.0000432400   -0.0042289800   -0.0109205400
   0.0003638700   -0.0033737300    0.0023222500
  -0.0010709600   -0.0007014300    0.0000243300
   0.0001936400    0.0000916900   -0.0077009700
  -0.0009330600    0.0014067700   -0.0034033400
   0.0008741300    0.0013751500   -0.0033377200
   0.0007784100   -0.0015497500   -0.0033896400
  -0.0000136900   -0.0000345100    0.0006724600
  -0.0006324100   -0.0014072500   -0.0033473200
   0.0016434900    0.0000402000   -0.0033269500
  -0.0015025700    0.0001323400   -0.0033504800
  -0.0000038100   -0.0000118400   -0.0005490300
   0.0000981300    0.0000392000   -0.0027659400
   0.0000865900    0.0000571700   -0.0038618800
  -0.0000540800    0.0000473000   -0.0029896900
   0.0001135000    0.0000213000   -0.0038717000
  -0.0000007400   -0.0000118500   -0.0039166300
   0.0000202300    0.0004488800   -0.0028430100
   0.0000318900   -0.0001113700   -0.0029932800
   0.0004131500   -0.0002420500   -0.0028373100
  -0.0003054800   -0.0002057500   -0.0028723100

10   
 -0.0043952803313199   0.0000000000000000  -0.0089822887288882
   0.0118698900    0.0095740900   -0.0264854900
  -0.0467822600    0.0238846800   -0.0565669600
  -0.0003327100   -0.0004616900   -0.0043126200
  -0.0050626900   -0.0339162600   -0.0434957900
  -0.0018284200   -0.0020696800   -0.0059929800
   0.0009498100    0.0005583700   -0.0052727400
  -0.0006576300    0.0002487400   -0.0045355200
   0.0018364100    0.0016654900   -0.0057089800
  -0.0002068500    0.0001333300   -0.0036353800
   0.0535863100    0.0027438200    0.1387573700
  -0.0029824100   -0.0001734800    0.0126582200
  -0.0075736700    0.0010027100    0.0194825500
  -0.0005493100   -0.0009266300    0.0129414700
   0.0003175500    0.0001007600    0.0101689600
  -0.0014347800    0.0102456500    0.0162614100
  -0.0015115300   -0.0052880000    0.0191628500
   0.0059351300   -0.0028626200    0.0156567600
  -0.0060882400   -0.0035975600    0.0128610800
   0.0039250600    0.0016533000   -0.0224027100
  -0.0018012100   -0.0043731000   -0.0031287300
  -0.0020983100    0.0007374200   -0.0101683200
  -0.0036979800    0.0006681000   -0.0022599600
   0.0021747300    0.0013163000   -0.0010429900
   0.0021645900    0.0010389500    0.0004206300
  -0.0000483900   -0.0025088300   -0.0099524500
   0.0020790600    0.0019100600   -0.0002340300
  -0.0013771900   -0.0007376300    0.0020348500
  -0.0001917100   -0.0001203600   -0.0076169000
  -0.0007569200    0.0012256100   -0.0032616900
   0.0008149000    0.0012608400   -0.0033264700
   0.0006955600   -0.0012624900   -0.0032769000
   0.0000100000    0.0000224600    0.0007139100
  -0.0008387000   -0.0014054200   -0.0033181800
   0.0015094200    0.0000492200   -0.0033382700
  -0.0016466500   -0.0000374900   -0.0033149400
   0.0000001900   -0.0000152200   -0.0005147900
   0.0000223600    0.0000031700   -0.0030547600
  -0.0000870600   -0.0000036600   -0.0037325000
  -0.0000646600   -0.0000036900   -0.0028349200
  -0.0000440400   -0.0000836700   -0.0037228100
  -0.0000672900   -0.0000494100   -0.0036782300
  -0.0000209600    0.0003573500   -0.0027083500
  -0.0000300000   -0.0000586400   -0.0028316500
   0.0003039300   -0.0002039600   -0.0027145700
  -0.0004133300   -0.0002409400   -0.0026785100

19   
  0.0043952803313199   0.0000000000000000   0.0089822887288882
   0.0465292700    0.0241422500    0.0526414300
  -0.0117582900    0.0092315600    0.0223161100
   0.0006865100   -0.0003902200   -0.0026481400
   0.0044717500   -0.0336562300    0.0357280500
  -0.0006645200    0.0005929700   -0.0016345100
   0.0022232100   -0.0020500700   -0.0008627700
   0.0001149800    0.0004484700   -0.0028440500
  -0.0015103000    0.0017859700   -0.0013234600
   0.0005466800    0.0000372800   -0.0019908200
   0.0011806600    0.0012740400    0.0278966600
  -0.0008398500   -0.0011730500    0.0100736000
  -0.0002830900   -0.0004006200    0.0169545900
  -0.0024074700   -0.0002088300    0.0109224600
   0.0004082400    0.0001605100    0.0092962200
   0.0014398500    0.0064815400    0.0131774100
  -0.0008291100    0.0002327000    0.0171669900
   0.0062467100   -0.0025917400    0.0125394300
  -0.0059864200   -0.0035390500    0.0119724700
  -0.0497682300    0.0005955400   -0.1316589700
   0.0054855500   -0.0029180600   -0.0057317300
   0.0000522900    0.0018397400   -0.0128353500
  -0.0008658700    0.0045840000   -0.0054390400
   0.0022600500    0.0013738300   -0.0020375400
   0.0003435300    0.0004356900   -0.0016634800
   0.0002352300   -0.0026541000   -0.0131659200
   0.0028005100   -0.0034493700   -0.0022878800
  -0.0013003200   -0.0006792000    0.0010616400
  -0.0007008700   -0.0004229300   -0.0073186700
  -0.0000208900    0.0009327400   -0.0028167500
   0.0010002300    0.0010970900   -0.0036157400
   0.0008173800   -0.0004869800   -0.0029037200
   0.0002286200    0.0001651900    0.0004541800
  -0.0008279600   -0.0013155500   -0.0036120900
   0.0014550000    0.0002465700   -0.0036355500
  -0.0015778000   -0.0000985500   -0.0035912500
   0.0003363900    0.0001307500   -0.0007954200
   0.0000003900    0.0000642000   -0.0015979600
  -0.0002512800    0.0000353400   -0.0039760500
   0.0002769600    0.0000647700   -0.0030111800
  -0.0000448600   -0.0002593300   -0.0039464900
   0.0000196500    0.0000066700   -0.0037232400
   0.0002422400    0.0002134900   -0.0029022700
   0.0002275400    0.0001872200   -0.0030213300
   0.0003193100    0.0001145600   -0.0029417100
  -0.0003115700   -0.0001808000   -0.0026681500

19   
 -0.0043952803313199   0.0000000000000000  -0.0089822887288882
  -0.0484357200   -0.0252653700   -0.0543299800
   0.0116614800   -0.0098278200   -0.0295817700
  -0.0003425700   -0.0000926000   -0.0045307400
  -0.0050178300    0.0346324900   -0.0436994700
   0.0007015900   -0.0006184200   -0.0052028700
  -0.0015701600    0.0020305700   -0.0063185800
  -0.0003318600    0.0000577100   -0.0043342800
   0.0018593100   -0.0012468200   -0.0058336000
  -0.0005153000   -0.0000364400   -0.0042663300
   0.0031944800    0.0012178300    0.0036470900
   0.0008586500    0.0006258300    0.0104778800
  -0.0039955200    0.0028818900    0.0148045100
   0.0019901500    0.0004732900    0.0096071400
   0.0000847000    0.0001052900    0.0112319300
  -0.0013667500    0.0077792900    0.0127460000
   0.0008703300   -0.0052422900    0.0145767300
   0.0061537700   -0.0045108900    0.0133880600
  -0.0063281600   -0.0035945600    0.0139439000
   0.0555487100    0.0030486800    0.1211344800
  -0.0054374500   -0.0024763300    0.0013618300
  -0.0058668500    0.0015160100   -0.0081911700
  -0.0037862600   -0.0019184700    0.0010892300
   0.0024481700    0.0013184800   -0.0023157000
  -0.0002730800    0.0023790300    0.0035450100
  -0.0001837000   -0.0040593500   -0.0078637300
  -0.0003189100    0.0020624200    0.0041446600
  -0.0011105100   -0.0007347100    0.0007876600
   0.0007293500    0.0004158200   -0.0082197800
  -0.0016103500    0.0017191400   -0.0040595800
   0.0007253500    0.0015684600   -0.0032599000
   0.0006961000   -0.0022833800   -0.0039763200
  -0.0001922700   -0.0001543500    0.0007169100
  -0.0006061700   -0.0014726000   -0.0032664300
   0.0017367200   -0.0001317800   -0.0032417500
  -0.0015328200    0.0002176000   -0.0032877200
  -0.0003007300   -0.0001310500   -0.0004795600
   0.0001524800    0.0000069300   -0.0043985200
   0.0002858100    0.0000434100   -0.0038235800
  -0.0003560900    0.0000052800   -0.0030211000
   0.0001502800    0.0002177400   -0.0038533600
  -0.0000487500   -0.0000449800   -0.0040779800
  -0.0002014800    0.0006146700   -0.0028553300
  -0.0001862500   -0.0003283400   -0.0030091300
   0.0004368700   -0.0005289700   -0.0028147600
  -0.0003687100   -0.0002383300   -0.0030900200

28   
  0.0043952803313199   0.0000000000000000   0.0089822887288882
  -0.0004306100    0.0000003700    0.0009036800
  -0.0000957100   -0.0001360400   -0.0035206300
   0.0002753700    0.0000105900   -0.0035955600
  -0.0002540400    0.0000806000   -0.0034818900
  -0.0000708400    0.0000014200   -0.0034382400
   0.0000413900   -0.0003349900   -0.0036339500
  -0.0000864300    0.0002215700   -0.0035187400
  -0.0001621900    0.0001637500   -0.0035971000
  -0.0000177500    0.0000005200   -0.0031632400
   0.0021122200    0.0012709600    0.0159793200
  -0.0001004500   -0.0002382500    0.0103493600
  -0.0022653500    0.0012586800    0.0158468600
  -0.0003027600    0.0001165800    0.0103649000
   0.0001117100    0.0001242800    0.0103336000
  -0.0000598900    0.0071396900    0.0130207900
  -0.0000855900   -0.0025268000    0.0159136100
   0.0060976500   -0.0035556200    0.0130491500
  -0.0062672400   -0.0035821200    0.0129924800
   0.0026460900    0.0015750900   -0.0103245500
   0.0000011900   -0.0027388400   -0.0023234900
  -0.0028423800    0.0015959000   -0.0095953200
  -0.0024232800    0.0013999400   -0.0024369500
   0.0023229100    0.0013424200   -0.0022144200
  -0.0001581800    0.0013636700    0.0008083400
  -0.0000784700   -0.0031686000   -0.0099612000
   0.0010920900   -0.0007227600    0.0007296600
  -0.0012678000   -0.0006396300    0.0008863300
  -0.1177112000   -0.0008675500   -0.0385431500
   0.0111101100   -0.0006802600   -0.0024793500
   0.0117848200    0.0029826000   -0.0019621200
  -0.0006323200    0.0083878200   -0.0024287100
   0.0030680000   -0.0000040300    0.0004682500
  -0.0022429800   -0.0101561600   -0.0020119900
  -0.0002577200    0.0053554800   -0.0021689700
  -0.0026199300   -0.0058586300   -0.0022699600
   0.0030703600   -0.0000026900   -0.0007561200
   0.0504525700    0.0252858400    0.0068087200
  -0.0057329600    0.0000683400   -0.0049713000
   0.0491369600   -0.0243838200    0.0052679600
  -0.0015400200   -0.0024228900   -0.0048450900
  -0.0016591700    0.0023499300   -0.0050931100
   0.0029237900    0.0002097000   -0.0024765600
   0.0067814400   -0.0000845900    0.0060401100
  -0.0016472000    0.0026448200   -0.0023309900
  -0.0020162000   -0.0028463200   -0.0026204400

28   
 -0.0043952803313199   0.0000000000000000  -0.0089822887288882
   0.0003947900   -0.0000253500   -0.0005741600
  -0.0002504600   -0.0003810200   -0.0035897100
  -0.0000059500   -0.0005274800   -0.0035154500
  -0.0003656100   -0.0001264500   -0.0036292200
   0.0000378100   -0.0000242200   -0.0033683400
   0.0004993000    0.0002956900   -0.0034750400
  -0.0002219100    0.0002694500   -0.0035920200
   0.0003992400    0.0003234300   -0.0035112600
  -0.0000239500   -0.0000235900   -0.0030284100
   0.0021669200    0.0011987500    0.0158483900
   0.0000634100   -0.0003179300    0.0102498100
  -0.0020910600    0.0012113600    0.0159837600
  -0.0001965000    0.0001248500    0.0102318700
   0.0003124900    0.0001189800    0.0102670300
   0.0000202000    0.0071002600    0.0129470300
   0.0000491200   -0.0024824500    0.0159158800
   0.0062164100   -0.0036017700    0.0129182700
  -0.0061248200   -0.0035718700    0.0129747200
   0.0031555000    0.0017744000   -0.0106915200
  -0.0000397600   -0.0026741700   -0.0019961200
  -0.0030321300    0.0017495300   -0.0114327200
  -0.0022830400    0.0012700500   -0.0018851000
   0.0023072600    0.0013307600   -0.0021111200
   0.0001198100    0.0014379100    0.0010835100
   0.0000408700   -0.0035968700   -0.0110627100
   0.0013155600   -0.0007152800    0.0011609900
  -0.0012177600   -0.0007963800    0.0010056800
   0.1192453200    0.0002471500    0.0284949400
  -0.0127516400    0.0033535200   -0.0044097700
  -0.0102038600   -0.0003124800   -0.0048059300
   0.0020828000   -0.0111836600   -0.0044203600
  -0.0031032400   -0.0000263500    0.0007538300
   0.0007132000    0.0073467800   -0.0047951800
   0.0033820300   -0.0052709400   -0.0046177000
  -0.0005886800    0.0059322900   -0.0045968300
  -0.0031000100   -0.0000239600   -0.0004702000
  -0.0498413400   -0.0247863200   -0.0132795100
   0.0056922700   -0.0000035700   -0.0027976200
  -0.0496905100    0.0247966300   -0.0108017000
   0.0015803900    0.0023464800   -0.0029159600
   0.0015416100   -0.0024235400   -0.0026757600
  -0.0029601500    0.0005893400   -0.0032452900
  -0.0068248900    0.0007334700   -0.0120502400
   0.0023261200   -0.0030704900   -0.0033793700
   0.0012548600    0.0024150500   -0.0031113700

37   
  0.0043952803313199   0.0000000000000000   0.0089822887288882
  -0.0005015500   -0.0002928100    0.0003274500
   0.0003346000   -0.0005428700   -0.0032734400
   0.0000489100   -0.0002565500   -0.0034610000
  -0.0002995000    0.0005520100   -0.0033337200
  -0.0000659200   -0.0000784600   -0.0033853400
   0.0003168800   -0.0000046300   -0.0035182500
  -0.0001646300    0.0002049700   -0.0034877300
   0.0001904500    0.0003034200   -0.0035253700
  -0.0000258300    0.0000393500   -0.0029745600
   0.0021527800    0.0012375300    0.0161743500
  -0.0000137800   -0.0002987100    0.0103240700
  -0.0021466300    0.0012270300    0.0159794300
  -0.0002554000    0.0001193600    0.0103346300
   0.0002394800    0.0001258000    0.0103185800
   0.0000174600    0.0071208200    0.0130328100
  -0.0000016500   -0.0024810700    0.0159717600
   0.0061871400   -0.0035540500    0.0130140500
  -0.0061908300   -0.0035725700    0.0129785200
   0.0027883700    0.0016766500   -0.0090449500
   0.0000525300   -0.0026871200   -0.0019776700
  -0.0030324500    0.0016999800   -0.0106178400
  -0.0022558000    0.0013886100   -0.0020550900
   0.0023087900    0.0013406200   -0.0018766100
  -0.0000397100    0.0014757100    0.0009207900
  -0.0000147700   -0.0035000200   -0.0105508100
   0.0012518700   -0.0007574300    0.0010628000
  -0.0012418200   -0.0007131000    0.0012001300
   0.0515901600    0.0257219900    0.0018400800
   0.0471623000   -0.0224885400    0.0052368300
  -0.0048133400    0.0016228900   -0.0044398600
   0.0076226200   -0.0041288600    0.0057035200
  -0.0020259200   -0.0029305200    0.0011441100
  -0.0022089600    0.0011665200   -0.0030531600
   0.0003102300   -0.0024719700   -0.0044332900
   0.0014201000    0.0003745100   -0.0029667400
  -0.0017552200    0.0022391900   -0.0016453500
  -0.1248116500    0.0012456700   -0.0186144400
   0.0103744800   -0.0003896300   -0.0060071700
   0.0092145200    0.0005073100   -0.0045880200
   0.0017750800    0.0056823600   -0.0058673500
   0.0011647300   -0.0000340800   -0.0038617900
   0.0012018200   -0.0044442800   -0.0045903800
   0.0012176000    0.0038230500   -0.0047181200
   0.0020724000   -0.0050513300   -0.0048558400
   0.0008500800   -0.0002167300   -0.0028400300

37   
 -0.0043952803313199   0.0000000000000000  -0.0089822887288882
   0.0005109000    0.0002903500    0.0001621100
  -0.0006402000    0.0000461700   -0.0036890700
   0.0002664700   -0.0002368900   -0.0034989800
  -0.0002765600   -0.0005833600   -0.0036242300
   0.0000734500    0.0000745500   -0.0032705800
   0.0002655200   -0.0000212100   -0.0034393900
  -0.0000979800    0.0003068500   -0.0034686600
   0.0000877500    0.0002075100   -0.0034304400
   0.0000257000   -0.0000423600   -0.0030641200
   0.0021705300    0.0012529100    0.0158116900
   0.0000202800   -0.0002385800    0.0104336400
  -0.0021678700    0.0012596700    0.0160069000
  -0.0002015500    0.0001401400    0.0104188200
   0.0002254400    0.0001388800    0.0104376700
  -0.0000100800    0.0071391900    0.0130915300
   0.0000099400   -0.0025082600    0.0160143800
   0.0061692000   -0.0035823900    0.0131134800
  -0.0061585600   -0.0035598100    0.0131451300
   0.0030575600    0.0016924900   -0.0118520400
  -0.0000459700   -0.0027082800   -0.0022001400
  -0.0028032400    0.0016650100   -0.0102633500
  -0.0024086000    0.0013005700   -0.0021238400
   0.0023637400    0.0013533100   -0.0023028700
   0.0000470800    0.0013453400    0.0011147800
   0.0000227200   -0.0032462300   -0.0103304500
   0.0011979400   -0.0006599300    0.0009695600
  -0.0012006600   -0.0007003500    0.0008368500
  -0.0521583100   -0.0262451100   -0.0165854600
  -0.0483319200    0.0247261700   -0.0124806400
   0.0064836500    0.0010530900   -0.0022385000
  -0.0061313900    0.0006414100   -0.0123612500
   0.0020473600    0.0028986600    0.0002283700
   0.0007145200   -0.0039752400   -0.0036249700
   0.0028463600    0.0026077100   -0.0022509400
  -0.0045922500   -0.0002732500   -0.0037109600
   0.0017867600   -0.0022272300    0.0005756800
   0.1248065100    0.0006856300    0.0113198800
  -0.0103179200    0.0005079900   -0.0016283600
  -0.0094001100   -0.0004131400   -0.0012243800
  -0.0016921100   -0.0057571200   -0.0017531200
  -0.0012462900   -0.0000207500   -0.0037455300
  -0.0011883500    0.0052451300   -0.0009624400
  -0.0012124300   -0.0039992900   -0.0011100800
  -0.0013574300    0.0046223600   -0.0007213600
  -0.0015596200   -0.0002023300   -0.0027242900
