96   
12   

1    
  0.0060527963728518   0.0000000000000000   0.0079601291490020
  -0.1016048000   -0.0007777700   -0.0227180400
   0.0037269700    0.0017894000    0.0000892100
   0.0002650800    0.0007357200    0.0000911700
   0.0018991700    0.0020247500    0.0014641200
   0.0006114200    0.0024431200    0.0016870700
   0.0003587400    0.0000315700    0.0005905900
   0.0006572600   -0.0002023800    0.0006475300
  -0.0035976300   -0.0027754600   -0.0001298800
   0.0000012700    0.0001538900    0.0005720200
   0.0003053600    0.0001764200    0.0006188600
  -0.0012710100   -0.0008852800   -0.0003895000
   0.0003051000    0.0000435400    0.0006173500
  -0.0002935900    0.0006356100    0.0023744500
  -0.0027021400   -0.0040960900   -0.0008174500
   0.0005446200   -0.0001370900    0.0007315700
   0.0004739800    0.0000987200    0.0005028800
   0.0276757300    0.0117228400   -0.0100960700
   0.0004733100   -0.0014856800   -0.0018609100
  -0.0002375800   -0.0002036100   -0.0023645700
   0.0603706000   -0.0304485800    0.0171760600
  -0.0004203400    0.0001479000   -0.0025850600
  -0.0006061000   -0.0000015300   -0.0017073500
   0.0006899900    0.0013101000   -0.0016417300
   0.0008584200    0.0002454000   -0.0018424900
   0.0002776100    0.0000687900   -0.0028371300
   0.0020919800    0.0001581300   -0.0013902000
  -0.0001519900    0.0000636900   -0.0019829400
   0.0000687600   -0.0001906400   -0.0019157800
   0.0075038800    0.0194156300    0.0037136600
   0.0000112100    0.0004930000   -0.0016896800
  -0.0002618500    0.0001284800   -0.0019494600
  -0.0004242700   -0.0007366800   -0.0019933700
   0.0002351600    0.0002792300    0.0046534800
   0.0000827100   -0.0000241200    0.0044870100
   0.0001768100    0.0001925600    0.0045972800
  -0.0003437500    0.0000593200    0.0044709200
   0.0000132500    0.0000650000    0.0045009700
   0.0000734700    0.0000008400    0.0044898000
  -0.0000840500   -0.0002281800    0.0045829900
   0.0000720400    0.0004681800    0.0047195900
   0.0001103100    0.0000154300    0.0045565800
  -0.0000821500   -0.0000156700    0.0045283000
   0.0001198800    0.0000950200    0.0044789000
  -0.0000530600    0.0000059500    0.0045661100
  -0.0002447400   -0.0003348900    0.0045619300
   0.0006391800   -0.0003264000    0.0048220600
  -0.0000436900   -0.0000988300    0.0045230600
  -0.0001744800   -0.0001412500    0.0046173900
   0.0000093900   -0.0000580700   -0.0006605300
   0.0000743100   -0.0000024000   -0.0007876200
  -0.0000311200   -0.0000467800   -0.0008739400
   0.0000674300    0.0000260300   -0.0007308900
   0.0000422000    0.0000323100   -0.0007775800
   0.0000333000    0.0000008300   -0.0007871800
   0.0000337100    0.0000862100   -0.0008837000
   0.0000307400    0.0000330500   -0.0007092700
  -0.0000147000   -0.0000216200   -0.0008210300
   0.0000824600   -0.0000424300   -0.0008408300
   0.0000067200   -0.0000376000   -0.0007267000
   0.0000698700    0.0000030800   -0.0007805500
   0.0001112400    0.0000346500   -0.0006952200
   0.0000553500   -0.0000133300   -0.0006993500
   0.0000734900    0.0000371800   -0.0007539900
   0.0000000700   -0.0000168500   -0.0007179400
  -0.0001404000   -0.0001135400   -0.0084961100
  -0.0000195600   -0.0000167400   -0.0084133000
  -0.0001667600    0.0001300000   -0.0081466400
   0.0002370100    0.0000609300   -0.0081825900
  -0.0000159200   -0.0000012100   -0.0084230800
   0.0000145200    0.0000205900   -0.0084043300
   0.0001226800   -0.0000933100   -0.0085474500
   0.0000030500   -0.0001013300   -0.0084931300
   0.0000573800   -0.0000153000   -0.0083202800
  -0.0000106200    0.0001622100   -0.0085497200
   0.0000940400    0.0000008200   -0.0083848300
   0.0001003200    0.0000416300   -0.0084915800
   0.0002691500   -0.0000173600   -0.0079397500
  -0.0001168000   -0.0000143500   -0.0085223500
   0.0001131200    0.0000107100   -0.0085188600
   0.0001664500   -0.0000395400   -0.0084251300
  -0.0000414900   -0.0000334400    0.0063465700
  -0.0000018900    0.0000155100    0.0064316300
   0.0000882100   -0.0000396600    0.0063743600
   0.0000662800   -0.0000234200    0.0063614400
   0.0000167100   -0.0000099600    0.0064135600
  -0.0000087600   -0.0000031500    0.0064493900
   0.0000660600    0.0000233800    0.0064370400
   0.0000516500    0.0000082200    0.0064155500
   0.0000180000    0.0000759100    0.0063604100
   0.0000620600   -0.0000083200    0.0064211600
   0.0000096400    0.0000007000    0.0063659300
   0.0000288200    0.0000079900    0.0064318200
   0.0000246000    0.0000247300    0.0063838100
   0.0000618000    0.0000065300    0.0064103700
   0.0000435600   -0.0000324300    0.0064422800
   0.0000666200    0.0000008500    0.0063388100

1    
 -0.0060527963728518   0.0000000000000000  -0.0079601291490020
   0.1004037000   -0.0006630000    0.0159171300
  -0.0036807700   -0.0017570400    0.0013726100
  -0.0002375000   -0.0007285100    0.0013837300
  -0.0019104100   -0.0020206400    0.0000106900
  -0.0005482900   -0.0024536600   -0.0002123000
  -0.0003327300   -0.0000328900    0.0008874500
  -0.0006339400    0.0002056500    0.0008321200
   0.0036141800    0.0027971400    0.0015995300
   0.0000330900   -0.0001559700    0.0009012100
  -0.0002768200   -0.0001711100    0.0008595700
   0.0012946300    0.0008848600    0.0018664400
  -0.0002770700   -0.0000428200    0.0008580300
   0.0003460800   -0.0006461800   -0.0008935500
   0.0027103400    0.0040940200    0.0022802800
  -0.0005204000    0.0001403800    0.0007442700
  -0.0004436700   -0.0000962600    0.0009715000
  -0.0276964500   -0.0116341200    0.0054491400
  -0.0004365500    0.0014806600   -0.0024968300
   0.0002670600    0.0001898300   -0.0019952800
  -0.0619034100    0.0315336900   -0.0215865300
   0.0004441300   -0.0001447100   -0.0017702400
   0.0006405300   -0.0000028900   -0.0026573300
  -0.0006503000   -0.0013061400   -0.0027232600
  -0.0008399300   -0.0002545000   -0.0025217900
  -0.0002533600   -0.0000677700   -0.0015196000
  -0.0020581500   -0.0001642600   -0.0029742900
   0.0001774700   -0.0000675100   -0.0023797200
  -0.0000378200    0.0001896800   -0.0024467300
  -0.0074176100   -0.0192032600   -0.0078972700
   0.0000210800   -0.0004944400   -0.0026710300
   0.0002925800   -0.0001245700   -0.0024132900
   0.0004489600    0.0007467600   -0.0023705400
  -0.0002018200   -0.0002640500    0.0043244900
  -0.0000527700    0.0000260400    0.0044843600
  -0.0001491700   -0.0001936500    0.0043728600
   0.0003693300   -0.0000641200    0.0044988500
   0.0000165800   -0.0000640800    0.0044701100
  -0.0000445600   -0.0000005200    0.0044809900
   0.0001127900    0.0002298800    0.0043867500
  -0.0000414700   -0.0004596600    0.0042526400
  -0.0000817300   -0.0000155800    0.0044148300
   0.0001097900    0.0000145300    0.0044429300
  -0.0000882700   -0.0000949100    0.0044920600
   0.0000827600   -0.0000053100    0.0044038300
   0.0002569200    0.0003278300    0.0044114100
  -0.0005847400    0.0003134000    0.0041520900
   0.0000748600    0.0000984500    0.0044485300
   0.0002064900    0.0001429300    0.0043535300
   0.0000197200    0.0000564200   -0.0008893700
  -0.0000441600    0.0000032200   -0.0007668300
   0.0000601700    0.0000472600   -0.0006796300
  -0.0000383500   -0.0000241100   -0.0008225800
  -0.0000127800   -0.0000308000   -0.0007763900
  -0.0000043100   -0.0000004900   -0.0007671800
  -0.0000050400   -0.0000861500   -0.0006697100
  -0.0000012100   -0.0000324800   -0.0008423500
   0.0000428100    0.0000216900   -0.0007331000
  -0.0000535300    0.0000420700   -0.0007136100
   0.0000228800    0.0000381300   -0.0008266300
  -0.0000402900   -0.0000023600   -0.0007726100
  -0.0000790500   -0.0000336800   -0.0008554900
  -0.0000285300    0.0000153600   -0.0008461800
  -0.0000437900   -0.0000370400   -0.0008000100
   0.0000273700    0.0000160700   -0.0008374100
   0.0001686100    0.0001119600   -0.0083062900
   0.0000481300    0.0000166300   -0.0083883700
   0.0002006000   -0.0001318200   -0.0086602500
  -0.0002074500   -0.0000655700   -0.0086226000
   0.0000450500    0.0000013600   -0.0083792600
   0.0000154200   -0.0000193000   -0.0083977600
  -0.0000931400    0.0000934100   -0.0082538800
   0.0000248000    0.0001001900   -0.0083089100
  -0.0000264600    0.0000170500   -0.0084821600
   0.0000377000   -0.0001583700   -0.0082542200
  -0.0000659400   -0.0000004900   -0.0084157900
  -0.0000711000   -0.0000416100   -0.0083093600
  -0.0002527900    0.0000260200   -0.0088690600
   0.0001417600    0.0000144100   -0.0082815500
  -0.0000856200   -0.0000103400   -0.0082819400
  -0.0001389100    0.0000394300   -0.0083753500
   0.0000685500    0.0000328300    0.0064506600
   0.0000307000   -0.0000155700    0.0063680700
  -0.0000586900    0.0000398100    0.0064247800
  -0.0000354300    0.0000232400    0.0064363600
   0.0000121500    0.0000101800    0.0063856600
   0.0000382500    0.0000038700    0.0063502500
  -0.0000369800   -0.0000229100    0.0063610400
  -0.0000229200   -0.0000079500    0.0063830300
   0.0000109900   -0.0000737700    0.0064375900
  -0.0000327400    0.0000102400    0.0063765000
   0.0000190300   -0.0000006300    0.0064327200
   0.0000000800   -0.0000080100    0.0063678700
   0.0000054500   -0.0000242500    0.0064146100
  -0.0000341900   -0.0000070900    0.0063874700
  -0.0000149100    0.0000331000    0.0063567000
  -0.0000355900   -0.0000007500    0.0064580900

17   
  0.0060527963728518   0.0000000000000000   0.0079601291490020
   0.0265636400    0.0109839100   -0.0060979500
   0.0630360700   -0.0321912700    0.0192089900
  -0.0002434100   -0.0003323700    0.0004676300
   0.0004135300   -0.0014779800    0.0010039600
   0.0074110700    0.0205125700    0.0063865200
  -0.0004350400   -0.0007371200    0.0008452400
  -0.0002937000    0.0000508000    0.0009023200
  -0.0000392600    0.0005058300    0.0011745800
   0.0002046500    0.0001957100    0.0000467300
  -0.0000271400   -0.0001519200    0.0009851000
  -0.0001139500    0.0001058200    0.0008194500
   0.0021070400    0.0001471100    0.0014268000
  -0.0005161600    0.0000879500    0.0003143700
   0.0008393200    0.0002365900    0.0010089500
   0.0007227800    0.0013940600    0.0011581600
  -0.0006403800    0.0000031000    0.0011464300
  -0.1003226000    0.0006077000   -0.0215334200
   0.0014672500    0.0019567600   -0.0009870800
   0.0002784500    0.0006357400   -0.0029357200
   0.0043397000    0.0010494300   -0.0031912500
  -0.0010495400    0.0001568600   -0.0005520200
   0.0003904600    0.0000597500   -0.0024150700
   0.0006014500   -0.0001804700   -0.0021907500
  -0.0021943700   -0.0041689600   -0.0036359600
  -0.0001496700    0.0002475300   -0.0025137600
   0.0002879800    0.0001201700   -0.0023032800
  -0.0012499100   -0.0008820400   -0.0033574200
   0.0002871100    0.0001704000   -0.0023042100
   0.0003956000    0.0035629300   -0.0016513100
  -0.0036460200   -0.0025661200   -0.0025310500
   0.0006441500   -0.0002048300   -0.0022251500
   0.0003460300    0.0000352600   -0.0023832300
   0.0001639400    0.0000012000    0.0044862600
  -0.0001688100    0.0001869100    0.0045527500
  -0.0000418900   -0.0000307400    0.0044571900
  -0.0000215800   -0.0001845700    0.0043656500
   0.0000176900   -0.0001955900    0.0044698400
  -0.0000038000   -0.0000245900    0.0044177900
  -0.0000141900    0.0000321300    0.0044057200
   0.0000919500    0.0000698500    0.0044478000
  -0.0000596400    0.0000110500    0.0043815800
   0.0000401700   -0.0000050700    0.0044118800
  -0.0000042500    0.0000225800    0.0045321300
   0.0000452300   -0.0002237400    0.0044607200
  -0.0000293800    0.0000941800    0.0043763500
  -0.0001028200    0.0000355200    0.0045414200
  -0.0000761700    0.0000711600    0.0043906800
   0.0003114000    0.0001547300    0.0045305800
   0.0000003300    0.0000011000   -0.0007985500
   0.0000609800   -0.0000619600   -0.0009167200
  -0.0000068800   -0.0000325800   -0.0008041700
   0.0000156600    0.0000271100   -0.0008237600
  -0.0000173500    0.0000473800   -0.0009071300
  -0.0000035400   -0.0000096300   -0.0007964500
   0.0000232900   -0.0000038800   -0.0007901100
  -0.0000079300    0.0000121000   -0.0008332400
  -0.0000271100    0.0000127100   -0.0007624600
   0.0000148300    0.0000164500   -0.0007932900
   0.0000312100    0.0000230000   -0.0008453200
  -0.0000231400    0.0000856700   -0.0008935300
   0.0000089000    0.0000038300   -0.0008604400
   0.0000633600   -0.0000222400   -0.0008795700
   0.0000056300   -0.0000156200   -0.0008163200
  -0.0001405800   -0.0000668100   -0.0009701900
   0.0009060600    0.0005693500   -0.0073066900
   0.0000416500    0.0000213300   -0.0084609700
   0.0000403000    0.0000312200   -0.0085291000
  -0.0003264200    0.0001451300   -0.0082567000
   0.0000193800   -0.0000507100   -0.0085230300
   0.0000563900    0.0000011200   -0.0084977700
  -0.0000247600    0.0000281100   -0.0084677000
  -0.0000075300    0.0004128400   -0.0083075400
   0.0000793600    0.0000430500   -0.0085564000
   0.0000357800   -0.0000670700   -0.0084334500
  -0.0000857600   -0.0000068700   -0.0084577400
  -0.0000644700   -0.0000030900   -0.0084674400
  -0.0000775500   -0.0007099000   -0.0077826000
   0.0003039900   -0.0001788800   -0.0083137800
  -0.0000718800    0.0000133800   -0.0084629600
  -0.0004064600   -0.0002293400   -0.0083037400
  -0.0000273800   -0.0000163200    0.0063046500
   0.0000452700    0.0000509500    0.0063393500
  -0.0000059000    0.0000175700    0.0063134100
   0.0000211700   -0.0000097300    0.0063188200
   0.0000452000    0.0000187400    0.0063214300
   0.0000092300    0.0000010300    0.0062907900
  -0.0000378700   -0.0000055400    0.0063308100
  -0.0000159200    0.0000035100    0.0063406200
   0.0000026600   -0.0000215600    0.0063085100
  -0.0000292400   -0.0000538400    0.0063437600
  -0.0000181800    0.0000219900    0.0063565800
   0.0000562200   -0.0000627100    0.0063762100
   0.0000026100    0.0000289300    0.0063116700
   0.0000159700   -0.0000176300    0.0063748200
  -0.0000543100    0.0000436900    0.0063661600
   0.0000117100    0.0000167200    0.0063064200

17   
 -0.0060527963728518   0.0000000000000000  -0.0079601291490020
  -0.0265436100   -0.0110650200    0.0077335600
  -0.0615033600    0.0311005500   -0.0178267400
   0.0002162900    0.0003470600    0.0008793000
  -0.0004491300    0.0014845700    0.0003402700
  -0.0075091200   -0.0207205500   -0.0052178500
   0.0004048300    0.0007274100    0.0005014200
   0.0002619300   -0.0000514500    0.0004457700
   0.0000060100   -0.0005006200    0.0001744400
  -0.0002268200   -0.0001948200    0.0012967000
  -0.0000028800    0.0001544600    0.0003627000
   0.0000867800   -0.0000995000    0.0005287300
  -0.0021404200   -0.0001394500   -0.0000750700
   0.0004938700   -0.0000890300    0.0010265900
  -0.0008581200   -0.0002226900    0.0003369400
  -0.0007608200   -0.0013964300    0.0001939200
   0.0006073800    0.0000026400    0.0002037900
   0.1015052000    0.0006350700    0.0206735400
  -0.0014594800   -0.0019633200   -0.0034925700
  -0.0003050800   -0.0006426300   -0.0015528300
  -0.0043878100   -0.0010701000   -0.0012851900
   0.0009971500   -0.0001397800   -0.0039429700
  -0.0004157000   -0.0000582100   -0.0020723900
  -0.0006224400    0.0001778800   -0.0022994500
   0.0021811000    0.0041701900   -0.0008446600
   0.0001137900   -0.0002419000   -0.0019724400
  -0.0003145700   -0.0001213500   -0.0021862900
   0.0012270000    0.0008845300   -0.0011329400
  -0.0003154600   -0.0001725500   -0.0021871400
  -0.0004585600   -0.0035581800   -0.0028362900
   0.0036299500    0.0025498800   -0.0019454100
  -0.0006675900    0.0002042000   -0.0022667600
  -0.0003722800   -0.0000319700   -0.0021074600
  -0.0001899500    0.0000007900    0.0043627400
   0.0001425000   -0.0001850200    0.0042915300
   0.0000124700    0.0000314200    0.0043862700
  -0.0000117600    0.0001821300    0.0044762200
  -0.0000456500    0.0001971100    0.0043746900
  -0.0000253100    0.0000250900    0.0044254000
  -0.0000147400   -0.0000304200    0.0044372400
  -0.0001183800   -0.0000603500    0.0043922500
   0.0000291700   -0.0000092300    0.0044607200
  -0.0000680600    0.0000066300    0.0044314900
  -0.0000238900   -0.0000205300    0.0043111800
  -0.0000740300    0.0002252200    0.0043827400
  -0.0000014000   -0.0000935400    0.0044671300
   0.0000797600   -0.0000365500    0.0043000200
   0.0000483900   -0.0000700000    0.0044520300
  -0.0003423300   -0.0001542300    0.0043133000
  -0.0000282300    0.0000006700   -0.0008811200
  -0.0000892800    0.0000638900   -0.0007641800
  -0.0000223700    0.0000341500   -0.0008774100
  -0.0000439800   -0.0000248100   -0.0008552700
  -0.0000109500   -0.0000452400   -0.0007743900
  -0.0000251300    0.0000113900   -0.0008852100
  -0.0000526700    0.0000056400   -0.0008914300
  -0.0000209200   -0.0000119800   -0.0008449200
  -0.0000015800   -0.0000113300   -0.0009180900
  -0.0000439200   -0.0000153100   -0.0008883800
  -0.0000594900   -0.0000208000   -0.0008362100
  -0.0000055900   -0.0000831000   -0.0007881700
  -0.0000374700   -0.0000024800   -0.0008197700
  -0.0000930900    0.0000243700   -0.0007992500
  -0.0000341700    0.0000170400   -0.0008649600
   0.0001113100    0.0000680500   -0.0007108800
  -0.0009305700   -0.0005594500   -0.0096081600
  -0.0000708700   -0.0000185700   -0.0084689700
  -0.0000683700   -0.0000294700   -0.0084010800
   0.0003059700   -0.0001525000   -0.0086827600
  -0.0000481200    0.0000503700   -0.0084085700
  -0.0000844500    0.0000007100   -0.0084320000
  -0.0000039100   -0.0000271600   -0.0084621900
  -0.0000234200   -0.0004129600   -0.0086235700
  -0.0001066000   -0.0000401900   -0.0083740900
  -0.0000656300    0.0000686200   -0.0084960800
   0.0000556500    0.0000081300   -0.0084724800
   0.0000359400    0.0000047400   -0.0084626800
   0.0000401300    0.0007152600   -0.0091464200
  -0.0003361000    0.0001810900   -0.0086205200
   0.0000428100   -0.0000107200   -0.0084680700
   0.0003830600    0.0002352100   -0.0086291100
  -0.0000021300    0.0000174600    0.0063665500
  -0.0000740100   -0.0000491800    0.0063330900
  -0.0000219400   -0.0000163200    0.0063578500
  -0.0000497500    0.0000112100    0.0063522200
  -0.0000739000   -0.0000169400    0.0063505200
  -0.0000377300    0.0000006300    0.0063816400
   0.0000100200    0.0000065400    0.0063398100
  -0.0000147000   -0.0000027000    0.0063298600
  -0.0000314800    0.0000236800    0.0063630400
   0.0000003600    0.0000561200    0.0063275300
  -0.0000109900   -0.0000203600    0.0063155300
  -0.0000843100    0.0000640300    0.0062960100
  -0.0000313600   -0.0000269900    0.0063592700
  -0.0000461100    0.0000185300    0.0062959800
   0.0000254700   -0.0000419600    0.0063054900
  -0.0000402500   -0.0000143900    0.0063638400

33   
  0.0060527963728518   0.0000000000000000   0.0079601291490020
   0.0000636400    0.0001729000    0.0009873300
  -0.0001702000   -0.0000366700    0.0005523600
   0.0002039600   -0.0000715400    0.0007886800
   0.0000588400    0.0000315200    0.0007162100
  -0.0002347800   -0.0001345700    0.0007698100
   0.0000910100    0.0000113700    0.0006270100
  -0.0000443900    0.0000666900    0.0007341100
   0.0003608300   -0.0001656100    0.0012359600
   0.0000341600    0.0002499800    0.0008255500
   0.0000909500   -0.0000775000    0.0006682000
  -0.0000237300    0.0000126400    0.0007993100
  -0.0000028900   -0.0001020800    0.0006794300
  -0.0000884800   -0.0000653400    0.0007892100
   0.0000726600    0.0001565100    0.0009314900
   0.0000198600   -0.0000383400    0.0007156700
   0.0000747300    0.0000006200    0.0006997400
   0.0001929900    0.0000007500   -0.0021643800
  -0.0001860600   -0.0000106000   -0.0021287800
  -0.0000109100   -0.0001129700   -0.0021886800
   0.0000575400   -0.0001001900   -0.0022427200
  -0.0001452000   -0.0002778400   -0.0021559900
   0.0002401500    0.0000956500   -0.0020376400
   0.0000578400    0.0000111200   -0.0023341300
   0.0000730400    0.0001240300   -0.0022152500
  -0.0000992000    0.0000515400   -0.0022093200
   0.0000758500   -0.0001048900   -0.0021857800
   0.0000976300    0.0000632500   -0.0021680500
   0.0000704200   -0.0000083900   -0.0022339300
   0.0000974300    0.0002324600   -0.0022131600
   0.0000725900    0.0000355600   -0.0021584700
   0.0000138800    0.0000333700   -0.0022379500
   0.0000297300   -0.0000228500   -0.0022298700
  -0.0457399300   -0.0003487200   -0.0916896200
   0.0033437300    0.0002838200    0.0031939900
   0.0007478700    0.0006136300    0.0036669300
   0.0053394100    0.0036206000    0.0016739900
   0.0005997500    0.0026687300    0.0041013600
   0.0002979200   -0.0000060400    0.0041817500
   0.0007156000   -0.0002335200    0.0039266200
  -0.0017741700   -0.0063582600    0.0007729600
   0.0001512400    0.0003454000    0.0040696200
   0.0003098000    0.0002420200    0.0040542400
  -0.0009110200   -0.0009567700    0.0032646500
   0.0003106900   -0.0001922000    0.0040549100
   0.0016114600    0.0010761800    0.0033405600
  -0.0027850600   -0.0012788600    0.0015320500
   0.0003391900   -0.0000155400    0.0042127700
   0.0006740400    0.0002107000    0.0038964800
   0.0012842100   -0.0000023600    0.0585830500
   0.0008736100   -0.0004756500   -0.0004387600
   0.0003060000   -0.0003333600   -0.0012613400
  -0.0024097700   -0.0011998500   -0.0027383900
   0.0000140500    0.0010984800   -0.0004903000
   0.0002681000    0.0001882300   -0.0010687800
  -0.0000052300   -0.0000287200   -0.0012521200
  -0.0001769800    0.0025848800   -0.0026893700
  -0.0001688000    0.0002752000   -0.0010989400
  -0.0000564500   -0.0001567400   -0.0011603900
   0.0004085700    0.0000603000   -0.0014233200
  -0.0000316400    0.0002113900   -0.0011528700
  -0.0016419900   -0.0010446000   -0.0016420700
   0.0014525300   -0.0009606900   -0.0015415100
   0.0003239900   -0.0002047400   -0.0010654000
  -0.0000402300   -0.0000043600   -0.0012404400
  -0.0004214200   -0.0022352200   -0.0047303100
  -0.0001358600   -0.0003395300   -0.0078245300
  -0.0017073200   -0.0004302400   -0.0073853000
   0.0317048900   -0.0162598600    0.0212793700
  -0.0002815700   -0.0002717900   -0.0081313300
  -0.0002836500    0.0000003800   -0.0081625100
  -0.0003995200    0.0020177700   -0.0070796000
   0.0006562100    0.0002821200   -0.0078034600
  -0.0004052900   -0.0003954400   -0.0079111800
   0.0010475200   -0.0005792700   -0.0072989400
   0.0000796500    0.0001481500   -0.0082262000
  -0.0000393500   -0.0000785400   -0.0080887900
   0.0034974200    0.0187786600    0.0084284800
  -0.0000006000    0.0003804700   -0.0081388600
  -0.0001761400   -0.0000679600   -0.0081574400
  -0.0004935200   -0.0006625200   -0.0074677900
  -0.0015457900   -0.0007464900    0.0064285800
  -0.0005701100   -0.0000769400    0.0064216800
  -0.0000288700    0.0003115000    0.0071805500
   0.0046202200   -0.0028099400    0.0033350200
  -0.0002597100   -0.0003842600    0.0063992700
  -0.0001317900    0.0000003300    0.0066236100
  -0.0001913700   -0.0001998600    0.0072032300
   0.0006888300   -0.0002800400    0.0069330600
   0.0002217200    0.0000606800    0.0067793000
  -0.0002506700    0.0002908500    0.0068244200
   0.0000436500    0.0000755500    0.0066479800
   0.0001029600   -0.0001086900    0.0065760500
  -0.0002498000    0.0035630700    0.0048784300
  -0.0001316200    0.0004753000    0.0066189800
  -0.0000862300    0.0000350200    0.0066118900
   0.0003527700   -0.0001924300    0.0072480700

33   
 -0.0060527963728518   0.0000000000000000  -0.0079601291490020
  -0.0000338000   -0.0001763500    0.0004031400
   0.0002013500    0.0000337500    0.0008421900
  -0.0001737100    0.0000685900    0.0006054300
  -0.0000275600   -0.0000335300    0.0006776600
   0.0002657200    0.0001322100    0.0006226000
  -0.0000636300   -0.0000159100    0.0007733900
   0.0000738500   -0.0000704700    0.0006623200
  -0.0003283200    0.0001622200    0.0001621200
  -0.0000036000   -0.0002525300    0.0005687600
  -0.0000611500    0.0000745600    0.0007271400
   0.0000547800   -0.0000143000    0.0005967700
   0.0000330100    0.0000986100    0.0007144000
   0.0001195000    0.0000629400    0.0006047800
  -0.0000417100   -0.0001560800    0.0004678000
   0.0000102100    0.0000360500    0.0006782700
  -0.0000443300   -0.0000034000    0.0006944500
  -0.0001623600   -0.0000032900   -0.0022885600
   0.0002171100    0.0000066300   -0.0023207100
   0.0000411000    0.0001108300   -0.0022610500
  -0.0000288400    0.0000965600   -0.0022060900
   0.0001761900    0.0002760600   -0.0022922300
  -0.0002097800   -0.0000981700   -0.0024131600
  -0.0000254400   -0.0000147800   -0.0021175800
  -0.0000426100   -0.0001249800   -0.0022343400
   0.0001303700   -0.0000549800   -0.0022405000
  -0.0000453300    0.0001027800   -0.0022652500
  -0.0000674100   -0.0000660700   -0.0022816300
  -0.0000395800    0.0000057800   -0.0022158600
  -0.0000680900   -0.0002365700   -0.0022350700
  -0.0000404700   -0.0000384300   -0.0022918300
   0.0000165900   -0.0000357400   -0.0022119900
   0.0000009500    0.0000200300   -0.0022196700
   0.0445104900    0.0000297100    0.0995250900
  -0.0033109600   -0.0002895700    0.0056797200
  -0.0007181900   -0.0006158800    0.0052190900
  -0.0053393300   -0.0036396300    0.0072196200
  -0.0005687800   -0.0026845600    0.0047753200
  -0.0002695800    0.0000043500    0.0047041600
  -0.0006868100    0.0002300500    0.0049597600
   0.0018224100    0.0063848200    0.0081303000
  -0.0001161200   -0.0003506800    0.0048147800
  -0.0002827000   -0.0002440200    0.0048320400
   0.0009442400    0.0009567700    0.0056238600
  -0.0002817500    0.0001916600    0.0048326500
  -0.0015689800   -0.0010750300    0.0055444600
   0.0028237400    0.0012922500    0.0073594900
  -0.0003098000    0.0000131300    0.0046731900
  -0.0006467600   -0.0002138000    0.0049915600
  -0.0015151600   -0.0000063300   -0.0589498300
  -0.0008464500    0.0004751000   -0.0011867900
  -0.0002764300    0.0003309600   -0.0003760600
   0.0024539600    0.0012024500    0.0011067800
   0.0000179000   -0.0011056500   -0.0011432300
  -0.0002383600   -0.0001903700   -0.0005688100
   0.0000349400    0.0000261800   -0.0003849700
   0.0002079800   -0.0026013600    0.0010608900
   0.0002008800   -0.0002784800   -0.0005391100
   0.0000858200    0.0001548700   -0.0004768600
  -0.0003793300   -0.0000623100   -0.0002126000
   0.0000630300   -0.0002135000   -0.0004835100
   0.0016797000    0.0010464000    0.0000015400
  -0.0014284400    0.0009614200   -0.0000879600
  -0.0002937900    0.0002025600   -0.0005716000
   0.0000710500    0.0000011900   -0.0003956100
   0.0002618700    0.0021410000   -0.0120259300
   0.0001713000    0.0003362500   -0.0090589800
   0.0017371200    0.0004287300   -0.0095025300
  -0.0329922000    0.0171034300   -0.0388817600
   0.0003146300    0.0002750700   -0.0087509400
   0.0003156400   -0.0000036200   -0.0087219300
   0.0004293000   -0.0020254800   -0.0098117300
  -0.0006296600   -0.0002902500   -0.0090830400
   0.0004329600    0.0003874400   -0.0089722500
  -0.0010189700    0.0005754300   -0.0095898100
  -0.0000491900   -0.0001515600   -0.0086576400
   0.0000694400    0.0000758900   -0.0087966400
  -0.0034071600   -0.0189698200   -0.0253001100
   0.0000322800   -0.0003849400   -0.0087456500
   0.0002071100    0.0000652000   -0.0087271900
   0.0005238900    0.0006632500   -0.0094204800
   0.0016235900    0.0007732600    0.0063301800
   0.0006005400    0.0000729800    0.0062818800
   0.0000609800   -0.0003149900    0.0055224400
  -0.0046116000    0.0028221700    0.0093929800
   0.0002902700    0.0003818400    0.0063055900
   0.0001631300   -0.0000036700    0.0060822700
   0.0002239400    0.0001963600    0.0054985900
  -0.0006613200    0.0002762500    0.0057686300
  -0.0001913000   -0.0000648200    0.0059266500
   0.0002825300   -0.0002936700    0.0058790500
  -0.0000133400   -0.0000786400    0.0060564600
  -0.0000736300    0.0001064400    0.0061291500
   0.0002803900   -0.0036008400    0.0078583700
   0.0001626500   -0.0004780900    0.0060847600
   0.0001168300   -0.0000380300    0.0060927400
  -0.0003234300    0.0001926900    0.0054538400

49   
  0.0060527963728518   0.0000000000000000   0.0079601291490020
   0.0000560600   -0.0000108600    0.0007411000
  -0.0000342900    0.0000710200    0.0007849900
  -0.0000636300    0.0000696500    0.0005883700
   0.0000505300    0.0000344300    0.0006679500
   0.0000818000   -0.0000482700    0.0007630200
  -0.0000097500   -0.0000032400    0.0007300200
   0.0000458200   -0.0000372000    0.0007060400
   0.0000105500   -0.0000006000    0.0007712500
   0.0000193700   -0.0000990800    0.0005913800
  -0.0000253200    0.0000450400    0.0007300100
   0.0000459800    0.0000041300    0.0006820400
  -0.0000068600   -0.0000398900    0.0006649400
   0.0000803800    0.0000419000    0.0006311600
   0.0000026900    0.0000155600    0.0007505300
  -0.0000599400    0.0000168400    0.0006252400
   0.0000058000    0.0000040000    0.0006725000
   0.0000013200    0.0000040100   -0.0021944100
   0.0001008300   -0.0000043600   -0.0022836900
  -0.0000046500    0.0000664600   -0.0021994600
  -0.0000211200   -0.0000282900   -0.0022496400
   0.0000508200    0.0001124300   -0.0022873600
  -0.0001668800   -0.0000800300   -0.0023442200
   0.0000358100   -0.0000289300   -0.0022337600
   0.0000250600    0.0000215300   -0.0022459400
   0.0000578100   -0.0000321000   -0.0022214600
  -0.0000212300    0.0001209800   -0.0022891000
  -0.0000504800   -0.0000225000   -0.0021772600
   0.0000167300    0.0000088800   -0.0021886300
  -0.0000588900   -0.0000537400   -0.0022703300
   0.0000371900   -0.0000235500   -0.0022629500
   0.0000159700    0.0000045000   -0.0021783300
   0.0000074600   -0.0000013600   -0.0021990200
   0.0015152500    0.0000008000    0.0625714500
  -0.0023163600    0.0011542400    0.0024025000
   0.0002779700    0.0002508900    0.0039891700
   0.0007121700    0.0004568300    0.0049025700
  -0.0001863500   -0.0024634900    0.0024731100
  -0.0000020700    0.0000379700    0.0039583100
   0.0002285700   -0.0001627200    0.0042356400
  -0.0000619400   -0.0009526000    0.0048342900
   0.0003053000   -0.0000114500    0.0037683900
  -0.0000605300    0.0001374800    0.0040969900
  -0.0001235400   -0.0002274300    0.0042094200
  -0.0000851100   -0.0001349800    0.0040892700
   0.0013401000    0.0008788400    0.0037251800
  -0.0015618300    0.0009488900    0.0035862900
  -0.0000178100   -0.0000349000    0.0039851700
   0.0002235100    0.0001821300    0.0041936000
  -0.0457612800   -0.0006687500   -0.0950835800
   0.0057230300   -0.0038506200   -0.0036942600
   0.0009985500   -0.0005967200   -0.0016637900
   0.0035523000   -0.0002521900   -0.0020480500
  -0.0020050800    0.0068843600   -0.0046402600
   0.0008434200    0.0003157900   -0.0014407500
   0.0003891900   -0.0000454500   -0.0011217900
   0.0004785500   -0.0029526500   -0.0011090000
  -0.0009798000    0.0011465900   -0.0020611500
   0.0003035000   -0.0002578700   -0.0012813000
   0.0000604300   -0.0005371700   -0.0012668900
   0.0003024500    0.0002477600   -0.0012821000
  -0.0030773400    0.0014202500   -0.0038160800
   0.0015488600   -0.0012166900   -0.0019309800
   0.0008270900   -0.0002986100   -0.0014549300
   0.0004059800    0.0000640700   -0.0011086500
   0.0045239700    0.0027704300   -0.0114680400
  -0.0001618400   -0.0002858100   -0.0076778800
  -0.0005881900    0.0000668200   -0.0084053400
  -0.0016161200    0.0007849100   -0.0085291300
  -0.0002493700    0.0001388000   -0.0076478600
  -0.0002068600    0.0000037100   -0.0082017100
  -0.0002666800    0.0003522100   -0.0084357500
   0.0007111200    0.0002403600   -0.0078751200
  -0.0002764300   -0.0002612000   -0.0080120000
   0.0001336500    0.0000111100   -0.0080726400
   0.0000985400    0.0001356500   -0.0082265600
   0.0000541600   -0.0001024800   -0.0081453600
  -0.0002656100   -0.0035386100   -0.0099952200
   0.0002886600    0.0002488300   -0.0075551900
  -0.0001298500   -0.0000214400   -0.0081860900
  -0.0001222200   -0.0004762100   -0.0081960300
   0.0335225300    0.0172903700    0.0379812400
  -0.0017830200    0.0003970500    0.0074112300
  -0.0003410600    0.0003292700    0.0069751200
  -0.0003320800    0.0023161500    0.0103730900
  -0.0004038900   -0.0019979400    0.0077787300
  -0.0003952200    0.0000036600    0.0066835000
  -0.0003053000    0.0003960700    0.0066091600
   0.0007411300   -0.0003468700    0.0070345800
   0.0009709700    0.0004512200    0.0075605000
  -0.0003730000    0.0004455600    0.0068270200
  -0.0000708500    0.0001190800    0.0067437900
   0.0000660600   -0.0001905200    0.0065981200
   0.0036286900   -0.0193099900    0.0240220900
  -0.0006028800    0.0007805600    0.0073854200
  -0.0002704900    0.0000829700    0.0066706800
  -0.0000006300   -0.0004236900    0.0066828600

49   
 -0.0060527963728518   0.0000000000000000  -0.0079601291490020
  -0.0000693400    0.0000139200    0.0006260200
   0.0000205600   -0.0000683000    0.0005818000
   0.0000498500   -0.0000665600    0.0007774900
  -0.0000635700   -0.0000313900    0.0006980000
  -0.0000955900    0.0000505800    0.0006038900
  -0.0000069800    0.0000040100    0.0006409800
  -0.0000588500    0.0000397400    0.0006606900
  -0.0000224400    0.0000023400    0.0005976100
  -0.0000326800    0.0001013600    0.0007744700
   0.0000117600   -0.0000420400    0.0006367600
  -0.0000592600   -0.0000014400    0.0006845900
  -0.0000068200    0.0000420600    0.0007010500
  -0.0000934400   -0.0000389700    0.0007347300
  -0.0000161500   -0.0000103100    0.0006191800
   0.0000459100   -0.0000140800    0.0007408600
  -0.0000190800   -0.0000012200    0.0006939400
  -0.0000149300   -0.0000012300   -0.0022815800
  -0.0001137700    0.0000058100   -0.0021935200
  -0.0000087800   -0.0000638000   -0.0022773600
   0.0000071400    0.0000307600   -0.0022279500
  -0.0000651300   -0.0001087000   -0.0021897100
   0.0001537000    0.0000829600   -0.0021324400
  -0.0000488200    0.0000315800   -0.0022437900
  -0.0000384700   -0.0000179800   -0.0022317300
  -0.0000713300    0.0000348200   -0.0022551800
   0.0000080000   -0.0001182000   -0.0021882500
   0.0000369200    0.0000251200   -0.0022993800
  -0.0000301600   -0.0000058800   -0.0022882000
   0.0000447000    0.0000565000   -0.0022069400
  -0.0000496800    0.0000262500   -0.0022145200
  -0.0000291700   -0.0000017200   -0.0022985200
  -0.0000212000    0.0000039600   -0.0022779600
  -0.0012690600   -0.0000044900   -0.0549884900
   0.0022898500   -0.0011463900    0.0064516800
  -0.0002906200   -0.0002485500    0.0048715500
  -0.0007225700   -0.0004521400    0.0039450400
   0.0001728600    0.0024530300    0.0063774100
  -0.0000107600   -0.0000349500    0.0049020000
  -0.0002415200    0.0001661800    0.0046249200
   0.0000473100    0.0009516500    0.0040217500
  -0.0003179100    0.0000148400    0.0050909000
   0.0000480600   -0.0001341600    0.0047634600
   0.0001092200    0.0002299600    0.0046516800
   0.0000709200    0.0001385900    0.0047699600
  -0.0013471300   -0.0008729800    0.0051260700
   0.0015418600   -0.0009417700    0.0052770700
   0.0000043600    0.0000371700    0.0048737300
  -0.0002373100   -0.0001792200    0.0046664000
   0.0453882300   -0.0001596400    0.0966594100
  -0.0057026800    0.0038362500    0.0020228400
  -0.0010119500    0.0006009100   -0.0000011200
  -0.0035706800    0.0002514500    0.0003977800
   0.0019746600   -0.0068488700    0.0029591600
  -0.0008547300   -0.0003138400   -0.0002241000
  -0.0004009000    0.0000494300   -0.0005425300
  -0.0004925700    0.0029433400   -0.0005456500
   0.0009641500   -0.0011416900    0.0003935900
  -0.0003132200    0.0002611800   -0.0003833500
  -0.0000789800    0.0005378300   -0.0003963000
  -0.0003143100   -0.0002416000   -0.0003840300
   0.0030537400   -0.0014035600    0.0021477700
  -0.0015735800    0.0012223700    0.0002680200
  -0.0008363600    0.0003004200   -0.0002116300
  -0.0004189100   -0.0000613600   -0.0005558200
  -0.0045126600   -0.0027503600   -0.0054718600
   0.0001459900    0.0002871700   -0.0092311200
   0.0005754300   -0.0000654200   -0.0085044200
   0.0015549700   -0.0007528500   -0.0084369000
   0.0002333300   -0.0001365900   -0.0092607800
   0.0001928000   -0.0000015400   -0.0087101100
   0.0002532900   -0.0003496200   -0.0084751500
  -0.0007223900   -0.0002385900   -0.0090323800
   0.0002613700    0.0002641800   -0.0088978700
  -0.0001471600   -0.0000089700   -0.0088391600
  -0.0001111000   -0.0001325900   -0.0086845700
  -0.0000678000    0.0001047100   -0.0087654300
   0.0002510400    0.0035043400   -0.0069509500
  -0.0003011500   -0.0002435100   -0.0093528700
   0.0001160600    0.0000239400   -0.0087252500
   0.0001084800    0.0004793900   -0.0087127500
  -0.0322396900   -0.0164546500   -0.0246010000
   0.0017704700   -0.0003938300    0.0052686600
   0.0003252900   -0.0003276600    0.0056997700
   0.0005112400   -0.0024066300    0.0021680900
   0.0003902500    0.0019956100    0.0049045400
   0.0003800200   -0.0000015700    0.0059937400
   0.0002899600   -0.0003889600    0.0060655200
  -0.0007512300    0.0003432500    0.0056455100
  -0.0009820700   -0.0004474200    0.0051198700
   0.0003622700   -0.0004479500    0.0058497200
   0.0000577100   -0.0001162400    0.0059341100
  -0.0000797400    0.0001927800    0.0060786600
  -0.0036984000    0.0191297800   -0.0113660500
   0.0005883100   -0.0007740000    0.0052964500
   0.0002566400   -0.0000806300    0.0060060300
  -0.0000138500    0.0004250900    0.0059937800

65   
  0.0060527963728518   0.0000000000000000   0.0079601291490020
  -0.0004474400   -0.0002560800    0.0006911700
   0.0001722900    0.0003650000    0.0008201600
   0.0000099800   -0.0000137200    0.0006697200
  -0.0000845100   -0.0000167800    0.0005889100
   0.0004741900   -0.0001767000    0.0008606800
  -0.0001638200   -0.0001964300    0.0007800700
  -0.0000646100    0.0000052700    0.0005695800
  -0.0000684000    0.0000707700    0.0003964600
  -0.0000088200    0.0002620500    0.0006808400
   0.0000165100   -0.0000364900    0.0005237200
   0.0000286200   -0.0000027600    0.0006164000
  -0.0000568200   -0.0000077800    0.0004413200
  -0.0000784200   -0.0000063500    0.0005774700
   0.0000323700   -0.0000740800    0.0004374900
  -0.0000374400    0.0000246300    0.0005281400
  -0.0000538500    0.0000148500    0.0006002300
   0.0008549900    0.0005491800   -0.0011800300
  -0.0003609800    0.0001438800   -0.0021062700
  -0.0000388800   -0.0000051400   -0.0023488900
   0.0000484300   -0.0001327300   -0.0023480400
  -0.0001039600   -0.0007057800   -0.0016423700
  -0.0000829700   -0.0000259100   -0.0024329500
  -0.0001068400   -0.0000106900   -0.0023158200
  -0.0000945500    0.0000274200   -0.0018933300
  -0.0000579500   -0.0000122400   -0.0023322700
  -0.0001170400    0.0000027200   -0.0023079800
  -0.0001038400   -0.0000014000   -0.0023232700
   0.0001006900   -0.0000034800   -0.0023645200
  -0.0000737400    0.0000878400   -0.0023319600
  -0.0000425300   -0.0000092500   -0.0021628000
  -0.0000031000    0.0000484500   -0.0023649900
   0.0000196400   -0.0000031200   -0.0023513800
  -0.0013704200   -0.0027702400    0.0087195600
   0.0340088100   -0.0177185300    0.0340027300
  -0.0006984600    0.0001741000    0.0045909400
  -0.0012807100   -0.0014446000    0.0057793700
   0.0033748300    0.0202105800    0.0212134200
   0.0001306100   -0.0002692100    0.0048012900
  -0.0002432700    0.0001006000    0.0046327000
  -0.0007596300    0.0007732400    0.0051751100
  -0.0001484800   -0.0001982800    0.0046341500
   0.0000441500   -0.0001689000    0.0045877300
  -0.0001375900    0.0000580400    0.0046777400
   0.0006602800    0.0013321600    0.0057399800
  -0.0011008600   -0.0002282900    0.0052290600
   0.0005883300   -0.0005151900    0.0049881500
   0.0002906900    0.0003544200    0.0051464500
  -0.0003508500   -0.0000027300    0.0046277300
  -0.0005125200   -0.0001215400   -0.0001000000
   0.0033857400   -0.0021376600   -0.0047524400
  -0.0008936900    0.0003583200   -0.0006644800
   0.0000632400    0.0002781500   -0.0003397500
  -0.0003094000    0.0022440600   -0.0024230200
  -0.0003738300   -0.0006112400   -0.0004902300
  -0.0001675900    0.0000585900   -0.0006454300
   0.0004671900    0.0001184800   -0.0001796200
  -0.0000698900   -0.0005761200   -0.0006575200
   0.0000927900   -0.0001532100   -0.0006618100
  -0.0000142300    0.0000856800   -0.0006287000
  -0.0001479800   -0.0005785400   -0.0003456600
   0.0002197300    0.0000052600   -0.0004950900
   0.0006786400    0.0004834900   -0.0003346400
  -0.0008154100    0.0004969000   -0.0005080200
  -0.0002449500   -0.0000026600   -0.0006599500
  -0.0471010000    0.0005551700   -0.0520846300
   0.0025991700   -0.0002863400   -0.0080786900
   0.0013160500    0.0001549600   -0.0090931400
   0.0065240100    0.0012225000   -0.0110785100
  -0.0000135900    0.0011089200   -0.0085191200
   0.0001226800    0.0001145100   -0.0087861500
   0.0000993000   -0.0001055700   -0.0088544400
   0.0011566300   -0.0050215600   -0.0106444300
   0.0003407600    0.0005601800   -0.0089894700
  -0.0000795900   -0.0000172000   -0.0088200500
   0.0000664700   -0.0007245700   -0.0091984200
  -0.0000802200   -0.0000555600   -0.0088198700
   0.0019675500    0.0030241100   -0.0100187800
  -0.0008368100   -0.0000673700   -0.0091444300
   0.0000646100   -0.0000867900   -0.0088297500
   0.0001557100    0.0001330000   -0.0088101200
  -0.0007168000   -0.0000018900    0.0056261200
   0.0012534600    0.0008406500    0.0074667600
   0.0002455100   -0.0000797400    0.0059788300
  -0.0004577600    0.0001351500    0.0061691800
   0.0006840900    0.0004618600    0.0068115400
   0.0001380200    0.0001462900    0.0059718800
   0.0000215100   -0.0000846000    0.0058814900
  -0.0010183100    0.0005224000    0.0068214200
  -0.0000459600    0.0001651000    0.0060441000
  -0.0001201600   -0.0000705500    0.0059265100
   0.0000875700   -0.0000943700    0.0059131100
  -0.0000840300    0.0000726700    0.0059626000
  -0.0001668600   -0.0003089200    0.0061643700
  -0.0001609600   -0.0016704900    0.0074717700
   0.0001489100   -0.0001376900    0.0060066800
   0.0000175700    0.0000554300    0.0059183600

65   
 -0.0060527963728518   0.0000000000000000  -0.0079601291490020
   0.0004470000    0.0002540100    0.0006260600
  -0.0001781500   -0.0003792600    0.0004986800
  -0.0000206100    0.0000088800    0.0006490000
   0.0000770100    0.0000106300    0.0007325500
  -0.0004894700    0.0001766300    0.0004569500
   0.0001602300    0.0001922600    0.0005411600
   0.0000561400   -0.0000142200    0.0007534900
   0.0000580100   -0.0000805300    0.0009281400
   0.0000009200   -0.0002727000    0.0006379300
  -0.0000259900    0.0000305500    0.0007979900
  -0.0000373600   -0.0000034500    0.0007035900
   0.0000502400    0.0000036100    0.0008826400
   0.0000707000    0.0000001500    0.0007439200
  -0.0000428200    0.0000681800    0.0008856400
   0.0000312700   -0.0000293500    0.0007955900
   0.0000466000   -0.0000210900    0.0007210700
  -0.0008873000   -0.0005791300   -0.0033689600
   0.0003629500   -0.0001531900   -0.0024181600
   0.0000321100    0.0000002000   -0.0021738900
  -0.0000587400    0.0001295300   -0.0021757200
   0.0001067300    0.0007174300   -0.0028928500
   0.0000723100    0.0000188900   -0.0020921800
   0.0001008300    0.0000039800   -0.0022071700
   0.0000849300   -0.0000327200   -0.0026394400
   0.0000521300    0.0000055500   -0.0021909200
   0.0001100900   -0.0000092100   -0.0022145300
   0.0000967000   -0.0000062100   -0.0021994300
  -0.0001112700   -0.0000028700   -0.0021585700
   0.0000675000   -0.0000973100   -0.0021919300
   0.0000339500    0.0000040800   -0.0023654800
  -0.0000057500   -0.0000565500   -0.0021577100
  -0.0000282800   -0.0000038000   -0.0021720300
   0.0014831200    0.0028043000   -0.0000323900
  -0.0327115600    0.0168770900   -0.0244821700
   0.0006915600   -0.0001818800    0.0042235700
   0.0012698800    0.0014462700    0.0030264100
  -0.0034278800   -0.0199502300   -0.0124012600
  -0.0001343500    0.0002643700    0.0040118300
   0.0002348900   -0.0001099100    0.0041795700
   0.0007454500   -0.0007835800    0.0036371300
   0.0001400400    0.0001932900    0.0041780700
  -0.0000527800    0.0001624400    0.0042249500
   0.0001289500   -0.0000648300    0.0041342700
  -0.0006674000   -0.0013340600    0.0030757400
   0.0010948100    0.0002196600    0.0035801400
  -0.0006020400    0.0005060600    0.0038244000
  -0.0002903900   -0.0003579500    0.0036750400
   0.0003431600   -0.0000034100    0.0041846600
   0.0005183900    0.0001277000   -0.0015787000
  -0.0033480900    0.0020948000    0.0030497600
   0.0008790300   -0.0003629000   -0.0010474400
  -0.0000765400   -0.0002871500   -0.0013734500
   0.0002887000   -0.0022395100    0.0007387400
   0.0003696200    0.0005982300   -0.0012183900
   0.0001585800   -0.0000653300   -0.0010664900
  -0.0004742200   -0.0001195700   -0.0015316500
   0.0000608000    0.0005707400   -0.0010547100
  -0.0000990500    0.0001451800   -0.0010497500
   0.0000074300   -0.0000908300   -0.0010829200
   0.0001394200    0.0005722800   -0.0013652700
  -0.0002329000   -0.0000142300   -0.0012176100
  -0.0006739400   -0.0004899700   -0.0013747500
   0.0008012600   -0.0004987700   -0.0012022200
   0.0002353200   -0.0000033600   -0.0010511800
   0.0464647300    0.0006086500    0.0413414600
  -0.0025806900    0.0002795800   -0.0088885000
  -0.0013273700   -0.0001618300   -0.0078631800
  -0.0065781000   -0.0012309300   -0.0058641000
   0.0000021800   -0.0011140300   -0.0084438500
  -0.0001303400   -0.0001205100   -0.0081729300
  -0.0001039600    0.0000993600   -0.0081037900
  -0.0011557300    0.0050042400   -0.0063151900
  -0.0003495700   -0.0005681800   -0.0079675000
   0.0000732400    0.0000108300   -0.0081381700
  -0.0000765900    0.0007185300   -0.0077604600
   0.0000726900    0.0000479200   -0.0081377800
  -0.0019780300   -0.0030406500   -0.0069313200
   0.0008120100    0.0000779900   -0.0078275100
  -0.0000732800    0.0000804100   -0.0081289300
  -0.0001626000   -0.0001397200   -0.0081468000
   0.0007028600   -0.0000025600    0.0069937200
  -0.0012449100   -0.0008324100    0.0051817400
  -0.0002511600    0.0000734400    0.0066547200
   0.0004554500   -0.0001457900    0.0064562200
  -0.0006900900   -0.0004685400    0.0058203400
  -0.0001464700   -0.0001518500    0.0066609900
  -0.0000285800    0.0000768400    0.0067516100
   0.0010042400   -0.0005267400    0.0058147700
   0.0000384200   -0.0001710700    0.0065898700
   0.0001105500    0.0000641000    0.0067061800
  -0.0000945800    0.0000865400    0.0067192500
   0.0000767000   -0.0000796000    0.0066705800
   0.0001577400    0.0003109600    0.0064591500
   0.0001488800    0.0016391100    0.0051791300
  -0.0001553700    0.0001300900    0.0066251700
  -0.0000241700   -0.0000621300    0.0067157300

81   
  0.0060527963728518   0.0000000000000000   0.0079601291490020
  -0.0000307800   -0.0000051100    0.0006266400
   0.0000283500    0.0000352300    0.0006759500
   0.0000047900   -0.0000117100    0.0007237500
  -0.0000386100   -0.0000252700    0.0007455500
   0.0000367200   -0.0000030400    0.0006600300
  -0.0000211400   -0.0000267500    0.0006918300
   0.0000365600    0.0000013100    0.0007337200
  -0.0000043000   -0.0000073300    0.0007487000
  -0.0000187000    0.0000223800    0.0006751300
   0.0000145300    0.0000065900    0.0007285500
  -0.0000267400    0.0000018000    0.0006799300
   0.0000023700    0.0000372600    0.0007535600
  -0.0000564400    0.0000122400    0.0007552300
   0.0000074900    0.0000030500    0.0007361700
   0.0000361700   -0.0000298800    0.0007461600
  -0.0000094500    0.0000187400    0.0007358300
  -0.0000199500   -0.0000068400   -0.0022435600
  -0.0000011200   -0.0000002800   -0.0022068600
  -0.0000048800   -0.0000180800   -0.0022306900
   0.0000286300   -0.0000127200   -0.0021915000
  -0.0000048200    0.0000127200   -0.0022252300
  -0.0000381000   -0.0000072600   -0.0021977200
  -0.0000615200    0.0000170500   -0.0021713600
   0.0000515900   -0.0000406200   -0.0021937000
  -0.0000439600   -0.0000019000   -0.0021988800
   0.0000244000   -0.0000477400   -0.0021434200
  -0.0000018800    0.0000363100   -0.0021992500
   0.0000026200   -0.0000062800   -0.0022232000
  -0.0000106100    0.0000507200   -0.0021793400
  -0.0000221300    0.0000535200   -0.0021957700
   0.0000026000   -0.0000007600   -0.0022428200
   0.0000016800    0.0000018300   -0.0022473300
   0.0034979900    0.0021826200    0.0006071900
  -0.0005367800    0.0001479100    0.0053172300
   0.0001639900   -0.0002730700    0.0051198400
  -0.0008361100   -0.0003714000    0.0047084300
  -0.0002814800   -0.0023308900    0.0029591700
   0.0004870700   -0.0000914300    0.0052306400
  -0.0001237600   -0.0000534100    0.0047234000
  -0.0003433100    0.0005736800    0.0048605000
  -0.0000830000    0.0006264100    0.0050929800
  -0.0000124000   -0.0000624200    0.0047459400
   0.0000829500    0.0001212100    0.0047004500
  -0.0000219300    0.0005681500    0.0047339200
  -0.0007925000   -0.0005044400    0.0048872700
   0.0006478900   -0.0004769000    0.0050452100
   0.0002683600   -0.0000332500    0.0049396200
  -0.0001698000    0.0000021300    0.0047348100
   0.0334272200    0.0171530600    0.0292086000
  -0.0017320500    0.0030968100    0.0043055500
  -0.0013549600    0.0015117800    0.0006068000
  -0.0007862600   -0.0000630800   -0.0004939700
   0.0036747500   -0.0205058800    0.0169021300
  -0.0007675900   -0.0008673300    0.0001248800
  -0.0002793300   -0.0001096600   -0.0004666900
   0.0001473500    0.0003375500   -0.0003332200
   0.0007689100   -0.0014209000    0.0005639300
  -0.0001061800   -0.0000982500   -0.0004145400
   0.0000841700    0.0002116000   -0.0005189300
  -0.0001928000    0.0002133200   -0.0004547500
   0.0003994800   -0.0004854500    0.0000130600
   0.0007332800    0.0005320400   -0.0001040500
  -0.0011305400    0.0002632500    0.0000950900
  -0.0004040100    0.0000021500   -0.0004541700
  -0.0006835900    0.0000030000   -0.0090413900
  -0.0004275900   -0.0001418500   -0.0085108500
   0.0002724900    0.0001012300   -0.0087033100
   0.0012604700   -0.0008382800   -0.0072227700
  -0.0009830600   -0.0005104600   -0.0078694500
   0.0000518500    0.0000638800   -0.0087689000
   0.0001699900   -0.0001280600   -0.0086682900
   0.0007161900   -0.0004565900   -0.0078615200
   0.0001346100    0.0000812900   -0.0087534200
  -0.0000553200    0.0000697600   -0.0087185200
  -0.0000369700   -0.0001770700   -0.0086524500
  -0.0000911700   -0.0000671100   -0.0087549000
  -0.0001410300    0.0016420800   -0.0072269000
  -0.0001324900    0.0003145700   -0.0085071800
   0.0000482400   -0.0000789900   -0.0088002200
   0.0001672700    0.0001507000   -0.0087100000
  -0.0479731200    0.0000909600   -0.0466022200
   0.0062277000   -0.0012426400    0.0037076800
   0.0013555300   -0.0001565300    0.0058260500
   0.0025270900    0.0002181000    0.0065025500
   0.0010276300    0.0047694000    0.0040725800
   0.0001997200    0.0001560800    0.0059569000
   0.0001517100   -0.0001230400    0.0060897700
   0.0000920800   -0.0010835300    0.0061434300
   0.0001001800    0.0007265700    0.0057239500
  -0.0000659800   -0.0000266100    0.0060232700
   0.0003736300   -0.0005651600    0.0059303100
  -0.0000650100    0.0001028600    0.0060229700
  -0.0007909500    0.0001519100    0.0054693300
   0.0019243600   -0.0028033300    0.0047453700
   0.0002642000   -0.0001886900    0.0060034500
   0.0000893500    0.0000904900    0.0060422400

81   
 -0.0060527963728518   0.0000000000000000  -0.0079601291490020
   0.0000849100    0.0000060000    0.0008621300
   0.0000252200   -0.0000345600    0.0008118200
   0.0000495700    0.0000125700    0.0007640200
   0.0000927800    0.0000261700    0.0007426500
   0.0000170200    0.0000037600    0.0008276600
   0.0000752400    0.0000279400    0.0007959600
   0.0000172400   -0.0000006700    0.0007545100
   0.0000583200    0.0000075800    0.0007406600
   0.0000729500   -0.0000213100    0.0008129900
   0.0000389800   -0.0000055800    0.0007600400
   0.0000811500   -0.0000009500    0.0008083000
   0.0000518200   -0.0000362900    0.0007347900
   0.0001106000   -0.0000111300    0.0007327500
   0.0000460000   -0.0000016700    0.0007532700
   0.0000177300    0.0000310300    0.0007418000
   0.0000636900   -0.0000176400    0.0007524600
   0.0000740500    0.0000079300   -0.0021125700
   0.0000551000    0.0000012100   -0.0021493200
   0.0000586800    0.0000189400   -0.0021255700
   0.0000252000    0.0000132400   -0.0021649700
   0.0000587800   -0.0000118500   -0.0021309700
   0.0000922400    0.0000081000   -0.0021579000
   0.0001160500   -0.0000159100   -0.0021849400
   0.0000027300    0.0000419500   -0.0021617000
   0.0000980000    0.0000027000   -0.0021573400
   0.0000295600    0.0000490300   -0.0022132900
   0.0000555600   -0.0000357900   -0.0021565500
   0.0000517400    0.0000073600   -0.0021330700
   0.0000642300   -0.0000498800   -0.0021771000
   0.0000768300   -0.0000527100   -0.0021598600
   0.0000516000    0.0000020100   -0.0021133900
   0.0000521700   -0.0000009500   -0.0021092300
  -0.0034811800   -0.0022135200    0.0083533700
   0.0005810000   -0.0001363500    0.0036355600
  -0.0001046100    0.0002712300    0.0038627300
   0.0008921900    0.0003724800    0.0042732800
   0.0003488200    0.0023410500    0.0059915000
  -0.0004331700    0.0000964200    0.0037494900
   0.0001783200    0.0000537600    0.0042567100
   0.0003938100   -0.0005765900    0.0041176100
   0.0001374800   -0.0006235000    0.0038870600
   0.0000654500    0.0000642800    0.0042339000
  -0.0000295900   -0.0001209400    0.0042791200
   0.0000766200   -0.0005638600    0.0042475000
   0.0008491500    0.0005076100    0.0040923200
  -0.0006025000    0.0004772300    0.0039331900
  -0.0002089100    0.0000317400    0.0040422800
   0.0002246700   -0.0000006400    0.0042451100
  -0.0346939900   -0.0179995600   -0.0314335800
   0.0016555300   -0.0030437600   -0.0057153200
   0.0014105000   -0.0015030600   -0.0021465400
   0.0008395900    0.0000670500   -0.0010515300
  -0.0035681400    0.0207701000   -0.0184262200
   0.0008277800    0.0008626300   -0.0016679100
   0.0003337300    0.0001076600   -0.0010770800
  -0.0000977600   -0.0003352900   -0.0012102600
  -0.0007161500    0.0014261400   -0.0021133900
   0.0001616800    0.0000983100   -0.0011292800
  -0.0000291600   -0.0002105500   -0.0010249400
   0.0002457300   -0.0002127500   -0.0010882800
  -0.0003514600    0.0004882300   -0.0015664100
  -0.0006724500   -0.0005333400   -0.0014389800
   0.0011817800   -0.0002633300   -0.0016363800
   0.0004572800   -0.0000006100   -0.0010893400
   0.0007410600    0.0000002800   -0.0077355500
   0.0004767400    0.0001397700   -0.0082748800
  -0.0002191700   -0.0000991900   -0.0080889200
  -0.0012187600    0.0008511800   -0.0095802200
   0.0010410400    0.0005130600   -0.0089246800
   0.0000016000   -0.0000635700   -0.0080224500
  -0.0001158000    0.0001298400   -0.0081216300
  -0.0006632600    0.0004562600   -0.0089278000
  -0.0000804700   -0.0000811400   -0.0080377000
   0.0001104100   -0.0000689800   -0.0080719100
   0.0000902800    0.0001775300   -0.0081395500
   0.0001446200    0.0000677000   -0.0080366300
   0.0001981100   -0.0016607000   -0.0095787800
   0.0001866200   -0.0003067900   -0.0082767900
   0.0000050900    0.0000793000   -0.0079927500
  -0.0001140900   -0.0001506600   -0.0080809200
   0.0442558500    0.0003625300    0.0508150800
  -0.0061350600    0.0012432500    0.0090784500
  -0.0012980200    0.0001573900    0.0069720400
  -0.0025011500   -0.0002201500    0.0062960400
  -0.0009870200   -0.0047870100    0.0087252100
  -0.0001486600   -0.0001540900    0.0068421400
  -0.0000978700    0.0001245700    0.0067085000
  -0.0000337100    0.0010890100    0.0066550800
  -0.0000433200   -0.0007253900    0.0070785900
   0.0001180800    0.0000276700    0.0067752700
  -0.0003186000    0.0005646200    0.0068676600
   0.0001190800   -0.0001021300    0.0067750400
   0.0008615800   -0.0001286000    0.0073332600
  -0.0018687500    0.0027970600    0.0080456200
  -0.0002098300    0.0001885000    0.0067931600
  -0.0000344200   -0.0000900300    0.0067566800
