100  
8    

1    
  0.0053150566953522   0.0000000000000000   0.0084705473450770
  -0.2691957800   -0.0020544700   -0.1174286300
   0.0243719800   -0.0050125100    0.0034322600
   0.0060892000   -0.0000534300    0.0015265300
   0.0018544300    0.0022188300    0.0015148100
   0.0235466800    0.0048807600    0.0035997100
  -0.0057270900    0.0224945200    0.0034989000
   0.0057986600    0.0033661900    0.0020648700
   0.0026662800    0.0006820300    0.0014318900
   0.0009271100   -0.0005338200    0.0020592600
  -0.0059833000   -0.0218162300    0.0035339100
   0.0011316200    0.0052310000    0.0015245500
   0.0014314000    0.0007197700    0.0014332300
   0.0002563300   -0.0013834300    0.0014306600
  -0.0028964300   -0.0026669400    0.0015168600
  -0.0000237300    0.0012085200    0.0014978500
  -0.0009957800   -0.0007118100    0.0015186300
  -0.0000263100   -0.0028153300    0.0020621800
  -0.0007671400   -0.0040382800    0.0015227400
   0.0000097900   -0.0015204300    0.0015777900
   0.0016747100    0.0005895000    0.0015773300
  -0.0060310200    0.0120035700    0.0035829100
  -0.0056719500   -0.0125199700    0.0034504000
   0.0044013000   -0.0025617600    0.0015020400
   0.0026775600    0.0009577400    0.0015775200
   0.0023077600    0.0013480200    0.0014938500
   0.0013047100    0.0008417400   -0.0012408900
  -0.0013346800   -0.0003618700   -0.0013161200
   0.0001737300   -0.0000849500   -0.0012269500
   0.0015031000   -0.0003929300   -0.0014548500
  -0.0015509700    0.0008099500   -0.0013720500
  -0.0010474200   -0.0009481400   -0.0013284700
  -0.0006747100   -0.0003992000   -0.0012767800
   0.0008740100   -0.0004883200   -0.0013296700
   0.0010256700   -0.0011213200   -0.0014422900
  -0.0000853500   -0.0015244500   -0.0012860800
  -0.0000519300    0.0001204100   -0.0012119700
   0.0000337000    0.0008906800   -0.0013032800
   0.0000963000   -0.0000430400   -0.0012418400
   0.0005875000   -0.0001049900   -0.0011895700
  -0.0005792400   -0.0000078200   -0.0011677200
   0.0003359100    0.0014625100   -0.0013979400
  -0.0004183100    0.0013684300   -0.0013732600
   0.0002940500    0.0004615900   -0.0011639700
   0.0000841800    0.0000009700   -0.0012370400
  -0.0001965300    0.0005977700   -0.0011935500
  -0.0001517000   -0.0016432600   -0.0013066000
  -0.0013410900    0.0007124200   -0.0012253400
  -0.0002004700   -0.0005126000   -0.0011529800
   0.0004780300   -0.0004431000   -0.0012045500
   0.0012991200    0.0008116400   -0.0013472100
   0.0984284600    0.0324063700    0.0462796700
  -0.0056229700   -0.0016645900    0.0018275500
  -0.0033422100   -0.0002301000    0.0049976000
  -0.0059392300    0.0013097800    0.0018144500
   0.0971744100   -0.0313790500    0.0472289300
  -0.0033380900   -0.0063553300    0.0018265300
  -0.0025489400   -0.0008649100    0.0041673900
  -0.0031955100    0.0012376200    0.0041731200
  -0.0031813200    0.0068100000    0.0018159400
   0.0111684900    0.0001457700    0.0064687200
  -0.0006900000   -0.0015329300    0.0049953300
  -0.0010521000   -0.0003828800    0.0041701200
  -0.0002838300    0.0017627100    0.0049996400
   0.0012612900    0.0016672300    0.0045716000
   0.0010241500   -0.0009413300    0.0045697400
   0.0022282000    0.0003035400    0.0018198900
   0.0027081700   -0.0004245000    0.0018220800
  -0.0001057800    0.0019984900    0.0045688700
  -0.0005199800    0.0000020300    0.0038596200
  -0.0008623700   -0.0021599500    0.0045727200
   0.0425692700    0.0010226600    0.0467665900
  -0.0015472000    0.0073516100    0.0064728300
  -0.0023427300    0.0007330100    0.0045678000
  -0.0028591400   -0.0013101500    0.0045736400
  -0.0018699200   -0.0075184800    0.0064640800
   0.0000828600    0.0000095400   -0.0053763100
  -0.0003654500   -0.0003029200   -0.0055479900
   0.0002154500   -0.0002849400   -0.0054781500
   0.0000134700    0.0000406400   -0.0052089100
   0.0001450500    0.0002818000   -0.0046832100
  -0.0004155400   -0.0001532900   -0.0055506700
  -0.0000501500    0.0000004200   -0.0047807000
   0.0003907500   -0.0000550900   -0.0054747200
   0.0001843700   -0.0001017700   -0.0054227800
  -0.0000132300   -0.0001656100   -0.0054838400
  -0.0001053800    0.0003571800   -0.0055159700
   0.0001207500    0.0004307100   -0.0055097400
  -0.0000454700    0.0000181800   -0.0052125700
   0.0000393100   -0.0003656100   -0.0045815700
   0.0000728500   -0.0001019800   -0.0052256500
   0.0000799000   -0.0000386900   -0.0052921700
  -0.0000329400    0.0002107900   -0.0054834200
  -0.0003351000    0.0002162900   -0.0045955200
   0.0002912300    0.0001474700   -0.0045680300
   0.0000967900    0.0000960400   -0.0054223300
   0.0003482300   -0.0001158700   -0.0047387100
  -0.0001853400    0.0000153300   -0.0055140200
  -0.0000861400    0.0000675100   -0.0052187800
   0.0001448000   -0.0000470900   -0.0053918600
  -0.0001361200   -0.0001598000   -0.0046278900

1    
 -0.0053150566953522   0.0000000000000000  -0.0084705473450770
   0.2679935100   -0.0018441900    0.1236955100
  -0.0235148700    0.0048844600    0.0028736200
  -0.0018358500    0.0022261000    0.0025547700
  -0.0060866600   -0.0000697700    0.0025544600
  -0.0243624200   -0.0050211700    0.0030514400
   0.0059898600   -0.0218095200    0.0029417000
  -0.0008965500   -0.0005385600    0.0018931900
  -0.0026639500    0.0006824800    0.0014861600
  -0.0057904500    0.0033774600    0.0019048300
   0.0057258900    0.0225017800    0.0029828200
   0.0029093200   -0.0026523900    0.0025537900
  -0.0002394000   -0.0013975900    0.0014849600
  -0.0014142100    0.0007246400    0.0014876500
  -0.0011218000    0.0052312500    0.0025555500
   0.0000370500    0.0012226300    0.0013348000
   0.0007739200   -0.0040409600    0.0025537600
   0.0000358800   -0.0028281200    0.0018991000
   0.0010164400   -0.0007257300    0.0025556000
  -0.0016583100    0.0005907900    0.0016314000
  -0.0000009200   -0.0015214500    0.0016322400
   0.0056729200   -0.0125253600    0.0030303900
   0.0060428800    0.0119899100    0.0028934300
  -0.0022872900    0.0013333600    0.0013324100
  -0.0026519900    0.0009509700    0.0016318700
  -0.0044087600   -0.0025676900    0.0013371000
   0.0013849500    0.0006996700   -0.0016292800
  -0.0016847300   -0.0003960400   -0.0015355400
  -0.0001442600   -0.0000665800   -0.0012619300
   0.0015318600   -0.0003725500   -0.0013975600
  -0.0011136900    0.0007399400   -0.0014987300
  -0.0011194800   -0.0012794800   -0.0015232200
  -0.0009053900   -0.0005042600   -0.0013630600
   0.0007332400   -0.0004356200   -0.0013101300
   0.0011452100   -0.0011171700   -0.0014096900
   0.0001168400   -0.0018301200   -0.0014215200
  -0.0000711900   -0.0000554700   -0.0012768300
  -0.0000166500    0.0009387300   -0.0013366500
   0.0000407900    0.0001042100   -0.0012469600
   0.0005818600   -0.0001272500   -0.0012093400
  -0.0005701000   -0.0002528100   -0.0012310800
   0.0005275000    0.0015375400   -0.0014544400
  -0.0004098400    0.0016229200   -0.0014790400
   0.0000951200    0.0006611100   -0.0012351300
  -0.0000764000   -0.0000003100   -0.0012647300
  -0.0001586700    0.0005150500   -0.0012055600
   0.0001699600   -0.0014395400   -0.0015641200
  -0.0015661000    0.0009577200   -0.0014823200
  -0.0005704500   -0.0003858300   -0.0012459400
   0.0003303600   -0.0004293200   -0.0011947100
   0.0015985800    0.0008650500   -0.0013610400
  -0.0971417900   -0.0313739200   -0.0393002000
   0.0059445100    0.0013089700    0.0065769100
   0.0033593700   -0.0002343400    0.0043298100
   0.0056509900   -0.0016717800    0.0065459000
  -0.0984329800    0.0324147600   -0.0383979800
   0.0031924600    0.0067977100    0.0065742300
   0.0031980100    0.0012339300    0.0037734600
   0.0025621700   -0.0008694000    0.0037685800
   0.0033635500   -0.0063653000    0.0065493300
  -0.0111720000    0.0001313500    0.0028974600
   0.0003021600    0.0017622200    0.0043306100
   0.0010563500   -0.0003798900    0.0037712000
   0.0007117600   -0.0015348300    0.0043292700
  -0.0010162700   -0.0009526400    0.0044342700
  -0.0012532400    0.0016613800    0.0044362100
  -0.0026906400   -0.0004156400    0.0065590200
  -0.0022157200    0.0003114600    0.0065645000
   0.0008680700   -0.0021613300    0.0044359200
   0.0005402400    0.0000008600    0.0037658000
   0.0001211200    0.0020052900    0.0044342800
  -0.0425544600    0.0009998900   -0.0388605600
   0.0018591100   -0.0075147800    0.0029086300
   0.0028672400   -0.0013113200    0.0044373900
   0.0023645800    0.0007328400    0.0044333500
   0.0015559400    0.0073548100    0.0028855600
   0.0001656900    0.0001364500   -0.0050794000
  -0.0001211700   -0.0002498700   -0.0054454600
   0.0002989300   -0.0002684700   -0.0055160300
  -0.0002350500    0.0001007500   -0.0052453400
  -0.0001390100    0.0004226000   -0.0044216000
  -0.0003103800   -0.0000057200   -0.0054425000
   0.0000729500   -0.0000015700   -0.0047621200
   0.0003513700   -0.0001043800   -0.0055178800
  -0.0000287800   -0.0000207600   -0.0054069600
  -0.0001107600    0.0000471400   -0.0053457100
  -0.0001159900    0.0003394700   -0.0054782400
   0.0001278500    0.0002676700   -0.0054829500
  -0.0000695500   -0.0000994000   -0.0051996100
  -0.0000207500   -0.0003080200   -0.0045549800
   0.0000387700    0.0000176800   -0.0051854600
  -0.0000589400   -0.0002315200   -0.0051619800
   0.0000170400   -0.0000332100   -0.0053465100
  -0.0002247800    0.0001158000   -0.0045413100
   0.0002993700    0.0001854100   -0.0045691800
  -0.0000545000    0.0000879800   -0.0054060600
   0.0002663900   -0.0002356100   -0.0043664600
   0.0000280700   -0.0000777600   -0.0053156600
   0.0000925600    0.0000590000   -0.0051924300
   0.0000428400   -0.0000091200   -0.0054365200
  -0.0004662400   -0.0001877400   -0.0044765800

26   
  0.0053150566953522   0.0000000000000000   0.0084705473450770
  -0.0000147400    0.0000795200    0.0042577500
   0.0001106000   -0.0000294500    0.0033052700
   0.0020988800    0.0010978900    0.0020124800
  -0.0019501800    0.0011061100    0.0020487700
  -0.0001234000   -0.0000037300    0.0033324300
  -0.0000464300    0.0002101900    0.0033610200
   0.0023412800    0.0014099700    0.0019594700
   0.0000934000    0.0007021100    0.0014387600
  -0.0022567900    0.0014034100    0.0020296300
  -0.0000255700    0.0002261600    0.0033824400
   0.0019478400    0.0012395100    0.0020430000
   0.0006161000   -0.0002927500    0.0014365000
  -0.0004944100   -0.0003291500    0.0014665500
  -0.0019331600    0.0011712900    0.0020890600
  -0.0000186200    0.0010374400    0.0014788800
  -0.0000721100   -0.0023048600    0.0020430200
   0.0000262900   -0.0027428900    0.0019926800
   0.0001163300   -0.0023871800    0.0020544100
  -0.0008201700   -0.0005598600    0.0016215800
   0.0008635500   -0.0005141900    0.0016149200
  -0.0001383900   -0.0001013800    0.0033039400
   0.0001324400   -0.0001348500    0.0033004600
   0.0009615900   -0.0005996900    0.0014198900
   0.0000656700    0.0009419900    0.0016011000
  -0.0009129400   -0.0005448200    0.0014404400
  -0.2683032000   -0.0015928000   -0.1220755000
   0.0225397800   -0.0053179700   -0.0012483100
   0.0039916900   -0.0012143700   -0.0017716100
   0.0054817400    0.0007652100   -0.0019534600
   0.0225307600    0.0057375900   -0.0010816200
  -0.0069148700    0.0210670300   -0.0011802200
   0.0025732700    0.0015065700   -0.0012546200
   0.0034746400   -0.0004575200   -0.0013572800
   0.0044381300   -0.0030656100   -0.0013488900
  -0.0058597900   -0.0238117500   -0.0010673300
  -0.0009370200    0.0039902900   -0.0017724300
   0.0008490000    0.0019802400   -0.0013586400
   0.0009071300   -0.0010187700   -0.0012803500
  -0.0003052700   -0.0040512100   -0.0017258200
  -0.0006024000   -0.0001107500   -0.0011282000
  -0.0004468100    0.0031609900   -0.0019543500
  -0.0004409400    0.0015048500   -0.0013549600
  -0.0006932700   -0.0010975700   -0.0017259100
   0.0008436000   -0.0010475900   -0.0012886500
   0.0006619400    0.0016207800   -0.0012364600
  -0.0058029500    0.0107051400   -0.0011014000
  -0.0073423600   -0.0114375800   -0.0011553100
   0.0029746900   -0.0023998900   -0.0011306900
   0.0030706500   -0.0004342600   -0.0012369300
   0.0048026300    0.0027933000   -0.0012804900
  -0.0002291800   -0.0002166500    0.0037795400
   0.0002811400   -0.0001434200    0.0041871700
  -0.0000227600   -0.0002133200    0.0046737300
  -0.0002487600   -0.0001737400    0.0041307800
   0.0003414800   -0.0002307600    0.0037799900
   0.0000859500    0.0002666800    0.0041552400
   0.0003639400    0.0001976000    0.0039982300
  -0.0004046200    0.0002045500    0.0039533000
   0.0000035400    0.0002737800    0.0040997200
   0.0000582400    0.0002540200    0.0045421400
  -0.0001338500    0.0001022200    0.0046684600
  -0.0000160300   -0.0004110000    0.0039678400
   0.0001684000    0.0001453900    0.0046314200
   0.0001264200    0.0004558800    0.0044475500
  -0.0000318200    0.0004336900    0.0044679700
  -0.0002128400   -0.0001300200    0.0041607200
   0.0002516600   -0.0000996600    0.0041585300
   0.0004135300   -0.0000571700    0.0044827500
   0.0000310600    0.0000488200    0.0037959800
  -0.0003649800   -0.0001046400    0.0044837300
   0.0000419400    0.0003277200    0.0038324500
   0.0002556400   -0.0001248900    0.0046262700
   0.0003088300   -0.0002656100    0.0045055700
  -0.0002987200   -0.0002948100    0.0044850600
  -0.0002038100   -0.0001658100    0.0046101200
   0.0989604900    0.0327154400    0.0371140700
  -0.0060160400   -0.0017705400   -0.0078631300
  -0.0030893000   -0.0002745300   -0.0051751200
  -0.0059081800    0.0015529300   -0.0076245600
   0.0967714800   -0.0307929000    0.0386852100
  -0.0036314900   -0.0066439600   -0.0078659600
  -0.0028648100   -0.0010512000   -0.0045818600
  -0.0024966600    0.0009727600   -0.0053107400
  -0.0031818400    0.0065391100   -0.0078097400
   0.0111116200   -0.0000696700   -0.0036408300
  -0.0006067000   -0.0012965200   -0.0051745900
  -0.0009262500    0.0003511300   -0.0053086300
  -0.0005462500    0.0016099300   -0.0048847600
   0.0011550700    0.0009687000   -0.0045132600
   0.0011962200   -0.0013476500   -0.0051484800
   0.0024566800    0.0002146800   -0.0076120400
   0.0024756700   -0.0002900000   -0.0077943900
  -0.0007627500    0.0022534800   -0.0045112600
  -0.0002308100    0.0001694900   -0.0045332300
  -0.0004650400   -0.0019835600   -0.0053594300
   0.0428741700    0.0003837200    0.0382498200
  -0.0017635000    0.0074113700   -0.0036294500
  -0.0026028500    0.0010896000   -0.0051474600
  -0.0025081800   -0.0010452900   -0.0053602500
  -0.0020229900   -0.0076004900   -0.0027892100

26   
 -0.0053150566953522   0.0000000000000000  -0.0084705473450770
   0.0000473700   -0.0000818600    0.0038918100
   0.0005891400   -0.0001161400    0.0031632800
   0.0021706600    0.0010752600    0.0020535400
  -0.0022582000    0.0010459900    0.0020172500
  -0.0004923400   -0.0001523700    0.0031359600
   0.0002880900    0.0004484600    0.0031070700
   0.0025806900    0.0014234900    0.0019921300
  -0.0000712800    0.0006668100    0.0014701800
  -0.0025843000    0.0014470200    0.0019220400
  -0.0001722200    0.0004314200    0.0030859800
   0.0021000400    0.0013428100    0.0020227400
   0.0005944700   -0.0003860500    0.0014725900
  -0.0006441500   -0.0003313000    0.0014424400
  -0.0020504500    0.0013929900    0.0019768900
   0.0000531700    0.0013888700    0.0013437600
  -0.0001458300   -0.0024438500    0.0020229500
   0.0000039600   -0.0029158100    0.0019591700
   0.0001672700   -0.0023704300    0.0020117800
  -0.0008014000   -0.0003712300    0.0015785700
   0.0008248800   -0.0004193500    0.0015849400
  -0.0002847000   -0.0003858000    0.0031649200
   0.0003444900   -0.0003604800    0.0031684800
   0.0011773700   -0.0006236900    0.0014036000
  -0.0000218500    0.0009691100    0.0015989300
  -0.0011716400   -0.0006732700    0.0013827800
   0.2677755800   -0.0012707700    0.1184174300
  -0.0253576100    0.0045852800   -0.0017884800
  -0.0039369100    0.0010700400   -0.0007228800
  -0.0024333400   -0.0015213200   -0.0009166900
  -0.0253489800   -0.0041628500   -0.0016291100
   0.0048082300   -0.0232554200   -0.0017218600
  -0.0041307000   -0.0024070300   -0.0013999100
  -0.0018481400   -0.0004630000   -0.0012940700
  -0.0022481800    0.0008324700   -0.0015118800
   0.0058699500    0.0204905100   -0.0016147900
   0.0008457100   -0.0039158800   -0.0007249100
  -0.0008090500   -0.0001395500   -0.0012927600
  -0.0007508300    0.0010932500   -0.0012199300
   0.0014831800    0.0038293500   -0.0006878000
  -0.0005286800   -0.0001314100   -0.0012823900
   0.0013482100   -0.0001547500   -0.0009126400
  -0.0003667800    0.0015126300   -0.0015092700
   0.0010872000    0.0022259400   -0.0006820900
  -0.0008229500    0.0010573100   -0.0012249600
  -0.0009923700   -0.0004981200   -0.0011739300
   0.0059246300   -0.0138122100   -0.0016474400
   0.0043701300    0.0130820900   -0.0016998800
  -0.0037275700    0.0015090200   -0.0012784000
  -0.0022449600   -0.0004287700   -0.0011738600
  -0.0018783800   -0.0011062600   -0.0014413000
  -0.0005015900   -0.0002198600    0.0041165300
   0.0000236800   -0.0001893100    0.0041829800
   0.0000595800   -0.0002445100    0.0046421700
   0.0000163000   -0.0001642600    0.0042398000
   0.0004586200   -0.0002011800    0.0041152000
  -0.0002082600    0.0001451600    0.0042158500
   0.0003089300    0.0001816000    0.0039316500
  -0.0002119100    0.0001728300    0.0039757700
   0.0001947400    0.0001399900    0.0042722700
  -0.0000409800    0.0000495300    0.0048128500
  -0.0002285300    0.0001353400    0.0046472700
   0.0000398400   -0.0003344400    0.0039610100
   0.0002727500    0.0000912600    0.0046835600
   0.0001368200    0.0002654800    0.0045461900
  -0.0001729600    0.0002941600    0.0045257900
  -0.0001863100    0.0000699500    0.0042097700
   0.0002173400    0.0000403300    0.0042115600
   0.0003611100   -0.0000984300    0.0045111300
   0.0000108800   -0.0000380700    0.0038173800
  -0.0003491600   -0.0000447700    0.0045106400
  -0.0000046100    0.0005591200    0.0040625900
   0.0000284000   -0.0000339400    0.0047272700
   0.0002330800   -0.0003056100    0.0044878200
  -0.0001739000   -0.0002765200    0.0045092200
  -0.0000439500    0.0000055300    0.0047435900
  -0.0966494600   -0.0310925400   -0.0485087100
   0.0055847800    0.0012034600   -0.0031194000
   0.0036226300   -0.0002758300   -0.0058306500
   0.0056704700   -0.0014244800   -0.0028635200
  -0.0987813700    0.0329747400   -0.0468732100
   0.0029234500    0.0065268800   -0.0031204400
   0.0029042800    0.0010515200   -0.0049737100
   0.0032625900   -0.0011312400   -0.0056927900
   0.0033592100   -0.0066192000   -0.0030498000
  -0.0112152700   -0.0000621000   -0.0072000500
   0.0004001100    0.0019947600   -0.0058331100
   0.0011951400    0.0003417200   -0.0056957300
   0.0004571100   -0.0016900900   -0.0055375300
  -0.0011134800   -0.0016393600   -0.0046348500
  -0.0010685900    0.0012661700   -0.0052739300
  -0.0024577200   -0.0005269200   -0.0028581200
  -0.0024301000    0.0004248600   -0.0030433400
   0.0002318800   -0.0019162600   -0.0046379200
   0.0008408600    0.0001663700   -0.0046153600
   0.0005196100    0.0021715000   -0.0054801500
  -0.0422406700    0.0004077700   -0.0473650600
   0.0016735300   -0.0074665000   -0.0071956100
   0.0026322000   -0.0009590700   -0.0052759800
   0.0027131100    0.0009930200   -0.0054789600
   0.0013951500    0.0072602500   -0.0063419000

51   
  0.0053150566953522   0.0000000000000000   0.0084705473450770
   0.0967905600    0.0311423000    0.0473889400
   0.0991065100   -0.0327229200    0.0454962700
  -0.0036733500    0.0062104200   -0.0003620700
  -0.0054920200    0.0010726900    0.0023519700
  -0.0061299000   -0.0052013100    0.0008594300
   0.0426491200   -0.0002664900    0.0460311900
   0.0007710200   -0.0060364500    0.0037399100
  -0.0026236300   -0.0001857000    0.0015053800
  -0.0050721000    0.0022724300    0.0020307200
  -0.0018768500    0.0077382100    0.0050126700
   0.0044547500   -0.0019506000   -0.0003627100
   0.0000899600   -0.0025859900    0.0015058900
  -0.0011292000   -0.0003347600    0.0014867100
  -0.0025194800    0.0035346600    0.0020874900
   0.0024478900    0.0045173300   -0.0009629800
  -0.0006400000   -0.0040208300    0.0023537400
   0.0011231400   -0.0039752400    0.0020293400
   0.0012557200   -0.0012390400    0.0020854400
  -0.0013393200    0.0011916000    0.0019172800
  -0.0002431100   -0.0004543200    0.0017847000
  -0.0035134500   -0.0031864400    0.0008491500
   0.0113770200   -0.0002536300    0.0050057000
  -0.0022190700    0.0023282700   -0.0009729500
  -0.0028874100    0.0020094800    0.0017831000
  -0.0039548200   -0.0016608500    0.0015979800
   0.0014659400    0.0007700800   -0.0016207700
  -0.0016256800   -0.0003762700   -0.0015831700
  -0.0001448600   -0.0000591800   -0.0013075200
   0.0014725600   -0.0003525800   -0.0014320900
  -0.0011761300    0.0008080000   -0.0014751300
  -0.0010815800   -0.0012805200   -0.0015523000
  -0.0008875100   -0.0005409300   -0.0014009200
   0.0007257600   -0.0004649700   -0.0013470400
   0.0011108900   -0.0011023800   -0.0014332000
   0.0001205200   -0.0017667800   -0.0014239100
  -0.0000779000   -0.0000925000   -0.0012909100
  -0.0000079200    0.0008798500   -0.0013526700
   0.0000567600    0.0000693700   -0.0012659000
   0.0005847500   -0.0001123500   -0.0012216100
  -0.0005733100   -0.0002409700   -0.0012409400
   0.0004868400    0.0014860600   -0.0014442400
  -0.0003597300    0.0015668700   -0.0014704000
   0.0001519000    0.0006510600   -0.0012504100
  -0.0000750300    0.0000189200   -0.0012848200
  -0.0002085900    0.0005106100   -0.0012181500
   0.0001766500   -0.0014502900   -0.0015034600
  -0.0014542900    0.0009619500   -0.0014831700
  -0.0005316900   -0.0003633300   -0.0012800400
   0.0002915500   -0.0004088100   -0.0012259700
   0.0014976800    0.0008644300   -0.0013570800
  -0.2901998900    0.0019795700   -0.0662869200
   0.0260229300   -0.0017371000   -0.0050232500
   0.0047030700   -0.0002856800    0.0049532600
   0.0045651400   -0.0001066500    0.0044692900
   0.0260263500    0.0013738800   -0.0050748900
  -0.0011854600    0.0172737100   -0.0049947600
   0.0031033200    0.0028423900    0.0044486600
   0.0021438100    0.0001877400    0.0038174500
   0.0029030900   -0.0024558400    0.0046572700
  -0.0010494200   -0.0169322400   -0.0043721700
   0.0000680500    0.0027231200    0.0049520300
   0.0007283900    0.0006232300    0.0038177500
   0.0009441800   -0.0008851900    0.0045102900
   0.0003915900   -0.0022673600    0.0047823100
  -0.0019198900    0.0003433700    0.0049744900
   0.0000556500    0.0024611300    0.0044741500
  -0.0015829100   -0.0000270500    0.0046631100
   0.0006410100   -0.0025795800    0.0047875900
   0.0007415400   -0.0010052300    0.0036602500
   0.0003631200    0.0009162500    0.0043493100
  -0.0010572300    0.0143450800   -0.0051401000
  -0.0009642900   -0.0140086600   -0.0044654100
   0.0030548900   -0.0029495600    0.0049775500
   0.0022180700   -0.0002905600    0.0043500400
   0.0026613300    0.0025706600    0.0051515400
   0.0001078700    0.0001178600   -0.0050721200
  -0.0001412700   -0.0002465800   -0.0054218800
   0.0003307700   -0.0002675300   -0.0054969900
  -0.0001701700    0.0000778400   -0.0052516100
  -0.0001401900    0.0003820000   -0.0044744700
  -0.0003311000    0.0000185100   -0.0054393200
   0.0000755600    0.0000376300   -0.0047552300
   0.0003798900   -0.0000858100   -0.0055125700
  -0.0000017700   -0.0000376300   -0.0054221400
  -0.0001305000    0.0000348100   -0.0053604300
  -0.0001075200    0.0003887800   -0.0054949000
   0.0001224400    0.0003170000   -0.0054964000
  -0.0000695500   -0.0000904100   -0.0052082800
  -0.0000149900   -0.0003232000   -0.0045676900
   0.0000475400    0.0000272800   -0.0051985100
  -0.0000577100   -0.0001884000   -0.0052191900
  -0.0000266200   -0.0000168400   -0.0053723500
  -0.0002413300    0.0000963000   -0.0045422400
   0.0003261400    0.0001659700   -0.0045714800
  -0.0000047000    0.0001045900   -0.0054325100
   0.0002144300   -0.0002488200   -0.0044353800
  -0.0000272100   -0.0001002200   -0.0053085100
   0.0000984700    0.0000367300   -0.0051761700
   0.0001081500   -0.0000289800   -0.0054357200
  -0.0004126200   -0.0001984600   -0.0045492200

51   
 -0.0053150566953522   0.0000000000000000  -0.0084705473450770
  -0.0987474500   -0.0326299600   -0.0381954400
  -0.0964972200    0.0310902600   -0.0401072800
   0.0079027400   -0.0040344700    0.0043964000
   0.0012459000    0.0010786800    0.0016955800
   0.0054726200    0.0050506700    0.0056044600
  -0.0424493500   -0.0003023600   -0.0395811900
   0.0041904700    0.0088210000    0.0001856400
   0.0026130700    0.0015325100    0.0013849100
   0.0001793300    0.0005506600    0.0019029500
   0.0015632900   -0.0071327200    0.0014462900
  -0.0004512300    0.0045829600    0.0043916000
   0.0010872200    0.0019046100    0.0013847800
  -0.0000476700   -0.0003345200    0.0014039300
  -0.0015122900   -0.0009672700    0.0019602800
  -0.0024515400   -0.0020415500    0.0037864200
   0.0003837500   -0.0007207200    0.0016962400
  -0.0011353800   -0.0016819300    0.0019044200
  -0.0010103000   -0.0035192000    0.0019620300
  -0.0003247800   -0.0021169100    0.0012619900
   0.0018907600   -0.0004654700    0.0013968800
   0.0030469400    0.0027073000    0.0055964200
  -0.0109413300   -0.0002422300    0.0014452100
   0.0043213400   -0.0035448000    0.0037832800
   0.0028847300   -0.0000908600    0.0013982000
   0.0018355600    0.0004503300    0.0012073100
   0.0012030200    0.0007700400   -0.0012823400
  -0.0014150700   -0.0003825600   -0.0012990300
   0.0001510800   -0.0000919300   -0.0012105100
   0.0015441400   -0.0004119000   -0.0014494900
  -0.0015067000    0.0007406100   -0.0014262600
  -0.0011067100   -0.0009506700   -0.0013295200
  -0.0007137100   -0.0003658700   -0.0012681000
   0.0008608600   -0.0004597300   -0.0013216800
   0.0010416900   -0.0011379900   -0.0014480000
  -0.0001093100   -0.0015910200   -0.0013137800
  -0.0000646800    0.0001566100   -0.0012266700
   0.0000049500    0.0009502900   -0.0013160100
   0.0000595100   -0.0000074600   -0.0012517400
   0.0005652600   -0.0001211500   -0.0012061400
  -0.0005981800   -0.0000210500   -0.0011868500
   0.0003577200    0.0015152800   -0.0014371000
  -0.0004901600    0.0014252600   -0.0014112800
   0.0002172800    0.0004727200   -0.0011778000
   0.0000605300   -0.0000196000   -0.0012458000
  -0.0001654800    0.0006024100   -0.0012097300
  -0.0001781900   -0.0016302700   -0.0013981800
  -0.0014741300    0.0007118000   -0.0012553600
  -0.0002625400   -0.0005341400   -0.0011483000
   0.0004955600   -0.0004626600   -0.0012022500
   0.0013837300    0.0008132700   -0.0013805100
   0.2902454500    0.0019915400    0.0751315300
  -0.0254973900    0.0014209700    0.0131827800
  -0.0046971100   -0.0001660600    0.0043549500
  -0.0048496100   -0.0002263100    0.0038802500
  -0.0255256700   -0.0017882700    0.0131512700
   0.0009634100   -0.0168626000    0.0132142400
  -0.0024974800   -0.0024692200    0.0034736900
  -0.0028035500    0.0001885300    0.0040972700
  -0.0027165100    0.0028644800    0.0036933400
   0.0010858600    0.0172337900    0.0138484400
  -0.0004798000   -0.0025051400    0.0043556800
  -0.0007497400   -0.0013794300    0.0040961900
  -0.0005386900    0.0011145900    0.0047910200
  -0.0001605600    0.0029710000    0.0041905300
   0.0016745500    0.0003522600    0.0040049200
  -0.0004966900   -0.0025378300    0.0038823100
   0.0020132900   -0.0000365900    0.0036931500
   0.0000935300    0.0024073500    0.0041915500
  -0.0007384200    0.0009964300    0.0039386600
  -0.0011205300   -0.0010844500    0.0046303600
   0.0010772500   -0.0134983200    0.0130798500
   0.0011862000    0.0138087700    0.0137450300
  -0.0025471200    0.0023617800    0.0040024400
  -0.0027310100   -0.0002909500    0.0046298400
  -0.0029574500   -0.0027481400    0.0041875400
   0.0001226200    0.0000287000   -0.0054130500
  -0.0003645500   -0.0003067400   -0.0056021800
   0.0001625200   -0.0002855600   -0.0055285300
  -0.0000723500    0.0000635700   -0.0052334800
   0.0001235700    0.0003228600   -0.0046596400
  -0.0004137600   -0.0001767200   -0.0055850500
  -0.0000729100   -0.0000385600   -0.0048189300
   0.0003417400   -0.0000730300   -0.0055115300
   0.0001361400   -0.0000837200   -0.0054386700
  -0.0000144500   -0.0001514900   -0.0054998700
  -0.0001340100    0.0003078400   -0.0055308200
   0.0001051600    0.0003807000   -0.0055275000
  -0.0000654500    0.0000083000   -0.0052351700
   0.0000130800   -0.0003499400   -0.0046001900
   0.0000440200   -0.0001105400   -0.0052439700
   0.0000565300   -0.0000840300   -0.0052656200
  -0.0000088900    0.0001924200   -0.0054880200
  -0.0003381100    0.0002348700   -0.0046255300
   0.0002438300    0.0001656900   -0.0045969700
   0.0000270600    0.0000785300   -0.0054271000
   0.0003793100   -0.0001041200   -0.0046983200
  -0.0001479400    0.0000374600   -0.0055508500
  -0.0001131000    0.0000896000   -0.0052659500
   0.0000593200   -0.0000278800   -0.0054237300
  -0.0002112200   -0.0001507100   -0.0045850400

76   
  0.0053150566953522   0.0000000000000000   0.0084705473450770
  -0.0001038100   -0.0000939900    0.0039525800
   0.0004625300   -0.0001746600    0.0030979200
   0.0022793500    0.0010271000    0.0020136100
  -0.0021591800    0.0010510400    0.0020357000
  -0.0004735600   -0.0001267000    0.0031866800
   0.0001053800    0.0004019800    0.0030590500
   0.0026230100    0.0014438400    0.0018778200
   0.0000503700    0.0006549600    0.0014591600
  -0.0025385200    0.0014116500    0.0019561200
  -0.0002504100    0.0003555500    0.0031405700
   0.0020646100    0.0014430500    0.0019615400
   0.0006493300   -0.0003203700    0.0014412100
  -0.0006057500   -0.0003530600    0.0014506100
  -0.0020715600    0.0013290500    0.0019971200
  -0.0000348600    0.0013579400    0.0013352300
  -0.0001415900   -0.0023464000    0.0020130000
  -0.0000095700   -0.0028824400    0.0019577300
   0.0001427100   -0.0024039700    0.0020131900
  -0.0008148000   -0.0004009000    0.0015785800
   0.0008210200   -0.0003614400    0.0015745400
  -0.0003168900   -0.0003193600    0.0031894600
   0.0002389500   -0.0003594300    0.0031721000
   0.0011658500   -0.0006665200    0.0013849700
   0.0000361700    0.0009720500    0.0015999600
  -0.0011317200   -0.0006095400    0.0013957800
   0.0981689200    0.0319387000    0.0418939200
   0.0972135000   -0.0329924700    0.0408196600
  -0.0057944800    0.0050559800   -0.0036329000
  -0.0018615600   -0.0003763200   -0.0011076100
  -0.0071262400   -0.0043437300   -0.0038181800
   0.0414579400   -0.0017552100    0.0413704500
  -0.0024773600   -0.0079077500    0.0004498700
  -0.0018270100   -0.0013302700   -0.0012655400
  -0.0015453500   -0.0002658000   -0.0013754100
  -0.0017414400    0.0057300000    0.0004171400
   0.0023784200   -0.0032168600   -0.0036377800
  -0.0004984200   -0.0013325800   -0.0012657800
  -0.0004797500    0.0000323000   -0.0012125900
   0.0000748400    0.0021355900   -0.0011485900
   0.0018691800    0.0031671400   -0.0035770600
  -0.0000822200   -0.0001439900   -0.0011068300
   0.0007086300    0.0003612400   -0.0013739400
   0.0013176000    0.0017129100   -0.0011468300
  -0.0005178500    0.0016575600   -0.0009328200
  -0.0012525300    0.0005641600   -0.0010151000
  -0.0032729100   -0.0044686100   -0.0038260900
   0.0096962500    0.0008454700    0.0004163700
  -0.0036705300    0.0025056800   -0.0035800800
  -0.0025032300    0.0006285500   -0.0010138500
  -0.0014401800   -0.0002024200   -0.0011711200
  -0.0003911700   -0.0001755200    0.0041124400
   0.0000037600   -0.0001384000    0.0042716000
  -0.0000468500   -0.0002264900    0.0046431300
  -0.0000520100   -0.0001649300    0.0041959500
   0.0004918000   -0.0001908700    0.0040325600
  -0.0001619800    0.0001348600    0.0043113000
   0.0002168500    0.0001643000    0.0039787900
  -0.0003026800    0.0001837000    0.0039540500
   0.0001864200    0.0001766100    0.0042253700
   0.0000524100    0.0000819800    0.0047918400
  -0.0002599000    0.0000697100    0.0046781100
  -0.0000252300   -0.0003590700    0.0039591200
   0.0002433400    0.0001184600    0.0046654900
   0.0001646500    0.0002939700    0.0045314800
  -0.0001260200    0.0002629500    0.0045477600
  -0.0002086300    0.0000122900    0.0042009900
   0.0002159100    0.0000410000    0.0042048200
   0.0003575000   -0.0000628200    0.0045066000
   0.0000043100   -0.0000431900    0.0038127400
  -0.0003667300   -0.0001051900    0.0045081100
   0.0000376900    0.0005407000    0.0040173100
   0.0000661000    0.0000139800    0.0047408700
   0.0001878000   -0.0002622100    0.0044974200
  -0.0002335200   -0.0002934200    0.0044906300
  -0.0000702400   -0.0000444800    0.0047048700
  -0.2898864600    0.0020540600   -0.0758889800
   0.0256558100   -0.0018454200   -0.0147185700
   0.0049602900   -0.0003300400   -0.0052087600
   0.0045764800    0.0001377000   -0.0049407000
   0.0256232300    0.0019438900   -0.0135656300
  -0.0014680000    0.0170088600   -0.0146857100
   0.0027983900    0.0026615400   -0.0042955100
   0.0028368800   -0.0000735100   -0.0056458200
   0.0028840700   -0.0027140400   -0.0049400800
  -0.0011157700   -0.0171213900   -0.0144602000
   0.0001534100    0.0029631100   -0.0052075500
   0.0008554000    0.0013499000   -0.0056465900
   0.0006763900   -0.0010412300   -0.0053545400
   0.0002787200   -0.0029548100   -0.0042828600
  -0.0017506900   -0.0000486400   -0.0047301900
   0.0002751300    0.0023550800   -0.0049387900
  -0.0018143800    0.0000867800   -0.0049396300
  -0.0000107400   -0.0023367800   -0.0042821200
   0.0010295900   -0.0008384700   -0.0047185400
   0.0007517200    0.0010889100   -0.0055633000
  -0.0007661700    0.0137169000   -0.0136371800
  -0.0011633000   -0.0139687000   -0.0145643400
   0.0028071600   -0.0025997300   -0.0047328900
   0.0025592400   -0.0000292900   -0.0055636800
   0.0024887300    0.0024787100   -0.0040747300

76   
 -0.0053150566953522   0.0000000000000000  -0.0084705473450770
   0.0001051300    0.0000978700    0.0041906600
   0.0002014100    0.0000341900    0.0033639300
   0.0019558600    0.0011512100    0.0020442400
  -0.0020819200    0.0011063900    0.0020218400
  -0.0001724700   -0.0000236100    0.0032738700
   0.0001015700    0.0002586700    0.0034027500
   0.0022653200    0.0013933300    0.0020661600
  -0.0000626500    0.0007182800    0.0014413200
  -0.0023353800    0.0014419900    0.0019871600
   0.0000238200    0.0003044800    0.0033205400
   0.0019502300    0.0011406700    0.0020959100
   0.0005269700   -0.0003570200    0.0014591700
  -0.0005645400   -0.0003046200    0.0014495700
  -0.0019439400    0.0012393100    0.0020602400
   0.0000359300    0.0010679800    0.0014792700
  -0.0001098600   -0.0023979500    0.0020442300
   0.0000081900   -0.0027700300    0.0019853400
   0.0001064200   -0.0023487300    0.0020442300
  -0.0008399000   -0.0005274500    0.0016128300
   0.0008358700   -0.0005680400    0.0016166200
  -0.0001376500   -0.0001616100    0.0032712400
   0.0002056600   -0.0001299100    0.0032889200
   0.0009379500   -0.0005503200    0.0014301400
  -0.0000260400    0.0009440100    0.0015914900
  -0.0009846400   -0.0006048300    0.0014188900
  -0.0974476100   -0.0318702200   -0.0437255500
  -0.0982957900    0.0307623100   -0.0447547500
   0.0058105800   -0.0051920300    0.0011098200
   0.0048846900   -0.0003764400   -0.0017659700
   0.0044515500    0.0059084400    0.0009386200
  -0.0436376800   -0.0016857500   -0.0442434900
   0.0009644600    0.0069678600   -0.0031187200
   0.0034308500    0.0003979400   -0.0013954300
   0.0036963300   -0.0019806300   -0.0014977100
   0.0016782800   -0.0091234000   -0.0031385900
  -0.0025184700    0.0033483800    0.0011092800
   0.0005122000    0.0031767700   -0.0013950100
   0.0006051600    0.0000368000   -0.0012972100
   0.0010741100   -0.0023533700   -0.0012714400
  -0.0030299600   -0.0033601400    0.0011757400
   0.0009343300    0.0031659600   -0.0017642800
  -0.0015512600    0.0026438400   -0.0014993700
  -0.0009380100   -0.0005765700   -0.0012735400
   0.0005107600   -0.0016366700   -0.0015921500
   0.0008838300    0.0005778700   -0.0014049100
   0.0032717500    0.0014117700    0.0009278600
  -0.0126169400    0.0008394800   -0.0031459300
   0.0028913600   -0.0033818900    0.0011655500
   0.0032913000   -0.0014789600   -0.0014065300
   0.0043356600    0.0019039500   -0.0015580100
  -0.0003725900   -0.0002571700    0.0037734000
   0.0002703600   -0.0001903200    0.0040898900
   0.0000518200   -0.0002267900    0.0046652600
  -0.0002149300   -0.0001687000    0.0041671800
   0.0002739300   -0.0002364900    0.0038540500
   0.0000078000    0.0002832100    0.0040511800
   0.0004249600    0.0002197400    0.0039437400
  -0.0003472500    0.0001980200    0.0039678100
  -0.0000221500    0.0002421500    0.0041391400
  -0.0000691000    0.0002272700    0.0045546200
  -0.0001349300    0.0001726100    0.0046306500
   0.0000165500   -0.0003825400    0.0039627300
   0.0001644400    0.0001228700    0.0046426500
   0.0000651000    0.0004326500    0.0044551600
  -0.0001114100    0.0004703100    0.0044386200
  -0.0002235100   -0.0000690900    0.0041627300
   0.0002206400   -0.0000976900    0.0041582900
   0.0003840000   -0.0000896900    0.0044804300
   0.0000046300    0.0000576500    0.0037937200
  -0.0003803600   -0.0000402300    0.0044795400
  -0.0000337200    0.0003481100    0.0038696400
   0.0001859400   -0.0001710400    0.0046047100
   0.0003218600   -0.0003054800    0.0044886400
  -0.0002718800   -0.0002739400    0.0044966700
  -0.0002115000   -0.0001131000    0.0046416800
   0.2901881500    0.0015576300    0.0655241900
  -0.0258963200    0.0013224400    0.0035069400
  -0.0044506600   -0.0002041900   -0.0058009700
  -0.0048199800    0.0000222900   -0.0055422200
  -0.0258914400   -0.0012093300    0.0046364100
   0.0006711300   -0.0171532800    0.0035335800
  -0.0028163000   -0.0026523100   -0.0052626900
  -0.0021087400   -0.0000711200   -0.0053692900
  -0.0027139800    0.0026016300   -0.0059186100
   0.0010386400    0.0170181700    0.0037453400
  -0.0003956100   -0.0022709900   -0.0058021300
  -0.0006249300   -0.0006454200   -0.0053688100
  -0.0008003400    0.0009663600   -0.0050789800
  -0.0002635400    0.0022779100   -0.0048822100
   0.0018500900   -0.0000530500   -0.0057028700
  -0.0002685400   -0.0026276000   -0.0055378200
   0.0017857300    0.0001018100   -0.0059122700
  -0.0005608500    0.0026693100   -0.0048765500
  -0.0004489700    0.0011665800   -0.0044405600
  -0.0007246800   -0.0009086700   -0.0052874500
   0.0013911400   -0.0140953900    0.0045712700
   0.0009719300    0.0138815600    0.0036535500
  -0.0028086500    0.0027251300   -0.0056998300
  -0.0023836000   -0.0000236100   -0.0052869600
  -0.0031112100   -0.0028277200   -0.0050520300
