48   
3    

1    
  0.0054892902450633   0.0000000000000000   0.0083586896464370
  -0.1126065000   -0.0002174000   -0.2007853500
   0.0031573800    0.0057192900   -0.0037286000
   0.0015881700   -0.0000019200    0.0007338300
   0.0029238000   -0.0055512200   -0.0037842500
   0.0018862600   -0.0049023800   -0.0037827600
   0.0001801500   -0.0005071000    0.0001448000
   0.0003042200    0.0004291000    0.0001455300
   0.0017273700    0.0049447000   -0.0037303500
   0.0000159600    0.0009075200    0.0007341500
   0.0010529800    0.0000698800    0.0001458600
   0.0000112600   -0.0009108100    0.0007342300
   0.0010512500    0.0000662000    0.0001465000
   0.0018278900    0.0062741900   -0.0038102900
   0.0017842000   -0.0064179600   -0.0037020600
   0.0003033700    0.0004335500    0.0001522400
   0.0001804800   -0.0005017300    0.0001405900
  -0.0130385700   -0.0113648400    0.0243823200
   0.0103838400   -0.0064407100    0.0062834100
  -0.0097826300   -0.0053451300    0.0058980300
   0.0531515200   -0.0268475800    0.0545105800
  -0.0000032500    0.0120431900    0.0062096300
  -0.0000782500   -0.0000007500   -0.0021393000
   0.0001195900    0.0113100200    0.0059749300
  -0.0020333500   -0.0012596600   -0.0006443800
  -0.0098071800   -0.0060324300    0.0060202200
   0.0104798200   -0.0055377600    0.0061710800
  -0.0105578900   -0.0060198400    0.0056458100
   0.0103999000   -0.0060811800    0.0055772300
   0.0066485500    0.0383048700    0.0395572100
  -0.0007631300   -0.0007388300   -0.0009523800
  -0.0001322800    0.0121002000    0.0056110700
   0.0014197200    0.0019883700   -0.0003414900
   0.0339216900    0.0157660200    0.0449328500
   0.0111503900   -0.0067265000   -0.0054174300
  -0.0105171900   -0.0056506600   -0.0050400300
   0.0078678100   -0.0007178800    0.0131692600
   0.0001249600    0.0128390800   -0.0053330000
  -0.0000797300   -0.0000006100    0.0023764700
   0.0000087700    0.0121097600   -0.0051273300
  -0.0020128100    0.0012638800    0.0038698800
  -0.0104328400   -0.0065225600   -0.0051478700
   0.0111163800   -0.0060522200   -0.0053198900
  -0.0105237900   -0.0060036900   -0.0057559200
   0.0103682700   -0.0060592800   -0.0056826500
   0.0066198800   -0.0149453900    0.0289320000
   0.0014536200   -0.0020069000    0.0041762700
  -0.0001259400    0.0120621300   -0.0057190300
  -0.0007341100    0.0007329700    0.0035683700

17   
  0.0054892902450633   0.0000000000000000   0.0083586896464370
  -0.0030628700   -0.0056220800    0.0191132600
   0.0449634200   -0.0220436800    0.0503716200
   0.0000481900   -0.0002023100    0.0007117100
   0.0005941600    0.0003127700    0.0002246500
   0.0067286800    0.0275243000    0.0345812700
   0.0007376000    0.0015930400    0.0023747400
  -0.0000575800   -0.0001046500   -0.0000236100
  -0.0001747200   -0.0011412600    0.0009165200
   0.0002420300    0.0002686000    0.0006744100
  -0.0001255300    0.0000703300   -0.0000123300
  -0.0000145300    0.0000568600   -0.0000329300
   0.0004652600   -0.0007168200    0.0002654500
   0.0002963600   -0.0002144000    0.0004299100
  -0.0020851400   -0.0005687500    0.0016427900
  -0.0000296700    0.0005919600    0.0005070400
  -0.0001308500   -0.0000382500    0.0001559500
  -0.0683216100   -0.0056326700   -0.1037341900
   0.0140406400   -0.0061131700    0.0036772700
  -0.0104415300   -0.0061755700    0.0053986700
   0.0155772200   -0.0058440400    0.0026679600
   0.0003673400    0.0135837700    0.0034647100
  -0.0000420700   -0.0000458800   -0.0022899300
  -0.0000406300    0.0121192800    0.0057770000
   0.0010556800   -0.0029567000   -0.0050463400
  -0.0105313800   -0.0059964600    0.0053240700
   0.0104939400   -0.0060449900    0.0057071900
  -0.0103083200   -0.0059691100    0.0054702900
   0.0104959500   -0.0059215800    0.0057033200
   0.0011755000    0.0146948500    0.0029605300
   0.0002545800   -0.0013173600   -0.0045391900
   0.0000666300    0.0120571000    0.0057051400
  -0.0001481800   -0.0001072400   -0.0022160500
  -0.0120467800   -0.0060441800    0.0053191300
   0.0122869500   -0.0045295100   -0.0043169700
  -0.0104041900   -0.0060647400   -0.0056387200
   0.0097329700   -0.0054750500   -0.0060152900
   0.0010404900    0.0127835800   -0.0053519100
   0.0000536800    0.0000217000    0.0021124800
   0.0001522300    0.0119963700   -0.0058597700
  -0.0020427700    0.0004526400    0.0029337000
  -0.0105270600   -0.0059769500   -0.0056274800
   0.0104732500   -0.0059876200   -0.0058370800
  -0.0104958400   -0.0060983700   -0.0056500600
   0.0104749400   -0.0060003800   -0.0058371800
  -0.0002210800    0.0115221700   -0.0061948800
  -0.0007660800   -0.0027242800    0.0037874600
   0.0001396200    0.0120028600   -0.0058731800
   0.0000610800    0.0000259200    0.0021188300

17   
 -0.0054892902450633   0.0000000000000000  -0.0083586896464370
   0.0030620700    0.0055514100   -0.0191840800
  -0.0431601800    0.0210978000   -0.0485361700
  -0.0000305400    0.0001439700   -0.0007342800
  -0.0006458600   -0.0002338800   -0.0002351000
  -0.0065854100   -0.0269236000   -0.0340123900
  -0.0009209800   -0.0017255800   -0.0023767500
   0.0001579200   -0.0000279100   -0.0000062800
   0.0000242300    0.0010079300   -0.0009663000
  -0.0002351200   -0.0002996000   -0.0006939000
   0.0000977000    0.0000173100   -0.0000166400
  -0.0000059000   -0.0001120900    0.0000052000
  -0.0004987500    0.0008149500   -0.0002745100
  -0.0002072300    0.0000618000   -0.0004455600
   0.0019190100    0.0004584800   -0.0016742900
   0.0001401000   -0.0007342400   -0.0005254200
  -0.0000137500   -0.0000876700   -0.0001736600
   0.0465097600   -0.0033905400    0.1139613600
   0.0069181500   -0.0060392300    0.0075769600
  -0.0104972800   -0.0059647900    0.0058987600
   0.0053027600   -0.0062915600    0.0086352300
  -0.0004141800    0.0105261500    0.0078000700
   0.0000225500   -0.0000114100   -0.0022577200
   0.0000220400    0.0119884500    0.0055218800
  -0.0010630700    0.0028743500    0.0004865700
  -0.0104133900   -0.0061432300    0.0059720100
   0.0104146100   -0.0060946800    0.0055931300
  -0.0106366500   -0.0061752900    0.0058243900
   0.0104148800   -0.0062219500    0.0055928700
  -0.0011864100    0.0094280500    0.0083303600
  -0.0002860700    0.0012632900   -0.0000411100
  -0.0000876200    0.0120519400    0.0055922700
   0.0001341900    0.0000525300   -0.0023263800
  -0.0089260800   -0.0060944100   -0.0165133800
   0.0086274900   -0.0076217800   -0.0070269700
  -0.0105380700   -0.0060752100   -0.0057217200
   0.0111960200   -0.0066830600   -0.0053610900
  -0.0010963800    0.0113223800   -0.0060229200
  -0.0000627400   -0.0000734800    0.0023709200
  -0.0001719000    0.0121136100   -0.0054964900
   0.0020195100   -0.0005123100    0.0015504500
  -0.0104200500   -0.0061623800   -0.0057317300
   0.0104371100   -0.0061558600   -0.0055234500
  -0.0104517300   -0.0060444500   -0.0057123400
   0.0104373600   -0.0061400000   -0.0055264800
   0.0001984300    0.0126120800   -0.0051854600
   0.0007387300    0.0026308300    0.0007214900
  -0.0001595100    0.0121066600   -0.0054926900
  -0.0000797500   -0.0000838000    0.0023613100
