   3   48
1 1
    20.516456889476803     0.000000000000002     0.000000000000000
     0.000000000000002    20.516456889476803     0.000000000000000
     0.000000000000000     0.000000000000000    24.024901648581650
1 2
    -0.551176384228996    -1.026536476502470     0.000000000000000
     1.026536476502470    -0.251670578356635     0.000000000000000
     0.000000000000000     0.000000000000000     0.453148977517216
1 3
    -0.286728627421967     0.000000000000000     0.000000000000000
     0.000000000000000     0.095747045736401     0.000000000000000
     0.000000000000000     0.000000000000000    -0.084070992351401
1 4
    -0.551176384228996     1.026536476502470     0.000000000000000
    -1.026536476502470    -0.251670578356635     0.000000000000000
     0.000000000000000     0.000000000000000     0.453148977517216
1 5
    -0.326547029824725     0.896846658269272     0.000000000000000
    -1.156226294735668    -0.476299932760906     0.000000000000000
     0.000000000000000     0.000000000000000     0.453148977517215
1 6
    -0.041483668733904     0.085216696266074     0.000000000000000
     0.085216696266074    -0.139883433791240     0.000000000000000
     0.000000000000000     0.000000000000000    -0.013707092640072
1 7
    -0.041483668733904    -0.085216696266074     0.000000000000000
    -0.085216696266074    -0.139883433791240     0.000000000000000
     0.000000000000000     0.000000000000000    -0.013707092640072
1 8
    -0.326547029824725    -0.896846658269272     0.000000000000000
     1.156226294735668    -0.476299932760906     0.000000000000000
     0.000000000000000     0.000000000000000     0.453148977517215
1 9
     0.000128127446809    -0.165616824642350     0.000000000000000
    -0.165616824642350    -0.191109709132375     0.000000000000000
     0.000000000000000     0.000000000000000    -0.084070992351401
1 10
    -0.189083316319909     0.000000000000000     0.000000000000000
     0.000000000000000     0.007716213794765     0.000000000000000
     0.000000000000000     0.000000000000000    -0.013707092640072
1 11
     0.000128127446809     0.165616824642350     0.000000000000000
     0.165616824642350    -0.191109709132375     0.000000000000000
     0.000000000000000     0.000000000000000    -0.084070992351401
1 12
    -0.189083316319909     0.000000000000000     0.000000000000000
     0.000000000000000     0.007716213794765     0.000000000000000
     0.000000000000000     0.000000000000000    -0.013707092640072
1 13
    -0.326547029824725    -1.156226294735668     0.000000000000000
     0.896846658269272    -0.476299932760906     0.000000000000000
     0.000000000000000     0.000000000000000     0.453148977517215
1 14
    -0.326547029824725     1.156226294735668     0.000000000000000
    -0.896846658269272    -0.476299932760906     0.000000000000000
     0.000000000000000     0.000000000000000     0.453148977517215
1 15
    -0.041483668733904    -0.085216696266074     0.000000000000000
    -0.085216696266074    -0.139883433791240     0.000000000000000
     0.000000000000000     0.000000000000000    -0.013707092640072
1 16
    -0.041483668733904     0.085216696266074     0.000000000000000
     0.085216696266074    -0.139883433791240     0.000000000000000
     0.000000000000000     0.000000000000000    -0.013707092640072
1 17
    -3.731649649922774    -1.455881863990713     2.818626216835312
    -1.455881863990718    -2.050542077756101     1.627334605034803
     2.759113155812501     1.592974723232984    -4.099416170404918
1 18
    -0.057482821017149     0.098882311042871    -0.034746355617780
    -0.040695843107214    -0.031306340679118    -0.003161465064746
     0.044899935363157    -0.017671676253957    -0.053365671199848
1 19
    -0.057482821017149    -0.098882311042871     0.034746355617780
     0.040695843107214    -0.031306340679118    -0.003161465064746
    -0.044899935363157    -0.017671676253957    -0.053365671199848
1 20
    -3.731649649922770     1.455881863990718    -2.818626216835312
     1.455881863990717    -2.050542077756100     1.627334605034804
    -2.759113155812502     1.592974723232985    -4.099416170404914
1 21
    -0.012654981069242    -0.066577208568327    -0.020111086868136
     0.073000945581757    -0.076134180627025    -0.028510494121552
     0.007145847118197     0.047720322779752    -0.053365671199848
1 22
     0.013178663759257     0.000000000000000     0.000000000000000
     0.000000000000000     0.013178663759257     0.000000000000000
     0.000000000000000     0.000000000000000    -0.016014272451232
1 23
    -0.012654981069242     0.066577208568327     0.020111086868136
    -0.073000945581757    -0.076134180627025    -0.028510494121552
    -0.007145847118197     0.047720322779752    -0.053365671199848
1 24
     0.367313682828338    -0.000000000000000     0.000000000000000
    -0.000000000000000    -0.207686545551703     0.064195194750262
     0.000000000000000     0.150931441295901    -0.194743642307684
1 25
    -0.063045940458010     0.043907711613929     0.014635268749643
    -0.095670442536156    -0.025743221238258     0.031671959186298
    -0.037754088244960    -0.030048646525794    -0.053365671199848
1 26
    -0.063045940458010    -0.043907711613929    -0.014635268749643
     0.095670442536156    -0.025743221238258     0.031671959186298
     0.037754088244960    -0.030048646525794    -0.053365671199848
1 27
     0.013064823331991    -0.005294345921488    -0.006452539028251
    -0.005294345921488     0.019178207417900    -0.003725375144917
     0.001962484306496     0.001133040842636     0.004672582464324
1 28
     0.013064823331991     0.005294345921488     0.006452539028251
     0.005294345921488     0.019178207417900    -0.003725375144917
    -0.001962484306496     0.001133040842636     0.004672582464324
1 29
    -1.209988291672766    -0.000000000000000     0.000000000000000
    -0.000000000000000    -4.572203436006106    -3.254669210069608
     0.000000000000000    -3.185949446465971    -4.099416170404916
1 30
    -0.063936488456693     0.248982402479485     0.055594669454616
     0.248982402479485     0.223563625733327    -0.032097597375131
     0.130710462392050    -0.075465720647951    -0.194743642307683
1 31
     0.022234899460855     0.000000000000000     0.000000000000000
     0.000000000000000     0.010008131289037     0.007450750289834
     0.000000000000000    -0.002266081685272     0.004672582464324
1 32
    -0.063936488456693    -0.248982402479485    -0.055594669454616
    -0.248982402479485     0.223563625733327    -0.032097597375131
    -0.130710462392050    -0.075465720647951    -0.194743642307683
1 33
    -3.731649649922770    -1.455881863990718    -2.818626216835312
    -1.455881863990718    -2.050542077756101    -1.627334605034804
    -2.759113155812501    -1.592974723232986    -4.099416170404916
1 34
    -0.057482821017149     0.098882311042871     0.034746355617780
    -0.040695843107214    -0.031306340679118     0.003161465064746
    -0.044899935363157     0.017671676253957    -0.053365671199848
1 35
    -0.057482821017149    -0.098882311042871    -0.034746355617780
     0.040695843107214    -0.031306340679118     0.003161465064746
     0.044899935363157     0.017671676253957    -0.053365671199848
1 36
    -3.731649649922770     1.455881863990717     2.818626216835312
     1.455881863990718    -2.050542077756101    -1.627334605034804
     2.759113155812501    -1.592974723232986    -4.099416170404916
1 37
    -0.012654981069242    -0.066577208568327     0.020111086868136
     0.073000945581757    -0.076134180627025     0.028510494121552
    -0.007145847118197    -0.047720322779752    -0.053365671199848
1 38
     0.013178663759257     0.000000000000000     0.000000000000000
     0.000000000000000     0.013178663759257     0.000000000000000
     0.000000000000000     0.000000000000000    -0.016014272451232
1 39
    -0.012654981069242     0.066577208568327    -0.020111086868136
    -0.073000945581757    -0.076134180627025     0.028510494121552
     0.007145847118197    -0.047720322779752    -0.053365671199848
1 40
     0.367313682828338     0.000000000000000     0.000000000000000
     0.000000000000000    -0.207686545551703    -0.064195194750261
     0.000000000000000    -0.150931441295901    -0.194743642307683
1 41
    -0.063045940458010     0.043907711613929    -0.014635268749643
    -0.095670442536156    -0.025743221238258    -0.031671959186298
     0.037754088244960     0.030048646525794    -0.053365671199848
1 42
    -0.063045940458010    -0.043907711613929     0.014635268749643
     0.095670442536156    -0.025743221238258    -0.031671959186298
    -0.037754088244960     0.030048646525794    -0.053365671199848
1 43
     0.013064823331991    -0.005294345921488     0.006452539028251
    -0.005294345921488     0.019178207417900     0.003725375144917
    -0.001962484306496    -0.001133040842636     0.004672582464324
1 44
     0.013064823331991     0.005294345921488    -0.006452539028251
     0.005294345921488     0.019178207417900     0.003725375144917
     0.001962484306496    -0.001133040842636     0.004672582464324
1 45
    -1.209988291672766     0.000000000000000     0.000000000000000
     0.000000000000000    -4.572203436006108     3.254669210069609
     0.000000000000000     3.185949446465972    -4.099416170404916
1 46
    -0.063936488456693     0.248982402479485    -0.055594669454616
     0.248982402479485     0.223563625733327     0.032097597375131
    -0.130710462392050     0.075465720647951    -0.194743642307683
1 47
     0.022234899460855     0.000000000000000     0.000000000000000
     0.000000000000000     0.010008131289037    -0.007450750289834
     0.000000000000000     0.002266081685272     0.004672582464324
1 48
    -0.063936488456693    -0.248982402479485     0.055594669454616
    -0.248982402479485     0.223563625733327     0.032097597375131
     0.130710462392050     0.075465720647951    -0.194743642307683
17 1
    -3.731649649922774    -1.455881863990718     2.759113155812501
    -1.455881863990713    -2.050542077756101     1.592974723232984
     2.818626216835312     1.627334605034803    -4.099416170404918
17 2
    -3.731649649922770     1.455881863990717    -2.759113155812502
     1.455881863990718    -2.050542077756100     1.592974723232985
    -2.818626216835312     1.627334605034804    -4.099416170404914
17 3
    -0.057482821017149     0.040695843107214    -0.044899935363157
    -0.098882311042871    -0.031306340679118    -0.017671676253957
     0.034746355617780    -0.003161465064746    -0.053365671199848
17 4
    -0.057482821017149    -0.040695843107214     0.044899935363157
     0.098882311042871    -0.031306340679118    -0.017671676253957
    -0.034746355617780    -0.003161465064746    -0.053365671199848
17 5
    -1.209988291672766    -0.000000000000000     0.000000000000000
    -0.000000000000000    -4.572203436006106    -3.185949446465971
     0.000000000000000    -3.254669210069608    -4.099416170404916
17 6
    -0.063936488456693    -0.248982402479485    -0.130710462392050
    -0.248982402479485     0.223563625733327    -0.075465720647951
    -0.055594669454616    -0.032097597375131    -0.194743642307683
17 7
     0.022234899460855     0.000000000000000     0.000000000000000
     0.000000000000000     0.010008131289037    -0.002266081685272
     0.000000000000000     0.007450750289834     0.004672582464324
17 8
    -0.063936488456693     0.248982402479485     0.130710462392050
     0.248982402479485     0.223563625733327    -0.075465720647951
     0.055594669454616    -0.032097597375131    -0.194743642307683
17 9
    -0.063045940458010    -0.095670442536156    -0.037754088244960
     0.043907711613929    -0.025743221238258    -0.030048646525794
     0.014635268749643     0.031671959186298    -0.053365671199848
17 10
     0.013064823331991     0.005294345921488    -0.001962484306496
     0.005294345921488     0.019178207417900     0.001133040842636
     0.006452539028251    -0.003725375144917     0.004672582464324
17 11
     0.013064823331991    -0.005294345921488     0.001962484306496
    -0.005294345921488     0.019178207417900     0.001133040842636
    -0.006452539028251    -0.003725375144917     0.004672582464324
17 12
    -0.063045940458010     0.095670442536156     0.037754088244960
    -0.043907711613929    -0.025743221238258    -0.030048646525794
    -0.014635268749643     0.031671959186298    -0.053365671199848
17 13
    -0.012654981069242     0.073000945581757     0.007145847118197
    -0.066577208568327    -0.076134180627025     0.047720322779752
    -0.020111086868136    -0.028510494121552    -0.053365671199848
17 14
     0.367313682828338    -0.000000000000000     0.000000000000000
    -0.000000000000000    -0.207686545551703     0.150931441295901
     0.000000000000000     0.064195194750262    -0.194743642307684
17 15
    -0.012654981069242    -0.073000945581757    -0.007145847118197
     0.066577208568327    -0.076134180627025     0.047720322779752
     0.020111086868136    -0.028510494121552    -0.053365671199848
17 16
     0.013178663759257     0.000000000000000     0.000000000000000
     0.000000000000000     0.013178663759257     0.000000000000000
     0.000000000000000     0.000000000000000    -0.016014272451232
17 17
    10.458281269749964     0.000000000000003     0.000000000000000
     0.000000000000003    10.458281269749968     0.000000000000000
     0.000000000000000     0.000000000000000    13.020234782022051
17 18
    -0.793589904113703     0.023723164110414    -0.094285941107694
    -0.023723164110414     0.086591891910412    -0.008379105788595
     0.094285941107694    -0.008379105788595     0.293258286129200
17 19
    -0.006317796304914    -0.000000000000000     0.000000000000000
    -0.000000000000000    -0.012443091484897     0.015432909104164
     0.000000000000000     0.015432909104164     0.028076370411325
17 20
    -0.793589904113703    -0.023723164110414     0.094285941107694
     0.023723164110414     0.086591891910412    -0.008379105788595
    -0.094285941107694    -0.008379105788595     0.293258286129200
17 21
    -0.133453557095617    -0.404853061763162    -0.054399489027767
    -0.357406733542335    -0.573544455107674    -0.077464467324689
     0.039886452079927     0.085843573113284     0.293258286129200
17 22
     0.004498646778795     0.007547708458370     0.013057288899719
     0.007547708458370    -0.004216696241614     0.007538629261139
     0.000065957855688     0.000038080785737    -0.008560951101209
17 23
     0.004498646778795    -0.007547708458370    -0.013057288899719
    -0.007547708458370    -0.004216696241614     0.007538629261139
    -0.000065957855688     0.000038080785737    -0.008560951101209
17 24
    -0.133453557095617     0.404853061763162     0.054399489027767
     0.357406733542334    -0.573544455107674    -0.077464467324689
    -0.039886452079927     0.085843573113284     0.293258286129200
17 25
    -0.010911767689901     0.002652330615772     0.013365291338502
     0.002652330615772    -0.007849120099910    -0.007716454552082
     0.013365291338502    -0.007716454552082     0.028076370411325
17 26
    -0.008574367751819    -0.000000000000000     0.000000000000000
    -0.000000000000000     0.008856318289000    -0.015077258522279
     0.000000000000000    -0.000076161571473    -0.008560951101209
17 27
    -0.010911767689901    -0.002652330615772    -0.013365291338502
    -0.002652330615772    -0.007849120099910    -0.007716454552082
    -0.013365291338502    -0.007716454552082     0.028076370411325
17 28
    -0.008574367751819    -0.000000000000000     0.000000000000000
    -0.000000000000000     0.008856318289000    -0.000076161571473
     0.000000000000000    -0.015077258522279    -0.008560951101209
17 29
    -0.133453557095617    -0.357406733542335     0.039886452079927
    -0.404853061763162    -0.573544455107674     0.085843573113284
    -0.054399489027767    -0.077464467324689     0.293258286129200
17 30
    -0.133453557095617     0.357406733542334    -0.039886452079927
     0.404853061763162    -0.573544455107674     0.085843573113284
     0.054399489027767    -0.077464467324689     0.293258286129200
17 31
     0.004498646778795    -0.007547708458370    -0.000065957855688
    -0.007547708458370    -0.004216696241614     0.000038080785737
    -0.013057288899719     0.007538629261139    -0.008560951101209
17 32
     0.004498646778795     0.007547708458370     0.000065957855688
     0.007547708458370    -0.004216696241614     0.000038080785737
     0.013057288899719     0.007538629261139    -0.008560951101209
17 33
     0.282952127656853     0.000000000000000     0.000000000000000
     0.000000000000000     0.282952127656853     0.000000000000000
     0.000000000000000     0.000000000000000    -1.307851923655666
17 34
    -0.101367315729851    -0.085821811618908    -0.153163023191224
     0.085821811618908     0.148962911882125     0.125815218886336
    -0.153163023191224    -0.125815218886336    -0.063354128745016
17 35
    -0.013430547959385    -0.000000000000000     0.000000000000000
     0.000000000000000     0.011874677415341    -0.002191809262862
     0.000000000000000     0.002191809262862    -0.006850555420620
17 36
    -0.101367315729851     0.085821811618908     0.153163023191224
    -0.085821811618908     0.148962911882125     0.125815218886336
     0.153163023191224    -0.125815218886336    -0.063354128745015
17 37
     0.086380354979131    -0.022574356604649     0.032377664142654
    -0.194217979842464    -0.038784758826857    -0.195550678447193
    -0.185540687333878    -0.069735459560857    -0.063354128745015
17 38
    -0.021369773647117    -0.009668578767975    -0.004735583375481
    -0.009668578767975    -0.010205460538374    -0.002734090336604
     0.006216655334463     0.003589187630811     0.016758408226467
17 39
    -0.021369773647117     0.009668578767975     0.004735583375481
     0.009668578767975    -0.010205460538374    -0.002734090336604
    -0.006216655334463     0.003589187630811     0.016758408226467
17 40
     0.086380354979131     0.022574356604649    -0.032377664142654
     0.194217979842464    -0.038784758826857    -0.195550678447193
     0.185540687333878    -0.069735459560857    -0.063354128745015
17 41
     0.005548371071659    -0.010957484011501    -0.001898162501888
    -0.010957484011501    -0.007104241615704     0.001095904631431
     0.001898162501888    -0.001095904631431    -0.006850555420620
17 42
    -0.004623303984003    -0.000000000000000     0.000000000000000
    -0.000000000000000    -0.026951930201488     0.005468180673208
     0.000000000000000    -0.007178375261623     0.016758408226467
17 43
     0.005548371071659     0.010957484011501     0.001898162501888
     0.010957484011501    -0.007104241615704     0.001095904631431
    -0.001898162501888    -0.001095904631431    -0.006850555420620
17 44
    -0.004623303984003    -0.000000000000000     0.000000000000000
    -0.000000000000000    -0.026951930201488     0.007178375261623
     0.000000000000000    -0.005468180673208     0.016758408226467
17 45
     0.086380354979131    -0.194217979842464     0.185540687333878
    -0.022574356604649    -0.038784758826857     0.069735459560857
    -0.032377664142654     0.195550678447193    -0.063354128745015
17 46
     0.086380354979131     0.194217979842464    -0.185540687333878
     0.022574356604649    -0.038784758826857     0.069735459560857
     0.032377664142654     0.195550678447193    -0.063354128745015
17 47
    -0.021369773647117     0.009668578767975     0.006216655334463
     0.009668578767975    -0.010205460538374    -0.003589187630811
    -0.004735583375481     0.002734090336604     0.016758408226467
17 48
    -0.021369773647117    -0.009668578767975    -0.006216655334463
    -0.009668578767975    -0.010205460538374    -0.003589187630811
     0.004735583375481     0.002734090336604     0.016758408226467
33 1
    -3.731649649922770    -1.455881863990718    -2.759113155812501
    -1.455881863990718    -2.050542077756101    -1.592974723232986
    -2.818626216835312    -1.627334605034804    -4.099416170404916
33 2
    -3.731649649922770     1.455881863990718     2.759113155812501
     1.455881863990717    -2.050542077756101    -1.592974723232986
     2.818626216835312    -1.627334605034804    -4.099416170404916
33 3
    -0.057482821017149     0.040695843107214     0.044899935363157
    -0.098882311042871    -0.031306340679118     0.017671676253957
    -0.034746355617780     0.003161465064746    -0.053365671199848
33 4
    -0.057482821017149    -0.040695843107214    -0.044899935363157
     0.098882311042871    -0.031306340679118     0.017671676253957
     0.034746355617780     0.003161465064746    -0.053365671199848
33 5
    -1.209988291672766     0.000000000000000     0.000000000000000
     0.000000000000000    -4.572203436006108     3.185949446465972
     0.000000000000000     3.254669210069609    -4.099416170404916
33 6
    -0.063936488456693    -0.248982402479485     0.130710462392050
    -0.248982402479485     0.223563625733327     0.075465720647951
     0.055594669454616     0.032097597375131    -0.194743642307683
33 7
     0.022234899460855     0.000000000000000     0.000000000000000
     0.000000000000000     0.010008131289037     0.002266081685272
     0.000000000000000    -0.007450750289834     0.004672582464324
33 8
    -0.063936488456693     0.248982402479485    -0.130710462392050
     0.248982402479485     0.223563625733327     0.075465720647951
    -0.055594669454616     0.032097597375131    -0.194743642307683
33 9
    -0.063045940458010    -0.095670442536156     0.037754088244960
     0.043907711613929    -0.025743221238258     0.030048646525794
    -0.014635268749643    -0.031671959186298    -0.053365671199848
33 10
     0.013064823331991     0.005294345921488     0.001962484306496
     0.005294345921488     0.019178207417900    -0.001133040842636
    -0.006452539028251     0.003725375144917     0.004672582464324
33 11
     0.013064823331991    -0.005294345921488    -0.001962484306496
    -0.005294345921488     0.019178207417900    -0.001133040842636
     0.006452539028251     0.003725375144917     0.004672582464324
33 12
    -0.063045940458010     0.095670442536156    -0.037754088244960
    -0.043907711613929    -0.025743221238258     0.030048646525794
     0.014635268749643    -0.031671959186298    -0.053365671199848
33 13
    -0.012654981069242     0.073000945581757    -0.007145847118197
    -0.066577208568327    -0.076134180627025    -0.047720322779752
     0.020111086868136     0.028510494121552    -0.053365671199848
33 14
     0.367313682828338     0.000000000000000     0.000000000000000
     0.000000000000000    -0.207686545551703    -0.150931441295901
     0.000000000000000    -0.064195194750261    -0.194743642307683
33 15
    -0.012654981069242    -0.073000945581757     0.007145847118197
     0.066577208568327    -0.076134180627025    -0.047720322779752
    -0.020111086868136     0.028510494121552    -0.053365671199848
33 16
     0.013178663759257     0.000000000000000     0.000000000000000
     0.000000000000000     0.013178663759257     0.000000000000000
     0.000000000000000     0.000000000000000    -0.016014272451232
33 17
     0.282952127656853     0.000000000000000     0.000000000000000
     0.000000000000000     0.282952127656853     0.000000000000000
     0.000000000000000     0.000000000000000    -1.307851923655666
33 18
    -0.101367315729851    -0.085821811618908     0.153163023191224
     0.085821811618908     0.148962911882125    -0.125815218886336
     0.153163023191224     0.125815218886336    -0.063354128745015
33 19
    -0.013430547959385     0.000000000000000     0.000000000000000
    -0.000000000000000     0.011874677415341     0.002191809262862
     0.000000000000000    -0.002191809262862    -0.006850555420620
33 20
    -0.101367315729851     0.085821811618908    -0.153163023191224
    -0.085821811618908     0.148962911882125    -0.125815218886336
    -0.153163023191224     0.125815218886336    -0.063354128745016
33 21
     0.086380354979131    -0.022574356604649    -0.032377664142654
    -0.194217979842464    -0.038784758826857     0.195550678447193
     0.185540687333878     0.069735459560857    -0.063354128745015
33 22
    -0.021369773647117    -0.009668578767975     0.004735583375481
    -0.009668578767975    -0.010205460538374     0.002734090336604
    -0.006216655334463    -0.003589187630811     0.016758408226467
33 23
    -0.021369773647117     0.009668578767975    -0.004735583375481
     0.009668578767975    -0.010205460538374     0.002734090336604
     0.006216655334463    -0.003589187630811     0.016758408226467
33 24
     0.086380354979131     0.022574356604649     0.032377664142654
     0.194217979842464    -0.038784758826857     0.195550678447193
    -0.185540687333878     0.069735459560857    -0.063354128745015
33 25
     0.005548371071659    -0.010957484011501     0.001898162501888
    -0.010957484011501    -0.007104241615704    -0.001095904631431
    -0.001898162501888     0.001095904631431    -0.006850555420620
33 26
    -0.004623303984003    -0.000000000000000     0.000000000000000
    -0.000000000000000    -0.026951930201488    -0.005468180673208
     0.000000000000000     0.007178375261623     0.016758408226467
33 27
     0.005548371071659     0.010957484011501    -0.001898162501888
     0.010957484011501    -0.007104241615704    -0.001095904631431
     0.001898162501888     0.001095904631431    -0.006850555420620
33 28
    -0.004623303984003    -0.000000000000000     0.000000000000000
    -0.000000000000000    -0.026951930201488    -0.007178375261623
     0.000000000000000     0.005468180673208     0.016758408226467
33 29
     0.086380354979131    -0.194217979842464    -0.185540687333878
    -0.022574356604649    -0.038784758826857    -0.069735459560857
     0.032377664142654    -0.195550678447193    -0.063354128745015
33 30
     0.086380354979131     0.194217979842464     0.185540687333878
     0.022574356604649    -0.038784758826857    -0.069735459560857
    -0.032377664142654    -0.195550678447193    -0.063354128745015
33 31
    -0.021369773647117     0.009668578767975    -0.006216655334463
     0.009668578767975    -0.010205460538374     0.003589187630811
     0.004735583375481    -0.002734090336604     0.016758408226467
33 32
    -0.021369773647117    -0.009668578767975     0.006216655334463
    -0.009668578767975    -0.010205460538374     0.003589187630811
    -0.004735583375481    -0.002734090336604     0.016758408226467
33 33
    10.458281269749968     0.000000000000000     0.000000000000000
     0.000000000000000    10.458281269749968     0.000000000000000
     0.000000000000000     0.000000000000000    13.020234782022051
33 34
    -0.793589904113702     0.023723164110414     0.094285941107694
    -0.023723164110414     0.086591891910412     0.008379105788595
    -0.094285941107694     0.008379105788595     0.293258286129200
33 35
    -0.006317796304914    -0.000000000000000     0.000000000000000
    -0.000000000000000    -0.012443091484897    -0.015432909104164
     0.000000000000000    -0.015432909104164     0.028076370411325
33 36
    -0.793589904113702    -0.023723164110414    -0.094285941107694
     0.023723164110414     0.086591891910412     0.008379105788595
     0.094285941107694     0.008379105788595     0.293258286129200
33 37
    -0.133453557095616    -0.404853061763162     0.054399489027767
    -0.357406733542335    -0.573544455107674     0.077464467324689
    -0.039886452079927    -0.085843573113284     0.293258286129200
33 38
     0.004498646778795     0.007547708458370    -0.013057288899719
     0.007547708458370    -0.004216696241614    -0.007538629261139
    -0.000065957855688    -0.000038080785737    -0.008560951101209
33 39
     0.004498646778795    -0.007547708458370     0.013057288899719
    -0.007547708458370    -0.004216696241614    -0.007538629261139
     0.000065957855688    -0.000038080785737    -0.008560951101209
33 40
    -0.133453557095616     0.404853061763162    -0.054399489027767
     0.357406733542334    -0.573544455107674     0.077464467324689
     0.039886452079927    -0.085843573113284     0.293258286129200
33 41
    -0.010911767689901     0.002652330615772    -0.013365291338502
     0.002652330615772    -0.007849120099910     0.007716454552082
    -0.013365291338502     0.007716454552082     0.028076370411325
33 42
    -0.008574367751819     0.000000000000000     0.000000000000000
     0.000000000000000     0.008856318289000     0.015077258522279
     0.000000000000000     0.000076161571473    -0.008560951101209
33 43
    -0.010911767689901    -0.002652330615772     0.013365291338502
    -0.002652330615772    -0.007849120099910     0.007716454552082
     0.013365291338502     0.007716454552082     0.028076370411325
33 44
    -0.008574367751819     0.000000000000000     0.000000000000000
     0.000000000000000     0.008856318289000     0.000076161571473
     0.000000000000000     0.015077258522279    -0.008560951101209
33 45
    -0.133453557095616    -0.357406733542335    -0.039886452079927
    -0.404853061763162    -0.573544455107674    -0.085843573113284
     0.054399489027767     0.077464467324689     0.293258286129200
33 46
    -0.133453557095616     0.357406733542334     0.039886452079927
     0.404853061763162    -0.573544455107674    -0.085843573113284
    -0.054399489027767     0.077464467324689     0.293258286129200
33 47
     0.004498646778795    -0.007547708458370     0.000065957855688
    -0.007547708458370    -0.004216696241614    -0.000038080785737
     0.013057288899719    -0.007538629261139    -0.008560951101209
33 48
     0.004498646778795     0.007547708458370    -0.000065957855688
     0.007547708458370    -0.004216696241614    -0.000038080785737
    -0.013057288899719    -0.007538629261139    -0.008560951101209