80   
10   

1    
  0.0059141312652506   0.0000000000000000   0.0080636872073131
  -0.0784092400   -0.0002375100   -0.1356133300
  -0.0001891700    0.0043128200   -0.0039319900
   0.0006715300   -0.0001989500    0.0006931900
  -0.0004015100   -0.0041123700   -0.0039246300
   0.0003632800   -0.0044901300   -0.0039071700
   0.0001469600   -0.0002586200    0.0004864300
   0.0003544300    0.0001338600    0.0005000700
   0.0001416200    0.0045651400   -0.0039500400
  -0.0003778200    0.0006060700    0.0005698000
   0.0005928400    0.0001199100    0.0004925400
  -0.0000468700   -0.0004113700    0.0008173100
   0.0005930600    0.0000095200    0.0004929000
   0.0002756400    0.0037837800   -0.0039030300
   0.0002266800   -0.0040092800   -0.0039526900
   0.0002630900    0.0001961000    0.0005716300
   0.0002412500   -0.0001975500    0.0004139000
  -0.0003480100   -0.0034725000    0.0115349200
  -0.0001827400   -0.0004176000    0.0008892900
   0.0000397400    0.0005571600    0.0005483400
   0.0338087500   -0.0162450900    0.0383211300
  -0.0000570700   -0.0000218500    0.0009661200
  -0.0000648300   -0.0000004100    0.0001822200
  -0.0000668300   -0.0002417800    0.0004756500
  -0.0010538500   -0.0010127600    0.0012841700
   0.0003767500   -0.0002477400    0.0007956300
   0.0001431900    0.0003693400    0.0006507200
  -0.0001535100    0.0000495000    0.0001968600
  -0.0000931800   -0.0000833900    0.0000466600
   0.0056724700    0.0198172600    0.0250333500
  -0.0008473300   -0.0001228500    0.0014855300
  -0.0002389100    0.0000337900    0.0001220700
   0.0009083700    0.0011322900    0.0010816000
   0.0329436800    0.0158025100    0.0360049400
   0.0001408400   -0.0003337400   -0.0001881800
  -0.0001229100    0.0003443900    0.0001160700
   0.0001252500    0.0031466100    0.0095095500
   0.0001198000    0.0002481400   -0.0001742500
  -0.0000753100   -0.0000002000   -0.0006497600
  -0.0000228000   -0.0000235300    0.0000985000
  -0.0011856000    0.0013358100    0.0001854500
   0.0001435300   -0.0003916700   -0.0000217100
   0.0002656600    0.0001552200   -0.0000577300
  -0.0001232100    0.0000342500   -0.0008403000
  -0.0000967300   -0.0000487400   -0.0006434900
   0.0055777700   -0.0188488000    0.0226492300
   0.0011280900   -0.0013392300   -0.0000360200
  -0.0001823700    0.0000138400   -0.0007420000
  -0.0011843600    0.0000004400    0.0004068900
   0.0001794300    0.0000673000    0.0006518200
   0.0000537100   -0.0000568300   -0.0001387800
  -0.0002433500    0.0001770500    0.0003558200
   0.0001106400    0.0000217400   -0.0006396800
  -0.0000029900    0.0000325500   -0.0001690300
   0.0000957100    0.0000241800   -0.0001085700
  -0.0000173400   -0.0001297900    0.0000510900
  -0.0000577100   -0.0001444900    0.0000716400
   0.0000627400   -0.0002453900    0.0005030000
  -0.0001558000    0.0000877900    0.0000708900
  -0.0001286500   -0.0000003700   -0.0002451300
   0.0000625700    0.0000845800    0.0000517200
  -0.0000024300    0.0000657000   -0.0007651000
  -0.0001790900    0.0000622100    0.0000807200
   0.0000790100    0.0000405400    0.0000414400
  -0.0000410300   -0.0000876600   -0.0005153300
   0.0000311900    0.0000004100    0.0009469200
   0.0003579500    0.0004855400    0.0005138500
  -0.0000202700    0.0001662600    0.0001699600
  -0.0000265700    0.0003633200    0.0002670800
   0.0005099200    0.0000491500    0.0006511800
  -0.0003224400   -0.0002196300    0.0002549900
   0.0002056000   -0.0000862500    0.0004796900
  -0.0004175000   -0.0001394600    0.0001312000
   0.0001340700   -0.0000894600    0.0001323400
   0.0000571300    0.0003052200    0.0003682300
  -0.0001529200   -0.0000770000    0.0002077400
   0.0000716700    0.0000424500    0.0002383100
   0.0002424100   -0.0002916800    0.0005266300
  -0.0002998400   -0.0004654400    0.0002529900
   0.0000737400   -0.0000012500    0.0001640400
   0.0000003500   -0.0000413500    0.0003119700

1    
 -0.0059141312652506   0.0000000000000000  -0.0080636872073131
   0.0780314700   -0.0002289200    0.1378419900
   0.0003285200   -0.0042753700    0.0046640400
  -0.0006702800    0.0001962900   -0.0000146300
   0.0002728100    0.0041513500    0.0045581200
  -0.0003173300    0.0045760000    0.0045567900
  -0.0001449200    0.0002520200    0.0001959600
  -0.0003451100   -0.0001397500    0.0001759700
  -0.0001816400   -0.0044745900    0.0046659400
   0.0003943800   -0.0006103800    0.0001122400
  -0.0005865100   -0.0001189200    0.0001857400
   0.0000419600    0.0004112200   -0.0001415500
  -0.0005872100   -0.0000148600    0.0001862500
  -0.0003254900   -0.0038581000    0.0045038400
  -0.0001649200    0.0039306600    0.0047187900
  -0.0002597600   -0.0001841000    0.0001145300
  -0.0002362000    0.0002054700    0.0002565000
   0.0003241300    0.0034331400   -0.0112740900
   0.0001761400    0.0004139200   -0.0006114300
  -0.0000360100   -0.0005511200   -0.0002838900
  -0.0350949200    0.0170213300   -0.0392408800
   0.0000589300    0.0000178900   -0.0006809900
   0.0000679000    0.0000003200    0.0000913800
   0.0000713500    0.0002325400   -0.0002109100
   0.0010413700    0.0010157800   -0.0010049500
  -0.0003685200    0.0002416900   -0.0005138100
  -0.0001462500   -0.0003581800   -0.0003734700
   0.0001566500   -0.0000509700    0.0000775500
   0.0000981700    0.0000856500    0.0002344500
  -0.0056191800   -0.0203464100   -0.0251460400
   0.0008268900    0.0001217200   -0.0012089500
   0.0002457000   -0.0000346900    0.0001555500
  -0.0009301900   -0.0011418400   -0.0008025600
  -0.0316748500   -0.0150579100   -0.0362248300
  -0.0001288700    0.0003396600   -0.0012358500
   0.0001412500   -0.0003530500   -0.0015357200
  -0.0000937100   -0.0031767300   -0.0109177500
  -0.0001050600   -0.0002483800   -0.0012435300
   0.0000745200    0.0000005000   -0.0007688500
   0.0000401500    0.0000205600   -0.0015307500
   0.0011994800   -0.0013346800   -0.0016074900
  -0.0001339000    0.0003936100   -0.0013966800
  -0.0002595500   -0.0001556300   -0.0013817300
   0.0001263000   -0.0000383500   -0.0005814800
   0.0001037100    0.0000522400   -0.0007809400
  -0.0055963000    0.0183264400   -0.0236723100
  -0.0011089100    0.0013309700   -0.0013915800
   0.0001933200   -0.0000141600   -0.0006808400
   0.0012042600   -0.0000005500   -0.0018226600
  -0.0001658300   -0.0000616900   -0.0007580900
  -0.0000480200    0.0000562700    0.0000290800
   0.0002436000   -0.0001743400   -0.0004631100
  -0.0001032000   -0.0000290500    0.0005248200
   0.0000079900   -0.0000327600    0.0000598800
  -0.0000893700   -0.0000243100   -0.0000018400
   0.0000215200    0.0001297200   -0.0001591000
   0.0000630300    0.0001479600   -0.0001822800
  -0.0000584000    0.0002351700   -0.0006111900
   0.0001598400   -0.0000883600   -0.0001802800
   0.0001349800   -0.0000002800    0.0001372100
  -0.0000593200   -0.0000864500   -0.0001610100
  -0.0000015300   -0.0000589500    0.0006442100
   0.0001860100   -0.0000624800   -0.0001921000
  -0.0000757500   -0.0000403600   -0.0001497200
   0.0000480600    0.0000874100    0.0004043400
  -0.0000311100    0.0000001200   -0.0004375000
  -0.0003569700   -0.0004816700   -0.0000464900
   0.0000264300   -0.0001647100    0.0003082100
   0.0000366900   -0.0003605600    0.0002077700
  -0.0005053700   -0.0000552600   -0.0001806600
   0.0003261500    0.0002178000    0.0002266700
  -0.0001986800    0.0000842500    0.0000032100
   0.0004205400    0.0001365000    0.0003435000
  -0.0001278500    0.0000885600    0.0003460400
  -0.0000519400   -0.0003029000    0.0001157500
   0.0001578500    0.0000753100    0.0002701700
  -0.0000663400   -0.0000427700    0.0002427700
  -0.0002322600    0.0002967700   -0.0000550600
   0.0003006100    0.0004653900    0.0002153000
  -0.0000693700    0.0000017100    0.0003156000
   0.0000042100    0.0000406600    0.0001694100

17   
  0.0059141312652506   0.0000000000000000   0.0080636872073131
  -0.0016196100   -0.0042047900    0.0127038400
   0.0363941900   -0.0177928900    0.0389136400
  -0.0003233800    0.0001087800    0.0010624200
   0.0001146800    0.0003334000    0.0009097400
   0.0056218400    0.0217793900    0.0256713400
  -0.0002896100    0.0004339800    0.0021955700
  -0.0002768400   -0.0001472800    0.0003799800
   0.0002802200   -0.0008133100    0.0008909000
   0.0003307100   -0.0000478300    0.0010675800
  -0.0002653200   -0.0000345400    0.0004010600
  -0.0000535800    0.0001010700    0.0003584500
   0.0001270100   -0.0006330800    0.0009064200
   0.0002262400   -0.0004446500    0.0009894900
  -0.0010830500    0.0003046200    0.0015403300
  -0.0004166500    0.0005385500    0.0009811600
  -0.0001060600   -0.0000229500    0.0004454400
  -0.0433869100    0.0021100500   -0.0868857900
   0.0029425300   -0.0001631800   -0.0014208000
   0.0000644600   -0.0001433300   -0.0001302100
   0.0037971000   -0.0001202500   -0.0020666800
   0.0000303500    0.0013970500   -0.0016627000
  -0.0000300400   -0.0000192400    0.0000205200
  -0.0000341000   -0.0000335600    0.0001647100
   0.0006927300   -0.0021071200   -0.0018279800
  -0.0000983900    0.0000697000   -0.0002103900
  -0.0000447400   -0.0000239700    0.0000894600
   0.0001142600    0.0000072900   -0.0000551900
  -0.0000447200    0.0000961400    0.0000913500
   0.0004898600    0.0021372300   -0.0019844800
   0.0002465500   -0.0013007000   -0.0015012100
   0.0000700400   -0.0000954000    0.0000889300
  -0.0001345500   -0.0000778100    0.0001001800
  -0.0013200700   -0.0000228400    0.0103672300
   0.0014927600    0.0012216900    0.0005426400
   0.0000567600   -0.0001020300   -0.0006942200
  -0.0003715500    0.0002275000   -0.0008527200
   0.0006445900    0.0005235900   -0.0002514800
   0.0000197000    0.0000190600   -0.0007287600
   0.0000184800   -0.0000737800   -0.0007160300
  -0.0015797900    0.0002883400   -0.0000652200
  -0.0001405300    0.0000900900   -0.0006328800
  -0.0000615200   -0.0000214400   -0.0007186500
   0.0000002200   -0.0000535000   -0.0007525100
  -0.0000213900   -0.0000478000   -0.0006824000
  -0.0003003800   -0.0001322100   -0.0009448900
  -0.0006685300   -0.0022939000    0.0006340500
   0.0000181600   -0.0000516500   -0.0006904000
   0.0000622300    0.0000229200   -0.0006795400
  -0.0000525300   -0.0000154200    0.0000852000
  -0.0000142100   -0.0000197800   -0.0000633200
  -0.0000016000   -0.0000269700   -0.0000188600
  -0.0000533700   -0.0000333600    0.0001058000
  -0.0000368100   -0.0000112700   -0.0000633400
  -0.0000478500   -0.0000245100    0.0000051700
  -0.0000327500   -0.0000498000   -0.0000192300
  -0.0000330600   -0.0000581600    0.0000229800
  -0.0000368100   -0.0000044800   -0.0000407100
  -0.0000455400   -0.0000352800   -0.0000409700
  -0.0000285200   -0.0000265400   -0.0000117700
  -0.0000122200   -0.0000319900   -0.0000161400
  -0.0000683900   -0.0000250500    0.0000955100
  -0.0000704400   -0.0000026000    0.0000127600
  -0.0000252200   -0.0000150200   -0.0000143900
  -0.0000124000   -0.0000122900    0.0000335800
   0.0000311100    0.0000159100    0.0002613400
  -0.0000847600    0.0000021100    0.0002466500
  -0.0000343800   -0.0000622300    0.0002942300
  -0.0000274200   -0.0000571000    0.0002887800
  -0.0000386900   -0.0000916000    0.0002538800
  -0.0000904500   -0.0000608100    0.0002374200
  -0.0000305400   -0.0000239400    0.0003033600
  -0.0000179800   -0.0000304300    0.0003393300
  -0.0000767400    0.0000061000    0.0003053800
  -0.0000281000   -0.0000256900    0.0002954600
  -0.0000293600   -0.0000236000    0.0003116600
  -0.0000124100   -0.0000256100    0.0002773100
  -0.0000780500   -0.0000015800    0.0003026100
  -0.0000278000    0.0000171700    0.0002883200
  -0.0000205300   -0.0000068000    0.0002798500
  -0.0000465500   -0.0000247800    0.0002808300

17   
 -0.0059141312652506   0.0000000000000000  -0.0080636872073131
   0.0016211000    0.0041735500   -0.0119622500
  -0.0350246200    0.0169376600   -0.0367779200
   0.0003052800   -0.0001468800   -0.0002562200
  -0.0001728500   -0.0003827400   -0.0000915700
  -0.0056478200   -0.0213156200   -0.0245032700
   0.0002116700   -0.0005012600   -0.0013743100
   0.0002367800    0.0000995600    0.0004197900
  -0.0003259100    0.0007710100   -0.0001026000
  -0.0003485300    0.0000159400   -0.0002604500
   0.0002216900   -0.0000120300    0.0003969900
   0.0000151900   -0.0001482000    0.0004418900
  -0.0001702800    0.0006003800   -0.0000871300
  -0.0002756400    0.0003837900   -0.0001787800
   0.0010455900   -0.0003319400   -0.0007407500
   0.0003832100   -0.0005907400   -0.0001700900
   0.0000646500   -0.0000197900    0.0003616100
   0.0449175300    0.0017744300    0.0778763700
  -0.0029305600    0.0001121100    0.0017850000
  -0.0000902300    0.0001016200    0.0005120700
  -0.0038604900    0.0000921900    0.0024492600
  -0.0000851100   -0.0014369400    0.0020255000
  -0.0000100700   -0.0000283400    0.0003685100
   0.0000010100   -0.0000164300    0.0002256300
  -0.0007347500    0.0020436000    0.0022002400
   0.0000648000   -0.0001106900    0.0005912900
   0.0000060000   -0.0000157900    0.0002981900
  -0.0001475200   -0.0000529100    0.0004345600
   0.0000050900   -0.0001368600    0.0002964100
  -0.0005194300   -0.0021789800    0.0023598800
  -0.0002880900    0.0012409400    0.0018720500
  -0.0001057300    0.0000419700    0.0003001300
   0.0000972800    0.0000321600    0.0002955100
   0.0012628700   -0.0000212900   -0.0115072500
  -0.0015247600   -0.0012693300   -0.0018381600
  -0.0000845900    0.0000594100   -0.0006081500
   0.0003469000   -0.0002814800   -0.0004681100
  -0.0007061300   -0.0005717900   -0.0010624300
  -0.0000536300   -0.0000626800   -0.0005808100
  -0.0000530500    0.0000241500   -0.0005893100
   0.0015383600   -0.0003372500   -0.0012452500
   0.0001051600   -0.0001301400   -0.0006676300
   0.0000221000   -0.0000210500   -0.0005856500
  -0.0000347500    0.0000092400   -0.0005519300
  -0.0000167000    0.0000095000   -0.0006267800
   0.0002602400    0.0001036600   -0.0003745200
   0.0006262500    0.0022204700   -0.0019285300
  -0.0000517700   -0.0000012100   -0.0006197800
  -0.0001030000   -0.0000703900   -0.0006357800
   0.0000152800   -0.0000295700   -0.0000802500
  -0.0000227400   -0.0000258500    0.0000653200
  -0.0000355800   -0.0000180800    0.0000226200
   0.0000156300   -0.0000117900   -0.0001032300
  -0.0000006900   -0.0000330500    0.0000658400
   0.0000115000   -0.0000205000   -0.0000030700
  -0.0000042800    0.0000049900    0.0000223800
  -0.0000035600    0.0000132100   -0.0000204800
  -0.0000004900   -0.0000408600    0.0000444900
   0.0000085700   -0.0000097300    0.0000436800
  -0.0000080600   -0.0000185400    0.0000152600
  -0.0000240400   -0.0000128000    0.0000196800
   0.0000308700   -0.0000202500   -0.0000917000
   0.0000334100   -0.0000416900   -0.0000098700
  -0.0000110900   -0.0000299400    0.0000173200
  -0.0000249700   -0.0000326900   -0.0000312300
  -0.0000670200   -0.0000613900    0.0003296200
   0.0000482200   -0.0000462300    0.0003454600
  -0.0000013800    0.0000169000    0.0002986400
  -0.0000097200    0.0000126100    0.0003038900
   0.0000037100    0.0000461400    0.0003374600
   0.0000528300    0.0000157000    0.0003552100
  -0.0000047500   -0.0000216000    0.0002883200
  -0.0000201500   -0.0000143400    0.0002536800
   0.0000407800   -0.0000504800    0.0002875300
  -0.0000091500   -0.0000179100    0.0002966400
  -0.0000070500   -0.0000217100    0.0002797200
  -0.0000248000   -0.0000186700    0.0003148500
   0.0000416000   -0.0000444400    0.0002902100
  -0.0000096500   -0.0000625300    0.0003042300
  -0.0000153600   -0.0000391000    0.0003121700
   0.0000093800   -0.0000204200    0.0003102000

33   
  0.0059141312652506   0.0000000000000000   0.0080636872073131
   0.0331827700    0.0159677000    0.0346173100
  -0.0014617200    0.0041013700    0.0116870000
   0.0002148200   -0.0002301700    0.0008724600
  -0.0002209400    0.0000956300    0.0010718600
   0.0055829800   -0.0200950100    0.0232751300
   0.0002592700    0.0008760100    0.0003531700
  -0.0001841500    0.0001871800    0.0002721200
  -0.0003182800   -0.0004673300    0.0020336800
   0.0002182000    0.0004958700    0.0009254700
   0.0000177200   -0.0000838400    0.0002829600
  -0.0002395500    0.0000000800    0.0002654900
   0.0001740700    0.0000487300    0.0010187100
  -0.0001491300   -0.0004703200    0.0010254700
  -0.0011956200   -0.0003019900    0.0011966300
   0.0002410900    0.0002616700    0.0009196400
  -0.0000794100    0.0000311900    0.0003591500
  -0.0012687100    0.0000280000    0.0109568000
  -0.0003629900   -0.0001863500   -0.0000676800
   0.0000814100    0.0001230700    0.0000547300
   0.0015276100   -0.0011250200    0.0012904200
  -0.0015096700   -0.0003334800    0.0007410100
   0.0000736200    0.0000726100    0.0000982400
   0.0000680700    0.0000054800    0.0000623600
   0.0006235400   -0.0005390300    0.0004772600
   0.0000377400    0.0000571900    0.0000090300
   0.0000126000    0.0000267900    0.0000824500
  -0.0001187900   -0.0000846800    0.0001101900
  -0.0000270200    0.0000392700    0.0000426800
  -0.0005478600    0.0022650500    0.0014178300
  -0.0003047300    0.0001228900   -0.0002053000
   0.0000573100   -0.0000122900    0.0000358000
   0.0000426800    0.0000753900    0.0000382200
  -0.0450735500   -0.0025655500   -0.0792110900
   0.0044208700    0.0000423600   -0.0029723400
  -0.0001332600    0.0001617100   -0.0009223300
   0.0036836400    0.0001774800   -0.0024394800
   0.0008289300    0.0023743400   -0.0027847100
  -0.0001051700   -0.0000680500   -0.0007768400
   0.0000651200    0.0000455200   -0.0009763200
   0.0003498900   -0.0017728200   -0.0026106700
   0.0000723600   -0.0000871800   -0.0008421400
   0.0000783800    0.0001267600   -0.0008796300
  -0.0001528400    0.0000193100   -0.0010111100
   0.0000775300   -0.0001268100   -0.0008788600
   0.0004766200    0.0016241400   -0.0025217000
   0.0006896100   -0.0022317000   -0.0028797500
  -0.0001566400    0.0001712000   -0.0008194300
   0.0001167300    0.0000578900   -0.0009287800
   0.0012868500    0.0009593300    0.0017575000
   0.0000409800   -0.0002115700   -0.0001716500
  -0.0001575500   -0.0000738300    0.0001215900
  -0.0001437800   -0.0000595500    0.0001250400
  -0.0001549900    0.0002079900   -0.0000648300
  -0.0000187900    0.0000340000   -0.0000225500
   0.0000518400    0.0002085200    0.0000163200
   0.0000803600    0.0003217400   -0.0001365600
  -0.0001980700   -0.0000032500    0.0000806300
   0.0002080300    0.0000771000   -0.0001313700
   0.0000471000    0.0000444800    0.0000450300
  -0.0000102400    0.0000576500    0.0000775200
  -0.0003107700   -0.0007926800    0.0009407100
   0.0002442400   -0.0000605500    0.0000802700
   0.0000298300    0.0000011800    0.0000614900
  -0.0002549600   -0.0001593700   -0.0003505900
  -0.0008444400   -0.0005059400    0.0011101900
   0.0010166700   -0.0005032200    0.0017428400
   0.0002699300    0.0001473300    0.0000734600
  -0.0001704800    0.0001328100    0.0002643000
   0.0000885200    0.0011128200    0.0014298900
  -0.0004099900   -0.0000657300    0.0003512500
   0.0000750800    0.0000493000    0.0000807200
  -0.0002547500    0.0000464900   -0.0002810000
   0.0002363900    0.0001469600    0.0001277500
  -0.0000290900    0.0000936400    0.0000821100
  -0.0000545600   -0.0000414200    0.0000791900
  -0.0001662900    0.0001943100    0.0002103900
   0.0000385000   -0.0001804500    0.0002227200
  -0.0002352100    0.0001238700    0.0000348900
   0.0000747000   -0.0002367300    0.0001145100
  -0.0000402100    0.0000345300    0.0000631000

33   
 -0.0059141312652506   0.0000000000000000  -0.0080636872073131
  -0.0345549200   -0.0167103500   -0.0352918700
   0.0014360400   -0.0040433100   -0.0109749600
  -0.0001952900    0.0002710900   -0.0002332000
   0.0001986600   -0.0000414800   -0.0004258600
  -0.0055894700    0.0206575500   -0.0230016200
  -0.0002508700   -0.0008246000    0.0003041900
   0.0001954200   -0.0001419000    0.0003788300
   0.0003620200    0.0005004300   -0.0014087400
  -0.0002120900   -0.0004391300   -0.0002872400
  -0.0000155000    0.0001328200    0.0003696800
   0.0002544000    0.0000454900    0.0003883700
  -0.0001873900    0.0000170200   -0.0003745700
   0.0001489400    0.0005026800   -0.0003828800
   0.0012038900    0.0003647200   -0.0005491700
  -0.0002236400   -0.0002308200   -0.0002767000
   0.0000831100    0.0000124100    0.0002880500
   0.0012952300    0.0000084000   -0.0108754400
   0.0003480900    0.0002247100    0.0003374100
  -0.0000794300   -0.0000835400    0.0001887800
  -0.0015355200    0.0011661500   -0.0010422900
   0.0015266500    0.0003797700   -0.0004924700
  -0.0000787500   -0.0000218500    0.0001498900
  -0.0000606500    0.0000449100    0.0001877200
  -0.0006032500    0.0005966700   -0.0002184800
  -0.0000333000   -0.0000192100    0.0002371600
  -0.0000120400    0.0000231000    0.0001734100
   0.0001288800    0.0001288000    0.0001354800
   0.0000280400    0.0000032800    0.0002148000
   0.0005663500   -0.0022421500   -0.0011864400
   0.0003057500   -0.0000523700    0.0004685500
  -0.0000511200    0.0000640100    0.0002106300
  -0.0000426600   -0.0000214100    0.0002078200
   0.0460396700   -0.0009023700    0.0825688300
  -0.0043776300    0.0000181900    0.0015262000
   0.0001331800   -0.0001233700   -0.0004976500
  -0.0037190400   -0.0001398800    0.0010309200
  -0.0008114700   -0.0023335100    0.0013702200
   0.0000981200    0.0001174400   -0.0006524500
  -0.0000516300    0.0000021300   -0.0004459400
  -0.0003317700    0.0018280900    0.0012050200
  -0.0000701600    0.0001244500   -0.0005759500
  -0.0000767000   -0.0000745800   -0.0005542300
   0.0001606900    0.0000241800   -0.0004113700
  -0.0000753600    0.0001675700   -0.0005535400
  -0.0004558000   -0.0015757300    0.0011204800
  -0.0006956100    0.0022852800    0.0014489400
   0.0001590200   -0.0001172700   -0.0006058700
  -0.0001165800   -0.0000043000   -0.0004920600
  -0.0012472600   -0.0008794800   -0.0018412300
  -0.0000306900    0.0002543100    0.0000448400
   0.0001599500    0.0001183400   -0.0002494000
   0.0001384800    0.0001111700   -0.0002626700
   0.0001577400   -0.0001541700   -0.0000611900
   0.0000225800    0.0000133300   -0.0001080800
  -0.0000471100   -0.0001584900   -0.0001420900
  -0.0000740900   -0.0002696600    0.0000065300
   0.0001967200    0.0000506200   -0.0002091500
  -0.0001983200   -0.0000312900    0.0000043100
  -0.0000439300    0.0000044300   -0.0001735800
   0.0000136700   -0.0000104800   -0.0002053100
   0.0003035800    0.0008126400   -0.0010524100
  -0.0002329400    0.0001049200   -0.0002058600
  -0.0000281700    0.0000470100   -0.0001892000
   0.0002565800    0.0002039800    0.0002212500
   0.0008510900    0.0005532100   -0.0006730400
  -0.0009785700    0.0005265900   -0.0012211900
  -0.0002582900   -0.0000937100    0.0003846600
   0.0001692700   -0.0000807000    0.0001955500
  -0.0000867600   -0.0010388400   -0.0009437200
   0.0004018000    0.0001090700    0.0001093700
  -0.0000733900   -0.0000031200    0.0003809800
   0.0002564200    0.0000040400    0.0007431700
  -0.0002252800   -0.0001001200    0.0003313800
   0.0000304300   -0.0000473000    0.0003791700
   0.0000596800    0.0000894500    0.0003829600
   0.0001633600   -0.0001458200    0.0002492700
  -0.0000315700    0.0002231600    0.0002366900
   0.0002381500   -0.0000708100    0.0004260400
  -0.0000722200    0.0002759800    0.0003435700
   0.0000445700    0.0000135400    0.0003979900

49   
  0.0059141312652506   0.0000000000000000   0.0080636872073131
   0.0001655400    0.0000563600    0.0010616400
   0.0001041200   -0.0001962300   -0.0002255200
  -0.0002359200    0.0001654000    0.0007641100
   0.0000513600   -0.0000533100    0.0002713500
  -0.0001871500    0.0001630000   -0.0002046100
   0.0001435000    0.0000191100   -0.0002455600
  -0.0000788900   -0.0000011800    0.0005670300
  -0.0000227200   -0.0000060500    0.0003763300
   0.0000636500   -0.0002364200    0.0009146500
  -0.0000600400   -0.0000400300    0.0005525500
  -0.0001334800   -0.0000039000    0.0001642900
  -0.0000338300   -0.0000163200    0.0003904900
   0.0000024600    0.0000238300    0.0002360500
  -0.0000243900    0.0000232100    0.0004566300
  -0.0000541700    0.0000190200    0.0004857300
   0.0000866300    0.0000195400    0.0003071900
  -0.0000359800   -0.0000031600    0.0002479200
  -0.0000036100   -0.0000223200    0.0002466500
   0.0000544000   -0.0000245000    0.0001153700
  -0.0000031700   -0.0000181700    0.0001056800
  -0.0000361900    0.0000129300    0.0002468700
   0.0000076200    0.0000008500    0.0001983100
   0.0000069400   -0.0000081000    0.0001377800
  -0.0000214000    0.0000091900    0.0001547800
  -0.0000069200    0.0000462600    0.0001142600
   0.0000084100   -0.0000052400    0.0001442900
   0.0000164500    0.0000010100    0.0001319800
  -0.0000082800    0.0000158100    0.0001073700
  -0.0000318100   -0.0000006500    0.0001099600
   0.0000004900   -0.0000210300    0.0001755300
   0.0000288300   -0.0000396200    0.0001132200
  -0.0000156200   -0.0000047200    0.0001578200
   0.0016578800    0.0011287900    0.0008225600
  -0.0005342200    0.0001296200   -0.0001951800
   0.0001426800    0.0000454600   -0.0007142800
  -0.0002579500    0.0000510200   -0.0005716700
  -0.0003032100   -0.0012723800    0.0003155200
  -0.0002980900   -0.0002231600   -0.0009335100
   0.0000320600    0.0000199500   -0.0005557000
   0.0002907800   -0.0001245800   -0.0005648300
   0.0001532300    0.0001759800   -0.0007899000
   0.0000408100   -0.0000092500   -0.0005772100
  -0.0000003500   -0.0000229300   -0.0005349500
  -0.0001410900    0.0001149200   -0.0004960200
  -0.0001058500   -0.0002754000   -0.0007188200
   0.0000820800    0.0003349200   -0.0007496900
   0.0000059200   -0.0001317300   -0.0005682500
  -0.0000174800   -0.0000045800   -0.0006382100
  -0.1038675000   -0.0004230100   -0.0309117900
   0.0046452000    0.0013899700   -0.0017435400
   0.0003608100    0.0007691900   -0.0008316700
   0.0017023000    0.0021392100    0.0004061800
   0.0007605700    0.0034642800   -0.0000825300
   0.0002846000   -0.0000317300   -0.0001164800
   0.0006482200   -0.0001859600   -0.0002023000
  -0.0037693400   -0.0027041200   -0.0012535300
   0.0000160800    0.0001959100   -0.0003444000
   0.0003326900    0.0002080500   -0.0001596300
  -0.0013229400   -0.0009755600   -0.0013197900
   0.0003309000   -0.0000716000   -0.0001602800
  -0.0007074000    0.0001696300    0.0009946800
  -0.0023166000   -0.0044741400   -0.0023263500
   0.0004047700   -0.0000457400   -0.0000263300
   0.0005253200    0.0001090500   -0.0002953000
  -0.0007378700   -0.0008039800    0.0008984600
   0.0054750300    0.0307079800    0.0100049600
   0.0000028600    0.0003701100    0.0011188200
  -0.0002651800    0.0001744800    0.0004567000
   0.0729878400   -0.0388991600    0.0278048500
   0.0207646300    0.0089104000   -0.0082841600
   0.0007925700   -0.0015610300    0.0006213800
  -0.0000176500   -0.0006025400    0.0002209700
   0.0006495100    0.0004173900    0.0010098600
  -0.0005537900    0.0004025300   -0.0000720900
  -0.0005717900   -0.0000056900    0.0010136500
   0.0009119100    0.0013655000    0.0009156400
   0.0000593800   -0.0001921800    0.0005846300
  -0.0000199000    0.0003652200   -0.0002734200
   0.0022505400    0.0000022300    0.0011143500
  -0.0002498000    0.0000040800    0.0003284600

49   
 -0.0059141312652506   0.0000000000000000  -0.0080636872073131
  -0.0001710200   -0.0000611900   -0.0003708100
  -0.0001134600    0.0001932300    0.0009262700
   0.0002343100   -0.0001738600   -0.0000578300
  -0.0000551500    0.0000465900    0.0004265800
   0.0001860300   -0.0001754400    0.0009141400
  -0.0001492500   -0.0000231900    0.0009390700
   0.0000785200   -0.0000046600    0.0001314300
   0.0000219500   -0.0000026200    0.0003213900
  -0.0000635100    0.0002319300   -0.0002123300
   0.0000585800    0.0000395900    0.0001469900
   0.0001274400   -0.0000020200    0.0005333100
   0.0000322100    0.0000077500    0.0003058800
  -0.0000063100   -0.0000281600    0.0004633800
   0.0000206700   -0.0000277200    0.0002416200
   0.0000520300   -0.0000173600    0.0002102700
  -0.0000874300   -0.0000161800    0.0003902300
   0.0000317400    0.0000016000    0.0000417000
   0.0000021100    0.0000151100    0.0000410700
  -0.0000580600    0.0000204700    0.0001738500
  -0.0000001200    0.0000110000    0.0001789500
   0.0000289300   -0.0000191900    0.0000414000
  -0.0000075800   -0.0000051800    0.0000889100
  -0.0000141800    0.0000049500    0.0001496800
   0.0000229100   -0.0000118200    0.0001340000
   0.0000046900   -0.0000486100    0.0001725300
  -0.0000107800    0.0000011200    0.0001451600
  -0.0000187700   -0.0000093000    0.0001554000
   0.0000023400   -0.0000197700    0.0001806700
   0.0000284300   -0.0000047200    0.0001789500
  -0.0000062000    0.0000164800    0.0001100200
  -0.0000290700    0.0000376600    0.0001742200
   0.0000128200   -0.0000005700    0.0001313800
  -0.0016655200   -0.0011346400   -0.0022513900
   0.0005193000   -0.0001276600   -0.0012033800
  -0.0001451900   -0.0000490200   -0.0006973100
   0.0002540300   -0.0000579600   -0.0008350900
   0.0002993800    0.0012585300   -0.0017261400
   0.0002952500    0.0002153700   -0.0004727200
  -0.0000384700   -0.0000243800   -0.0008529700
  -0.0002841600    0.0001186500   -0.0008323000
  -0.0001549100   -0.0001776300   -0.0006186100
  -0.0000432000    0.0000062000   -0.0008333800
  -0.0000010800    0.0000150900   -0.0008739500
   0.0001326600   -0.0001157500   -0.0009138700
   0.0001026200    0.0002706600   -0.0006911900
  -0.0000863400   -0.0003364300   -0.0006527400
  -0.0000054200    0.0001268700   -0.0008406800
   0.0000139200   -0.0000004800   -0.0007727200
   0.1063273500   -0.0006934100    0.0316695600
  -0.0046345000   -0.0013775100    0.0016343500
  -0.0003653100   -0.0007696800    0.0007334200
  -0.0017273800   -0.0021428200   -0.0005074100
  -0.0007364000   -0.0034722800   -0.0000181600
  -0.0002905000    0.0000252400    0.0000175900
  -0.0006551400    0.0001838100    0.0001049000
   0.0037691100    0.0027002600    0.0011465200
  -0.0000146400   -0.0002023700    0.0002414800
  -0.0003353600   -0.0002090800    0.0000611000
   0.0013171800    0.0009711900    0.0012246600
  -0.0003374000    0.0000680900    0.0000603500
   0.0007211500   -0.0001854600   -0.0010867200
   0.0022968500    0.0044817300    0.0022191600
  -0.0004162900    0.0000458100   -0.0000729100
  -0.0005320000   -0.0001124800    0.0001922300
   0.0007390800    0.0008085400   -0.0004084800
  -0.0053510100   -0.0306173100   -0.0092992700
  -0.0000040100   -0.0003792100   -0.0006309600
   0.0002653100   -0.0001769600    0.0000327500
  -0.0750658400    0.0403382700   -0.0276619600
  -0.0210411300   -0.0089728900    0.0085734900
  -0.0007876800    0.0015565200   -0.0001305800
   0.0000162800    0.0005938800    0.0002692700
  -0.0006610400   -0.0004362900   -0.0005185900
   0.0005468100   -0.0004062100    0.0005690200
   0.0005719600   -0.0000026300   -0.0005274700
  -0.0009109600   -0.0013711900   -0.0004292300
  -0.0000599700    0.0001863400   -0.0000943700
   0.0000149200   -0.0003679700    0.0007676000
  -0.0022522200   -0.0000139800   -0.0006300700
   0.0002450800   -0.0000132500    0.0001596700

65   
  0.0059141312652506   0.0000000000000000   0.0080636872073131
   0.0000199200    0.0000057200    0.0009765100
  -0.0000220600    0.0002904200    0.0003040700
  -0.0000377600   -0.0000586400    0.0002249000
   0.0003188400    0.0003373800    0.0005938400
   0.0001403900   -0.0002538600    0.0006440900
   0.0001189100    0.0000399600    0.0002640300
  -0.0000737900    0.0000781900    0.0003190700
  -0.0002266900   -0.0003503000    0.0002536200
  -0.0000748200    0.0000254700    0.0003288700
   0.0000535100   -0.0001099300    0.0002909400
   0.0000251100    0.0000366500    0.0001195500
   0.0000403300    0.0001757700    0.0004178700
   0.0003845100    0.0001230500    0.0007883600
  -0.0003233900   -0.0001338600    0.0001084700
   0.0000788600   -0.0000149000    0.0006134300
  -0.0002255300   -0.0001476200    0.0002251700
   0.0000037200    0.0000110800    0.0000900900
  -0.0000180800    0.0000173900    0.0000932700
  -0.0000079900    0.0000279200    0.0000799000
  -0.0000183700    0.0000060500    0.0000147200
  -0.0000094600    0.0000049100    0.0000670600
  -0.0000329800    0.0000032500    0.0000769300
  -0.0000398100   -0.0000247000    0.0001080100
  -0.0000158800    0.0000829900    0.0000840000
  -0.0000077000   -0.0000017300    0.0000639000
  -0.0000461000   -0.0000074000    0.0001122500
   0.0000030400    0.0000104600    0.0000956400
  -0.0000188500    0.0000071200    0.0001026100
  -0.0000167600   -0.0000091000    0.0000510300
   0.0000326300   -0.0000215800    0.0001131000
  -0.0000104400   -0.0000110200    0.0000984300
  -0.0001063400   -0.0000512300    0.0000563000
  -0.0003252400   -0.0002366200   -0.0002293500
   0.0001643700    0.0000475800   -0.0009607200
  -0.0000938100   -0.0000213900   -0.0006363100
   0.0004595800   -0.0002132900    0.0010920700
   0.0001239600    0.0001013700   -0.0008120000
  -0.0000589100    0.0000033300   -0.0009048600
  -0.0000238100    0.0001196300   -0.0007857800
  -0.0002522400   -0.0004934800   -0.0009320800
  -0.0000345000   -0.0001034700   -0.0006531500
   0.0000763400   -0.0001275800   -0.0009448000
  -0.0000550900   -0.0000671000   -0.0008941600
  -0.0000495400    0.0000691500   -0.0008785900
   0.0000818600    0.0004561400    0.0004367000
  -0.0007792500    0.0003105300   -0.0008766100
   0.0000659700    0.0000048200   -0.0008861800
   0.0000842100    0.0001945600   -0.0009862600
  -0.0005318700   -0.0006770900    0.0003863100
  -0.0002812900    0.0002027400    0.0001034900
  -0.0002321500    0.0005064900    0.0009263300
   0.0053456900    0.0284212400    0.0094384200
   0.0000632800   -0.0001955400    0.0002161500
  -0.0002824700    0.0000024200   -0.0000091100
   0.0020503900    0.0001822500    0.0009017700
   0.0001514500    0.0002933800   -0.0007676800
   0.0006430200    0.0001824500    0.0006577500
   0.0008396700    0.0010708100    0.0006041600
  -0.0005901700    0.0000050200    0.0006639900
  -0.0005100300    0.0003468800   -0.0004715300
   0.0731460000   -0.0392305200    0.0292009900
   0.0000963800   -0.0003329700   -0.0002306300
   0.0006389400   -0.0015370300    0.0003628800
   0.0229313900    0.0100692600   -0.0098357700
  -0.1056846300    0.0005308200   -0.0253711700
   0.0022716300    0.0019615100    0.0001828100
   0.0002944400    0.0007864000   -0.0005405700
   0.0043560500    0.0022717400   -0.0013484200
  -0.0000451500    0.0008811300    0.0011449100
   0.0003801900    0.0000584000   -0.0000761500
   0.0005887000   -0.0001743800    0.0002176300
  -0.0026431600   -0.0048237300   -0.0023113900
   0.0001283800    0.0000983100   -0.0000412600
   0.0002827300    0.0001216400    0.0000706200
  -0.0012292000   -0.0008774200   -0.0010396000
   0.0002806600    0.0002329300    0.0000689300
   0.0010060500    0.0023888600    0.0003773500
  -0.0037084100   -0.0026711100   -0.0015472400
   0.0006880100   -0.0002321800    0.0001448500
   0.0002845800    0.0000052200   -0.0000067700

65   
 -0.0059141312652506   0.0000000000000000  -0.0080636872073131
  -0.0000355800    0.0000009500   -0.0003732600
   0.0000009900   -0.0002854300    0.0003128600
   0.0000157500    0.0000574300    0.0003968400
  -0.0003429200   -0.0003448600    0.0000326900
  -0.0001603600    0.0002476100   -0.0000259600
  -0.0001404000   -0.0000391700    0.0003561300
   0.0000600300   -0.0000781100    0.0003033900
   0.0002142600    0.0003585300    0.0003729300
   0.0000601000   -0.0000234500    0.0002912100
  -0.0000738100    0.0001172300    0.0003297200
  -0.0000491900   -0.0000360400    0.0005026400
  -0.0000622100   -0.0001763200    0.0002005500
  -0.0004067500   -0.0001207400   -0.0001667500
   0.0003070600    0.0001374200    0.0005121700
  -0.0000965600    0.0000247600    0.0000092300
   0.0002065600    0.0001598100    0.0003936900
  -0.0000241100   -0.0000126900    0.0001203400
  -0.0000019700   -0.0000133200    0.0001208700
  -0.0000154900   -0.0000270900    0.0001260500
   0.0000026600    0.0000022500    0.0002039200
  -0.0000065600   -0.0000024000    0.0001426600
   0.0000093300    0.0000043300    0.0001381200
   0.0000263600    0.0000245800    0.0001030700
  -0.0000110200   -0.0000806600    0.0001281200
  -0.0000078500   -0.0000000900    0.0001491200
   0.0000206500    0.0000092000    0.0001018200
  -0.0000207000   -0.0000074200    0.0001112300
  -0.0000019500   -0.0000015900    0.0001107300
  -0.0000001400    0.0000149200    0.0001614100
  -0.0000534600    0.0000247400    0.0000986400
  -0.0000060300    0.0000131300    0.0001160000
   0.0000816100    0.0000511500    0.0001524800
   0.0003270700    0.0002453900   -0.0012587100
  -0.0001836200   -0.0000430000   -0.0005221400
   0.0000680300    0.0000229600   -0.0008408800
  -0.0004890400    0.0002299100   -0.0026353200
  -0.0001389200   -0.0000993300   -0.0006636100
   0.0000339300    0.0000045400   -0.0005774800
   0.0000094400   -0.0001198400   -0.0006970000
   0.0002306300    0.0005009500   -0.0005483800
   0.0000203900    0.0001006800   -0.0008267300
  -0.0001033000    0.0001290200   -0.0005387000
   0.0000375200    0.0000696600   -0.0005813800
   0.0000294200   -0.0000630400   -0.0006023400
  -0.0000969800   -0.0004724600   -0.0019423000
   0.0007513800   -0.0003008900   -0.0005975400
  -0.0000812300   -0.0000021500   -0.0005971500
  -0.0001167400   -0.0002035600   -0.0004915700
   0.0005164300    0.0006747800   -0.0005544900
   0.0002603900   -0.0002011700   -0.0002770600
   0.0002126600   -0.0005031300   -0.0011031700
  -0.0054697900   -0.0285104000   -0.0098224600
  -0.0000851600    0.0002000600   -0.0003901000
   0.0002641300    0.0000026100   -0.0001639300
  -0.0020712600   -0.0001703400   -0.0010711200
  -0.0001720100   -0.0002928300    0.0005882400
  -0.0006556200   -0.0001687500   -0.0008273200
  -0.0008644000   -0.0010663200   -0.0007767900
   0.0005648800    0.0000021100   -0.0008335300
   0.0004937600   -0.0003448700    0.0002919400
  -0.0710773000    0.0377940200   -0.0290113400
  -0.0001199900    0.0003405900    0.0000530300
  -0.0006681400    0.0015401800   -0.0005377000
  -0.0226680400   -0.0100159100    0.0098552200
   0.1049996400    0.0007366700    0.0320038400
  -0.0022645400   -0.0019552800    0.0002195900
  -0.0003145300   -0.0007856500    0.0009579200
  -0.0044020000   -0.0022952100    0.0017854500
   0.0000082400   -0.0008777100   -0.0007374000
  -0.0004015200   -0.0000594500    0.0004964500
  -0.0006060100    0.0001762200    0.0001995700
   0.0026415000    0.0048249100    0.0027404700
  -0.0001493100   -0.0000956600    0.0004610500
  -0.0002997200   -0.0001194400    0.0003476800
   0.0012110100    0.0008804100    0.0014557400
  -0.0003017200   -0.0002345400    0.0003463600
  -0.0010515000   -0.0023760300    0.0000440000
   0.0036873300    0.0026707100    0.0019561900
  -0.0007025600    0.0002315200    0.0002707300
  -0.0003011100    0.0000004300    0.0004214600
