48   
3    

1    
  0.0053421816542820  -0.0000000000000000   0.0084534664589535
  -0.1439210000   -0.0003369000   -0.2472426000
   0.0058564600    0.0052094500   -0.0056364900
   0.0015222400    0.0000061200    0.0011951700
   0.0055236900   -0.0052115300   -0.0056873100
   0.0031463500   -0.0036430700   -0.0056992300
   0.0003600300   -0.0004056300    0.0001593700
   0.0003575900    0.0004036900    0.0001582700
   0.0030994600    0.0038122000   -0.0056262700
   0.0000485900    0.0008534500    0.0011936400
   0.0010593200    0.0000014900    0.0001584100
   0.0000334000   -0.0008568800    0.0011948700
   0.0010602000   -0.0000046900    0.0001580600
   0.0030609100    0.0066442500   -0.0057246700
   0.0031831300   -0.0067386200   -0.0056009800
   0.0003587400    0.0004075300    0.0001669100
   0.0003582000   -0.0004026800    0.0001501800
  -0.0039656400   -0.0068913100    0.0243931000
  -0.0000425200   -0.0004308300    0.0006742100
   0.0008344000    0.0006804700    0.0006377200
   0.0517769000   -0.0252813200    0.0592062600
  -0.0000861700   -0.0000834100    0.0007290700
  -0.0001322900    0.0000005100    0.0002455000
   0.0001406300   -0.0008017000    0.0005882300
  -0.0023801000   -0.0018003700    0.0024335200
   0.0007093600    0.0001824100    0.0007122900
   0.0000540400    0.0004586900    0.0006085300
   0.0001059200    0.0000639400    0.0000047100
  -0.0000323900    0.0000174200   -0.0001550100
   0.0079801500    0.0322963500    0.0419321400
  -0.0008852100   -0.0008666600    0.0016241500
  -0.0000035400   -0.0000781100   -0.0000760700
   0.0022280300    0.0026573100    0.0032370200
   0.0539159200    0.0265474800    0.0613155900
   0.0008480500   -0.0006655700    0.0006518300
  -0.0000192200    0.0004212300    0.0006850200
  -0.0039730400    0.0068890300    0.0244737300
   0.0001483300    0.0007907500    0.0006121600
  -0.0001325400    0.0000000600    0.0002487400
  -0.0000698600    0.0000803000    0.0007189600
  -0.0023564800    0.0018037700    0.0024383000
   0.0000676000   -0.0004355300    0.0006274600
   0.0007117500   -0.0001864300    0.0007005800
  -0.0000266700   -0.0000164800   -0.0001556500
   0.0001042600   -0.0000568100    0.0000097700
   0.0079476700   -0.0332983400    0.0427501300
   0.0022760700   -0.0026774300    0.0032495700
   0.0000038200    0.0000778300   -0.0000718600
  -0.0008545400    0.0008645400    0.0016329400

17   
  0.0053421816542820  -0.0000000000000000   0.0084534664589535
  -0.0038953800   -0.0068433900    0.0242878400
   0.0539002700   -0.0265230500    0.0613902000
   0.0003848900   -0.0000447300    0.0009144100
   0.0003992300    0.0002384100    0.0003655500
   0.0079595400    0.0331699400    0.0426488500
   0.0019399200    0.0025131900    0.0034140100
  -0.0000171500   -0.0001520900   -0.0000983600
  -0.0006072500   -0.0010347100    0.0014103100
   0.0004498500    0.0005057800    0.0008442700
  -0.0001134200    0.0000561800   -0.0001423200
   0.0001515200    0.0000982500   -0.0000560700
   0.0002881600   -0.0006241600    0.0004366700
   0.0001043200   -0.0003702400    0.0005692600
  -0.0024062100   -0.0014671800    0.0024096300
  -0.0000767500    0.0002959800    0.0007105600
  -0.0001520300    0.0000008000    0.0002260700
  -0.0677905600    0.0002056400   -0.1338675300
   0.0029743100   -0.0000338100   -0.0022864700
   0.0000021600   -0.0000707200   -0.0005449000
   0.0056102400    0.0004183800   -0.0039426000
   0.0002742700    0.0009929900   -0.0025948700
  -0.0000856900   -0.0000622800   -0.0000545000
  -0.0001254600    0.0000875000    0.0000218300
   0.0012919100   -0.0035121300   -0.0036436500
  -0.0000309000    0.0000180200   -0.0005837700
   0.0000241100   -0.0000240600   -0.0000147800
   0.0000913700    0.0000506400   -0.0005076400
   0.0000243900    0.0000652800   -0.0000133400
   0.0016243900    0.0028662700   -0.0034231400
  -0.0000585400   -0.0007335500   -0.0028152500
  -0.0000484700    0.0000420000   -0.0000272500
  -0.0001610800   -0.0001069100    0.0000010200
  -0.0012074100    0.0000002300    0.0156914000
   0.0022889900    0.0022354100    0.0010538000
   0.0000686300   -0.0000389000    0.0000820800
  -0.0004701700    0.0005019000   -0.0007132200
   0.0012260000    0.0005333100   -0.0001564200
   0.0000306000    0.0000108400   -0.0002512800
   0.0000561800   -0.0000240700   -0.0004073600
  -0.0025242000    0.0004858000    0.0004870900
  -0.0001457400    0.0001232400    0.0001036300
   0.0000132700    0.0000152100   -0.0003305000
  -0.0000785300   -0.0000848500    0.0000590900
   0.0000137800    0.0001450200   -0.0003333800
  -0.0001387000   -0.0001196000   -0.0010320400
  -0.0011431200   -0.0036623400    0.0013780900
   0.0001676300   -0.0000884600   -0.0003426200
  -0.0000831200   -0.0000550200   -0.0003224100

17   
 -0.0053421816542820   0.0000000000000000  -0.0084534664589535
   0.0039416800    0.0068585300   -0.0244620700
  -0.0516323000    0.0252302200   -0.0591772500
  -0.0003354400    0.0000456200   -0.0009283000
  -0.0004368500   -0.0002393400   -0.0003743400
  -0.0079361100   -0.0322765100   -0.0420006500
  -0.0019644100   -0.0024951600   -0.0033986600
   0.0000142900    0.0001461100    0.0000821100
   0.0005954400    0.0010217700   -0.0014556700
  -0.0004271500   -0.0004699800   -0.0008581600
   0.0001029900   -0.0000530700    0.0001226300
  -0.0001509100   -0.0000972200    0.0000393600
  -0.0003134600    0.0006406900   -0.0004445800
  -0.0001262400    0.0003432500   -0.0005818600
   0.0023606000    0.0014802000   -0.0024302300
   0.0000850200   -0.0003272700   -0.0007219600
   0.0001466000   -0.0000006600   -0.0002357700
   0.0657466100    0.0002623100    0.1317463800
  -0.0029452700    0.0000198600    0.0022195100
  -0.0000008700    0.0000698400    0.0005190600
  -0.0056572800   -0.0004239700    0.0039409500
  -0.0003078900   -0.0009937000    0.0025397700
   0.0000806800    0.0000610800    0.0000266700
   0.0001238600   -0.0000873200   -0.0000455500
  -0.0012843000    0.0034961500    0.0036099100
   0.0000277400   -0.0000189100    0.0005587500
  -0.0000265800    0.0000219500   -0.0000089200
  -0.0000952400   -0.0000570700    0.0004775100
  -0.0000250300   -0.0000712400   -0.0000077300
  -0.0016330800   -0.0028565100    0.0034001600
   0.0000393500    0.0007482100    0.0027489600
   0.0000425700   -0.0000404100    0.0000039800
   0.0001643900    0.0001077000   -0.0000181400
   0.0011749700   -0.0000008000   -0.0154392500
  -0.0022846800   -0.0022436500   -0.0010439400
  -0.0000688800    0.0000385100   -0.0000931300
   0.0004930200   -0.0005261700    0.0006898700
  -0.0012711200   -0.0005399300    0.0001282100
  -0.0000271100   -0.0000091500    0.0002373800
  -0.0000606900    0.0000261000    0.0003980200
   0.0025139600   -0.0004872600   -0.0004910300
   0.0001404000   -0.0001228700   -0.0001155600
  -0.0000134200   -0.0000210600    0.0003173600
   0.0000726200    0.0000795600   -0.0000720500
  -0.0000117300   -0.0001456000    0.0003149800
   0.0001314700    0.0001517000    0.0010027600
   0.0011270700    0.0036124100   -0.0013501100
  -0.0001698900    0.0000904700    0.0003251100
   0.0000806200    0.0000525500    0.0003055300
