96   
12   

1    
  0.0055294844700010   0.0000000000000000   0.0083321546730733
  -0.1089969760   -0.0002386777   -0.1876666111
   0.0029284235    0.0044122500   -0.0112043446
  -0.0002366892    0.0000051000   -0.0028687963
   0.0024628596   -0.0045080000   -0.0112019137
   0.0019039968   -0.0037882380   -0.0112922644
   0.0000068543   -0.0001146993   -0.0033765762
   0.0001655387    0.0000214432   -0.0033593645
   0.0018440149    0.0041940530   -0.0111081139
  -0.0000663983   -0.0001013326   -0.0028707161
   0.0002013879    0.0000857490   -0.0033641452
  -0.0000656583    0.0000920126   -0.0028720661
   0.0001968479    0.0000047510   -0.0033677552
   0.0017213449    0.0048197970   -0.0112924539
   0.0020408868   -0.0050531120   -0.0111100344
   0.0000916943    0.0000611893   -0.0033114062
   0.0000691387   -0.0000713932   -0.0034235445
   0.0001348954    0.0000610453   -0.0033915845
  -0.0000244592   -0.0000496542   -0.0034151002
   0.0000157204   -0.0000529710   -0.0033363705
  -0.0000864015    0.0000418829   -0.0036908862
   0.0000022025   -0.0000205941   -0.0034277171
  -0.0000763950    0.0000097707   -0.0033350593
   0.0000788387    0.0000432921   -0.0033221985
  -0.0000324645    0.0001153092   -0.0034969298
   0.0000173038    0.0000238636   -0.0033921134
   0.0000689470    0.0000619766   -0.0033613545
   0.0000152062    0.0000206808   -0.0034536526
  -0.0000062043    0.0000301404   -0.0034362089
   0.0000028887   -0.0001337471   -0.0035471942
   0.0001277277   -0.0000964523   -0.0035047444
   0.0000145948   -0.0000242530   -0.0034427342
  -0.0000754049   -0.0000297999   -0.0034826656
  -0.0009842257   -0.0056688016    0.0219132034
  -0.0001155018   -0.0006175361    0.0016126100
   0.0008391390    0.0001683085    0.0021692458
   0.0401259039   -0.0180844564    0.0473237200
  -0.0004716274    0.0000246256    0.0018237634
  -0.0000705551   -0.0000072120    0.0009858694
   0.0003938228   -0.0006256341    0.0019626165
  -0.0017730791   -0.0018790046    0.0024589494
   0.0002587795    0.0005254356    0.0021053539
   0.0001834277    0.0005381314    0.0016796313
  -0.0000552987   -0.0000336586    0.0008465393
   0.0000542537   -0.0000406840    0.0005613125
   0.0088085857    0.0238405739    0.0347295193
  -0.0015423740   -0.0001362661    0.0025504087
  -0.0000051975    0.0000672536    0.0006990836
   0.0017330515    0.0020101777    0.0023630711
   0.0401882510    0.0181674603    0.0435318112
   0.0008221186   -0.0000754163   -0.0010718668
  -0.0002252395    0.0006826464   -0.0015552533
  -0.0002411486    0.0051590538    0.0174988392
   0.0005141191    0.0006367322   -0.0012492588
  -0.0000239108   -0.0000068219   -0.0022362923
  -0.0005378006   -0.0000321132   -0.0013807044
  -0.0018101710    0.0020268966   -0.0008941942
   0.0001782859   -0.0006828648   -0.0014941849
   0.0001880225   -0.0005174126   -0.0011365442
  -0.0000299270    0.0000011727   -0.0026816596
   0.0000427864   -0.0000536480   -0.0023517066
   0.0086982118   -0.0232302980    0.0303987076
   0.0018042369   -0.0020897258   -0.0008979839
  -0.0000391566    0.0000470157   -0.0025121512
  -0.0016883298    0.0000572979   -0.0008854855
   0.0000859876    0.0000038600    0.0072947703
   0.0001639769   -0.0001052700    0.0077388975
   0.0000525036   -0.0000402400    0.0072135775
  -0.0001050663   -0.0000522200    0.0074430803
   0.0000207131    0.0001363322    0.0077556337
   0.0000592051    0.0000431710    0.0072160711
  -0.0000149527    0.0000110210    0.0071999985
   0.0000135324    0.0001780057    0.0074344351
  -0.0000268461    0.0000433415    0.0071918977
  -0.0000049970   -0.0000465459    0.0072063440
   0.0000315939   -0.0000138515    0.0072362677
  -0.0000097370    0.0000364059    0.0072430940
  -0.0000746276   -0.0000715257    0.0076007451
   0.0002029531   -0.0000877822    0.0075755337
   0.0000059951   -0.0000050610    0.0072308811
  -0.0000602227   -0.0000250010    0.0072688685
   0.0000097467    0.0000038800    0.0015166067
  -0.0000163027    0.0000514700    0.0014963222
   0.0000136504    0.0000166900    0.0014877652
   0.0000146966    0.0000251500    0.0015010212
   0.0000303920   -0.0000431358    0.0014994963
   0.0000112240    0.0000139697    0.0015139534
  -0.0000065626    0.0000084935    0.0015174391
  -0.0000306930   -0.0000194084    0.0014925859
   0.0000172064   -0.0000043834    0.0014974438
  -0.0000008855   -0.0000141028    0.0015167909
  -0.0000250436   -0.0000237966    0.0014756838
   0.0000000745   -0.0000103372    0.0015032109
   0.0000356170    0.0000028884    0.0015061859
  -0.0000391980   -0.0000215642    0.0014941063
  -0.0000159460    0.0000133503    0.0014982534
  -0.0000016926    0.0000036365    0.0014926891

1    
 -0.0055294844700010   0.0000000000000000  -0.0083321546730733
   0.1089553738   -0.0002552886    0.1822864664
  -0.0026068896   -0.0043976200    0.0035785237
   0.0002261792    0.0000288000   -0.0048499037
  -0.0027959536    0.0045490800    0.0033982146
  -0.0018124149    0.0040045330    0.0035135439
  -0.0000062287    0.0001147832   -0.0043477055
  -0.0001700843   -0.0000221493   -0.0043621138
  -0.0019384268   -0.0039643680    0.0034688744
   0.0000924383    0.0000725126   -0.0048345339
  -0.0002029079   -0.0000969210   -0.0043524948
   0.0000464783   -0.0001046026   -0.0048679739
  -0.0001971179   -0.0000195890   -0.0043555548
  -0.0018482368   -0.0050031620    0.0034224644
  -0.0018848848    0.0048849270    0.0035568939
  -0.0001004187   -0.0000523632   -0.0043996455
  -0.0000843643    0.0000675593   -0.0043101638
  -0.0001221943   -0.0000868091   -0.0036461188
   0.0000164066    0.0000239430   -0.0036443548
  -0.0000131794    0.0000230415   -0.0037195212
   0.0000917429   -0.0000596931   -0.0033635630
  -0.0000027873    0.0000220710   -0.0036312703
   0.0000932876    0.0000102520   -0.0037238202
  -0.0000931346   -0.0000169704   -0.0037293006
   0.0000351602   -0.0001116205   -0.0035565969
  -0.0000170507    0.0000128089   -0.0036729397
  -0.0000642552   -0.0000576609   -0.0036920336
  -0.0000261418    0.0000019738   -0.0035992504
   0.0000144150    0.0000096246   -0.0036108089
   0.0000089097    0.0001178134   -0.0035078447
  -0.0001320698    0.0000931932   -0.0035508347
  -0.0000016732    0.0000144298   -0.0036069582
   0.0000592362    0.0000079743   -0.0035636296
   0.0009749437    0.0056490796   -0.0203296481
   0.0000999113    0.0006141719    0.0000224385
  -0.0008612240   -0.0001573349   -0.0005364884
  -0.0417425857    0.0190046616   -0.0471194499
   0.0004664825   -0.0000305257   -0.0001695182
   0.0000691598   -0.0000066119    0.0006407532
  -0.0004106485    0.0006273847   -0.0003438580
   0.0017316324    0.0018864201   -0.0008199409
  -0.0002720893   -0.0005215710   -0.0004517641
  -0.0001806671   -0.0005188037   -0.0000596563
   0.0000576424    0.0000250833    0.0007941481
  -0.0000646635    0.0000279410    0.0010768816
  -0.0088082268   -0.0245537652   -0.0336031164
   0.0014935547    0.0001221159   -0.0009145948
  -0.0000023268   -0.0000591339    0.0009307330
  -0.0017476559   -0.0020149872   -0.0007366360
  -0.0385625190   -0.0172523650   -0.0466968309
  -0.0008059633    0.0000818899   -0.0035681703
   0.0002388804   -0.0006906201   -0.0030765360
   0.0002569509   -0.0051727562   -0.0220685550
  -0.0004942334   -0.0006347815   -0.0033743197
   0.0000206761   -0.0000061820   -0.0023891904
   0.0005528155    0.0000273431   -0.0032726208
   0.0018468876   -0.0020268814   -0.0037394146
  -0.0001810666    0.0006966224   -0.0031278902
  -0.0001703025    0.0005306770   -0.0035236556
   0.0000375868   -0.0000098457   -0.0019575444
  -0.0000474301    0.0000418727   -0.0022817708
  -0.0086827403    0.0225121971   -0.0344941610
  -0.0017924527    0.0020868163   -0.0037422118
   0.0000384909   -0.0000364560   -0.0021155353
   0.0017403591   -0.0000672680   -0.0037258885
  -0.0000662884    0.0000041500    0.0073770318
  -0.0001891887    0.0001265700    0.0068873068
  -0.0000535757    0.0000288800    0.0074189670
   0.0001098591    0.0000497500    0.0071693526
  -0.0000154226   -0.0001649234    0.0068740062
  -0.0000648615   -0.0000441134    0.0074023973
   0.0000347994   -0.0000007679    0.0074257248
  -0.0000289877   -0.0001787923    0.0071898741
   0.0000209953   -0.0000430376    0.0074344373
   0.0000216376    0.0000554172    0.0074148604
  -0.0000467047    0.0000022376    0.0074035173
   0.0000191276   -0.0000297872    0.0073695004
   0.0000771623    0.0000815623    0.0070112641
  -0.0002182726    0.0000816734    0.0070435762
   0.0000101285    0.0000121434    0.0073891273
   0.0000554994    0.0000274679    0.0073696748
   0.0000086664    0.0000038800    0.0014700491
   0.0000037619   -0.0000368100    0.0014858137
  -0.0000164044   -0.0000295000    0.0014996201
  -0.0000150623   -0.0000288100    0.0015023027
  -0.0000221704    0.0000263647    0.0014836128
  -0.0000220900   -0.0000167669    0.0014880131
   0.0000283624    0.0000009768    0.0014791313
   0.0000141877    0.0000264232    0.0014986623
  -0.0000243752    0.0000044061    0.0014961396
   0.0000179153    0.0000271906    0.0014823218
   0.0000077848    0.0000123239    0.0015025996
   0.0000110653    0.0000152694    0.0015045218
  -0.0000380323   -0.0000003332    0.0014934123
   0.0000346896    0.0000079353    0.0014939128
   0.0000308400   -0.0000042031    0.0015006131
  -0.0000034476   -0.0000016568    0.0014866613

17   
  0.0055294844700010   0.0000000000000000   0.0083321546730733
   0.0002453543    0.0001385891   -0.0037960912
  -0.0001961429    0.0001120431   -0.0039390970
   0.0000542294   -0.0000534515   -0.0036826588
  -0.0000575466   -0.0000537530   -0.0037081252
  -0.0000009297   -0.0002524534   -0.0038696153
   0.0000476738    0.0000449057   -0.0038859804
   0.0000078332    0.0000129902   -0.0037660618
   0.0000235398   -0.0000306432   -0.0037518153
   0.0000241307    0.0000439511   -0.0037097003
   0.0000186150   -0.0000090146   -0.0037765011
   0.0000002318   -0.0000074538   -0.0037587896
   0.0000652552    0.0001063309   -0.0036780464
  -0.0000246927   -0.0000476710   -0.0037242297
  -0.0000318202   -0.0000127595   -0.0038191631
   0.0001234646   -0.0000010596   -0.0036676594
  -0.0000847576   -0.0000049220   -0.0036571198
  -0.0913839688    0.0003028869   -0.1850542763
   0.0011089135   -0.0058305900   -0.0029284646
   0.0027492208    0.0000271200   -0.0029892463
   0.0014764096    0.0058129400   -0.0033285237
   0.0009906268    0.0056975820   -0.0030008843
   0.0002989543   -0.0002078493   -0.0040172762
   0.0002492287    0.0002612232   -0.0039846245
   0.0012250649   -0.0061803470   -0.0032570339
   0.0009715417    0.0010359474   -0.0029696261
   0.0006816779   -0.0000227410   -0.0040005252
   0.0009041417   -0.0010531274   -0.0030077061
   0.0006929679    0.0000394710   -0.0040017652
   0.0012530849   -0.0055167030   -0.0031981339
   0.0009466368    0.0059162480   -0.0030548643
   0.0003047543    0.0002199093   -0.0040222962
   0.0002523687   -0.0002582032   -0.0039821545
   0.0000126769   -0.0000039200    0.0007005993
   0.0000067445    0.0000220700    0.0008552691
   0.0000088079    0.0000088500    0.0008196686
  -0.0000042512    0.0000238000    0.0008812201
   0.0000251008   -0.0000132655    0.0008643648
  -0.0000024949   -0.0000105340    0.0008421360
  -0.0000091883    0.0000099695    0.0008502147
  -0.0000293269    0.0000038043    0.0008701653
   0.0000050312    0.0000046263    0.0008151690
   0.0000117688   -0.0000040152    0.0008443606
  -0.0000080988   -0.0000147563    0.0008284390
  -0.0000049612    0.0000027552    0.0008230506
   0.0000201931   -0.0000142343    0.0008810653
  -0.0000108692   -0.0000242745    0.0008552448
   0.0000043851   -0.0000042960    0.0008207960
  -0.0000031283   -0.0000047395    0.0008204747
   0.0003204890   -0.0000043000   -0.0033683869
  -0.0000958281   -0.0001074900   -0.0020094282
   0.0000194641    0.0000017700   -0.0023760080
   0.0002483733   -0.0001903700   -0.0019856549
  -0.0001268132   -0.0000350305   -0.0018528081
  -0.0000483434   -0.0000374204   -0.0023568089
   0.0000010308    0.0000040263   -0.0025363280
   0.0002964752   -0.0001097847   -0.0021389365
   0.0000083074    0.0000083189   -0.0023863142
   0.0000125581    0.0000285398   -0.0024447244
   0.0000082274   -0.0000110289   -0.0023683942
  -0.0000282119   -0.0000661198   -0.0024606444
  -0.0000350348    0.0002143247   -0.0018451465
   0.0000541768    0.0002275305   -0.0021506081
  -0.0000484134    0.0000129304   -0.0025379789
   0.0000628208    0.0000472537   -0.0023780480
   0.0381818935    0.0200370305    0.0503070036
  -0.0042035342    0.0044134631    0.0193874767
  -0.0006711366    0.0006217254    0.0079588713
   0.0007770366   -0.0008727681    0.0066598851
   0.0034600090   -0.0245356152    0.0349491066
   0.0000522794    0.0010145416    0.0073673134
  -0.0002485015   -0.0000835581    0.0074648700
   0.0006564397   -0.0013583866    0.0091971044
  -0.0001760602   -0.0012703479    0.0077292963
  -0.0001456032   -0.0000605104    0.0073183771
  -0.0000017507    0.0001422366    0.0076151410
   0.0007626867    0.0001302293    0.0068958810
   0.0003880400    0.0012064258    0.0070777426
  -0.0016989709    0.0003473535    0.0082948031
  -0.0001247088    0.0001752164    0.0075461534
  -0.0000917566    0.0000028861    0.0078083620
  -0.0042607451   -0.0045250855    0.0144943309
   0.0405365083   -0.0213648786    0.0474820487
   0.0010280965    0.0008998089    0.0008629293
  -0.0008266817   -0.0005826669    0.0021323811
   0.0035557331    0.0257912923    0.0308759934
   0.0005089412    0.0013031488    0.0035496649
  -0.0002283582    0.0000992016    0.0016794282
   0.0001878373   -0.0011130645    0.0020647856
   0.0009509406    0.0000450219    0.0010655474
  -0.0000029181   -0.0001312164    0.0017897769
  -0.0001763621    0.0000301334    0.0015636916
  -0.0002543253    0.0013908550    0.0019219434
  -0.0001583945   -0.0003890431    0.0017021186
  -0.0017421127   -0.0001869463    0.0027949455
   0.0004870664   -0.0013738242    0.0012863629
  -0.0001292970    0.0000029160    0.0019686904

17   
 -0.0055294844700010   0.0000000000000000  -0.0083321546730733
  -0.0002270354   -0.0001380653   -0.0039250355
   0.0002107315   -0.0001074029   -0.0037753838
  -0.0000475304    0.0000652210   -0.0040274995
   0.0000655692    0.0000575942   -0.0040056198
   0.0000159313    0.0002613271   -0.0038503858
  -0.0000312851   -0.0000383001   -0.0038362344
  -0.0000029148   -0.0000025770   -0.0039441758
  -0.0000139377    0.0000459523   -0.0039613156
  -0.0000193238   -0.0000471136   -0.0039988366
  -0.0000004657    0.0000035696   -0.0039334011
   0.0000164438    0.0000142192   -0.0039586974
  -0.0000548670   -0.0000985566   -0.0040325455
   0.0000399375    0.0000554341   -0.0039912129
   0.0000457245    0.0000130608   -0.0038977902
  -0.0001159287   -0.0000065121   -0.0040446215
   0.0000957350    0.0000001593   -0.0040584507
   0.0902210517   -0.0002434344    0.1786141017
  -0.0009324196    0.0057927900   -0.0040585663
  -0.0027317708   -0.0000261800   -0.0040339437
  -0.0016377335   -0.0058470100   -0.0037315054
  -0.0009659049   -0.0057005570   -0.0039650461
  -0.0002912687    0.0002347132   -0.0029967055
  -0.0002198843   -0.0002407993   -0.0030497738
  -0.0012226368    0.0061814320   -0.0038287057
  -0.0009454417   -0.0010148974   -0.0040507839
  -0.0006677379    0.0000540290   -0.0030211448
  -0.0009107117    0.0010667074   -0.0040196339
  -0.0006772079   -0.0000323790   -0.0030206048
  -0.0012233268    0.0054676880   -0.0038002857
  -0.0009501849   -0.0059609730   -0.0039919361
  -0.0003054987   -0.0002107632   -0.0029987655
  -0.0002264143    0.0002629293   -0.0030404738
  -0.0000036814    0.0000058100    0.0009191025
  -0.0000022506   -0.0000090200    0.0007662681
   0.0000084698    0.0000010800    0.0007985191
   0.0000181842   -0.0000371000    0.0007299610
  -0.0000056569    0.0000061588    0.0007545993
   0.0000116750    0.0000008141    0.0007819038
   0.0000080456    0.0000039725    0.0007660110
   0.0000479857    0.0000170424    0.0007452808
   0.0000044386    0.0000079425    0.0007955395
   0.0000122414    0.0000105037    0.0007739476
   0.0000207086    0.0000041575    0.0007997395
   0.0000048814    0.0000024463    0.0007998076
  -0.0000118143    0.0000206476    0.0007393208
   0.0000191731    0.0000282912    0.0007607193
   0.0000133150    0.0000042559    0.0007914238
   0.0000147256    0.0000073875    0.0007997410
  -0.0003224032    0.0000054600   -0.0012205031
   0.0000977399    0.0001190000   -0.0025791293
  -0.0000032506    0.0000099300   -0.0022150130
  -0.0002272609    0.0001790500   -0.0025954965
   0.0001426495    0.0000261742   -0.0027301366
   0.0000578681    0.0000292483   -0.0022356951
  -0.0000015779    0.0000079602   -0.0020502327
  -0.0002723329    0.0001243537   -0.0024461301
   0.0000031391    0.0000014478   -0.0021986391
   0.0000097855   -0.0000218627   -0.0021425598
   0.0000042491    0.0000019022   -0.0022291991
   0.0000291255    0.0000707027   -0.0021327498
   0.0000474971   -0.0002026937   -0.0027415201
  -0.0000460405   -0.0002189242   -0.0024372066
   0.0000656081   -0.0000118583   -0.0020455151
  -0.0000515379   -0.0000444102   -0.0022120027
  -0.0396723302   -0.0209606035   -0.0374529423
   0.0042441696   -0.0044087764   -0.0048762665
   0.0006620681   -0.0006260597    0.0066726766
  -0.0007548955    0.0008501507    0.0079657116
  -0.0033783158    0.0252902882   -0.0210550180
  -0.0000617661   -0.0010118172    0.0072382200
   0.0002557906    0.0001032928    0.0071756206
  -0.0006877415    0.0013894191    0.0054209606
   0.0001669067    0.0012532253    0.0069030921
   0.0001677085    0.0000552126    0.0073233580
   0.0000002624   -0.0001435469    0.0070304112
  -0.0007299774   -0.0001324652    0.0077423460
  -0.0003835000   -0.0011720843    0.0075487641
   0.0017064761   -0.0003554039    0.0063437499
   0.0001322081   -0.0001472953    0.0070978232
   0.0001043136    0.0000092660    0.0068458931
   0.0042374098    0.0045238122   -0.0113214619
  -0.0389851323    0.0204176158   -0.0426481615
  -0.0010309390   -0.0009217260    0.0021844232
   0.0008586004    0.0005772826    0.0009036513
  -0.0036077367   -0.0250160396   -0.0270880931
  -0.0004635573   -0.0012801453   -0.0004908172
   0.0002536590   -0.0000805768    0.0013471011
  -0.0001590712    0.0011199392    0.0009861211
  -0.0009588802   -0.0000457185    0.0019619855
   0.0000269164    0.0001352461    0.0012287108
   0.0001773467   -0.0000399511    0.0014612033
   0.0002900690   -0.0014136779    0.0011179984
   0.0001687054    0.0004117743    0.0013214051
   0.0017690678    0.0001820245    0.0002335927
  -0.0004777371    0.0014168264    0.0017559399
   0.0001464499    0.0000093061    0.0010468345

33   
  0.0055294844700010   0.0000000000000000   0.0083321546730733
   0.0003616162   -0.0048921997    0.0163481682
   0.0405279357   -0.0182955617    0.0450460598
   0.0008185340    0.0000044949   -0.0024332015
  -0.0000613313    0.0001987781   -0.0030710985
   0.0088406168    0.0230160453    0.0305503864
  -0.0000520841    0.0009796472   -0.0010929040
   0.0000214068   -0.0002352461   -0.0039459630
   0.0002396053   -0.0011492259   -0.0032796252
   0.0005404793    0.0008004810   -0.0027225759
  -0.0001939065    0.0001134890   -0.0039076816
   0.0002042576    0.0000995667   -0.0039846581
  -0.0000720129   -0.0001661263   -0.0027773637
  -0.0001590824   -0.0006046143   -0.0030443418
  -0.0017441824    0.0001583499   -0.0021874591
   0.0000964885   -0.0002734047   -0.0024591820
  -0.0000632298   -0.0000118981   -0.0036500832
   0.0000216114   -0.0000134100   -0.0035957525
   0.0000277758   -0.0000061700   -0.0034343710
   0.0000120602   -0.0000208700   -0.0034756291
  -0.0000201094   -0.0000121000   -0.0034257481
   0.0000258943    0.0000233724   -0.0034161908
   0.0000053944    0.0000037225   -0.0034805010
   0.0000029350    0.0000000441   -0.0034728738
  -0.0000066031    0.0000141288   -0.0034413293
  -0.0000033586    0.0000095275   -0.0034708595
   0.0000037886    0.0000003137   -0.0034733876
   0.0000064414   -0.0000007375   -0.0034782395
   0.0000140886    0.0000138063   -0.0034493576
  -0.0000067331   -0.0000409788   -0.0034122093
   0.0000078343   -0.0000310224   -0.0034434708
   0.0000116144   -0.0000105925   -0.0034507310
  -0.0000101350   -0.0000264541   -0.0034527638
  -0.0537258707    0.0007815547   -0.1106950451
   0.0022435652    0.0002714100   -0.0021899800
  -0.0000843693   -0.0000186900    0.0002344166
   0.0032586628    0.0004480500   -0.0028721560
   0.0000938672    0.0009982998   -0.0021536545
  -0.0000023448   -0.0000093097    0.0007563907
  -0.0001715581    0.0000971446    0.0008552782
  -0.0000025449   -0.0022924587   -0.0029132425
  -0.0000099233   -0.0000514640    0.0002304466
   0.0000056288   -0.0001045786    0.0008071845
   0.0000103667    0.0000462140    0.0002391566
   0.0000072188    0.0000739186    0.0008065545
   0.0006344651    0.0017399287   -0.0024954425
  -0.0005341428   -0.0012134198   -0.0025712345
  -0.0000195648    0.0000099297    0.0007467907
  -0.0001573081   -0.0001007646    0.0008599982
  -0.0013844649   -0.0000026000    0.0165505512
   0.0022531948    0.0016946900   -0.0013597319
   0.0000978681   -0.0001888800   -0.0023798722
  -0.0001978133    0.0001026800   -0.0030018209
   0.0008863964    0.0006684689   -0.0022430359
   0.0000315837   -0.0000009197   -0.0025274047
  -0.0000061960    0.0000128256   -0.0025976935
  -0.0019011202    0.0005279794   -0.0021297156
  -0.0001924912    0.0001595035   -0.0022658083
   0.0000254705   -0.0000274474   -0.0025628880
   0.0001228488    0.0000069565   -0.0024963483
   0.0000435105   -0.0000017426   -0.0025824680
  -0.0003084002    0.0001617606   -0.0030549356
  -0.0006718436   -0.0032235889   -0.0013014059
   0.0000170137    0.0000104997   -0.0025642247
   0.0000092640   -0.0000248856   -0.0025949435
   0.0000294705   -0.0000020323    0.0071825682
   0.0000056131    0.0000065245    0.0072312816
  -0.0000268551    0.0000001547    0.0072958067
   0.0000218406    0.0000029187    0.0072927269
   0.0000305253   -0.0000220336    0.0072055802
  -0.0000374245   -0.0000287432    0.0072024606
   0.0000132352    0.0000167056    0.0072950129
   0.0000213636   -0.0000218212    0.0072803959
  -0.0000006896   -0.0000180305    0.0073069239
   0.0000331252   -0.0000111647    0.0073049003
  -0.0000165613   -0.0000165794    0.0072975632
   0.0000152095   -0.0000354613    0.0072861332
   0.0000107842   -0.0000052848    0.0072973250
   0.0000037930    0.0000222776    0.0072454684
  -0.0000245555    0.0000248304    0.0072873542
   0.0000110358   -0.0000096106    0.0072797326
   0.0000206515    0.0000064286    0.0015920722
  -0.0000028613   -0.0000027960    0.0015843346
   0.0000096611   -0.0000170437    0.0015677179
   0.0000117693   -0.0000060437    0.0015720463
   0.0000066238   -0.0000218227    0.0015896784
  -0.0000048486   -0.0000113284    0.0015823489
   0.0000175103   -0.0000088365    0.0015673536
   0.0000084044   -0.0000130744    0.0015728667
   0.0000058020    0.0000019952    0.0015590101
   0.0000084258    0.0000056657    0.0015622357
   0.0000025598   -0.0000077991    0.0015589616
   0.0000209125   -0.0000025740    0.0015758741
   0.0000066235   -0.0000117526    0.0015690796
   0.0000064194   -0.0000042972    0.0015731228
   0.0000168857    0.0000039187    0.0015737546
   0.0000069919   -0.0000095400    0.0015595411

33   
 -0.0055294844700010   0.0000000000000000  -0.0083321546730733
  -0.0002857542    0.0049254117   -0.0241899435
  -0.0387623140    0.0172996764   -0.0511414700
  -0.0007655290   -0.0000177185   -0.0052281558
   0.0000433318   -0.0001863139   -0.0046010300
  -0.0088062457   -0.0223806540   -0.0378066593
   0.0000280685   -0.0009822277   -0.0065523311
  -0.0000104725    0.0002333764   -0.0037300236
  -0.0002328060    0.0011442361   -0.0044152387
  -0.0005095694   -0.0007764556   -0.0049436539
   0.0001983363   -0.0001223860   -0.0037676225
  -0.0001990313   -0.0001034114   -0.0036965493
   0.0000765223    0.0001789187   -0.0048826713
   0.0001651374    0.0005590844   -0.0046311734
   0.0017452591   -0.0001503054   -0.0054846294
  -0.0000681328    0.0002465141   -0.0051987365
   0.0000511451   -0.0000049780   -0.0040183994
  -0.0000078569   -0.0000057500   -0.0033884393
  -0.0000187988   -0.0000176900   -0.0035457201
   0.0000011021   -0.0000005300   -0.0035045986
   0.0000255955    0.0000002500   -0.0035568191
  -0.0000148731   -0.0000147457   -0.0035654853
   0.0000106783    0.0000104095   -0.0035054847
   0.0000040849    0.0000066760   -0.0035082460
   0.0000156892   -0.0000054955   -0.0035435348
   0.0000110088   -0.0000009063   -0.0035108590
   0.0000062512    0.0000018848   -0.0035058406
   0.0000032588    0.0000080463   -0.0035005490
   0.0000023012   -0.0000017348   -0.0035303706
   0.0000205492    0.0000177055   -0.0035706048
   0.0000067969    0.0000152257   -0.0035335753
   0.0000007583   -0.0000041695   -0.0035291147
   0.0000134649    0.0000029140   -0.0035290460
   0.0510293302    0.0001102330    0.1076351384
  -0.0021860931   -0.0002887700    0.0037783662
   0.0000936393    0.0000156400    0.0013838434
  -0.0032868549   -0.0004425800    0.0045039597
  -0.0001048452   -0.0009856190    0.0037419326
   0.0000128481    0.0000048846    0.0008640918
   0.0001817748   -0.0001038997    0.0007717593
  -0.0000015070    0.0022804996    0.0045263344
   0.0000208533    0.0000427940    0.0013912034
   0.0000046212    0.0001016114    0.0008186755
   0.0000003833   -0.0000579640    0.0013749634
  -0.0000001288   -0.0000865214    0.0008194455
  -0.0006296070   -0.0017515996    0.0041128044
   0.0005286548    0.0011885990    0.0041692426
   0.0000224681   -0.0000096046    0.0008756618
   0.0001727748    0.0000966497    0.0007587093
   0.0013611898   -0.0000021700   -0.0208392297
  -0.0022315531   -0.0017196300   -0.0031871019
  -0.0000892048    0.0001834900   -0.0021829891
   0.0002312689   -0.0001206500   -0.0015719485
  -0.0009116846   -0.0006716758   -0.0023238566
  -0.0000181716   -0.0000010373   -0.0020407196
   0.0000144961   -0.0000190041   -0.0019676754
   0.0019099248   -0.0005375692   -0.0024379148
   0.0002014679   -0.0001666624   -0.0022971252
  -0.0000156177    0.0000238196   -0.0020047913
  -0.0001091421   -0.0000149476   -0.0020713752
  -0.0000343477   -0.0000089396   -0.0019889113
   0.0003254148   -0.0001500008   -0.0015151348
   0.0006687054    0.0031803758   -0.0032433966
  -0.0000117016   -0.0000091627   -0.0020058996
   0.0000032561    0.0000191441   -0.0019674954
  -0.0000123756    0.0000027795    0.0075004669
   0.0000015008   -0.0000125195    0.0074654329
   0.0000369081   -0.0000158124    0.0074063303
  -0.0000129391   -0.0000101489    0.0073979106
  -0.0000141487    0.0000093285    0.0074835753
   0.0000398522    0.0000193013    0.0074790120
   0.0000127641   -0.0000210030    0.0073976525
  -0.0000237595    0.0000200358    0.0074129462
   0.0000106613    0.0000220814    0.0074080934
  -0.0000208417    0.0000242191    0.0073996945
   0.0000132720    0.0000054054    0.0074049581
   0.0000072048    0.0000379273    0.0074031112
  -0.0000053287   -0.0000109763    0.0073995646
   0.0000134939   -0.0000386040    0.0074506994
   0.0000400189   -0.0000189638    0.0074093022
  -0.0000078620    0.0000002494    0.0074335098
  -0.0000044328   -0.0000063393    0.0014842568
   0.0000084123   -0.0000033348    0.0014808280
   0.0000008498    0.0000004035    0.0014935735
  -0.0000032693   -0.0000014963    0.0014998633
   0.0000092860    0.0000087941    0.0014816324
   0.0000059198    0.0000021592    0.0014975833
   0.0000090998    0.0000036567    0.0015017565
  -0.0000113755    0.0000103851    0.0014971519
   0.0000042782    0.0000022057    0.0014890204
   0.0000028944    0.0000084543    0.0014951946
  -0.0000060599   -0.0000035709    0.0014974983
   0.0000019274    0.0000054439    0.0014973064
  -0.0000015235   -0.0000052374    0.0014960904
   0.0000094206   -0.0000121343    0.0014919676
  -0.0000004952    0.0000024005    0.0014914465
  -0.0000039318    0.0000003000    0.0014885489

49   
  0.0055294844700010   0.0000000000000000   0.0083321546730733
   0.0377684291    0.0168094050    0.0409263908
   0.0004690391    0.0047404662    0.0155281851
  -0.0000704404   -0.0002616299   -0.0032022340
   0.0006233133    0.0000563801   -0.0025121497
   0.0086691603   -0.0216976372    0.0283604009
   0.0000397009    0.0010775080   -0.0035945215
  -0.0000195409    0.0002715360   -0.0040565947
   0.0000469227   -0.0010653663   -0.0012878982
  -0.0000910934    0.0001985776   -0.0028575398
   0.0002392901   -0.0001510427   -0.0040334592
  -0.0002278668   -0.0001186743   -0.0040838256
   0.0004456125   -0.0006971870   -0.0028573944
   0.0000593434    0.0001391615   -0.0025148703
  -0.0018074776    0.0000023914   -0.0024355954
  -0.0001109055    0.0005736269   -0.0032042392
  -0.0000225861   -0.0000053180   -0.0037892296
   0.0003327132   -0.0000097700   -0.0046051169
   0.0000892509    0.0002044100   -0.0031154635
   0.0000173906   -0.0000293500   -0.0036103470
   0.0000570701    0.0003031100   -0.0033440207
   0.0002427829   -0.0001052863   -0.0032560599
   0.0001297079    0.0001025002   -0.0036551073
  -0.0001217781    0.0000636683   -0.0037292849
  -0.0002282195   -0.0001097358   -0.0031983034
  -0.0000130091    0.0000246822   -0.0036062109
  -0.0000272755   -0.0001351927   -0.0036907102
   0.0000212509    0.0000154378   -0.0036108009
   0.0000098845   -0.0001469773   -0.0036774602
   0.0003001005   -0.0001191442   -0.0033694834
  -0.0001380971   -0.0001836637   -0.0030808399
  -0.0001612321    0.0000916698   -0.0036598773
   0.0001120719    0.0000530117   -0.0036956649
  -0.0013587198   -0.0000004000    0.0193445097
  -0.0002246889   -0.0000050000    0.0000818886
   0.0000892448    0.0002021400    0.0006972491
   0.0022315531   -0.0016178300    0.0016991419
  -0.0018027349   -0.0005861593    0.0010082748
  -0.0000164061   -0.0000305741    0.0004938854
   0.0000289216    0.0000055427    0.0005089696
   0.0008296346   -0.0007263058    0.0007806266
   0.0001290021   -0.0000244176    0.0005933452
   0.0000379577    0.0000311696    0.0005022713
  -0.0002141979   -0.0001782424    0.0008022252
   0.0000165177   -0.0000647696    0.0005207713
  -0.0005798054    0.0031168458    0.0018120066
  -0.0004230549   -0.0001996807   -0.0000324752
  -0.0000518361    0.0000425041    0.0005036754
   0.0000590616    0.0000255873    0.0005279696
  -0.0520482307    0.0000699098   -0.1095042396
   0.0034033251   -0.0005392800   -0.0054365498
  -0.0000697994   -0.0000549300   -0.0028186934
   0.0026365530   -0.0003677900   -0.0049289861
  -0.0001093128    0.0023153897   -0.0055620244
  -0.0001539348   -0.0001017097   -0.0022163593
   0.0000406219   -0.0000109954   -0.0022713118
   0.0003156452   -0.0012234189   -0.0047927426
  -0.0000786833    0.0000032960   -0.0028497734
   0.0000228188    0.0001167114   -0.0022448955
   0.0000234667    0.0000503940   -0.0027875434
   0.0000179988   -0.0000497114   -0.0022443155
  -0.0004676048    0.0015082489   -0.0053119526
   0.0006731772   -0.0016892597   -0.0050513444
  -0.0001006648    0.0000717397   -0.0021765993
  -0.0000144881   -0.0000176546   -0.0023037918
  -0.0009840488   -0.0004505056    0.0078046172
   0.0017697806   -0.0011357354    0.0095018522
  -0.0000664749    0.0000825902    0.0074459846
   0.0000921814    0.0001237731    0.0074761261
  -0.0001935547    0.0015865041    0.0086464573
   0.0001117017    0.0001213997    0.0073080863
   0.0000050555   -0.0000003041    0.0074647483
  -0.0000840339   -0.0000117832    0.0071897802
   0.0000453040   -0.0001166772    0.0074763022
   0.0000096451    0.0000046485    0.0075007746
   0.0000059333    0.0000081811    0.0074424179
  -0.0000495144   -0.0001067678    0.0074512202
   0.0001500782    0.0000188461    0.0074827622
  -0.0000942571   -0.0001164147    0.0072525126
  -0.0001023772    0.0000124327    0.0074373086
  -0.0000191346   -0.0000025346    0.0074283714
   0.0000297359    0.0000304620    0.0014636673
  -0.0000554389    0.0000243047    0.0013802981
   0.0000161555   -0.0000060778    0.0014123264
  -0.0000320898   -0.0000044532    0.0014528641
  -0.0000110785   -0.0000513671    0.0014259861
  -0.0000757761   -0.0000343385    0.0013907712
   0.0000099810   -0.0000120272    0.0014565396
   0.0000498488   -0.0000422557    0.0014066910
   0.0000104490    0.0000269149    0.0014246194
  -0.0000103043    0.0000190157    0.0014356626
   0.0000059141    0.0000054323    0.0014618652
  -0.0000001979    0.0000366271    0.0014349781
  -0.0000194108   -0.0000311199    0.0014531687
  -0.0000122698    0.0000691454    0.0013948441
   0.0000187664   -0.0000083223    0.0014128298
   0.0000045512   -0.0000025103    0.0014597302

49   
 -0.0055294844700010   0.0000000000000000  -0.0083321546730733
  -0.0394983411   -0.0177748503   -0.0502399211
  -0.0004837414   -0.0047431438   -0.0230588692
   0.0001126995    0.0002545136   -0.0044972467
  -0.0006581886   -0.0000368537   -0.0051988632
  -0.0087030718    0.0223539781   -0.0365090176
   0.0000052698   -0.0010643579   -0.0040865245
   0.0000479066   -0.0002680957   -0.0036397788
   0.0000203531    0.0010653958   -0.0064461361
   0.0001350241   -0.0001854152   -0.0048537451
  -0.0002132464    0.0001466680   -0.0036631234
   0.0002493470    0.0001140073   -0.0036184004
  -0.0004374825    0.0007348626   -0.0048473758
  -0.0000365891   -0.0001914522   -0.0052046112
   0.0018619210    0.0000036834   -0.0052626058
   0.0001537706   -0.0005883468   -0.0044953356
   0.0000289008   -0.0000084581   -0.0039169177
  -0.0002950390   -0.0000082200   -0.0024171231
  -0.0000610233   -0.0002184300   -0.0038851551
   0.0000136559    0.0000116200   -0.0033996120
  -0.0000283119   -0.0003041600   -0.0036680518
  -0.0002094952    0.0001151353   -0.0037505635
  -0.0000942808   -0.0000809137   -0.0033590620
   0.0001431634   -0.0000506404   -0.0032825311
   0.0002477832    0.0001164395   -0.0038091719
   0.0000371926   -0.0000117989   -0.0034016258
   0.0000526419    0.0001392298   -0.0033177256
   0.0000044926   -0.0000020711   -0.0034015058
   0.0000242819    0.0001610202   -0.0033308556
  -0.0002616368    0.0001013505   -0.0036419819
   0.0001628148    0.0001662947   -0.0039145435
   0.0001862592   -0.0001006163   -0.0033482820
  -0.0000882266   -0.0000713896   -0.0033164411
   0.0014201049    0.0000011300   -0.0180286712
   0.0002298734   -0.0000098200    0.0015269108
  -0.0000660081   -0.0002043100    0.0009044622
  -0.0022238249    0.0016057900   -0.0001182981
   0.0018361002    0.0005813195    0.0005940155
   0.0000446460    0.0000298356    0.0011058135
  -0.0000087537   -0.0000020897    0.0010995947
  -0.0007731364    0.0007294590    0.0008270360
  -0.0001063688    0.0000159865    0.0010090083
  -0.0000104205   -0.0000306674    0.0011051680
   0.0002433512    0.0001760035    0.0008020383
   0.0000057595    0.0000586374    0.0010888280
   0.0006258036   -0.0031665790   -0.0002383740
   0.0004405202    0.0002128905    0.0016445255
   0.0000734560   -0.0000424356    0.0010993635
  -0.0000328237   -0.0000198903    0.0010696847
   0.0512212314    0.0004083600    0.1066378005
  -0.0033358030    0.0005374500    0.0008461261
   0.0000938694    0.0000547800   -0.0017596366
  -0.0026485351    0.0003578700    0.0003911299
   0.0001445548   -0.0023227188    0.0009976126
   0.0001798181    0.0000986346   -0.0023685282
  -0.0000177052    0.0000104703   -0.0023100307
  -0.0002639772    0.0012345397    0.0002482845
   0.0001032933   -0.0000125960   -0.0017237066
   0.0000040912   -0.0001145186   -0.0023409745
   0.0000040833   -0.0000542740   -0.0017936766
   0.0000060312    0.0000411286   -0.0023412345
   0.0005167228   -0.0015205297    0.0007687345
  -0.0006399452    0.0016889388    0.0004710426
   0.0001179881   -0.0000678846   -0.0024071382
   0.0000438948    0.0000236497   -0.0022719407
   0.0010099865    0.0004537769    0.0068311177
  -0.0017034102    0.0011017665    0.0052217966
   0.0000909036   -0.0000946761    0.0072287444
  -0.0000622325   -0.0001278901    0.0071882250
   0.0002181689   -0.0015688397    0.0060251508
  -0.0000897478   -0.0001232583    0.0073429090
   0.0000368601    0.0000046585    0.0072023414
   0.0000958882    0.0000146687    0.0074773074
  -0.0000205210    0.0001246796    0.0072116093
   0.0000212845    0.0000108242    0.0071777139
   0.0000049035   -0.0000166275    0.0072353848
   0.0000899887    0.0001126173    0.0072102723
  -0.0001279945   -0.0000278023    0.0071874587
   0.0001261687    0.0001020722    0.0074152067
   0.0001342118   -0.0000010005    0.0072325212
   0.0000389217   -0.0000025946    0.0072607282
   0.0000001242   -0.0000264111    0.0015882360
   0.0000794436   -0.0000279745    0.0016613935
   0.0000075503   -0.0000071259    0.0016263239
   0.0000589700   -0.0000004271    0.0015959557
   0.0000422016    0.0000445352    0.0016234482
   0.0000927059    0.0000287746    0.0016636036
   0.0000325041    0.0000149187    0.0015899642
  -0.0000365173    0.0000435684    0.0016360828
   0.0000142118   -0.0000183243    0.0016010109
   0.0000395963   -0.0000024634    0.0015991609
   0.0000051061   -0.0000139746    0.0015722261
   0.0000408148   -0.0000296637    0.0016159557
   0.0000396180    0.0000198790    0.0015890123
   0.0000449338   -0.0000798619    0.0016446663
   0.0000131001    0.0000211309    0.0016290452
   0.0000155110   -0.0000025003    0.0015631817

65   
  0.0055294844700010   0.0000000000000000   0.0083321546730733
   0.0000813184    0.0000006100   -0.0038997818
  -0.0001753891    0.0001733500   -0.0036667026
   0.0000535657   -0.0000286100   -0.0039520770
   0.0002560587    0.0001295000   -0.0034781568
   0.0000978277   -0.0002445323   -0.0036680841
  -0.0000086694   -0.0000000979   -0.0039348448
  -0.0000471485    0.0000271466   -0.0038981873
   0.0000523026   -0.0002663734   -0.0034745162
  -0.0000202153    0.0000362476   -0.0039708873
  -0.0000021176   -0.0000274328   -0.0039142504
   0.0000390747   -0.0000121476   -0.0039378273
  -0.0000099976   -0.0000203372   -0.0039567804
   0.0002634626    0.0000865234   -0.0035717962
  -0.0002040323    0.0001331323   -0.0035675241
   0.0000053406   -0.0000133621   -0.0039838848
   0.0000344715    0.0000212234   -0.0039270173
   0.0421145902    0.0223353735    0.0397779723
  -0.0009003145    0.0007001093   -0.0030343916
   0.0010246819   -0.0004013303   -0.0039749966
  -0.0065866796    0.0057804964    0.0102184265
  -0.0002155000   -0.0016963957   -0.0033398341
  -0.0000999636    0.0000023540   -0.0030216731
   0.0004932119   -0.0001277647   -0.0036786732
  -0.0017040961    0.0015697439   -0.0025432699
   0.0009180033    0.0013737147   -0.0038062721
  -0.0003125526    0.0001745352   -0.0032069460
   0.0001266976    0.0002328169   -0.0033164712
  -0.0002852985    0.0000192274   -0.0034132380
   0.0034271258   -0.0280022382    0.0248450680
   0.0017262015   -0.0019897291   -0.0023228106
  -0.0002618406   -0.0002437628   -0.0033607406
  -0.0009779139    0.0004127072   -0.0027509600
  -0.0000122744   -0.0000213295    0.0006667131
  -0.0000009409   -0.0000031211    0.0007677394
  -0.0000114581    0.0000156524    0.0007299897
   0.0000447492   -0.0000092305    0.0006570971
  -0.0000023213    0.0000013263    0.0007669854
   0.0000122220   -0.0000035694    0.0007230002
  -0.0000120189    0.0000005638    0.0007399178
  -0.0000056539    0.0000584040    0.0007023006
  -0.0000008613   -0.0000113114    0.0007423766
   0.0000024152    0.0000002127    0.0007554788
   0.0000002880   -0.0000018254    0.0007385919
   0.0000192117   -0.0000113091    0.0007667855
   0.0000302787    0.0000324814    0.0006629347
   0.0000431695   -0.0000333058    0.0007239138
   0.0000009059    0.0000084130    0.0007530975
  -0.0000555022   -0.0000302713    0.0006725680
  -0.0008530065   -0.0003845769   -0.0018424876
   0.0000450525    0.0000420801   -0.0020859450
  -0.0000149836    0.0000069461   -0.0021815644
   0.0016088402   -0.0010312665   -0.0000739366
   0.0000642645    0.0000236723   -0.0020522687
  -0.0000114517   -0.0000027054   -0.0021740082
  -0.0000030618    0.0000024005   -0.0022225412
  -0.0000965087   -0.0001129722   -0.0023428167
   0.0000010210   -0.0000480196   -0.0020958793
  -0.0000047087   -0.0000247473   -0.0021724123
  -0.0000301035   -0.0000185325   -0.0021242348
   0.0000642555   -0.0000376742   -0.0021319639
  -0.0001786489    0.0014226597   -0.0009554308
  -0.0000767982   -0.0000163187   -0.0024077474
  -0.0000000801    0.0000526715   -0.0021276014
   0.0001204878    0.0001238884   -0.0022707090
  -0.0611808501   -0.0001383429   -0.0906318203
   0.0079912051   -0.0002265100    0.0062075738
   0.0001846300   -0.0001001400    0.0071288284
   0.0082897162    0.0000881000    0.0060031813
   0.0013373073    0.0038584066    0.0061184782
   0.0001434782    0.0000404845    0.0074064966
   0.0001368624   -0.0000420827    0.0071780452
   0.0016768295   -0.0041253022    0.0060989869
  -0.0000604748    0.0001412464    0.0070671985
   0.0000713130   -0.0000025868    0.0072915361
   0.0001190652   -0.0000351064    0.0071842585
   0.0000699530   -0.0002081932    0.0073034561
   0.0015617995    0.0038850622    0.0060259369
   0.0014440073   -0.0034586266    0.0062140482
  -0.0000358118    0.0000577955    0.0072970366
   0.0003184724    0.0001401927    0.0072952352
  -0.0018483619   -0.0000164200    0.0073643202
   0.0015644377   -0.0010592300    0.0039881499
   0.0000715508   -0.0002275800    0.0012290097
  -0.0011811691   -0.0006715800    0.0021440839
  -0.0003917152    0.0021279733    0.0040695431
   0.0002178942    0.0001222689    0.0007925267
   0.0003063877   -0.0001811995    0.0014796511
  -0.0002482668    0.0011252584    0.0020585749
  -0.0002084676    0.0001614144    0.0013724931
   0.0000019407    0.0000515252    0.0011373539
   0.0001915524    0.0000722456    0.0010900831
  -0.0000137193   -0.0006358752    0.0011303439
  -0.0017545068   -0.0006490484    0.0031356049
   0.0010932348   -0.0008430633    0.0029652931
  -0.0002755558    0.0001478811    0.0010794367
   0.0008182377    0.0004770495    0.0011982211

65   
 -0.0055294844700010   0.0000000000000000  -0.0083321546730733
  -0.0000585976   -0.0000006100   -0.0037944503
   0.0002014363   -0.0001609300   -0.0040278003
  -0.0000416636    0.0000422600   -0.0037328875
  -0.0002427469   -0.0001254400   -0.0042181675
  -0.0000638524    0.0002531957   -0.0040252951
   0.0000186927   -0.0000027990   -0.0037602385
   0.0000633749   -0.0000160390   -0.0037920111
  -0.0000354931    0.0002934822   -0.0042184737
   0.0000370561   -0.0000482015   -0.0037124777
   0.0000300670    0.0000226541   -0.0037730140
  -0.0000135039    0.0000140115   -0.0037594477
   0.0000189670    0.0000178559   -0.0037346340
  -0.0002430831   -0.0000915922   -0.0041192137
   0.0002398476   -0.0001437157   -0.0041230751
   0.0000056027   -0.0000002610   -0.0037050685
  -0.0000187051   -0.0000287710   -0.0037604811
  -0.0404220935   -0.0213814205   -0.0448839736
   0.0009637034   -0.0007178519   -0.0039695551
  -0.0010484534    0.0004011946   -0.0030077113
   0.0065573742   -0.0057351931   -0.0171460367
   0.0002413500    0.0017201842   -0.0036644126
   0.0001210566    0.0000059239   -0.0039841320
  -0.0004907412    0.0001737336   -0.0033225634
   0.0017027009   -0.0015957935   -0.0044850331
  -0.0009051098   -0.0013736321   -0.0031776663
   0.0003655333   -0.0001819293   -0.0037983710
  -0.0001191893   -0.0002200766   -0.0037030710
   0.0002949532   -0.0000019796   -0.0035901271
  -0.0033845290    0.0272385952   -0.0311613066
  -0.0017607997    0.0019971966   -0.0046744844
   0.0002777815    0.0002377281   -0.0036471800
   0.0010086506   -0.0004039216   -0.0042855734
   0.0000443895    0.0000295223    0.0009348418
   0.0000185294    0.0000131513    0.0008484031
   0.0000255651   -0.0000198947    0.0008736033
  -0.0000324331    0.0000124855    0.0009447884
   0.0000252458   -0.0000041152    0.0008505850
   0.0000020742   -0.0000027794    0.0008831474
   0.0000375255    0.0000137196    0.0008737958
   0.0000204470   -0.0000546676    0.0009086516
   0.0000092596    0.0000116405    0.0008604761
   0.0000307805    0.0000037013    0.0008587068
   0.0000139813   -0.0000035006    0.0008787068
   0.0000014648    0.0000043547    0.0008429697
  -0.0000076653   -0.0000402764    0.0009406198
  -0.0000302936    0.0000285112    0.0008880241
   0.0000143248   -0.0000054556    0.0008532471
   0.0000823145    0.0000363732    0.0009259994
   0.0008831989    0.0003897656   -0.0026676073
  -0.0000264113   -0.0000321931   -0.0024554161
   0.0000281949   -0.0000090302   -0.0023505846
  -0.0016389306    0.0010674854   -0.0045168722
  -0.0000398181   -0.0000252461   -0.0024906822
   0.0000259846   -0.0000022454   -0.0023593414
   0.0000258972    0.0000100273   -0.0023181586
   0.0001123871    0.0001173148   -0.0021922926
   0.0000095960    0.0000460172   -0.0024362422
   0.0000350244    0.0000275477   -0.0023683802
   0.0000465567    0.0000147289   -0.0024199079
  -0.0000431851    0.0000308815   -0.0024044246
   0.0002101547   -0.0014500641   -0.0035888873
   0.0000903639    0.0000120832   -0.0021308502
   0.0000155645   -0.0000493559   -0.0024053783
  -0.0000957917   -0.0001192097   -0.0022523663
   0.0577802796   -0.0002953652    0.1011332035
  -0.0079032062    0.0002551400    0.0084131987
  -0.0001471800    0.0001019300    0.0075443816
  -0.0083147951   -0.0000943000    0.0086803462
  -0.0013410095   -0.0038946422    0.0085186931
  -0.0001220224   -0.0000397927    0.0072527748
  -0.0001136482    0.0000424245    0.0075076134
  -0.0016317573    0.0040970167    0.0085756918
   0.0000837748   -0.0001277364    0.0075988515
  -0.0000496230    0.0000092432    0.0073871039
  -0.0000995852    0.0000296864    0.0074963615
  -0.0000485530    0.0002090168    0.0073773339
  -0.0014948773   -0.0038327367    0.0086548218
  -0.0014822295    0.0034710722    0.0084411331
   0.0000618876   -0.0000611073    0.0073735348
  -0.0002986482   -0.0001416045    0.0073900034
   0.0018552732    0.0000049100   -0.0042226323
  -0.0015439289    0.0010709700   -0.0009224346
  -0.0000449342    0.0002295100    0.0018230414
   0.0012091861    0.0006750500    0.0008847573
   0.0003987233   -0.0021004383   -0.0009896414
  -0.0001979891   -0.0001246776    0.0022647316
  -0.0002878974    0.0001821322    0.0015626695
   0.0002644490   -0.0011433995    0.0009543747
   0.0002273443   -0.0001514768    0.0016869549
   0.0000197219   -0.0000485004    0.0019072758
  -0.0001778357   -0.0000744132    0.0019497949
   0.0000360119    0.0006455904    0.0019187358
   0.0017634790    0.0006579695   -0.0000909753
  -0.0011134467    0.0008493283    0.0000496786
   0.0003186009   -0.0001603024    0.0019751516
  -0.0007994874   -0.0004796022    0.0018522195

81   
  0.0055294844700010   0.0000000000000000   0.0083321546730733
  -0.0000052564    0.0000024700   -0.0038369291
  -0.0000029477    0.0000158900   -0.0038596427
   0.0000063044    0.0000127600   -0.0038717801
   0.0000018881    0.0000085300   -0.0038759237
   0.0000028623   -0.0000091368   -0.0038431923
  -0.0000156724   -0.0000013732   -0.0038587913
  -0.0000206800    0.0000100231   -0.0038748231
  -0.0000112996   -0.0000003753   -0.0038859628
   0.0000066052   -0.0000022161   -0.0038578696
  -0.0000078553   -0.0000039394   -0.0038644118
  -0.0000119648   -0.0000118439   -0.0038888396
  -0.0000165853    0.0000064794   -0.0038509018
   0.0000085904    0.0000023253   -0.0038520028
  -0.0000117177   -0.0000128132   -0.0038803123
  -0.0000006424   -0.0000123068   -0.0038562313
  -0.0000151900   -0.0000010131   -0.0038379331
  -0.0064540898   -0.0057722222    0.0108052819
   0.0010755096    0.0003524474   -0.0042014513
  -0.0008742410   -0.0007153840   -0.0029412032
   0.0411372423   -0.0216889458    0.0391041815
   0.0004942646    0.0001635757   -0.0037868651
  -0.0001404999    0.0000053239   -0.0030827745
  -0.0001673429    0.0017021736   -0.0033487599
  -0.0017506878   -0.0013184345   -0.0022466727
  -0.0003079198   -0.0001519615   -0.0031560755
   0.0009803710   -0.0013460221   -0.0039789784
  -0.0002595967    0.0000003611   -0.0034320033
   0.0000724336   -0.0001821561   -0.0033185208
   0.0035575667    0.0275969196    0.0251038031
  -0.0007865188   -0.0005561392   -0.0023432411
  -0.0002482190    0.0001920068   -0.0033741311
   0.0014896473    0.0018705453   -0.0021522128
   0.0000042428    0.0000070893    0.0008237432
  -0.0000041307   -0.0000021837    0.0008049667
   0.0000006702   -0.0000025635    0.0008006165
  -0.0000095823    0.0000002548    0.0008117020
  -0.0000054065    0.0000009174    0.0008028296
  -0.0000012882    0.0000037900    0.0008029211
   0.0000052052   -0.0000012405    0.0008042235
  -0.0000100706   -0.0000009757    0.0008090824
  -0.0000014882   -0.0000008957    0.0008029296
  -0.0000026174    0.0000020461    0.0008070936
  -0.0000024801    0.0000024209    0.0008028117
  -0.0000023544   -0.0000048943    0.0007973054
  -0.0000091860   -0.0000048441    0.0008145176
  -0.0000030845   -0.0000032851    0.0008139181
  -0.0000088798   -0.0000004867    0.0007992935
   0.0000014802    0.0000067908    0.0007965167
   0.0000433558    0.0000359411   -0.0023437360
   0.0000132400    0.0000213471   -0.0023856157
  -0.0000390803    0.0000178559   -0.0023452739
  -0.0000797436    0.0000358845   -0.0024024835
   0.0000243320    0.0000073310   -0.0023783223
   0.0000029690    0.0000044103   -0.0023313517
  -0.0000317801    0.0000192491   -0.0023545952
  -0.0000243738    0.0000213019   -0.0024012463
   0.0000015782   -0.0000390857   -0.0023604709
  -0.0000105848   -0.0000315163   -0.0023752957
   0.0000178039    0.0000144746   -0.0023395961
  -0.0000246963    0.0000072634   -0.0023549709
  -0.0000186816   -0.0000682852   -0.0023711482
   0.0000080973   -0.0000179184   -0.0023597928
  -0.0000093241   -0.0000239187   -0.0023467942
  -0.0000268959   -0.0000006546   -0.0024384936
  -0.0018454132    0.0000067100    0.0130655423
  -0.0012046661    0.0007433300    0.0079477027
   0.0000553542    0.0002416700    0.0070081386
   0.0015583989    0.0011343800    0.0097589746
  -0.0002035990   -0.0011864895    0.0079126553
   0.0003455574    0.0002127722    0.0072954405
   0.0001694191   -0.0001114476    0.0065568384
  -0.0004448933   -0.0021376883    0.0097889714
   0.0001970257   -0.0000752632    0.0068887151
  -0.0000229219   -0.0000961004    0.0069395042
  -0.0002338943   -0.0001599768    0.0071353151
  -0.0000057919    0.0006083004    0.0069075842
   0.0011796367    0.0008185883    0.0088207914
  -0.0018119990    0.0006213795    0.0088858853
   0.0007775974   -0.0004511322    0.0069434205
  -0.0002776209   -0.0001556624    0.0068806384
  -0.0585207153   -0.0001695079   -0.0883966174
   0.0084871551   -0.0000092500   -0.0002854462
   0.0002394500    0.0000625700    0.0012962484
   0.0074556562   -0.0000130400    0.0003892313
   0.0016868273    0.0041608566   -0.0001283118
   0.0001018982    0.0000402245    0.0012750466
   0.0001836324   -0.0000871427    0.0015865052
   0.0012493495   -0.0033397022    0.0002376470
   0.0000935352    0.0000907264    0.0013187185
   0.0000330030    0.0000537232    0.0014180861
  -0.0000274548   -0.0001469564    0.0012615785
   0.0000353730    0.0002643468    0.0014430661
   0.0012267295    0.0033485022    0.0002083570
   0.0017138573   -0.0041676866   -0.0001009618
   0.0003730682   -0.0001937645    0.0014688366
  -0.0000851776   -0.0000684073    0.0014117852

81   
 -0.0055294844700010   0.0000000000000000  -0.0083321546730733
   0.0000273033   -0.0000008800   -0.0038711467
   0.0000257734   -0.0000131900   -0.0038492912
  -0.0000027304   -0.0000055100   -0.0038314452
   0.0000088427   -0.0000021300   -0.0038336122
   0.0000210730    0.0000187716   -0.0038649359
   0.0000257326    0.0000012235   -0.0038516491
   0.0000324360    0.0000021597   -0.0038315834
   0.0000255680    0.0000162342   -0.0038176163
   0.0000107136   -0.0000146966   -0.0038437738
   0.0000285055   -0.0000037328   -0.0038370909
   0.0000325436    0.0000128666   -0.0038245038
   0.0000198055   -0.0000067872   -0.0038577709
   0.0000113180   -0.0000129442   -0.0038575363
   0.0000380730    0.0000046884   -0.0038255759
   0.0000113526   -0.0000027835   -0.0038458791
   0.0000195160   -0.0000074397   -0.0038686834
   0.0065144851    0.0058233755   -0.0179355309
  -0.0010247683   -0.0003555431   -0.0028836711
   0.0008741835    0.0007015411   -0.0041120493
  -0.0427972083    0.0226543586   -0.0480435587
  -0.0004689555   -0.0001316269   -0.0032828786
   0.0001660870    0.0000009640   -0.0039734804
   0.0001809036   -0.0016954758   -0.0037040529
   0.0017837727    0.0012663863   -0.0047849255
   0.0002998994    0.0001505581   -0.0039035174
  -0.0009577047    0.0013445250   -0.0030946634
   0.0002859021    0.0000100766   -0.0036264016
  -0.0000460419    0.0001847864   -0.0037315569
  -0.0035668731   -0.0283471623   -0.0328307834
   0.0007847927    0.0005711145   -0.0046736956
   0.0002723382   -0.0001942916   -0.0036754982
  -0.0014030212   -0.0018456488   -0.0048957949
   0.0000189485   -0.0000012886    0.0007399778
   0.0000185107    0.0000096337    0.0007664337
   0.0000086489   -0.0000007663    0.0007627821
   0.0000197113   -0.0000004040    0.0007453454
   0.0000199665   -0.0000071274    0.0007737604
   0.0000132881   -0.0000084100    0.0007633989
   0.0000121243    0.0000124613    0.0007686554
   0.0000239406    0.0000011872    0.0007592972
   0.0000111280    0.0000037448    0.0007653599
   0.0000276275   -0.0000089660    0.0007613659
   0.0000102402   -0.0000028209    0.0007785784
   0.0000179142   -0.0000037957    0.0007650443
   0.0000181662   -0.0000011773    0.0007481016
   0.0000215656   -0.0000036156    0.0007546133
   0.0000139797   -0.0000010135    0.0007688164
   0.0000246386   -0.0000058316    0.0007623011
  -0.0000224059   -0.0000307320   -0.0022170773
   0.0000031298   -0.0000147268   -0.0021840641
   0.0000488745   -0.0000211922   -0.0022174864
   0.0000906289   -0.0000348547   -0.0021559281
  -0.0000089992   -0.0000112401   -0.0021962087
   0.0000104788   -0.0000079297   -0.0022340802
   0.0000498136   -0.0000109477   -0.0022170398
   0.0000375398   -0.0000218354   -0.0021646241
   0.0000085310    0.0000402051   -0.0022076294
   0.0000339279    0.0000252329   -0.0021927981
  -0.0000084941   -0.0000131323   -0.0022384252
   0.0000413843   -0.0000168157   -0.0022051226
   0.0000286785    0.0000635371   -0.0021913961
   0.0000109912    0.0000104757   -0.0022070810
   0.0000143090    0.0000238472   -0.0022188796
   0.0000517961    0.0000025485   -0.0021203612
   0.0018869419   -0.0000074400    0.0015002498
   0.0011938391   -0.0007254700    0.0067191961
  -0.0000421708   -0.0002462100    0.0076319203
  -0.0015445977   -0.0011302800    0.0048735601
   0.0002200968    0.0011478484    0.0067827451
  -0.0003132277   -0.0002020595    0.0073608789
  -0.0001646642    0.0001170189    0.0080995133
   0.0004721852    0.0021676833    0.0048309269
  -0.0001803224    0.0000727556    0.0077567269
   0.0000399293    0.0000800952    0.0077207161
   0.0002469176    0.0001633044    0.0074946369
   0.0000229493   -0.0006009452    0.0077301161
  -0.0011317348   -0.0008095733    0.0058509669
   0.0018352668   -0.0006218484    0.0057477251
  -0.0007508977    0.0004464695    0.0076845289
   0.0002692258    0.0001424011    0.0077625533
   0.0586379050   -0.0000706777    0.0955933092
  -0.0084450662    0.0000159400    0.0032915987
  -0.0002373300   -0.0000674200    0.0017254516
  -0.0075120251    0.0000343800    0.0026734762
  -0.0017035095   -0.0042129522    0.0031334230
  -0.0000749224   -0.0000327927    0.0017207348
  -0.0001794482    0.0000940845    0.0014222934
  -0.0012104073    0.0033039866    0.0028107518
  -0.0000821752   -0.0000966664    0.0016943215
  -0.0000146130   -0.0000652368    0.0015821139
   0.0000350648    0.0001536664    0.0017657715
  -0.0000168030   -0.0002667832    0.0015701939
  -0.0011627873   -0.0033352366    0.0028348118
  -0.0017466895    0.0042082222    0.0031272030
  -0.0003467424    0.0001905227    0.0015539548
   0.0000956018    0.0000651955    0.0016021534
