96   
12   

1    
  0.0054093115171375   0.0000000000000000   0.0084106687552515
  -0.1204434048   -0.0002183546   -0.2169250167
   0.0043448883    0.0059541500   -0.0031995040
   0.0021796369   -0.0000382600    0.0008872705
   0.0036965063   -0.0060047600   -0.0030036330
   0.0022757666   -0.0046903365   -0.0032089212
   0.0002256832   -0.0005149997    0.0000670274
   0.0002848529    0.0004650631    0.0000615699
   0.0021146020    0.0051650174   -0.0029918257
   0.0001568277    0.0011666304    0.0008648106
   0.0011043393    0.0000339181    0.0000638838
   0.0002188377   -0.0011329104    0.0009119006
   0.0010992193   -0.0000102281    0.0000636138
   0.0020287720    0.0068554326   -0.0031122757
   0.0023654066   -0.0072136135   -0.0030892512
   0.0002453732    0.0004965197    0.0000895874
   0.0002578729   -0.0004817631    0.0000368499
  -0.0039641147   -0.0058894275    0.0195798049
  -0.0001953196   -0.0004494257    0.0006401788
   0.0008987658    0.0007604428    0.0000605768
   0.0458482221   -0.0228612467    0.0521790237
  -0.0000466054   -0.0001289308    0.0004841796
  -0.0001040845   -0.0000012074    0.0001805369
   0.0002318977   -0.0009775757    0.0002210223
  -0.0021467099   -0.0011437349    0.0017223125
   0.0007877336    0.0001066106    0.0001960635
  -0.0000307121    0.0006887272    0.0005139081
  -0.0000982548    0.0000213094   -0.0000422489
  -0.0000673591   -0.0000380553   -0.0000318441
   0.0062458053    0.0288470560    0.0359944550
  -0.0005825157   -0.0009088387    0.0012670896
  -0.0001343143    0.0000166818   -0.0000359684
   0.0013969222    0.0020415620    0.0021736021
   0.0470299712    0.0236629112    0.0535630242
   0.0007960132   -0.0006633377    0.0001399840
  -0.0001093269    0.0004732880    0.0007238131
  -0.0037730752    0.0056802521    0.0190842981
   0.0002406979    0.0008688360    0.0003147258
  -0.0000756347   -0.0000011673    0.0001815201
  -0.0000467792    0.0000069733    0.0005450456
  -0.0021186539    0.0012974257    0.0015321350
   0.0000311256   -0.0006298266    0.0006047607
   0.0006468661   -0.0000558950    0.0002501115
  -0.0000790052    0.0000272616   -0.0000361490
  -0.0000573803   -0.0000387339   -0.0000394346
   0.0060566854   -0.0292361216    0.0361984655
   0.0015675413   -0.0021340100    0.0021010763
  -0.0001255228    0.0000114378   -0.0000389449
  -0.0006812515    0.0008253532    0.0009671781
   0.0002189254    0.0001065299    0.0000630388
  -0.0000486007   -0.0000444329    0.0000024627
   0.0000625930   -0.0000513452    0.0000509848
  -0.0002172095    0.0001473438   -0.0001371086
  -0.0000293197   -0.0000447317    0.0000065181
  -0.0000519583   -0.0000007390    0.0001109303
   0.0001093417   -0.0000054834    0.0000471824
  -0.0000624409    0.0000056704    0.0000433897
   0.0000221289    0.0000556185    0.0000313574
   0.0000516021    0.0000893690    0.0000227097
   0.0000182553    0.0000129057    0.0000491212
  -0.0000052631    0.0000010684    0.0000310425
   0.0000369723   -0.0002525824   -0.0000374493
   0.0000239730   -0.0000509544    0.0000579592
  -0.0000050520   -0.0000138668    0.0000408940
   0.0000130291    0.0000414007    0.0000305239
   0.0002138686    0.0000010500   -0.0007904319
   0.0001006099   -0.0001611900    0.0003364432
   0.0000115595   -0.0000021500    0.0000050419
  -0.0000286859   -0.0000733100    0.0002583772
  -0.0000611675    0.0001003893    0.0003990622
   0.0000601265    0.0000417217    0.0000069347
  -0.0000487317    0.0000202563   -0.0000692732
   0.0000780713    0.0001279534    0.0001996692
   0.0000014627    0.0000060946   -0.0000021434
  -0.0000129092   -0.0000636698   -0.0000331649
   0.0000059227   -0.0000039746    0.0000114566
  -0.0000190692    0.0000188898   -0.0000390049
  -0.0000627687    0.0000109366    0.0003567692
   0.0002063225   -0.0000061693    0.0002355422
  -0.0000164835   -0.0000021517   -0.0000688553
  -0.0000489917   -0.0000186163   -0.0000097232
   0.0000104976    0.0000010800   -0.0001173273
   0.0000006142    0.0000315600    0.0000419248
  -0.0000009163    0.0000187800   -0.0000095885
   0.0000035824    0.0000077100    0.0000316114
   0.0000197852   -0.0000108242    0.0000298108
  -0.0000053856    0.0000013541    0.0000056978
   0.0000029415   -0.0000071576   -0.0000060734
  -0.0000110505   -0.0000121704    0.0000406442
   0.0000130434   -0.0000075843   -0.0000132889
  -0.0000086634    0.0000039739    0.0000014019
  -0.0000182166   -0.0000105357   -0.0000056089
   0.0000027266   -0.0000082139    0.0000016519
   0.0000083695   -0.0000050096    0.0000266942
  -0.0000244048   -0.0000118158    0.0000473508
  -0.0000101356    0.0000071359    0.0000055278
   0.0000042715   -0.0000002024   -0.0000010434

1    
 -0.0054093115171375   0.0000000000000000  -0.0084106687552515
   0.1207376157   -0.0002672638    0.2165213780
  -0.0040930863   -0.0059372000    0.0032930030
  -0.0021750469    0.0000426700   -0.0008522205
  -0.0039559783    0.0060331900    0.0029871640
  -0.0022600320    0.0047941874    0.0031968957
  -0.0002146529    0.0004977931   -0.0000329799
  -0.0002808732   -0.0004790297   -0.0000235574
  -0.0021599566   -0.0050614765    0.0030825512
  -0.0001617277   -0.0011559704   -0.0008328706
  -0.0010954493   -0.0000301319   -0.0000292038
  -0.0002243377    0.0011252604   -0.0008708606
  -0.0011094993    0.0000065819   -0.0000277938
  -0.0021097566   -0.0069086435    0.0030457512
  -0.0022972020    0.0071510826    0.0032350257
  -0.0002508629   -0.0004981231   -0.0000440999
  -0.0002566532    0.0004856097   -0.0000170974
   0.0040076918    0.0059033883   -0.0197147340
   0.0001591292    0.0004402407   -0.0006366692
  -0.0009020637   -0.0007448080   -0.0000596784
  -0.0476739655    0.0239446640   -0.0541047579
   0.0000276846    0.0001151224   -0.0004680131
   0.0001050559   -0.0000009473   -0.0001694614
  -0.0002402110    0.0009555166   -0.0002285889
   0.0021261346    0.0011513421   -0.0017082507
  -0.0007850297   -0.0001028184   -0.0001721631
   0.0000086150   -0.0006584855   -0.0005116296
   0.0000992416   -0.0000149756    0.0000572326
   0.0000573659    0.0000363537    0.0000520266
  -0.0062114022   -0.0297430406   -0.0367834853
   0.0005506068    0.0009059663   -0.0012576747
   0.0001225770   -0.0000226225    0.0000512427
  -0.0014365443   -0.0020632594   -0.0021611109
  -0.0452237779   -0.0225863639   -0.0516212803
  -0.0007972656    0.0006737126   -0.0001234026
   0.0001380172   -0.0004783830   -0.0007207026
   0.0037327181   -0.0056731414   -0.0189405192
  -0.0002417246   -0.0008865152   -0.0002881494
   0.0000743533   -0.0000005374   -0.0001783656
   0.0000551900   -0.0000212216   -0.0005559621
   0.0021346492   -0.0012893282   -0.0015303466
  -0.0000169185    0.0006593583   -0.0005939891
  -0.0006545301    0.0000576374   -0.0002628119
   0.0000828084   -0.0000282733    0.0000306665
   0.0000505635    0.0000441477    0.0000416009
  -0.0061006387    0.0283529871   -0.0353986554
  -0.0015305687    0.0021124824   -0.0020990068
   0.0001292900   -0.0000170586    0.0000393506
   0.0007091504   -0.0008291457   -0.0009584531
  -0.0002198671   -0.0001043155   -0.0000896669
   0.0000450464    0.0000444960   -0.0000392166
  -0.0000643118    0.0000497159   -0.0000833771
   0.0002108525   -0.0001440606    0.0001032611
   0.0000251725    0.0000429319   -0.0000425499
   0.0000489257    0.0000001210   -0.0001431546
  -0.0001099610    0.0000053062   -0.0000782408
   0.0000573507   -0.0000034839   -0.0000749696
  -0.0000251895   -0.0000540101   -0.0000649068
  -0.0000538493   -0.0000895457   -0.0000573472
  -0.0000209384   -0.0000135738   -0.0000818005
  -0.0000004260   -0.0000022606   -0.0000641988
  -0.0000391787    0.0002487874    0.0000081028
  -0.0000251539    0.0000488979   -0.0000902091
   0.0000001697    0.0000137918   -0.0000711824
  -0.0000177653   -0.0000412181   -0.0000587972
  -0.0002111212   -0.0000004500    0.0007961388
  -0.0001097237    0.0001623700   -0.0003418952
  -0.0000156218    0.0000000100   -0.0000006972
   0.0000293831    0.0000741100   -0.0002587724
   0.0000565985   -0.0001041485   -0.0003997211
  -0.0000638336   -0.0000416739   -0.0000036429
   0.0000464892   -0.0000184693    0.0000690843
  -0.0000812518   -0.0001316474   -0.0001968348
  -0.0000065678   -0.0000076357    0.0000036576
   0.0000110241    0.0000624013    0.0000317700
  -0.0000082378    0.0000020457   -0.0000072224
   0.0000161341   -0.0000191813    0.0000405800
   0.0000625082   -0.0000068726   -0.0003618348
  -0.0002146615    0.0000109685   -0.0002381311
   0.0000144864    0.0000025539    0.0000718471
   0.0000441492    0.0000184793    0.0000087043
  -0.0000127643   -0.0000010800    0.0001231928
  -0.0000028462   -0.0000309900   -0.0000303315
  -0.0000026008   -0.0000205300    0.0000169315
  -0.0000059188   -0.0000067800   -0.0000219982
  -0.0000214040    0.0000120718   -0.0000228936
   0.0000016891   -0.0000007316    0.0000023677
  -0.0000037516    0.0000090679    0.0000158040
   0.0000065749    0.0000135751   -0.0000337367
  -0.0000172031    0.0000058759    0.0000229910
   0.0000066532   -0.0000050759    0.0000107405
   0.0000162769    0.0000081441    0.0000125910
  -0.0000050268    0.0000083759    0.0000060205
  -0.0000102551    0.0000061749   -0.0000163467
   0.0000214760    0.0000126882   -0.0000383636
   0.0000092691   -0.0000060884    0.0000019177
  -0.0000095016    0.0000003321    0.0000109540

17   
  0.0054093115171375   0.0000000000000000   0.0084106687552515
  -0.0046388618   -0.0062836883    0.0201400040
   0.0484345655   -0.0243454240    0.0538200379
  -0.0000585863   -0.0003040220    0.0007751184
   0.0008146508    0.0002428993    0.0000893292
   0.0062588622    0.0304611406    0.0368132453
   0.0011299043    0.0018737494    0.0024426609
  -0.0001157670   -0.0000129575    0.0000358473
  -0.0002613068   -0.0010974663    0.0011435347
   0.0001620097    0.0002254284    0.0006880031
  -0.0000695159   -0.0000334037    0.0000436934
  -0.0000663316    0.0000261456    0.0000223874
   0.0006489050   -0.0009502445    0.0001737196
   0.0003034554   -0.0000442724    0.0003458231
  -0.0021315746   -0.0007928621    0.0017872707
  -0.0000717190    0.0008630734    0.0005188989
  -0.0000931859    0.0000090673    0.0002537114
  -0.0628971247    0.0001863764   -0.1207749759
   0.0042426412   -0.0000470600   -0.0019098008
   0.0000431653   -0.0001000800   -0.0002311522
   0.0059401510    0.0002330900   -0.0029983499
   0.0005503929    0.0017385364   -0.0021324932
  -0.0000420984   -0.0000535842    0.0000147709
  -0.0000136757    0.0000333616    0.0001744569
   0.0012804129   -0.0033566783   -0.0027845778
  -0.0000498033    0.0000546025   -0.0002916621
   0.0000470939    0.0000167847    0.0000915890
   0.0001276467    0.0000511675   -0.0001791321
   0.0000488439    0.0001397753    0.0000909090
   0.0014395429    0.0029855783   -0.0026769978
   0.0003990329   -0.0015603764   -0.0022386632
   0.0000903516   -0.0000276158    0.0001038709
  -0.0001467557   -0.0001148816    0.0000856769
  -0.0016947950    0.0000022600    0.0100547335
   0.0018665035    0.0015871600    0.0016495301
   0.0000420819    0.0000282000    0.0000273677
  -0.0009266476    0.0006911500   -0.0001722005
   0.0011913560    0.0007372802    0.0005833129
   0.0000236004    0.0000020320   -0.0001327757
   0.0002577711   -0.0001407868   -0.0002267630
  -0.0021768304    0.0005392500    0.0008927678
  -0.0000252896    0.0000407175    0.0000278464
   0.0000165457    0.0001376516   -0.0001760089
  -0.0000693796   -0.0000612375    0.0000340064
   0.0000200257    0.0000437084   -0.0001740189
  -0.0001952004   -0.0007800900   -0.0003220022
  -0.0007737640   -0.0027970702    0.0018072529
   0.0001742404   -0.0000925220   -0.0002670057
   0.0001039711    0.0000464268   -0.0000879630
   0.0000256217    0.0000022500    0.0000029128
   0.0000192103   -0.0000071500    0.0000430261
   0.0000216297   -0.0000020400    0.0000356459
   0.0000224161   -0.0000075000    0.0000463986
   0.0000127372    0.0000112817    0.0000580560
   0.0000200143    0.0000059916    0.0000466063
   0.0000181137   -0.0000022924    0.0000483503
   0.0000280554   -0.0000044650    0.0000332872
   0.0000213376    0.0000006571    0.0000453353
   0.0000098623   -0.0000019186    0.0000471529
   0.0000173676   -0.0000037971    0.0000252453
   0.0000164823   -0.0000077414    0.0000397529
   0.0000063654   -0.0000016750    0.0000595772
   0.0000208272    0.0000077183    0.0000303860
   0.0000098043    0.0000069484    0.0000378263
   0.0000147237    0.0000022424    0.0000421303
   0.0000329068    0.0000069218    0.0000988066
  -0.0000029069    0.0000131903    0.0000741728
  -0.0000043941    0.0000108450    0.0000727461
   0.0000264082    0.0000079329    0.0000667133
   0.0000201627   -0.0000191627    0.0000922228
   0.0000031712   -0.0000011102    0.0000140868
   0.0000211855   -0.0000002549    0.0000731066
   0.0000160490   -0.0000014464    0.0000781448
   0.0000203150   -0.0000210309    0.0000689185
   0.0000195919    0.0000010805    0.0000708336
   0.0000214291   -0.0000003248    0.0000786782
   0.0000167963   -0.0000235132    0.0000652476
   0.0000312396    0.0000027879    0.0000678381
   0.0000082096    0.0000052580    0.0000467735
  -0.0000053928    0.0000156874    0.0000670696
   0.0000239098    0.0000024297    0.0000714904
   0.0000186809   -0.0000008649    0.0000970933
   0.0000231782   -0.0000030929    0.0000952195
   0.0000221422   -0.0000050571    0.0000765503
   0.0000230386   -0.0000021726    0.0000810060
   0.0000186441    0.0000050478    0.0000898014
   0.0000131852    0.0000015950    0.0000714417
   0.0000238346    0.0000022492    0.0000785676
   0.0000172260    0.0000017640    0.0000785043
   0.0000187029   -0.0000049973    0.0000785712
   0.0000220274    0.0000007157    0.0000799128
   0.0000207615   -0.0000031749    0.0000749024
   0.0000227581   -0.0000019104    0.0000823251
   0.0000246337    0.0000051275    0.0000782140
   0.0000141401    0.0000013511    0.0000748330
   0.0000250525    0.0000019998    0.0000803422
   0.0000192537    0.0000032800    0.0000793628

17   
 -0.0054093115171375   0.0000000000000000  -0.0084106687552515
   0.0047455347    0.0062702575   -0.0200000449
  -0.0463702721    0.0232363267   -0.0516159037
   0.0002042542    0.0003083272   -0.0006090468
  -0.0007461604   -0.0002371543    0.0000938012
  -0.0061222953   -0.0296608460   -0.0359659250
  -0.0010527222   -0.0018876720   -0.0022573521
   0.0002195443   -0.0000083918    0.0001292584
   0.0003568157    0.0010726787   -0.0010055296
  -0.0000260236   -0.0001932906   -0.0005211335
   0.0001630491    0.0000297453    0.0001173141
   0.0001752948   -0.0000322694    0.0001395789
  -0.0005589579    0.0009651228    0.0000055619
  -0.0002180146    0.0000231008   -0.0001708996
   0.0022096399    0.0008203549   -0.0016338125
   0.0001914823   -0.0008661143   -0.0003466923
   0.0001981445    0.0000000274   -0.0000871169
   0.0507638187    0.0002366671    0.1062922299
  -0.0040816410    0.0000358400    0.0019964099
   0.0000694847    0.0001036400    0.0003657322
  -0.0058575412   -0.0002240500    0.0031396108
  -0.0004744829   -0.0017443883    0.0022316278
   0.0001504857    0.0000474116    0.0001180031
   0.0001225284   -0.0000366842   -0.0000338709
  -0.0011571129    0.0033201864    0.0029048032
   0.0001560333   -0.0000487625    0.0004213921
   0.0000632861   -0.0000163553    0.0000380410
  -0.0000199967   -0.0000537875    0.0003063721
   0.0000629161   -0.0001404847    0.0000394810
  -0.0013215129   -0.0029651464    0.0028049332
  -0.0003054229    0.0015690283    0.0023308478
   0.0000154957    0.0000266684    0.0000320731
   0.0002596584    0.0001097042    0.0000517991
   0.0017717199    0.0000010300   -0.0097799404
  -0.0017496172   -0.0015941000   -0.0015153227
   0.0000657204   -0.0000231400    0.0000889410
   0.0010582091   -0.0007038500    0.0002718979
  -0.0011206711   -0.0007422691   -0.0004821411
   0.0000986430   -0.0000012617    0.0002521924
  -0.0001512297    0.0001405329    0.0003452720
   0.0022743069   -0.0005455624   -0.0007712257
   0.0001293818   -0.0000352370    0.0000951398
   0.0000961516   -0.0001430148    0.0003032078
   0.0001733818    0.0000601770    0.0000862298
   0.0000936216   -0.0000410652    0.0002914878
   0.0002952969    0.0008081724    0.0004155643
   0.0008744289    0.0027547891   -0.0016567111
  -0.0000677870    0.0000930217    0.0003774024
   0.0000043403   -0.0000550029    0.0002026720
   0.0000847397   -0.0000013000    0.0000810724
   0.0000874510    0.0000044300    0.0000432653
   0.0000879042   -0.0000015700    0.0000508083
   0.0000829871    0.0000045500    0.0000391172
   0.0000923948   -0.0000121208    0.0000294975
   0.0000874404   -0.0000062283    0.0000394413
   0.0000931461    0.0000022828    0.0000402005
   0.0000800381    0.0000082407    0.0000523635
   0.0000897827   -0.0000015050    0.0000407578
   0.0000977974    0.0000025160    0.0000388405
   0.0000896727    0.0000003650    0.0000604778
   0.0000897274    0.0000022340    0.0000459405
   0.0000987981   -0.0000011107    0.0000286235
   0.0000899348   -0.0000094592    0.0000554875
   0.0000978204   -0.0000051717    0.0000507113
   0.0000934861    0.0000015872    0.0000434505
   0.0000719959   -0.0000136334    0.0000115359
   0.0001144369   -0.0000147058    0.0000369440
   0.0001119827   -0.0000151788    0.0000442268
   0.0000825024   -0.0000110735    0.0000494168
   0.0000917766    0.0000241286    0.0000227181
   0.0001005931    0.0000016897    0.0001017450
   0.0000904601    0.0000006665    0.0000373673
   0.0000900810    0.0000030696    0.0000360492
   0.0000875566    0.0000151830    0.0000445634
   0.0000897903    0.0000004621    0.0000402401
   0.0000856612   -0.0000025777    0.0000355431
   0.0000915707    0.0000198870    0.0000466069
   0.0000800475    0.0000002311    0.0000492939
   0.0000960534   -0.0000065180    0.0000708199
   0.0001148805   -0.0000138801    0.0000463375
   0.0000833026    0.0000005797    0.0000399115
   0.0000873179   -0.0000057156    0.0000297275
   0.0000883924    0.0000023422    0.0000347939
   0.0000863887    0.0000007669    0.0000466812
   0.0000860110   -0.0000001276    0.0000439637
   0.0000942656    0.0000000233    0.0000340807
   0.0000902257   -0.0000009842    0.0000510306
   0.0000884056   -0.0000020090    0.0000499327
   0.0000890932    0.0000001965    0.0000454354
   0.0000899972   -0.0000012519    0.0000468796
   0.0000872927    0.0000011544    0.0000486277
   0.0000874385   -0.0000000052    0.0000501877
   0.0000862017   -0.0000009891    0.0000458152
   0.0000881459   -0.0000018878    0.0000437758
   0.0000901297   -0.0000013522    0.0000461680
   0.0000860980    0.0000003694    0.0000454189
   0.0000876064    0.0000005100    0.0000478774

33   
  0.0054093115171375   0.0000000000000000   0.0084106687552515
   0.0463366779    0.0232383239    0.0508951303
  -0.0048901481    0.0063306114    0.0198479192
   0.0008455328   -0.0002512070    0.0002038126
  -0.0001249044    0.0003356274    0.0007992026
   0.0060807187   -0.0297258871    0.0355287054
  -0.0004192304    0.0009601957    0.0008976031
  -0.0001033000   -0.0000077114    0.0000421094
   0.0013529187   -0.0019848924    0.0023172168
   0.0006380185    0.0009591817    0.0002979391
  -0.0000443035   -0.0000355577    0.0000500391
  -0.0000353984    0.0000348733    0.0000354935
   0.0000808901   -0.0001763174    0.0007056819
  -0.0000791254   -0.0008642848    0.0005984494
  -0.0020864292    0.0010288482    0.0016122166
   0.0003267600   -0.0000032084    0.0004074521
  -0.0000520133    0.0000008974    0.0002562256
  -0.0016564299   -0.0000001300    0.0099129804
  -0.0009442591   -0.0006390700   -0.0001399979
   0.0000490796   -0.0000070500    0.0000429090
   0.0018659272   -0.0015280800    0.0016446727
  -0.0021023569   -0.0005805124    0.0009359157
   0.0002843097    0.0001508929   -0.0001867720
   0.0000040770    0.0000089283   -0.0001392224
   0.0011777711   -0.0007742291    0.0005764611
  -0.0000417818    0.0000513970    0.0000555902
   0.0000212584   -0.0001616348   -0.0001654178
  -0.0000292218   -0.0000468970    0.0000272902
   0.0000178884   -0.0000845552   -0.0001666578
  -0.0007005589    0.0027227791    0.0018231411
  -0.0002390569    0.0007766724   -0.0003220343
   0.0000722297   -0.0000311729   -0.0000895020
   0.0002173470    0.0001146917   -0.0002424624
  -0.0623739743    0.0002431579   -0.1219107373
   0.0060288312   -0.0002443500   -0.0027071608
   0.0000039653    0.0000504600   -0.0002739822
   0.0045857110   -0.0001159500   -0.0017758799
   0.0011517529    0.0032582864   -0.0025686632
  -0.0000364884   -0.0000673442    0.0001275509
  -0.0000211657    0.0000562216    0.0000070869
   0.0007834629   -0.0018854083   -0.0019117478
   0.0000698867   -0.0000396475   -0.0002416521
   0.0000781639    0.0000076047    0.0000689090
  -0.0000175533   -0.0000147925   -0.0003011621
   0.0000766839   -0.0001132047    0.0000684390
   0.0004675729    0.0019293783   -0.0021032778
   0.0014633029   -0.0029504664   -0.0023765632
  -0.0001267084    0.0001174942    0.0000720209
   0.0000678143   -0.0000058516    0.0000627269
   0.0001604391   -0.0000015100   -0.0001615926
   0.0001692791    0.0000356100    0.0003791632
   0.0000674170    0.0000013400    0.0000353057
  -0.0000720007    0.0001154600    0.0002837973
   0.0001519592    0.0000273095    0.0002796709
   0.0000984581    0.0000507453    0.0000652264
  -0.0000080675    0.0000100899   -0.0000091169
  -0.0001015914    0.0001030568    0.0003820980
   0.0000420993    0.0000133186    0.0000206469
   0.0000103410   -0.0000629014    0.0000269254
   0.0000390193   -0.0000177186    0.0000495769
  -0.0000122890   -0.0000412786    0.0000215554
   0.0001103886   -0.0001235368    0.0002333280
   0.0000978592   -0.0001622895    0.0004311909
  -0.0000363719    0.0000128947    0.0000482464
   0.0000345525    0.0000260501   -0.0000035869
  -0.0008448134   -0.0004008245    0.0005645742
   0.0014724170   -0.0009432139    0.0021970182
   0.0000103867    0.0000183592    0.0000104200
   0.0000892270    0.0000396685    0.0000819199
  -0.0001560289    0.0013364409    0.0013765632
   0.0001491333    0.0001343728   -0.0000043143
   0.0000341222    0.0000209426    0.0000750764
  -0.0000479612   -0.0000208029   -0.0001686823
   0.0000365882   -0.0000514091    0.0000578120
   0.0000506741   -0.0000105571    0.0000825023
   0.0000130296   -0.0000131423    0.0000667484
   0.0000226790   -0.0000498904    0.0000335204
   0.0000955545    0.0000318344    0.0000950442
  -0.0000839480   -0.0001135587   -0.0000860289
   0.0000036876    0.0000064838   -0.0000007173
   0.0000226091    0.0000003960    0.0001065969
   0.0000248535   -0.0000069244    0.0000789853
   0.0000298289    0.0000011625    0.0000749572
   0.0000059351    0.0000206312    0.0000581660
   0.0000178443   -0.0000027790    0.0000905996
   0.0000341478    0.0000026210    0.0000774832
  -0.0000355136   -0.0000309058    0.0000412691
   0.0000253265    0.0000064748    0.0000803092
   0.0000691095   -0.0000301415    0.0000567248
   0.0000329429   -0.0000152483    0.0000732437
   0.0000342309   -0.0000056594    0.0000885281
   0.0000212994   -0.0000027944    0.0000729185
   0.0000208490   -0.0000067945    0.0000765373
   0.0000246368   -0.0000045177    0.0000883963
   0.0000172284    0.0000604394    0.0000481487
   0.0000014016    0.0000052664    0.0000591262
   0.0000328460    0.0000003396    0.0000661509

33   
 -0.0054093115171375   0.0000000000000000  -0.0084106687552515
  -0.0482514012   -0.0243536312   -0.0528239342
   0.0049335152   -0.0063510421   -0.0197007381
  -0.0007641631    0.0002560320   -0.0000945331
   0.0001375368   -0.0003370423   -0.0006769140
  -0.0060761054    0.0305307416   -0.0360980955
   0.0004765215   -0.0009904632   -0.0007508781
   0.0001567928   -0.0000046678    0.0000855449
  -0.0012719513    0.0019833700   -0.0022197663
  -0.0005781756   -0.0009320434   -0.0001889807
   0.0000943703    0.0000336739    0.0000774346
   0.0001006352   -0.0000492616    0.0000951490
  -0.0000717261    0.0002052050   -0.0005837215
   0.0001076321    0.0008600640   -0.0004774858
   0.0021604539   -0.0009948057   -0.0014824750
  -0.0002576808   -0.0000219633   -0.0002904756
   0.0001071547    0.0000002073   -0.0001358701
   0.0017328450   -0.0000014000   -0.0099743535
   0.0009675476    0.0006261600    0.0002518105
  -0.0000053119    0.0000089700    0.0000507123
  -0.0018267835    0.0015188300   -0.0015681901
   0.0021625804    0.0005745000   -0.0008511678
  -0.0002379411   -0.0001516968    0.0002756730
   0.0000298996   -0.0000045180    0.0002323157
  -0.0010983160    0.0007721402   -0.0004668029
   0.0000901196   -0.0000535775    0.0000346136
   0.0000226243    0.0001546316    0.0002500089
   0.0000785796    0.0000453475    0.0000626336
   0.0000227143    0.0000856384    0.0002609889
   0.0007551440   -0.0027634102   -0.0017632629
   0.0002886204   -0.0007471300    0.0004363122
  -0.0000236311    0.0000269268    0.0001817430
  -0.0001698704   -0.0001146320    0.0003422357
   0.0598448347    0.0002212662    0.1160850778
  -0.0059536610    0.0002487800    0.0027840099
   0.0000352347   -0.0000498300    0.0003574122
  -0.0045844912    0.0000998900    0.0019102208
  -0.0011232429   -0.0032934283    0.0026719178
   0.0000816257    0.0000645616   -0.0000462869
   0.0000666284   -0.0000574642    0.0000789391
  -0.0007032229    0.0018797464    0.0020335232
  -0.0000252867    0.0000357575    0.0003325521
  -0.0000323339   -0.0000099353    0.0000194510
   0.0000640633    0.0000136125    0.0003877121
  -0.0000341639    0.0001111753    0.0000188110
  -0.0004066429   -0.0019129964    0.0022311332
  -0.0014270929    0.0029728983    0.0024711478
   0.0001701957   -0.0001183516    0.0000126831
  -0.0000205316    0.0000044042    0.0000211791
  -0.0001094479    0.0000010300    0.0002227445
  -0.0001221839   -0.0000409700   -0.0003159738
  -0.0000200941   -0.0000055600    0.0000244319
   0.0001153830   -0.0001189700   -0.0002230816
  -0.0001097160   -0.0000278747   -0.0002195066
  -0.0000526832   -0.0000503441   -0.0000060231
   0.0000565315   -0.0000102957    0.0000715916
   0.0001472267   -0.0000974516   -0.0003190005
   0.0000058290   -0.0000148971    0.0000388931
   0.0000344305    0.0000614734    0.0000323500
   0.0000082290    0.0000140271    0.0000094531
   0.0000550105    0.0000359066    0.0000378800
  -0.0000671633    0.0001222316   -0.0001716805
  -0.0000454160    0.0001590347   -0.0003659366
   0.0000808868   -0.0000121059    0.0000145169
   0.0000103515   -0.0000231743    0.0000630016
   0.0008842508    0.0003938576   -0.0004950237
  -0.0013843894    0.0009122833   -0.0020556810
   0.0000347132   -0.0000247452    0.0000779842
  -0.0000430391   -0.0000422868    0.0000008023
   0.0001986922   -0.0013097781   -0.0012714246
  -0.0001085318   -0.0001322429    0.0000872996
   0.0000150073   -0.0000205201    0.0000055015
   0.0000908866    0.0000223290    0.0002523626
   0.0000081275    0.0000434692    0.0000267709
  -0.0000038368    0.0000110758   -0.0000028638
   0.0000314565    0.0000085274    0.0000187048
   0.0000235853    0.0000463470    0.0000457487
  -0.0000455771   -0.0000287682   -0.0000093479
   0.0001236320    0.0001121456    0.0001712149
   0.0000458768   -0.0000040388    0.0000838819
   0.0000192962    0.0000027761   -0.0000265575
   0.0000186033   -0.0000005720    0.0000158540
   0.0000197514   -0.0000019303    0.0000230554
   0.0000389294   -0.0000252869    0.0000300324
   0.0000281662    0.0000008987    0.0000010092
   0.0000171923    0.0000027014    0.0000120918
   0.0000751479    0.0000311830    0.0000480397
   0.0000248707   -0.0000059628    0.0000140452
  -0.0000263624    0.0000327656    0.0000337489
   0.0000128685    0.0000072142    0.0000184401
   0.0000128818    0.0000068327    0.0000068759
   0.0000243510   -0.0000016988    0.0000171527
   0.0000250565    0.0000028495    0.0000174470
   0.0000265293    0.0000073365    0.0000002442
   0.0000239922   -0.0000606166    0.0000401511
   0.0000466785   -0.0000026639    0.0000325244
   0.0000098769    0.0000032396    0.0000272512

49   
  0.0054093115171375   0.0000000000000000   0.0084106687552515
   0.0001428871    0.0000694955    0.0001272769
  -0.0001484925    0.0001073006   -0.0001489111
   0.0000609218   -0.0000110659    0.0000959171
  -0.0000349764   -0.0000115660    0.0000241366
   0.0000307187   -0.0001745974   -0.0000109928
   0.0000068553    0.0000299481    0.0000681672
   0.0000046903   -0.0000227718    0.0000706824
   0.0000305539   -0.0000617679    0.0000786191
   0.0000403095    0.0000277001    0.0000498168
   0.0000019960    0.0000019106    0.0000627788
   0.0000213684    0.0000094838    0.0000785405
   0.0000291993    0.0000632657    0.0000679072
   0.0000020375   -0.0000326719    0.0000146499
  -0.0000593507    0.0000222839    0.0000723896
   0.0000751910   -0.0000112662    0.0001030208
  -0.0000470857    0.0000097690    0.0001417446
   0.0000106103    0.0000035300   -0.0000555024
   0.0000036729    0.0000128500   -0.0000159072
   0.0000092258    0.0000189100   -0.0000183483
  -0.0000060510    0.0000319000   -0.0000150753
   0.0000136319   -0.0000044393   -0.0000213435
   0.0000015839    0.0000014628   -0.0000173905
  -0.0000119204    0.0000038217   -0.0000225913
  -0.0000236748   -0.0000112408   -0.0000081275
   0.0000180673   -0.0000050450   -0.0000241078
  -0.0000030874   -0.0000037540   -0.0000212205
  -0.0000108727   -0.0000081450   -0.0000218178
  -0.0000117374    0.0000024140   -0.0000118905
   0.0000205952   -0.0000168092   -0.0000213275
  -0.0000133281   -0.0000120407   -0.0000068435
   0.0000002939   -0.0000076428   -0.0000153705
  -0.0000009904    0.0000087983   -0.0000029713
   0.0001371679    0.0000029700   -0.0002374945
  -0.0000552430   -0.0000836500    0.0001924316
   0.0000470641   -0.0000243200   -0.0000358019
   0.0000943839   -0.0001852900    0.0003456138
  -0.0000781967    0.0000081684    0.0002766505
  -0.0000618315   -0.0000145857   -0.0000219416
   0.0000110532   -0.0000297241   -0.0000647169
   0.0002361060   -0.0000047947    0.0002611066
  -0.0000053190    0.0000301671   -0.0000288631
  -0.0000385505    0.0000457634   -0.0000421400
   0.0000409810   -0.0000004671   -0.0000340131
  -0.0000172505   -0.0000673134   -0.0000385300
  -0.0000780940    0.0001049147    0.0003529466
   0.0000800433    0.0001620416    0.0001822205
  -0.0000394815    0.0000124857   -0.0000717416
   0.0000794432    0.0000584941   -0.0000114969
  -0.1336210437    0.0002015512   -0.2301105814
   0.0041403036   -0.0048989500   -0.0060742585
   0.0009593942   -0.0000332900    0.0011308682
   0.0041445563    0.0047576700   -0.0063444990
   0.0025718236    0.0056413309   -0.0061316361
   0.0003756143   -0.0002906468    0.0001855155
   0.0003637033    0.0002952871    0.0002297628
   0.0027281986   -0.0057322465   -0.0062886213
  -0.0001006638    0.0006124722    0.0011145183
   0.0008767299   -0.0000003088    0.0002067891
  -0.0000370838   -0.0005760222    0.0011467683
   0.0008764499    0.0000496488    0.0002057391
   0.0026390286   -0.0038821935   -0.0062654913
   0.0026657036    0.0040497191   -0.0061547161
   0.0004139043    0.0002713968    0.0002035555
   0.0003249733   -0.0003142971    0.0002099228
   0.0485607603    0.0233923946    0.0554860175
  -0.0027110548    0.0062086616    0.0225180868
  -0.0000981356    0.0005171141    0.0007797147
   0.0007518872   -0.0004462871    0.0008542412
   0.0080429820   -0.0297168468    0.0391350410
  -0.0012374725    0.0006176132    0.0012587344
  -0.0000174610    0.0001052953   -0.0000894742
   0.0022196764   -0.0026030575    0.0027901811
   0.0000691750   -0.0004931234    0.0006929765
   0.0001304886   -0.0000829096    0.0000070352
  -0.0000534753   -0.0000188366   -0.0001793643
   0.0004371344   -0.0002799489    0.0009474631
   0.0002095924    0.0007116313    0.0007295972
  -0.0022993033    0.0019989930    0.0020280530
  -0.0002781690   -0.0000045530    0.0009075871
  -0.0001161625    0.0000021489    0.0002342357
  -0.0030561612   -0.0064610780    0.0232770510
   0.0514517595   -0.0250148914    0.0582081246
   0.0008121088    0.0005490738    0.0007971067
  -0.0000674544   -0.0005020457    0.0007102501
   0.0081295361    0.0313453088    0.0405999140
   0.0021714681    0.0025572016    0.0028560663
  -0.0000025762   -0.0000539284   -0.0001108979
  -0.0011002527   -0.0006572436    0.0015143516
   0.0005638849    0.0002829504    0.0008616358
  -0.0000234187    0.0000143352   -0.0002054618
   0.0000694779    0.0000434425   -0.0000218032
   0.0000879017    0.0004535590    0.0006391482
  -0.0002301563   -0.0000430861    0.0008192149
  -0.0022492063   -0.0018856194    0.0021821232
   0.0001669264   -0.0007346580    0.0006854740
  -0.0001610306    0.0000023489    0.0002038423

49   
 -0.0054093115171375   0.0000000000000000  -0.0084106687552515
  -0.0001445054   -0.0000690499   -0.0000670488
   0.0001762495   -0.0001110138    0.0002166686
  -0.0000079030    0.0000144852   -0.0000235748
   0.0000401707    0.0000138129    0.0000489073
  -0.0000209723    0.0001795124    0.0000742993
   0.0000353509   -0.0000394107   -0.0000012339
   0.0000294020    0.0000084668   -0.0000024740
  -0.0000318430    0.0000597044   -0.0000058392
  -0.0000307389   -0.0000091085    0.0000203926
   0.0000368031   -0.0000038584    0.0000045675
   0.0000012447   -0.0000186057   -0.0000080812
  -0.0000134721   -0.0000536790    0.0000029803
   0.0000011297    0.0000473517    0.0000563719
   0.0000853009   -0.0000319904   -0.0000044397
  -0.0000434617    0.0000040434   -0.0000324724
   0.0000722183    0.0000073290   -0.0000712003
   0.0000195883    0.0000018000    0.0000789272
   0.0000109039   -0.0000131400    0.0000367614
   0.0000246103   -0.0000185700    0.0000528341
   0.0000139497   -0.0000342900    0.0000420339
   0.0000034346    0.0000004450    0.0000377628
   0.0000237063    0.0000008176    0.0000439797
   0.0000301457   -0.0000067184    0.0000448437
   0.0000494128    0.0000159617    0.0000409240
   0.0000079424    0.0000081829    0.0000455947
   0.0000202777    0.0000057514    0.0000451971
   0.0000397424    0.0000091571    0.0000510547
   0.0000256577    0.0000003286    0.0000408271
   0.0000005028    0.0000104983    0.0000406040
   0.0000351446    0.0000156550    0.0000389328
   0.0000229763    0.0000017724    0.0000404197
   0.0000213357   -0.0000003416    0.0000433637
  -0.0001099391    0.0000012100    0.0002389926
   0.0000676307    0.0000821900   -0.0001638273
  -0.0000145470    0.0000249500    0.0000481743
  -0.0000779191    0.0001803900   -0.0003172032
   0.0000929414   -0.0000147932   -0.0002412480
   0.0000869775    0.0000170999    0.0000432069
   0.0000067019    0.0000273753    0.0000898936
  -0.0002034192    0.0000050995   -0.0002386709
   0.0000312807   -0.0000280786    0.0000534831
   0.0000556490   -0.0000446814    0.0000657246
  -0.0000120793    0.0000015086    0.0000514531
   0.0000306990    0.0000706714    0.0000572446
   0.0001014608   -0.0001041595   -0.0003186509
  -0.0000579886   -0.0001524668   -0.0001633080
   0.0000631475   -0.0000182099    0.0000937569
  -0.0000608681   -0.0000506253    0.0000177636
   0.1315601726    0.0003020019    0.2269220243
  -0.0038034963    0.0048948500    0.0061411790
  -0.0009372942    0.0000204000   -0.0011209582
  -0.0044373736   -0.0047592500    0.0062811085
  -0.0024261286   -0.0055270565    0.0062643413
  -0.0003561433    0.0002861471   -0.0001618928
  -0.0003393643   -0.0003012468   -0.0002327555
  -0.0028304836    0.0058476509    0.0061570561
   0.0001042938   -0.0006021722   -0.0011078183
  -0.0008565199    0.0000158112   -0.0001978291
   0.0000750638    0.0005834522   -0.0011346883
  -0.0008551299   -0.0000533712   -0.0001988191
  -0.0026812236    0.0037026391    0.0063367761
  -0.0025770086   -0.0042286235    0.0060872413
  -0.0003922833   -0.0002648171   -0.0001914228
  -0.0003029943    0.0003210868   -0.0002041655
  -0.0505678142   -0.0245799482   -0.0573936880
   0.0027170344   -0.0061905915   -0.0225225729
   0.0000995712   -0.0005020128   -0.0007485848
  -0.0007448366    0.0004373239   -0.0008185015
  -0.0080000590    0.0306380691   -0.0398171216
   0.0012277394   -0.0006130792   -0.0012336361
   0.0000317921   -0.0001049088    0.0001185201
  -0.0022377887    0.0026204940   -0.0027612162
  -0.0000583428    0.0004786591   -0.0006702596
  -0.0001077192    0.0000823309    0.0000274452
   0.0000699882    0.0000233972    0.0002160843
  -0.0004211610    0.0002826656   -0.0008906339
  -0.0001969423   -0.0007038561   -0.0007065705
   0.0022949354   -0.0019985062   -0.0019932604
   0.0002786301    0.0000075538   -0.0008575380
   0.0001402294    0.0000004088   -0.0002050110
   0.0030912516    0.0064783880   -0.0231913247
  -0.0493942454    0.0238202177   -0.0562397838
  -0.0007759792   -0.0005576670   -0.0007478963
   0.0001079287    0.0005123270   -0.0006647400
  -0.0081332290   -0.0304195964   -0.0398468432
  -0.0021072064   -0.0025397353   -0.0028087017
   0.0000299751    0.0000554448    0.0001561120
   0.0011536458    0.0006645676   -0.0014645800
  -0.0005380983   -0.0002763136   -0.0008360349
   0.0000506559   -0.0000104646    0.0002420718
  -0.0000479773   -0.0000439512    0.0000652928
  -0.0000535340   -0.0004691133   -0.0005833151
   0.0002682551    0.0000470168   -0.0007930541
   0.0022979542    0.0018852465   -0.0021405160
  -0.0001379965    0.0007447331   -0.0006226806
   0.0001852637    0.0000006189   -0.0001554770

65   
  0.0054093115171375   0.0000000000000000   0.0084106687552515
   0.0002014412    0.0000126000   -0.0004146988
  -0.0000348331    0.0001964500    0.0006112824
  -0.0000312882   -0.0000068100    0.0003755272
   0.0001064037    0.0001204400    0.0007415652
   0.0001698718   -0.0001180274    0.0005562448
  -0.0000232492    0.0000284707    0.0003219757
  -0.0001077764    0.0000383161    0.0003284029
  -0.0000009185   -0.0001582985    0.0007527111
   0.0000019878    0.0000017457    0.0003774724
  -0.0000598641   -0.0000480387    0.0003713100
   0.0000033578    0.0000268343    0.0004301724
  -0.0000103841   -0.0000663613    0.0003497600
   0.0001624815   -0.0000647715    0.0006366011
  -0.0001470382    0.0000010074    0.0007174048
  -0.0000754692    0.0000254493    0.0003205557
   0.0000489436    0.0000179039    0.0004143929
   0.0000129941    0.0000029734   -0.0000292559
  -0.0000365324   -0.0000003265   -0.0000569768
  -0.0000116227   -0.0000038412   -0.0001273668
  -0.0000307369    0.0000175258   -0.0000671240
  -0.0000085875   -0.0000033711   -0.0000595139
  -0.0000251726    0.0000289003   -0.0000665615
   0.0000005995   -0.0000096299   -0.0001303175
  -0.0000273534    0.0000585380   -0.0001004899
   0.0000077734   -0.0000167230   -0.0000523334
  -0.0000433207   -0.0000020070   -0.0000786969
   0.0000055288    0.0000233277   -0.0000700731
  -0.0000108003   -0.0000206021   -0.0000895701
  -0.0000152966   -0.0000165186   -0.0000629681
   0.0000483790   -0.0000259396   -0.0000744092
  -0.0000405001   -0.0000048765   -0.0000905073
  -0.0000508231   -0.0000181897   -0.0001399750
  -0.0009616207   -0.0004626276    0.0002592137
   0.0000528691    0.0000655468   -0.0002947823
  -0.0000401432    0.0000250652   -0.0002913242
   0.0014948794   -0.0009627733    0.0017216110
   0.0000954471    0.0000384682   -0.0002853521
  -0.0000369462    0.0000322439   -0.0002572325
  -0.0000399268    0.0000034388   -0.0002961119
  -0.0001260620   -0.0001433356   -0.0004399349
   0.0000259925   -0.0000931692   -0.0003291409
  -0.0000577253   -0.0000811170   -0.0003153187
  -0.0000011265    0.0000108226   -0.0002900348
   0.0000088168   -0.0000322558   -0.0002557562
  -0.0001863822    0.0014292180    0.0010096046
  -0.0000992865    0.0000051510   -0.0005292726
  -0.0000325373    0.0000151301   -0.0002582115
   0.0001583918    0.0001610729   -0.0003381296
   0.0508859542    0.0247410883    0.0574196780
   0.0003987366   -0.0000405139    0.0011882016
   0.0002592688   -0.0003290772    0.0006583148
  -0.0029147244    0.0063103315    0.0227034229
  -0.0001651077   -0.0001115839    0.0010444205
  -0.0001457894   -0.0000069288    0.0003200310
   0.0001008799    0.0004059762    0.0007705380
  -0.0023146154    0.0013770462    0.0021218804
   0.0000703028    0.0005570109    0.0008064996
   0.0004420410   -0.0004752456    0.0010509839
  -0.0001423382   -0.0000645272   -0.0000335743
   0.0001824392   -0.0001310309    0.0000545148
   0.0080231090   -0.0308657291    0.0399037916
   0.0016906387   -0.0023150540    0.0032730762
  -0.0000263921    0.0001932388    0.0000215799
  -0.0007014194    0.0009397192    0.0010220761
  -0.0640826849   -0.0002856697   -0.1315782168
   0.0029943989   -0.0001371100   -0.0024381965
  -0.0000142208    0.0000083200   -0.0007778306
   0.0049079774   -0.0004597000   -0.0036672825
  -0.0001627818    0.0011051457   -0.0029009010
  -0.0000909451   -0.0000477161   -0.0002798293
  -0.0000969059    0.0000714446   -0.0002370093
   0.0013331245   -0.0024786642   -0.0031859489
   0.0000201246   -0.0000477091   -0.0007788805
   0.0000264435   -0.0000118998   -0.0002690192
  -0.0000189254   -0.0000041309   -0.0007970405
   0.0000121735    0.0000310998   -0.0002695092
   0.0008434345    0.0031274842   -0.0035179989
   0.0003160782   -0.0010974557   -0.0025545210
  -0.0000379351    0.0000466861   -0.0002821993
  -0.0001416159   -0.0000643446   -0.0002428893
  -0.0012092337   -0.0000285000    0.0175212722
   0.0023363785   -0.0021077600    0.0010331345
   0.0000484524    0.0001160700    0.0000605801
  -0.0003155837   -0.0002503200   -0.0007206676
  -0.0009672265    0.0036427656    0.0012857787
   0.0001097288    0.0000671433   -0.0002760935
  -0.0000798265    0.0000665358   -0.0002437454
  -0.0002479065   -0.0001138475   -0.0010081725
   0.0000037038   -0.0000065082    0.0000113229
   0.0000312160   -0.0001185592   -0.0002406045
  -0.0002207762   -0.0001600118    0.0001283229
   0.0000165060   -0.0000299708   -0.0002466645
  -0.0022723765   -0.0005325025    0.0004101475
   0.0010381535   -0.0005518156   -0.0001533213
   0.0000239788    0.0000126967   -0.0002030835
   0.0000212635    0.0000270242   -0.0003107254

65   
 -0.0054093115171375   0.0000000000000000  -0.0084106687552515
  -0.0002032086    0.0000012700    0.0007807119
   0.0000447659   -0.0001771100   -0.0002724172
   0.0000214605    0.0000129300   -0.0000183019
  -0.0000898799   -0.0001117300   -0.0003609632
  -0.0001536813    0.0001029934   -0.0002290492
   0.0000132617   -0.0000234437    0.0000344432
   0.0001076235   -0.0000416283    0.0000149053
   0.0000259275    0.0001509793   -0.0004044322
   0.0000197973   -0.0000012146   -0.0000181866
   0.0000462892    0.0000517202    0.0000240849
   0.0000054673   -0.0000071654   -0.0000195566
   0.0000274792    0.0000735698    0.0000170349
  -0.0001566425    0.0000525207   -0.0002724322
   0.0001707187   -0.0000122734   -0.0003613692
   0.0000765517   -0.0000276863    0.0000513232
  -0.0000442765   -0.0000382117   -0.0000163347
   0.0000070032   -0.0000077718   -0.0000787066
   0.0000264618    0.0000027971   -0.0000565533
   0.0000288541   -0.0000068750   -0.0000278061
   0.0000385969   -0.0000145303   -0.0000539328
   0.0000227604    0.0000058421   -0.0000582081
   0.0000171702    0.0000008303   -0.0000496604
   0.0000242428   -0.0000006374   -0.0000311796
   0.0000302604   -0.0000570780   -0.0000179535
   0.0000163950    0.0000025409   -0.0000441085
   0.0000207937   -0.0000045268   -0.0000439876
   0.0000187109   -0.0000003452   -0.0000493782
   0.0000191981   -0.0000009905   -0.0000502936
   0.0000183373    0.0000213127   -0.0000693228
  -0.0000222890    0.0000320164   -0.0000211148
   0.0000185745    0.0000001149   -0.0000517466
   0.0000783288    0.0000310102   -0.0000117768
   0.0009871234    0.0004547145   -0.0005995942
  -0.0000649570   -0.0000667885   -0.0000435599
   0.0000557633   -0.0000372292   -0.0000026800
  -0.0015240770    0.0009934039   -0.0021092982
  -0.0000816045   -0.0000340344   -0.0000483242
   0.0000272909    0.0000010140   -0.0000820969
   0.0000655624   -0.0000134838    0.0000069473
   0.0001305180    0.0001500287    0.0001094689
  -0.0000002382    0.0000751891   -0.0000279720
   0.0000309710    0.0000752804   -0.0000152304
   0.0000276004    0.0000099823   -0.0000421184
  -0.0000011941    0.0000054871   -0.0000620723
   0.0001992989   -0.0014457009   -0.0013484232
   0.0001246712    0.0000050329    0.0001716723
   0.0000094978   -0.0000164926   -0.0000502864
  -0.0001333433   -0.0001492927    0.0000434843
  -0.0486956203   -0.0235013446   -0.0553187975
  -0.0003463272    0.0000331271   -0.0011385612
  -0.0002741744    0.0003259359   -0.0005936247
   0.0029796848   -0.0063424816   -0.0228292068
   0.0001800776    0.0001415887   -0.0010180272
   0.0001349225   -0.0000005689   -0.0002842457
  -0.0000885210   -0.0003922370   -0.0007097771
   0.0022878433   -0.0013791830   -0.0020754830
  -0.0000622850   -0.0005694066   -0.0007459765
  -0.0004099844    0.0004622789   -0.0009825231
   0.0001248353    0.0000508966    0.0000944943
  -0.0001659486    0.0001138596   -0.0000216952
  -0.0079972820    0.0300244368   -0.0392446710
  -0.0016916364    0.0022932575   -0.0031736611
   0.0000350010   -0.0001657653    0.0000370942
   0.0006962625   -0.0009208832   -0.0009756644
   0.0611676886   -0.0002335411    0.1331124066
  -0.0029054274    0.0001347800    0.0021642925
   0.0000123008   -0.0000133100    0.0005728506
  -0.0049392789    0.0004589000    0.0034817665
   0.0001721255   -0.0010530043    0.0026522090
   0.0000540459    0.0000391646    0.0000818093
   0.0001330151   -0.0000851661    0.0000035993
  -0.0013292881    0.0024813456    0.0029863309
   0.0000003854    0.0000067591    0.0005605505
  -0.0000134035    0.0000459802    0.0000430392
   0.0000239254    0.0000085009    0.0005785905
  -0.0000149735   -0.0000695202    0.0000437992
  -0.0008149881   -0.0031000056    0.0033094009
  -0.0003439845    0.0010853943    0.0023298290
   0.0000333059   -0.0000276046    0.0000639793
   0.0001536851    0.0000984461    0.0000183293
   0.0011427091   -0.0000003800   -0.0172440539
  -0.0022689008    0.0021005500   -0.0010199622
  -0.0000506998   -0.0001238600   -0.0000955796
   0.0003575869    0.0002624100    0.0006791389
   0.0009794014   -0.0035269733   -0.0012859160
  -0.0001439042   -0.0000724715    0.0002243666
   0.0001126193   -0.0000744858    0.0002368329
   0.0002603074    0.0000981676    0.0009513396
   0.0000123142   -0.0000368560   -0.0000396667
  -0.0000168745    0.0001483369    0.0002295948
   0.0002268642    0.0001608760   -0.0001482367
  -0.0000156845   -0.0000065669    0.0002344648
   0.0022866274    0.0005506624   -0.0004433004
  -0.0010742786    0.0005467833    0.0000913140
  -0.0000209242    0.0000032415    0.0001750366
  -0.0000110407    0.0000035758    0.0002984829

81   
  0.0054093115171375   0.0000000000000000   0.0084106687552515
  -0.0000078857    0.0000008100   -0.0001325328
  -0.0000098612   -0.0000197400    0.0000196482
   0.0000078108   -0.0000092200   -0.0000239715
  -0.0000050538   -0.0000108000    0.0000182515
  -0.0000384149   -0.0000049749    0.0000296567
  -0.0000059684   -0.0000115021   -0.0000104740
   0.0000023009   -0.0000071416   -0.0000183677
  -0.0000095360    0.0000050818    0.0000094536
  -0.0000225469    0.0000153741   -0.0000159010
   0.0000030468    0.0000048641   -0.0000151705
  -0.0000011669   -0.0000024741   -0.0000352610
  -0.0000198032   -0.0000054041   -0.0000167905
  -0.0000205160    0.0000306582    0.0000285836
   0.0000077751   -0.0000004351    0.0000074567
  -0.0000112684   -0.0000026679   -0.0000143940
   0.0000012209    0.0000167316   -0.0000195277
   0.0000000321    0.0000062356   -0.0000134175
  -0.0000068310   -0.0000028424   -0.0000295737
   0.0000003013   -0.0000021469   -0.0000222212
  -0.0000144224   -0.0000037522   -0.0000132539
  -0.0000090559    0.0000012278   -0.0000317058
  -0.0000017564   -0.0000001200   -0.0000295774
  -0.0000060280    0.0000002606   -0.0000268389
  -0.0000074297    0.0000073222   -0.0000252180
  -0.0000071172    0.0000018219   -0.0000289396
  -0.0000040617   -0.0000008509   -0.0000279752
  -0.0000023585    0.0000008252   -0.0000276777
  -0.0000088427    0.0000014656   -0.0000266077
  -0.0000125456   -0.0000053833   -0.0000168907
  -0.0000017432   -0.0000021865   -0.0000248054
  -0.0000049756   -0.0000046610   -0.0000290727
  -0.0000139857    0.0000010042   -0.0000213906
   0.0000015667    0.0000007420   -0.0000200940
   0.0000006238    0.0000070513   -0.0000158492
  -0.0000410494    0.0000179769   -0.0000302924
  -0.0000161614    0.0000039903   -0.0000195654
   0.0000003207    0.0000027135   -0.0000108842
   0.0000026731   -0.0000000196   -0.0000286412
  -0.0000465485    0.0000257439   -0.0000287644
  -0.0000128522    0.0000152966   -0.0000505611
  -0.0000075285   -0.0000242742   -0.0000173401
  -0.0000066365   -0.0000316595   -0.0000241270
  -0.0000149310   -0.0000051012   -0.0000223627
   0.0000042482   -0.0000076427   -0.0000153759
  -0.0000012823   -0.0000073214   -0.0000162418
  -0.0000026976   -0.0000044956   -0.0000174789
  -0.0000074607    0.0000105228   -0.0000171052
  -0.0000288679   -0.0000044230   -0.0000883497
  -0.0027737616   -0.0062955180    0.0230928348
   0.0003050713    0.0002891530    0.0004226900
   0.0003970792    0.0000580770    0.0009910363
   0.0490156454   -0.0236155277    0.0563809438
   0.0000810149   -0.0004310168    0.0005776141
  -0.0001689437   -0.0000005189    0.0001561870
  -0.0001694335    0.0001676969    0.0008351106
  -0.0022536742   -0.0012129365    0.0021437460
   0.0004869283    0.0005073136    0.0008612249
   0.0001385540   -0.0005919667    0.0005497051
   0.0001518973    0.0000965112   -0.0001205828
  -0.0001241459    0.0000630546   -0.0001847518
   0.0081218690    0.0300911364    0.0399117432
  -0.0005313058   -0.0009982276    0.0011035100
  -0.0000146651   -0.0001593348   -0.0001539120
   0.0015660064    0.0022018053    0.0031743517
  -0.0011307891   -0.0000001800    0.0171846339
  -0.0003703269    0.0003515200   -0.0007234189
   0.0000633898   -0.0000960800    0.0000354196
   0.0023053608    0.0021770500    0.0009477422
  -0.0001845674    0.0000360877   -0.0009563897
  -0.0000642893   -0.0000529758   -0.0002991529
   0.0001213342   -0.0000580915   -0.0002907366
  -0.0010211914   -0.0035950133    0.0011705960
  -0.0001906342    0.0001481360    0.0001019367
   0.0000243245    0.0001092969   -0.0002923048
  -0.0000224542   -0.0000472760   -0.0000343833
   0.0000293245   -0.0000076069   -0.0002910648
   0.0011649986    0.0005230733   -0.0001123340
  -0.0023635074    0.0005308223    0.0003458403
   0.0000188307    0.0000042558   -0.0003745429
   0.0000333342    0.0000010915   -0.0002123866
  -0.0617061276   -0.0001972109   -0.1243319096
   0.0049635788    0.0004157700   -0.0038626665
   0.0000065392   -0.0000656000   -0.0005853706
   0.0025654474    0.0000427000   -0.0023184126
   0.0013520481    0.0025628456   -0.0033467609
  -0.0001608851   -0.0000966761   -0.0000276893
  -0.0000292959    0.0000182045   -0.0000837393
  -0.0002142355   -0.0007530143   -0.0028212590
  -0.0000433254    0.0000306009   -0.0006211005
   0.0000043935    0.0000776902   -0.0000570292
   0.0000718346    0.0000397491   -0.0005441205
   0.0000058835   -0.0000532002   -0.0000551192
   0.0001838745    0.0008992343   -0.0025753890
   0.0009555781   -0.0031649656   -0.0035964709
  -0.0001423251    0.0000845661   -0.0000142093
  -0.0000469959   -0.0000310145   -0.0000921293

81   
 -0.0054093115171375   0.0000000000000000  -0.0084106687552515
  -0.0000264876   -0.0000015000    0.0001646073
   0.0000028476    0.0000141300    0.0000118986
   0.0000094563    0.0000097600    0.0000597085
  -0.0000247042    0.0000138700    0.0000124552
   0.0000131905    0.0000062996   -0.0000004042
   0.0000142385    0.0000016324    0.0000412634
  -0.0000039644   -0.0000068959    0.0000512922
  -0.0000285852   -0.0000080742    0.0000245492
  -0.0000010934    0.0000056743    0.0000472589
  -0.0000016066   -0.0000090161    0.0000453281
  -0.0000109634   -0.0000096043    0.0000687789
  -0.0000019466    0.0000159561    0.0000484681
  -0.0000106652   -0.0000193258    0.0000009292
  -0.0000191695   -0.0000071896    0.0000215558
   0.0000098485   -0.0000042124    0.0000459734
  -0.0000119544   -0.0000020741    0.0000522522
  -0.0000063509   -0.0000047951    0.0000003467
  -0.0000148586    0.0000003626    0.0000113540
  -0.0000029422    0.0000037471    0.0000184297
  -0.0000103282   -0.0000009371    0.0000008305
  -0.0000088537   -0.0000037475    0.0000079860
  -0.0000064737   -0.0000000400    0.0000165472
  -0.0000129625   -0.0000034298    0.0000117878
  -0.0000030501   -0.0000019811    0.0000180570
  -0.0000042529    0.0000011673    0.0000134088
  -0.0000123181   -0.0000003796    0.0000105849
  -0.0000049015   -0.0000011951    0.0000205976
  -0.0000117274    0.0000007443    0.0000193472
  -0.0000048141    0.0000010022   -0.0000020114
  -0.0000094460    0.0000066460    0.0000177757
  -0.0000064746   -0.0000028792    0.0000171524
  -0.0000011752    0.0000042350    0.0000248383
  -0.0000084834    0.0000002744    0.0000022147
  -0.0000217343   -0.0000097610    0.0000009804
   0.0000380749   -0.0000164912    0.0000018140
  -0.0000083289   -0.0000079525   -0.0000016472
  -0.0000178168   -0.0000049323    0.0000011137
  -0.0000110460    0.0000001804    0.0000094091
   0.0000288384   -0.0000289064    0.0000111938
   0.0000017416   -0.0000095994    0.0000264613
  -0.0000033229    0.0000267583   -0.0000004937
  -0.0000096690    0.0000310045    0.0000083727
   0.0000080106    0.0000047444   -0.0000025685
  -0.0000252009    0.0000099594   -0.0000095281
  -0.0000153678    0.0000032690    0.0000029968
  -0.0000083395    0.0000089015   -0.0000078748
  -0.0000038365   -0.0000177848   -0.0000033292
   0.0000128436    0.0000096158    0.0000541009
   0.0027014012    0.0062675480   -0.0229539610
  -0.0002889057   -0.0002900943   -0.0004691801
  -0.0004612588   -0.0000615638   -0.0010361767
  -0.0512020596    0.0248462015   -0.0584895846
  -0.0000770837    0.0004542761   -0.0006242349
   0.0001582606    0.0000001211   -0.0002048923
   0.0001444436   -0.0001384220   -0.0008840840
   0.0022744963    0.0011992694   -0.0021819032
  -0.0005225249   -0.0005418704   -0.0009077158
  -0.0001339417    0.0005768610   -0.0006014082
  -0.0001695279   -0.0000978925    0.0000816032
   0.0001177387   -0.0000677852    0.0001435418
  -0.0081610461   -0.0309208388   -0.0405358340
   0.0005256027    0.0010062036   -0.0011182016
   0.0000003162    0.0001660884    0.0001133979
  -0.0015543881   -0.0022140916   -0.0032488063
   0.0011490837    0.0000002700   -0.0174742622
   0.0003309837   -0.0003296200    0.0007274476
  -0.0000790724    0.0000984400   -0.0000431201
  -0.0023279384   -0.0021685800   -0.0009727045
   0.0001712464   -0.0000665976    0.0009597225
   0.0000515965    0.0000528158    0.0002925554
  -0.0001378488    0.0000528233    0.0002834435
   0.0010203266    0.0036411356   -0.0012162787
   0.0001793562   -0.0001469918   -0.0001144329
  -0.0000432560   -0.0001069392    0.0002917845
   0.0000096462    0.0000539018    0.0000259671
  -0.0000448260    0.0000090992    0.0002838345
  -0.0011385834   -0.0005207356    0.0001187513
   0.0023546664   -0.0005329224   -0.0003553275
  -0.0000350435   -0.0000075258    0.0003627554
  -0.0000487088   -0.0000033533    0.0002014935
   0.0651207397   -0.0002134405    0.1277403710
  -0.0049341973   -0.0004134400    0.0038486625
  -0.0000236592    0.0000674000    0.0005941106
  -0.0026134489   -0.0000314100    0.0023583066
  -0.0013589344   -0.0025710042    0.0033544789
   0.0001437359    0.0000934745    0.0000326193
   0.0000171851   -0.0000230461    0.0000926293
   0.0002157318    0.0007450257    0.0028669110
   0.0000311154   -0.0000291209    0.0006329905
  -0.0000207035   -0.0000709398    0.0000599592
  -0.0000856146   -0.0000326891    0.0005593405
  -0.0000196035    0.0000523898    0.0000627392
  -0.0001685682   -0.0009038257    0.0026081910
  -0.0009737144    0.0031756542    0.0036091789
   0.0001248259   -0.0000843845    0.0000223993
   0.0000380751    0.0000328961    0.0001067593
