96   
6    

1    
  0.0053421683641949   0.0000000000000000   0.0084534748576308
  -0.1440063836   -0.0003489701   -0.2480248208
   0.0058972948    0.0051044800   -0.0073062658
   0.0015431733   -0.0000263600   -0.0002842646
   0.0052404061   -0.0052340200   -0.0071601227
   0.0031490195   -0.0034844155   -0.0073539925
   0.0003389232   -0.0003912051   -0.0013805897
   0.0003904009    0.0003572643   -0.0013862482
   0.0030443680    0.0039946166   -0.0071129660
   0.0000339751    0.0008718521   -0.0003024544
   0.0010134789    0.0000337490   -0.0013840690
   0.0000713451   -0.0008440221   -0.0002662944
   0.0010139089   -0.0000075690   -0.0013849690
   0.0029011380    0.0064385634   -0.0072799860
   0.0032909795   -0.0067537045   -0.0071848725
   0.0003608832    0.0003778451   -0.0013586897
   0.0003670409   -0.0003687643   -0.0014104182
   0.0002150402    0.0000866052   -0.0014123795
  -0.0000199031   -0.0000140344   -0.0015661908
   0.0000787857   -0.0000320812   -0.0015086309
  -0.0002122394    0.0001616097   -0.0016857610
   0.0000194991   -0.0000412427   -0.0015657564
  -0.0000291889    0.0000015914   -0.0014639483
   0.0001089802   -0.0000159986   -0.0015100943
  -0.0000778937    0.0000115815   -0.0015013748
   0.0000524364    0.0000326158   -0.0015356937
   0.0000492030    0.0000732366   -0.0015390015
   0.0000334197    0.0000147648   -0.0014948856
  -0.0000021643    0.0000071926   -0.0015165671
   0.0000673195   -0.0002446621   -0.0015494386
   0.0000264547   -0.0000618151   -0.0014948274
   0.0000107377   -0.0000212809   -0.0015056934
   0.0000080543    0.0000512287   -0.0015065968
  -0.0040677746   -0.0069411486    0.0222506839
  -0.0000786843   -0.0004823569   -0.0014555189
   0.0009297809    0.0006441430   -0.0015026560
   0.0519188558   -0.0253755703    0.0570911254
  -0.0001648400   -0.0000906500   -0.0013987756
  -0.0001472726    0.0000013424   -0.0018866605
   0.0002015836   -0.0008652562   -0.0015540952
  -0.0023761106   -0.0018012563    0.0002324862
   0.0007000049    0.0002755205   -0.0014198129
   0.0000506764    0.0005199243   -0.0015268656
   0.0000993506    0.0000563612   -0.0021496493
  -0.0000412885    0.0000265936   -0.0023037562
   0.0079596156    0.0324383288    0.0398038682
  -0.0009367303   -0.0008340936   -0.0005719201
   0.0000052132   -0.0000802678   -0.0022277787
   0.0021773397    0.0026261608    0.0010316670
   0.0535530751    0.0264104363    0.0646675772
   0.0008853240   -0.0005380834    0.0044060012
  -0.0000359677    0.0004750271    0.0044543104
  -0.0038479286    0.0067415558    0.0275551008
   0.0002404032    0.0008127546    0.0043630063
  -0.0001081226    0.0000013325    0.0039570304
  -0.0001636161    0.0000150829    0.0044925219
  -0.0023530522    0.0019175185    0.0059108580
   0.0000704461   -0.0004993425    0.0043843798
   0.0005813030   -0.0002640347    0.0044655764
  -0.0000471264   -0.0000299271    0.0035314743
   0.0001394267   -0.0000761460    0.0036954627
   0.0078177486   -0.0330160521    0.0459653205
   0.0023174396   -0.0026995853    0.0068004511
   0.0000084441    0.0001088898    0.0036139394
  -0.0010100429    0.0007727676    0.0050263017
   0.0001543037    0.0000001600    0.0032942126
   0.0000973262   -0.0001494600    0.0040146826
   0.0000429391   -0.0000099400    0.0037131567
  -0.0000135675   -0.0000678500    0.0039133880
  -0.0000506190    0.0000867801    0.0040320031
   0.0000698044    0.0000424470    0.0037359879
  -0.0000175710    0.0000105913    0.0036643175
   0.0000838151    0.0001197942    0.0038951808
   0.0000109566    0.0000169706    0.0037114895
   0.0000015451   -0.0000515670    0.0036983750
   0.0000302466   -0.0000049206    0.0037142895
  -0.0000106149    0.0000315070    0.0036796350
  -0.0000428949    0.0000200858    0.0039789108
   0.0002012310   -0.0000029301    0.0039472831
   0.0000183544   -0.0000176270    0.0036635679
  -0.0000333810   -0.0000132713    0.0036958275
   0.0000231574   -0.0000003700   -0.0022827888
   0.0000122432    0.0000301800   -0.0021819671
   0.0000128714    0.0000182000   -0.0022047698
   0.0000175858    0.0000075800   -0.0021715398
   0.0000333923   -0.0000091801   -0.0021909983
   0.0000027362    0.0000021708   -0.0021904906
   0.0000179636   -0.0000079721   -0.0021989373
   0.0000047888   -0.0000119278   -0.0021610401
   0.0000263871   -0.0000094632   -0.0022066404
   0.0000047528    0.0000074218   -0.0021934544
  -0.0000025929   -0.0000068268   -0.0022025404
   0.0000158628   -0.0000040818   -0.0021924344
   0.0000235688   -0.0000017522   -0.0021846301
  -0.0000112377   -0.0000079599   -0.0021682383
   0.0000054962    0.0000052592   -0.0021939806
   0.0000151636   -0.0000007079   -0.0021916173

1    
 -0.0053421683641949   0.0000000000000000  -0.0084534748576308
   0.1437749081   -0.0003422486    0.2453395579
  -0.0055620961   -0.0051080400    0.0043223327
  -0.0015407533    0.0000370200   -0.0027616854
  -0.0055748549    0.0052278400    0.0040615758
  -0.0030931180    0.0036527166    0.0042418560
  -0.0003362709    0.0003878343   -0.0016614318
  -0.0003928632   -0.0003583951   -0.0016598203
  -0.0030920095   -0.0038240555    0.0041440425
  -0.0000125651   -0.0008798121   -0.0027459256
  -0.0010107789   -0.0000287010   -0.0016619010
  -0.0000846451    0.0008452521   -0.0027771656
  -0.0010125989    0.0000001810   -0.0016624110
  -0.0030178295   -0.0065379945    0.0041116925
  -0.0031647180    0.0066544934    0.0042742860
  -0.0003620509   -0.0003749843   -0.0016703318
  -0.0003681032    0.0003747451   -0.0016536303
  -0.0002139052   -0.0000835394   -0.0017175241
   0.0000183448    0.0000174013   -0.0015747555
  -0.0000682337    0.0000283322   -0.0016325325
   0.0002130863   -0.0001603506   -0.0014528701
  -0.0000214700    0.0000420847   -0.0015784327
   0.0000312889    0.0000011014   -0.0016736240
  -0.0001031824    0.0000134820   -0.0016299741
   0.0000824068   -0.0000115370   -0.0016378403
  -0.0000545103   -0.0000271706   -0.0016055634
  -0.0000473698   -0.0000707942   -0.0016011978
  -0.0000288183   -0.0000138845   -0.0016456882
   0.0000057457   -0.0000055219   -0.0016223980
  -0.0000659816    0.0002466912   -0.0015860258
  -0.0000280190    0.0000625502   -0.0016440756
  -0.0000035928    0.0000200729   -0.0016344602
  -0.0000062175   -0.0000503680   -0.0016310999
   0.0040814616    0.0069380182   -0.0265885746
   0.0000549147    0.0004705531   -0.0028177626
  -0.0009415636   -0.0006288022   -0.0027706565
  -0.0540567141    0.0266402520   -0.0634647069
   0.0001490590    0.0000874640   -0.0028516979
   0.0001525656    0.0000006025   -0.0023758236
  -0.0002099548    0.0008541515   -0.0027313378
   0.0023569051    0.0018060441   -0.0044990207
  -0.0006969725   -0.0002803976   -0.0028251139
  -0.0000637637   -0.0004988347   -0.0027512397
  -0.0000959234   -0.0000468798   -0.0021115376
   0.0000366579   -0.0000271122   -0.0019552403
  -0.0079265824   -0.0334429702   -0.0448806223
   0.0009119086    0.0008300375   -0.0036972704
  -0.0000115242    0.0000762488   -0.0020343549
  -0.0022216481   -0.0026473507   -0.0053028076
  -0.0514110072   -0.0251480448   -0.0551692962
  -0.0008737720    0.0005485641    0.0029850410
   0.0000603174   -0.0004844709    0.0029354213
   0.0038497416   -0.0067493263   -0.0200960905
  -0.0002327422   -0.0008238096    0.0030383566
   0.0001133796    0.0000005324    0.0034232837
   0.0001812572   -0.0000178889    0.0028762018
   0.0023806079   -0.0019136701    0.0014774070
  -0.0000519587    0.0005210521    0.0030105056
  -0.0005762355    0.0002609079    0.0028986304
   0.0000547570    0.0000336385    0.0038465622
  -0.0001406239    0.0000816173    0.0036916642
  -0.0078483719    0.0320180910   -0.0377675769
  -0.0022650200    0.0026778548    0.0005888907
  -0.0000001632   -0.0001127689    0.0037697842
   0.0010438543   -0.0007757638    0.0023680388
  -0.0001480408   -0.0000001000    0.0041573637
  -0.0001031507    0.0001541200    0.0034158653
  -0.0000360769    0.0000105600    0.0037254726
   0.0000170926    0.0000699900    0.0035214482
   0.0000526685   -0.0000891798    0.0034019828
  -0.0000728425   -0.0000404055    0.0037056166
   0.0000234717   -0.0000132257    0.0037739599
  -0.0000793189   -0.0001247141    0.0035359342
  -0.0000095698   -0.0000172944    0.0037248855
   0.0000023178    0.0000552222    0.0037377507
  -0.0000250698    0.0000085944    0.0037251155
   0.0000115178   -0.0000288222    0.0037536107
   0.0000478611   -0.0000137359    0.0034518842
  -0.0002074815    0.0000094898    0.0034847428
  -0.0000139025    0.0000139055    0.0037709266
   0.0000377817    0.0000148157    0.0037350499
  -0.0000208260   -0.0000006000   -0.0021124246
  -0.0000116614   -0.0000268800   -0.0022148907
  -0.0000065076   -0.0000168100   -0.0021919361
  -0.0000160026   -0.0000054600   -0.0022236142
  -0.0000290600    0.0000118714   -0.0022071773
  -0.0000063915    0.0000001825   -0.0022084620
  -0.0000116538    0.0000053724   -0.0021971018
  -0.0000012354    0.0000109935   -0.0022315891
  -0.0000250868    0.0000084552   -0.0021886667
  -0.0000006532   -0.0000038244   -0.0022012623
   0.0000072032    0.0000098948   -0.0021946667
  -0.0000147332    0.0000064544   -0.0022012823
  -0.0000203554    0.0000056865   -0.0022098091
   0.0000090700    0.0000104786   -0.0022295173
  -0.0000008515   -0.0000087525   -0.0022008120
  -0.0000106338    0.0000017976   -0.0022004318

33   
  0.0053421683641949   0.0000000000000000   0.0084534748576308
  -0.0038967116   -0.0068363682    0.0226994946
   0.0539511841   -0.0265605720    0.0599585669
   0.0004106136   -0.0000443078   -0.0005620134
   0.0004424253    0.0002529769   -0.0011923674
   0.0079461124    0.0332001702    0.0411393923
   0.0018833281    0.0024768207    0.0018305576
  -0.0000029458   -0.0001437488   -0.0016335051
  -0.0006489586   -0.0010070275   -0.0001742696
   0.0004495325    0.0005232175   -0.0006763661
  -0.0001094079    0.0000615522   -0.0016779497
   0.0001415734    0.0000840098   -0.0015905524
   0.0002837737   -0.0006637053   -0.0010763403
   0.0001124310   -0.0003530640   -0.0009926121
  -0.0023999451   -0.0014592041    0.0008254807
  -0.0000897152    0.0002850485   -0.0007622122
  -0.0001641656   -0.0000001825   -0.0012893364
   0.0000088174    0.0000005800   -0.0016747088
  -0.0000039068   -0.0000188800   -0.0015642171
  -0.0000011386   -0.0000056700   -0.0015912998
   0.0000090358   -0.0000239100   -0.0015618398
  -0.0000172377    0.0000146799   -0.0015554483
   0.0000052862    0.0000085508   -0.0015823706
  -0.0000085664    0.0000006379   -0.0015779373
   0.0000269388   -0.0000042078   -0.0015717201
  -0.0000062729    0.0000030468   -0.0015816004
  -0.0000085272   -0.0000083982   -0.0015800044
   0.0000031771    0.0000024432   -0.0016014704
   0.0000027828   -0.0000001618   -0.0015813644
  -0.0000222712    0.0000107878   -0.0015541801
   0.0000086523    0.0000216801   -0.0015733883
  -0.0000031938    0.0000036792   -0.0015853806
  -0.0000029964   -0.0000033579   -0.0015778473
  -0.0675429903    0.0002069541   -0.1354913445
   0.0029075565   -0.0000047300   -0.0044511559
   0.0000171907   -0.0000591100   -0.0026874891
   0.0055293122    0.0004387200   -0.0060989181
   0.0002569703    0.0009622550   -0.0047429443
  -0.0000604606   -0.0000466426   -0.0022027618
  -0.0001213883    0.0000796725   -0.0021148137
   0.0012267734   -0.0034948502   -0.0058145304
  -0.0000317484    0.0000284073   -0.0027208091
   0.0000185495   -0.0000343741   -0.0021597876
   0.0000746716    0.0000337627   -0.0026558491
   0.0000211395    0.0000747741   -0.0021593676
   0.0016002334    0.0028327202   -0.0055664704
  -0.0001153397   -0.0007392750   -0.0049899643
  -0.0000277306    0.0000259926   -0.0021751518
  -0.0001540083   -0.0001029225   -0.0021406137
  -0.0012221364    0.0000012600    0.0193389525
   0.0023579758    0.0022443000    0.0048451087
   0.0000581520   -0.0000452200    0.0037630230
  -0.0005039903    0.0004852300    0.0030297047
   0.0012480708    0.0005714126    0.0036595798
   0.0000296746    0.0000008137    0.0034754461
   0.0000665993   -0.0000232240    0.0032867963
  -0.0025451295    0.0005407784    0.0042046677
  -0.0001551466    0.0001241507    0.0038028151
   0.0000272968    0.0000235210    0.0033827205
  -0.0000732666   -0.0000746107    0.0037230251
   0.0000253668    0.0001428690    0.0033834905
  -0.0001638795   -0.0001382884    0.0027590877
  -0.0011074392   -0.0037317226    0.0051191398
   0.0001718646   -0.0000866437    0.0033620961
  -0.0000719507   -0.0000580960    0.0034036563
   0.0000066577    0.0000015485    0.0037292412
  -0.0000096125    0.0000076376    0.0037174569
  -0.0000271867    0.0000131672    0.0037005034
   0.0000049450    0.0000060824    0.0037073647
   0.0000031439   -0.0000085572    0.0037240620
  -0.0000168307   -0.0000054305    0.0036468532
  -0.0000014982    0.0000061934    0.0037067514
   0.0000021283   -0.0000035613    0.0037107022
  -0.0000009257   -0.0000175936    0.0037072244
   0.0000083399   -0.0000050403    0.0037100755
  -0.0000021898    0.0000001782    0.0037042356
  -0.0000019824   -0.0000207926    0.0037002402
   0.0000063897    0.0000018347    0.0037111407
  -0.0000064103    0.0000101333    0.0036786503
  -0.0000272504    0.0000164104    0.0036964551
   0.0000044560    0.0000001697    0.0036945203
  -0.0000019619    0.0000007581   -0.0021847653
   0.0000027347   -0.0000034370   -0.0021808584
   0.0000046528   -0.0000015276   -0.0021955038
   0.0000037945   -0.0000015455   -0.0021964163
  -0.0000039367    0.0000034689   -0.0021836119
  -0.0000034254    0.0000002475   -0.0022036225
   0.0000012970   -0.0000007690   -0.0021975069
   0.0000025750   -0.0000019368   -0.0022009014
  -0.0000001233    0.0000014863   -0.0021961558
   0.0000010873    0.0000007514   -0.0021971510
   0.0000025784    0.0000012777   -0.0021990830
   0.0000021976    0.0000004705   -0.0021964444
   0.0000010280    0.0000031071   -0.0021969371
  -0.0000030949    0.0000026193   -0.0022024570
   0.0000040472   -0.0000023208   -0.0021952831
   0.0000038796   -0.0000000200   -0.0021973077

33   
 -0.0053421683641949   0.0000000000000000  -0.0084534748576308
   0.0039425246    0.0068524286   -0.0259133639
  -0.0516791558    0.0252640803   -0.0607823154
  -0.0003650209    0.0000444970   -0.0024917840
  -0.0004786457   -0.0002505331   -0.0018577911
  -0.0079238856   -0.0323037288   -0.0435284882
  -0.0019089097   -0.0024585908   -0.0048560870
  -0.0000003032    0.0001389278   -0.0014228513
   0.0006377103    0.0009934736   -0.0029120599
  -0.0004279949   -0.0004887505   -0.0023779171
   0.0000977185   -0.0000580136   -0.0013813538
  -0.0001421906   -0.0000827112   -0.0014646007
  -0.0003080864    0.0006809357   -0.0019689144
  -0.0001313700    0.0003253800   -0.0020610644
   0.0023544006    0.0014735463   -0.0038863362
   0.0000984364   -0.0003139938   -0.0022862948
   0.0001549326   -0.0000014024   -0.0017603095
  -0.0000134260   -0.0000000500   -0.0014752046
   0.0000002686    0.0000183800   -0.0015803007
  -0.0000007076    0.0000041400   -0.0015555061
  -0.0000118226    0.0000219400   -0.0015844642
   0.0000120500   -0.0000160086   -0.0015914373
  -0.0000091015   -0.0000093275   -0.0015624820
   0.0000081262   -0.0000007876   -0.0015697218
  -0.0000297154    0.0000039635   -0.0015746391
   0.0000033932   -0.0000028148   -0.0015650367
   0.0000066668    0.0000086956   -0.0015657823
  -0.0000063068   -0.0000041152   -0.0015463367
  -0.0000077232   -0.0000010756   -0.0015655323
   0.0000177446   -0.0000097835   -0.0015932891
  -0.0000124300   -0.0000230314   -0.0015728673
   0.0000005385   -0.0000048225   -0.0015622320
   0.0000008662    0.0000045476   -0.0015689018
   0.0656472258    0.0002615950    0.1295742274
  -0.0028767223   -0.0000085100    0.0001100981
  -0.0000193207    0.0000618400   -0.0016124909
  -0.0055715165   -0.0004411200    0.0018232958
  -0.0002901235   -0.0009622602    0.0004142804
   0.0000561483    0.0000444125   -0.0020971163
   0.0001186006   -0.0000824526   -0.0021799782
  -0.0012196503    0.0034766150    0.0015077343
   0.0000278184   -0.0000293473   -0.0015788009
  -0.0000222895    0.0000349059   -0.0021388624
  -0.0000779316   -0.0000346827   -0.0016475609
  -0.0000204695   -0.0000794359   -0.0021375124
  -0.0016067703   -0.0028211850    0.0012716643
   0.0000977565    0.0007513702    0.0006528504
   0.0000184983   -0.0000246525   -0.0021175963
   0.0001563606    0.0001006626   -0.0021582582
   0.0011847611   -0.0000015900   -0.0116769275
  -0.0023523031   -0.0022521200    0.0025797021
  -0.0000630834    0.0000488800    0.0036403588
   0.0005324623   -0.0005057600    0.0043609861
  -0.0012927021   -0.0005770303    0.0037285689
  -0.0000261822    0.0000010937    0.0039236116
  -0.0000716450    0.0000239632    0.0041160489
   0.0025348543   -0.0005437847    0.0032056411
   0.0001502854   -0.0001245320    0.0036010709
  -0.0000291461   -0.0000259264    0.0040208696
   0.0000674854    0.0000746420    0.0036789509
  -0.0000228961   -0.0001431336    0.0040143096
   0.0001601343    0.0001712747    0.0046257511
   0.0010926679    0.0036793003    0.0023206089
  -0.0001788022    0.0000880763    0.0040303616
   0.0000694550    0.0000517268    0.0040009489
  -0.0000115287   -0.0000029118    0.0036666660
   0.0000053261   -0.0000077464    0.0036767137
   0.0000260660   -0.0000139217    0.0036966293
  -0.0000059448   -0.0000077527    0.0036925446
  -0.0000075361    0.0000095976    0.0036726077
   0.0000111873    0.0000054316    0.0037498610
  -0.0000008158   -0.0000095614    0.0036881426
  -0.0000016489    0.0000020247    0.0036862716
  -0.0000038732    0.0000164063    0.0036891969
  -0.0000123772    0.0000064930    0.0036840182
   0.0000034301    0.0000020493    0.0036935256
  -0.0000022112    0.0000195168    0.0036997136
  -0.0000087629    0.0000009741    0.0036873001
   0.0000013330   -0.0000088648    0.0037177739
   0.0000243084   -0.0000201043    0.0037009415
  -0.0000063237   -0.0000007403    0.0037014915
  -0.0000037892   -0.0000027685   -0.0021972733
  -0.0000061942    0.0000032764   -0.0021965679
  -0.0000057919    0.0000010774   -0.0021856347
  -0.0000044447    0.0000003454   -0.0021869837
  -0.0000001238   -0.0000016779   -0.0021978056
  -0.0000016438   -0.0000000268   -0.0021775251
  -0.0000035267   -0.0000015308   -0.0021809626
  -0.0000026557    0.0000002672   -0.0021805685
  -0.0000044066   -0.0000024155   -0.0021848333
  -0.0000041471    0.0000001287   -0.0021811885
  -0.0000023684    0.0000003121   -0.0021822868
  -0.0000058578   -0.0000014501   -0.0021883652
  -0.0000034184   -0.0000004274   -0.0021854428
  -0.0000023953   -0.0000019903   -0.0021788618
  -0.0000063368   -0.0000014399   -0.0021865857
  -0.0000051194   -0.0000007900   -0.0021840620

49   
  0.0053421683641949   0.0000000000000000   0.0084534748576308
   0.0517211472    0.0253524248    0.0570483462
  -0.0042664316    0.0069757563    0.0226536205
   0.0004620726   -0.0002885791   -0.0010585613
   0.0003457520    0.0000701859   -0.0004714210
   0.0078132519   -0.0325137910    0.0400290669
  -0.0007782143    0.0009125538   -0.0003172988
  -0.0000007368    0.0001434289   -0.0015762942
   0.0020426200   -0.0025334148    0.0017487693
   0.0002485687    0.0006643279   -0.0009307256
   0.0001615439   -0.0000940773   -0.0015163742
  -0.0000848970   -0.0000484585   -0.0016363422
   0.0003778455   -0.0004612479   -0.0006011904
  -0.0000947978   -0.0002844804   -0.0006365166
  -0.0023518979    0.0016326200    0.0007183330
   0.0001475728    0.0003004889   -0.0008941318
  -0.0001144696   -0.0000009124   -0.0012334437
   0.0001453737    0.0000004700   -0.0019726474
   0.0001178462    0.0000442800   -0.0012532474
   0.0000336891   -0.0000017400   -0.0015470233
  -0.0000442475    0.0001091200   -0.0013277720
   0.0001148410    0.0000052901   -0.0013349869
   0.0000730044    0.0000466670   -0.0015306221
  -0.0000351010    0.0000171913   -0.0015904325
  -0.0000986849    0.0000576242   -0.0012478192
   0.0000119166    0.0000125006   -0.0015527605
  -0.0000067249   -0.0000631470   -0.0015601050
   0.0000136766   -0.0000120006   -0.0015417005
  -0.0000189549   -0.0000328230   -0.0015766650
   0.0000987751   -0.0000869742   -0.0013715492
   0.0000471510   -0.0001303301   -0.0012102969
  -0.0000439956    0.0000150130   -0.0015603921
   0.0000123590    0.0000182987   -0.0015927225
  -0.0011826711   -0.0000010800    0.0132717875
  -0.0005158223   -0.0004379100   -0.0027753061
   0.0000631834    0.0000742800   -0.0020450388
   0.0023404731   -0.0021905300   -0.0009764821
  -0.0024662943   -0.0005602147   -0.0015805111
   0.0000839250    0.0000337432   -0.0025018189
   0.0000257622   -0.0000001463   -0.0023413916
   0.0012362221   -0.0005988103   -0.0021628889
  -0.0000440454    0.0000614820   -0.0020687709
   0.0000256361   -0.0000328564   -0.0024223196
  -0.0001698854   -0.0001345220   -0.0020202809
   0.0000307261   -0.0001725036   -0.0024225796
  -0.0010448779    0.0036329003   -0.0006877289
  -0.0002090843    0.0001298647   -0.0030687211
  -0.0000986350    0.0000732368   -0.0024110389
   0.0002020722    0.0000976263   -0.0024365916
  -0.0664764230    0.0002026801   -0.1344577904
   0.0055373865   -0.0004534700    0.0000864042
   0.0000047407    0.0000149900    0.0031782709
   0.0032069423   -0.0001058600    0.0015718619
   0.0010942303    0.0033793450    0.0003146257
  -0.0001230306   -0.0000955126    0.0037305882
  -0.0000338783    0.0000435125    0.0036752563
   0.0004448235   -0.0011253302    0.0013534296
   0.0000261816   -0.0000129427    0.0031851909
   0.0000418995    0.0000512859    0.0037041824
   0.0000030216   -0.0000017873    0.0031722509
   0.0000423395   -0.0000517459    0.0037027824
  -0.0000386265    0.0010582702    0.0010561696
   0.0015801503   -0.0027557550    0.0006093757
  -0.0001254206    0.0000958326    0.0037299682
  -0.0000341383   -0.0000453325    0.0036765563
  -0.0008238521   -0.0003976506    0.0043071634
   0.0013608169   -0.0008654288    0.0057056265
  -0.0000169884    0.0000279199    0.0036870215
   0.0000674393    0.0000395201    0.0037417815
  -0.0001369795    0.0012610356    0.0050047282
   0.0001171170    0.0001219581    0.0036770915
   0.0000149258    0.0000145199    0.0037398130
  -0.0000790222   -0.0000060604    0.0035508254
   0.0000170156   -0.0000524831    0.0037182368
   0.0000233383   -0.0000040453    0.0037487859
  -0.0000023726   -0.0000092635    0.0037323697
   0.0000010023   -0.0000559117    0.0037100271
   0.0000714078    0.0000301084    0.0037456427
  -0.0000923178   -0.0001147303    0.0036134525
  -0.0000296008    0.0000094596    0.0036819027
   0.0000082504    0.0000002066    0.0037872995
   0.0000108377    0.0000013785   -0.0021199188
  -0.0000042125    0.0000077176   -0.0021274631
  -0.0000110067    0.0000203172   -0.0021565266
  -0.0000008150    0.0000022024   -0.0021382353
   0.0000082939   -0.0000079672   -0.0021250680
  -0.0000550607   -0.0000303505   -0.0021759868
   0.0000027918    0.0000055934   -0.0021402486
   0.0000511483   -0.0000291313   -0.0021661078
   0.0000108943   -0.0000138736   -0.0021460556
   0.0000133199   -0.0000052603   -0.0021364845
   0.0000027502    0.0000006982   -0.0021458944
  -0.0000031524   -0.0000072426   -0.0021490598
   0.0000064497   -0.0000031953   -0.0021367693
  -0.0000014603    0.0000597933   -0.0021710797
  -0.0000180504    0.0000010404   -0.0021572149
   0.0000103160    0.0000001597   -0.0021541797

49   
 -0.0053421683641949   0.0000000000000000  -0.0084534748576308
  -0.0540067052   -0.0266506263   -0.0622526972
   0.0042112686   -0.0069621158   -0.0254463708
  -0.0004339123    0.0002880929   -0.0019015204
  -0.0003996740   -0.0000694766   -0.0024887512
  -0.0078474386    0.0334133021   -0.0436623305
   0.0007817429   -0.0009265676   -0.0026158317
  -0.0000003041   -0.0001485198   -0.0013806794
  -0.0020207196    0.0025521453   -0.0047425911
  -0.0002288061   -0.0006458775   -0.0020337398
  -0.0001690967    0.0000968260   -0.0014421227
   0.0000889064    0.0000513571   -0.0013181943
  -0.0004042230    0.0004959147   -0.0023594864
   0.0000796468    0.0002514954   -0.0023269463
   0.0023935822   -0.0016156785   -0.0036764080
  -0.0001341639   -0.0003246629   -0.0020658519
   0.0001164226   -0.0000005425   -0.0017289404
  -0.0001464008   -0.0000004000   -0.0010819463
  -0.0001176407   -0.0000453300   -0.0017927847
  -0.0000346069   -0.0000009000   -0.0015053274
   0.0000425726   -0.0001104100   -0.0017215318
  -0.0001191515   -0.0000061898   -0.0017166772
  -0.0000766225   -0.0000471355   -0.0015192734
   0.0000353317   -0.0000175857   -0.0014617601
   0.0000950711   -0.0000569841   -0.0017997458
  -0.0000155298   -0.0000118944   -0.0014996345
   0.0000049978    0.0000632522   -0.0014902993
  -0.0000151498    0.0000103744   -0.0015111845
   0.0000143878    0.0000313778   -0.0014749993
  -0.0001021689    0.0000890041   -0.0016802058
  -0.0000479415    0.0001258998   -0.0018349072
   0.0000413675   -0.0000161845   -0.0014914334
  -0.0000139683   -0.0000171343   -0.0014593401
   0.0012141564   -0.0000003800   -0.0177294325
   0.0004830403    0.0004155700   -0.0014104947
  -0.0000683420   -0.0000710800   -0.0021532130
  -0.0023520358    0.0021865700   -0.0032429087
   0.0024726195    0.0005594984   -0.0026248777
  -0.0000843093   -0.0000310640   -0.0016978463
  -0.0000346746    0.0000011537   -0.0018518261
  -0.0011995608    0.0005923226   -0.0020182598
   0.0000432266   -0.0000653507   -0.0021254051
  -0.0000314368    0.0000297210   -0.0017751505
   0.0001678766    0.0001366307   -0.0021806051
  -0.0000358568    0.0001720590   -0.0017702105
   0.0010572992   -0.0036875126   -0.0035485398
   0.0002076495   -0.0000979584   -0.0011085177
   0.0000931707   -0.0000769760   -0.0017854963
  -0.0002038846   -0.0000985537   -0.0017549561
   0.0689088970    0.0002727184    0.1367681003
  -0.0054998723    0.0004456100    0.0073912181
  -0.0000114107   -0.0000131700    0.0043211391
  -0.0032352465    0.0000929400    0.0059725458
  -0.0011115735   -0.0033971902    0.0071945704
   0.0001194983    0.0000944725    0.0037635437
   0.0000336406   -0.0000467126    0.0038221318
  -0.0004145603    0.0011199650    0.0061771943
  -0.0000298616    0.0000095927    0.0043146291
  -0.0000457295   -0.0000494941    0.0037936076
  -0.0000065916    0.0000027273    0.0043296991
  -0.0000458095    0.0000476241    0.0037932676
   0.0000538997   -0.0010388950    0.0064847043
  -0.0015775134    0.0027691802    0.0068849504
   0.0001157383   -0.0000952025    0.0037649237
   0.0000342606    0.0000448526    0.0038200718
   0.0008143253    0.0003954685    0.0031830571
  -0.0013283208    0.0008383041    0.0018480785
   0.0000162662   -0.0000278978    0.0038119919
  -0.0000675717   -0.0000411399    0.0037600038
   0.0001259042   -0.0012379163    0.0025137765
  -0.0001227844   -0.0001198679    0.0038197821
  -0.0000175531   -0.0000185193    0.0037570236
   0.0000810746    0.0000034639    0.0039462253
  -0.0000217075    0.0000500318    0.0037802283
  -0.0000270633    0.0000054499    0.0037471826
   0.0000037679    0.0000122904    0.0037675142
  -0.0000049671    0.0000541237    0.0037915089
  -0.0000732351   -0.0000261589    0.0037545998
   0.0000853687    0.0001160016    0.0038824675
   0.0000269167   -0.0000136850    0.0038169487
  -0.0000091171   -0.0000005233    0.0037102698
  -0.0000175387   -0.0000042718   -0.0021662540
   0.0000013761   -0.0000078364   -0.0021526564
   0.0000099760   -0.0000192117   -0.0021291407
  -0.0000000548   -0.0000030927   -0.0021510154
  -0.0000118761    0.0000111076   -0.0021605923
   0.0000484373    0.0000305716   -0.0021094190
  -0.0000052158   -0.0000090614   -0.0021427374
  -0.0000499889    0.0000269247   -0.0021198684
  -0.0000151032    0.0000117763   -0.0021398231
  -0.0000162572    0.0000063630   -0.0021465518
  -0.0000019599    0.0000017393   -0.0021399444
  -0.0000014312    0.0000056568   -0.0021409764
  -0.0000087229    0.0000064141   -0.0021508799
  -0.0000046770   -0.0000585048   -0.0021146961
   0.0000146684   -0.0000057643   -0.0021291885
  -0.0000107437   -0.0000007303   -0.0021319585
