96   
12   

1    
  0.0057454019263357   0.0000000000000000   0.0081847636926705
  -0.0891929100   -0.0003040300   -0.1740479400
  -0.0013786900    0.0049164000   -0.0010114400
   0.0018477600   -0.0000827400    0.0019404900
  -0.0019062100   -0.0053085100   -0.0007803100
   0.0004182600   -0.0060434400   -0.0011170300
   0.0003741100   -0.0003192200    0.0015053700
   0.0004300400    0.0002730200    0.0015609100
   0.0005655800    0.0066692800   -0.0006877100
   0.0000116600    0.0010825800    0.0018893200
   0.0008921300    0.0000309800    0.0015317200
   0.0001589000   -0.0009997200    0.0019893400
   0.0009119300    0.0000483000    0.0015283000
   0.0001883600    0.0037908000   -0.0009928800
   0.0007965900   -0.0039438100   -0.0007887200
   0.0004413600    0.0002846800    0.0015506800
   0.0003595900   -0.0003282500    0.0015132700
   0.0001190400    0.0001009300    0.0004352900
  -0.0000203700    0.0000520900    0.0005625500
   0.0000215000    0.0000498400    0.0006048700
  -0.0001025300    0.0000231200    0.0002918100
   0.0000497500   -0.0000506600    0.0005465300
  -0.0000010400   -0.0000044100    0.0006465800
  -0.0000298700   -0.0000410800    0.0006246200
  -0.0000382500    0.0000451800    0.0002785300
   0.0000655900   -0.0000092400    0.0005766600
  -0.0000483300   -0.0000085000    0.0005991900
   0.0000282400    0.0000356900    0.0004483500
  -0.0000284500    0.0000058900    0.0005523500
  -0.0000605800   -0.0001243900    0.0003646000
   0.0000574600   -0.0000522100    0.0002590700
  -0.0000252800   -0.0000310100    0.0004944100
  -0.0000341100    0.0000092400    0.0003066200
  -0.0025847700   -0.0040574000    0.0094443400
  -0.0003645700   -0.0005181400   -0.0020671000
   0.0001815000    0.0009669500   -0.0031060700
   0.0409260400   -0.0210745000    0.0434450600
   0.0000749600   -0.0000840800   -0.0021827400
  -0.0001272100   -0.0000009700   -0.0027341300
  -0.0000651200   -0.0006098000   -0.0030159500
  -0.0015292600   -0.0008730800   -0.0013166800
   0.0007064600   -0.0004081400   -0.0026363300
   0.0000371200    0.0006465900   -0.0025474800
  -0.0001220900    0.0000601300   -0.0028494100
  -0.0000935700   -0.0000998400   -0.0027915200
   0.0043322200    0.0252238700    0.0265645400
  -0.0003525400   -0.0006148400   -0.0018460700
  -0.0002467900    0.0000326700   -0.0028308300
   0.0011899000    0.0015164100   -0.0007815700
   0.0422787300    0.0219335300    0.0392537300
  -0.0000078900   -0.0007084300   -0.0087452600
  -0.0001869900    0.0004514300   -0.0078341900
  -0.0024518600    0.0038844700    0.0035049700
  -0.0000456400    0.0003338600   -0.0085830600
  -0.0000939900   -0.0000013500   -0.0084772700
   0.0000635000   -0.0000461200   -0.0079702300
  -0.0015035600    0.0009762900   -0.0071777600
   0.0001394500   -0.0004361100   -0.0081935300
   0.0004455100    0.0003995000   -0.0083732700
  -0.0000592500    0.0000793000   -0.0085575000
  -0.0001155500   -0.0000711200   -0.0085710400
   0.0041809800   -0.0257138000    0.0212515100
   0.0013005800   -0.0015538400   -0.0067559600
  -0.0002192100   -0.0000161700   -0.0085536400
  -0.0003596900    0.0006057900   -0.0076046700
   0.0003303200    0.0002019700    0.0098499700
   0.0000346500    0.0000659200    0.0092657200
  -0.0001649600    0.0000868800    0.0095923000
   0.0000175600   -0.0004401200    0.0088715500
   0.0000456800    0.0000030500    0.0092804800
  -0.0000651700   -0.0000531800    0.0092723600
  -0.0000783500    0.0000019800    0.0093313000
   0.0000345700    0.0000198800    0.0094126500
  -0.0000182300   -0.0003143700    0.0097148900
  -0.0000379000   -0.0000168600    0.0093469800
   0.0000023700    0.0000097600    0.0093696800
   0.0000100100   -0.0000875800    0.0094162200
  -0.0003821000    0.0002512800    0.0087466900
   0.0000019500    0.0000080200    0.0093910500
  -0.0000800200    0.0000627600    0.0093745400
   0.0003355300    0.0002064700    0.0089673500
  -0.0000002700    0.0000247200    0.0001019900
  -0.0000071400    0.0000384700    0.0000049200
   0.0000314800   -0.0000389000    0.0000422600
  -0.0000749600   -0.0000046300   -0.0000284400
   0.0000096100   -0.0000017800   -0.0000273400
  -0.0000527700   -0.0000230700    0.0000192600
   0.0000224300   -0.0000021600    0.0000280500
  -0.0000247300    0.0000046700    0.0000200600
  -0.0000436500   -0.0000066700    0.0000788500
   0.0000027100    0.0000562000    0.0000061800
  -0.0000019100    0.0000093200   -0.0000081000
  -0.0000138400   -0.0000116500    0.0000244400
   0.0000301200   -0.0000415500   -0.0000187100
  -0.0000363900   -0.0000418600    0.0000002500
  -0.0000225400   -0.0000172000    0.0000271600
  -0.0000026500    0.0000603600   -0.0000108300

1    
 -0.0057454019263357   0.0000000000000000  -0.0081847636926705
   0.0900623100   -0.0003264600    0.1782866900
   0.0015196700   -0.0048919600    0.0042352700
  -0.0018525000    0.0000791400    0.0012419800
   0.0017589700    0.0053606800    0.0039274100
  -0.0004137000    0.0061396800    0.0042576600
  -0.0003713300    0.0003248200    0.0016844500
  -0.0004327600   -0.0002854500    0.0016251000
  -0.0006104200   -0.0066057300    0.0039018100
  -0.0000064300   -0.0010793300    0.0012897400
  -0.0009133500   -0.0000310400    0.0016510000
  -0.0001647900    0.0009966200    0.0011967100
  -0.0009231100   -0.0000532700    0.0016527000
  -0.0002434600   -0.0038416400    0.0041082700
  -0.0007725800    0.0038974900    0.0040525800
  -0.0004474700   -0.0002791400    0.0016386800
  -0.0003687000    0.0003327000    0.0016637000
  -0.0001226400   -0.0000962400    0.0004356100
   0.0000120500   -0.0000546100    0.0003037100
  -0.0000244500   -0.0000551000    0.0002592100
   0.0000865000   -0.0000250900    0.0005762500
  -0.0000530100    0.0000580500    0.0003139500
  -0.0000197400   -0.0000032500    0.0002286500
   0.0000346800    0.0000286900    0.0002489800
   0.0000269300   -0.0000461400    0.0005846200
  -0.0000738400    0.0000148600    0.0002939400
   0.0000323200    0.0000205800    0.0002765100
  -0.0000329800   -0.0000290500    0.0004218100
   0.0000193000   -0.0000150400    0.0003194500
   0.0000402000    0.0001175200    0.0005018100
  -0.0000614500    0.0000526500    0.0006102100
   0.0000057000    0.0000374900    0.0003639500
   0.0000343900    0.0000046100    0.0005593900
   0.0025238100    0.0040216600   -0.0152031400
   0.0003755300    0.0005361500   -0.0036374600
  -0.0001990900   -0.0009769600   -0.0026097800
  -0.0424948500    0.0220612700   -0.0507487000
  -0.0000631700    0.0000876000   -0.0034992300
   0.0000903600    0.0000133100   -0.0029483200
   0.0000922800    0.0005527900   -0.0027100800
   0.0014743300    0.0008686500   -0.0043731400
  -0.0007067300    0.0003928900   -0.0030366400
  -0.0000977200   -0.0006099200   -0.0031622800
   0.0001366900   -0.0000107500   -0.0028516600
   0.0000921900    0.0000942500   -0.0029021900
  -0.0042646700   -0.0259146700   -0.0328305800
   0.0003425000    0.0005691200   -0.0038495700
   0.0002049900   -0.0000327700   -0.0028308900
  -0.0012279500   -0.0015303500   -0.0049388800
  -0.0407662700   -0.0209886800   -0.0547720100
   0.0000312200    0.0007390900   -0.0084515200
   0.0001797300   -0.0004744000   -0.0093631400
   0.0024902200   -0.0039005000   -0.0207216400
   0.0000649600   -0.0003384900   -0.0086231300
   0.0000555900    0.0000126700   -0.0087422100
  -0.0000312300    0.0000038200   -0.0092284100
   0.0014676500   -0.0009803800   -0.0100367500
  -0.0001348200    0.0004373600   -0.0090283100
  -0.0004964700   -0.0003838000   -0.0088328600
   0.0000754100   -0.0000368500   -0.0086461900
   0.0001151700    0.0000692600   -0.0086362200
  -0.0042447200    0.0250469600   -0.0378852300
  -0.0012647400    0.0014964800   -0.0104482900
   0.0001874900    0.0000158500   -0.0086859100
   0.0003697000   -0.0006049200   -0.0095826800
  -0.0003058400   -0.0001733000    0.0088378300
  -0.0000430000   -0.0000724200    0.0094366900
   0.0001786900   -0.0001136600    0.0091312700
  -0.0000840800    0.0004536000    0.0098293500
  -0.0000707500    0.0000105200    0.0094487300
   0.0000518700    0.0000539300    0.0094058500
   0.0000895800    0.0000017700    0.0093809200
  -0.0000442800   -0.0000539500    0.0092973000
  -0.0000111600    0.0003130400    0.0090003800
   0.0000379000    0.0000364800    0.0093710700
  -0.0000332100    0.0000060400    0.0093201700
   0.0000132000    0.0000757700    0.0092626400
   0.0003823600   -0.0002916500    0.0099252400
  -0.0000228000   -0.0000149100    0.0093377400
   0.0000536400   -0.0000539500    0.0093199300
  -0.0003293600   -0.0001682300    0.0097458800
   0.0000288200    0.0000057700   -0.0000053200
  -0.0000030900   -0.0000499900    0.0000811800
  -0.0000214000    0.0000172400    0.0000183500
   0.0000075000    0.0000231800    0.0001112900
  -0.0000379100    0.0000149600    0.0000911500
   0.0000436800    0.0000254100    0.0000883300
  -0.0000134000    0.0000034300    0.0000448300
   0.0000165900   -0.0000375600    0.0000562000
   0.0000158300    0.0000039300   -0.0000087200
  -0.0000029900   -0.0000383100    0.0000659200
  -0.0000290800    0.0000070100    0.0001049000
   0.0000353900    0.0000009900    0.0000831900
  -0.0000271800   -0.0000043800    0.0001216200
   0.0000197200    0.0000365800    0.0000588600
  -0.0000042300    0.0000253700    0.0000625000
   0.0000072700   -0.0000254700    0.0000799500

17   
  0.0057454019263357   0.0000000000000000   0.0081847636926705
   0.0001286500    0.0000991800    0.0016060500
  -0.0000753900    0.0000165100    0.0014567300
   0.0000218900   -0.0000192000    0.0017659900
  -0.0000367400   -0.0000495000    0.0017401500
  -0.0000457400   -0.0001185500    0.0015293600
   0.0000496000    0.0000383500    0.0014237300
  -0.0000151600    0.0000871600    0.0016708000
  -0.0000173800   -0.0000012700    0.0014866000
   0.0000052800    0.0000285800    0.0017940200
   0.0000761500   -0.0000539500    0.0016533000
  -0.0000709800   -0.0000355900    0.0016847200
   0.0000354300    0.0000619600    0.0017139600
  -0.0000351200   -0.0000185500    0.0017813100
  -0.0000218300   -0.0000360500    0.0014563000
   0.0000527900   -0.0000022300    0.0017278700
   0.0000030200   -0.0000033500    0.0018127900
  -0.0894354100   -0.0002376600   -0.1771979400
  -0.0018836700    0.0050539000   -0.0015714700
   0.0018555900    0.0000120200    0.0007618900
  -0.0015591400   -0.0050210200   -0.0019512200
   0.0003729500   -0.0064642600   -0.0016868900
   0.0004582800   -0.0002385400    0.0003244400
   0.0003556000    0.0002802400    0.0003640300
   0.0005769900    0.0061386200   -0.0018095000
   0.0001305700    0.0009868800    0.0007725900
   0.0008601000   -0.0000606600    0.0003453200
   0.0001146900   -0.0010017600    0.0007538200
   0.0008562600    0.0000358500    0.0003414600
   0.0005633700    0.0039559400   -0.0018772000
   0.0003837800   -0.0035885700   -0.0016290300
   0.0004369500    0.0002372400    0.0003075100
   0.0003764700   -0.0002741500    0.0003662000
   0.0000048800   -0.0000173900   -0.0029221600
  -0.0000243100   -0.0000082400   -0.0028073100
  -0.0000075000   -0.0000121400   -0.0028738300
   0.0000155500    0.0000100300   -0.0028105800
   0.0000008300   -0.0000010600   -0.0028280700
  -0.0000059700   -0.0000053400   -0.0028475900
  -0.0000046300   -0.0000170600   -0.0028560900
  -0.0000116700    0.0000001000   -0.0028072500
  -0.0000276500    0.0000127700   -0.0028479100
  -0.0000148600    0.0000053500   -0.0028696500
   0.0000246600    0.0000148200   -0.0028838900
  -0.0000105300   -0.0000213200   -0.0028719200
  -0.0000002300    0.0000101000   -0.0028175600
   0.0000019800    0.0000188100   -0.0027970600
  -0.0000173800   -0.0000007700   -0.0028929400
   0.0000152000    0.0000043000   -0.0028755600
   0.0002146100   -0.0000167200   -0.0092461400
  -0.0001824600    0.0002028800   -0.0083116600
  -0.0000015000    0.0000053800   -0.0085588400
   0.0002068500    0.0004388200   -0.0083052100
   0.0001299000   -0.0003415300   -0.0084219000
  -0.0000445500   -0.0000088100   -0.0086499100
   0.0000655500   -0.0000755900   -0.0085684700
  -0.0002615400   -0.0002838000   -0.0081778000
   0.0000190700   -0.0000103400   -0.0085723300
  -0.0000458100    0.0000681800   -0.0085903700
   0.0000412500    0.0000204900   -0.0085596500
  -0.0000557400   -0.0000074300   -0.0085906300
   0.0004612300    0.0000280700   -0.0084284500
  -0.0002671400   -0.0000163400   -0.0081889500
  -0.0000538000   -0.0000053600   -0.0085309400
  -0.0000430900   -0.0000050800   -0.0086248800
  -0.0024197800   -0.0038322600    0.0208703300
  -0.0002353100   -0.0005361200    0.0101956400
   0.0001133000    0.0007821900    0.0092283300
   0.0404103700   -0.0209008600    0.0544015600
   0.0000213900    0.0000090500    0.0101117200
  -0.0000874100   -0.0000144100    0.0095406100
  -0.0000413000   -0.0004204800    0.0093025200
  -0.0014338800   -0.0010619100    0.0106333500
   0.0005289500   -0.0004204200    0.0095961300
   0.0001679700    0.0006021600    0.0098084600
  -0.0001415200    0.0000325800    0.0094394400
  -0.0000821300   -0.0000884900    0.0094826800
   0.0042677400    0.0248247800    0.0377620600
  -0.0005892300   -0.0005167900    0.0099407900
  -0.0002184800    0.0000422100    0.0094466600
   0.0012785700    0.0015960700    0.0113358300
   0.0427500600    0.0221656400    0.0483426200
   0.0001753700   -0.0009108600   -0.0001968500
  -0.0002810400    0.0004958600    0.0007811700
  -0.0027405900    0.0040974700    0.0124737700
  -0.0000755100    0.0005099300   -0.0001050800
  -0.0001436500   -0.0000132000    0.0001963400
   0.0000350000    0.0001032000    0.0006990500
  -0.0014449000    0.0008537400    0.0015392200
   0.0000899200   -0.0005994400    0.0004112800
   0.0006997800    0.0004151500    0.0001903100
  -0.0000751600    0.0000561300    0.0000912700
  -0.0001573200   -0.0000271200    0.0000643400
   0.0044047800   -0.0261586100    0.0302748400
   0.0011143000   -0.0015024900    0.0020590200
  -0.0001911800   -0.0000403800    0.0000900000
  -0.0003381400    0.0006643200    0.0010104100

17   
 -0.0057454019263357   0.0000000000000000  -0.0081847636926705
  -0.0001240300   -0.0001059900    0.0016262100
   0.0000876000   -0.0000232200    0.0017884400
  -0.0000328100    0.0000187100    0.0014710900
   0.0000465200    0.0000448400    0.0015014700
   0.0000529800    0.0001226400    0.0016992500
  -0.0000489500   -0.0000492700    0.0018202400
   0.0000205200   -0.0000919700    0.0015799300
   0.0000299100   -0.0000000700    0.0017634600
  -0.0000056900   -0.0000252400    0.0014495900
  -0.0000757700    0.0000543100    0.0015919300
   0.0000852800    0.0000361900    0.0015596700
  -0.0000232800   -0.0000565500    0.0015279700
   0.0000376400    0.0000190500    0.0014635500
   0.0000325900    0.0000513500    0.0017965100
  -0.0000516600    0.0000087800    0.0015155100
   0.0000036700   -0.0000069600    0.0014336000
   0.0888843700   -0.0002615700    0.1753944000
   0.0020519100   -0.0050199400    0.0025321300
  -0.0018401400   -0.0000176000    0.0001726100
   0.0014102000    0.0050566300    0.0028238100
  -0.0003252000    0.0065609600    0.0025750300
  -0.0004494800    0.0002233200    0.0006168500
  -0.0003492800   -0.0003059900    0.0005719200
  -0.0006098300   -0.0060603800    0.0027727300
  -0.0001344500   -0.0009914000    0.0001670300
  -0.0008539000    0.0000573300    0.0005971500
  -0.0000997200    0.0010128600    0.0001856400
  -0.0008550200   -0.0000353000    0.0005935300
  -0.0006139200   -0.0039950400    0.0027271100
  -0.0003186900    0.0035297200    0.0026337000
  -0.0004316600   -0.0002453300    0.0006284200
  -0.0003750600    0.0002878800    0.0005583600
   0.0000385300   -0.0000372900   -0.0027646900
  -0.0000145200    0.0000013800   -0.0028330500
   0.0000204000    0.0000213400   -0.0028075100
  -0.0000112000    0.0000060400   -0.0028496400
   0.0000425000    0.0000340300   -0.0028565500
   0.0000112300   -0.0000178600   -0.0028228700
   0.0000153000   -0.0000182900   -0.0028213900
  -0.0000255000    0.0000290900   -0.0028644700
   0.0000026900    0.0000000400   -0.0028056000
   0.0000124000    0.0000085600   -0.0028484600
   0.0000204100    0.0000075800   -0.0027790300
   0.0000146100   -0.0000114100   -0.0027737800
  -0.0000125200   -0.0000202300   -0.0028519100
   0.0000237000    0.0000129000   -0.0028265700
  -0.0000011700   -0.0000139400   -0.0027920800
   0.0000124200   -0.0000062100   -0.0027970400
  -0.0001800900   -0.0000377600   -0.0079136400
   0.0001443000   -0.0002104600   -0.0088840200
   0.0000118000    0.0000047200   -0.0085977800
  -0.0001942000   -0.0004176300   -0.0088694400
  -0.0000853000    0.0003713100   -0.0087316600
   0.0000467800   -0.0000153400   -0.0085177700
  -0.0000539600    0.0000404300   -0.0085902000
   0.0002246800    0.0003058400   -0.0089838800
  -0.0000456200    0.0000223800   -0.0086118800
   0.0000448000   -0.0000527000   -0.0085270800
   0.0000018700    0.0000009600   -0.0086147200
   0.0000593000   -0.0000256800   -0.0086030900
  -0.0004663700   -0.0000340700   -0.0087346300
   0.0002901300    0.0000498300   -0.0090196700
   0.0000330700   -0.0000076800   -0.0086189100
   0.0000726800    0.0000016000   -0.0085418000
   0.0023913200    0.0038051000   -0.0022402900
   0.0002418700    0.0005680500    0.0085058400
  -0.0000740400   -0.0008131200    0.0094764600
  -0.0419971400    0.0218322300   -0.0373375400
   0.0000123200   -0.0000240700    0.0086153000
   0.0000506000   -0.0000122300    0.0091397900
   0.0000521900    0.0004225300    0.0093596000
   0.0014310500    0.0010873300    0.0080540900
  -0.0005399000    0.0004054100    0.0090704200
  -0.0001537800   -0.0005478300    0.0088948300
   0.0001580400   -0.0000416800    0.0092674400
   0.0000722800    0.0000778100    0.0092254500
  -0.0041478900   -0.0255267500   -0.0196541600
   0.0005480900    0.0004851800    0.0087502000
   0.0002184500   -0.0000416800    0.0092397800
  -0.0013212900   -0.0015644500    0.0073632400
  -0.0411675900   -0.0211875700   -0.0465156700
  -0.0001584300    0.0009532500    0.0003362200
   0.0003323200   -0.0005351300   -0.0006553200
   0.0027147100   -0.0041436300   -0.0123207300
   0.0001106000   -0.0005388300    0.0002378500
   0.0001130900   -0.0000112900   -0.0000468800
  -0.0000178000   -0.0000943400   -0.0005475900
   0.0014606400   -0.0008276100   -0.0013978100
  -0.0000889900    0.0006078400   -0.0002324200
  -0.0006823800   -0.0003826400   -0.0000717900
   0.0000934100   -0.0000680500    0.0000325100
   0.0001528200    0.0000218900    0.0000606500
  -0.0044260900    0.0254331300   -0.0295441800
  -0.0011031600    0.0014570500   -0.0019201800
   0.0002008400    0.0000410100    0.0000511700
   0.0003460400   -0.0006211100   -0.0008802500

33   
  0.0057454019263357   0.0000000000000000   0.0081847636926705
  -0.0051459500   -0.0055108100    0.0155979900
   0.0452077200   -0.0235811500    0.0475962900
  -0.0007595400    0.0000278200    0.0019070100
   0.0006737400    0.0005464100    0.0015566900
   0.0043829600    0.0289194200    0.0314371600
   0.0011851700    0.0015161000    0.0035402800
  -0.0001893300    0.0000424000    0.0014908100
  -0.0003144000   -0.0006460400    0.0024477000
   0.0003265900   -0.0003108000    0.0019641700
  -0.0000462700   -0.0000794500    0.0015151600
  -0.0001210900    0.0000388300    0.0014789400
   0.0005421700   -0.0012289900    0.0015064000
   0.0006349300   -0.0002902300    0.0017869900
  -0.0014396200   -0.0008649200    0.0029911300
  -0.0005911500    0.0012575500    0.0016814500
  -0.0000910800    0.0000034900    0.0015884300
   0.0000285300   -0.0000001300    0.0001686400
   0.0000229200    0.0000059200    0.0002969700
   0.0000241700    0.0000154600    0.0002256400
   0.0000553400   -0.0000081800    0.0002774100
   0.0000341000   -0.0000070400    0.0002933800
   0.0000342400    0.0000118000    0.0002266000
   0.0000219200    0.0000069800    0.0002224600
   0.0000503200   -0.0000088600    0.0002809000
   0.0000379400   -0.0000093400    0.0002187100
   0.0000226800   -0.0000053100    0.0002257400
   0.0000096400   -0.0000044900    0.0002391700
   0.0000457600   -0.0000015700    0.0002517500
   0.0000440800    0.0000111600    0.0002836100
   0.0000269500    0.0000073100    0.0002896000
   0.0000230400    0.0000079200    0.0002540000
   0.0000260200   -0.0000141100    0.0002467900
  -0.0603117200    0.0001351300   -0.0892915300
   0.0048765800   -0.0002573700   -0.0040131800
   0.0002614800   -0.0000714800   -0.0031961500
   0.0062646200   -0.0000332900   -0.0050064600
   0.0005634500    0.0021486600   -0.0043502100
   0.0000132500   -0.0000299800   -0.0030555700
   0.0000915700   -0.0000067000   -0.0029262800
   0.0015581900   -0.0032707200   -0.0046773500
   0.0000103500    0.0001487100   -0.0032486300
   0.0000727000    0.0000465400   -0.0029795900
   0.0001264900   -0.0000753400   -0.0031425400
   0.0000655400    0.0001084800   -0.0029981500
   0.0013098800    0.0031941700   -0.0048386500
   0.0008208000   -0.0017933600   -0.0041726700
   0.0001421700   -0.0000442000   -0.0029560400
  -0.0000382800   -0.0000604600   -0.0030232100
  -0.0014393700    0.0000027400    0.0009257400
   0.0014650900    0.0014083900   -0.0073844500
   0.0000737500    0.0000293800   -0.0087938300
  -0.0005832900    0.0005360400   -0.0087633200
   0.0009243700    0.0004578300   -0.0083117100
   0.0000646000    0.0000310100   -0.0089240400
   0.0002333000   -0.0001198600   -0.0089350900
  -0.0017786600    0.0003351100   -0.0078360200
  -0.0000095000    0.0000517900   -0.0088076000
   0.0000186100    0.0000996300   -0.0089392600
  -0.0000683200   -0.0000791600   -0.0087799200
   0.0000428800   -0.0000327600   -0.0089086000
  -0.0000882400   -0.0004415500   -0.0090060100
  -0.0007608400   -0.0023191800   -0.0071514100
   0.0001153500   -0.0000417000   -0.0089748300
   0.0001793200    0.0000780700   -0.0088579000
   0.0000392100   -0.0000061000    0.0092762100
   0.0000026000   -0.0000165200    0.0092624500
   0.0000398300   -0.0000179900    0.0092656400
   0.0000498300    0.0000058400    0.0093130000
   0.0000026800   -0.0000219100    0.0092689200
   0.0000205900    0.0000009300    0.0092879300
   0.0000565800    0.0000075900    0.0092642800
   0.0000279000   -0.0000004200    0.0092852600
   0.0000313700    0.0000307900    0.0092732300
   0.0000436000    0.0000261200    0.0092620400
   0.0000353800    0.0000079400    0.0092835500
   0.0000341700    0.0000000800    0.0092832200
   0.0000517500    0.0000037400    0.0092977300
   0.0000279900   -0.0000010400    0.0092822300
   0.0000277900   -0.0000038100    0.0092868700
   0.0000262200   -0.0000060600    0.0092906900
   0.0000102500   -0.0000127200   -0.0000883300
   0.0000292200   -0.0000109200   -0.0000833400
   0.0000267300   -0.0000134700   -0.0000687400
   0.0000575200   -0.0000082800   -0.0000769100
   0.0000211900    0.0000059700   -0.0000851000
   0.0000265900    0.0000009300   -0.0000518200
   0.0000458200    0.0000084500   -0.0000706100
   0.0000324600   -0.0000070800   -0.0000784500
   0.0000190300    0.0000068300   -0.0000791200
   0.0000423700    0.0000107500   -0.0000776100
   0.0000313700    0.0000005700   -0.0000705500
   0.0000347700    0.0000041600   -0.0000867300
   0.0000353200    0.0000244400   -0.0000867600
   0.0000227900    0.0000043800   -0.0000847200
   0.0000360700   -0.0000005100   -0.0000821700
   0.0000324000   -0.0000044100   -0.0000757800

33   
 -0.0057454019263357   0.0000000000000000  -0.0081847636926705
   0.0051956800    0.0055028300   -0.0125995100
  -0.0434735800    0.0225751000   -0.0428121500
   0.0007996100   -0.0000092600    0.0011316100
  -0.0006832500   -0.0005452100    0.0015004500
  -0.0043560200   -0.0282430800   -0.0278630100
  -0.0011937200   -0.0015350900   -0.0004901500
   0.0002197300   -0.0000284100    0.0015484900
   0.0003181800    0.0006543700    0.0005749600
  -0.0002681300    0.0003384200    0.0010827500
   0.0000783200    0.0000808100    0.0015245500
   0.0001326300   -0.0000534000    0.0015699300
  -0.0005372900    0.0012352000    0.0015469500
  -0.0006249700    0.0002604900    0.0012657400
   0.0014569000    0.0008890900    0.0000388000
   0.0005971500   -0.0012590900    0.0013624500
   0.0001213700   -0.0000016500    0.0014566800
   0.0000040500    0.0000012700    0.0005039300
  -0.0000222300   -0.0000015200    0.0003828800
  -0.0000073700   -0.0000187200    0.0004492500
  -0.0000040600    0.0000028300    0.0004041900
  -0.0000130000   -0.0000020700    0.0003801100
  -0.0000290200   -0.0000081000    0.0004615400
   0.0000031600   -0.0000049600    0.0004691300
   0.0000000000   -0.0000040000    0.0003967000
  -0.0000180100    0.0000035300    0.0004649500
  -0.0000096100    0.0000189900    0.0004670800
   0.0000193400    0.0000157900    0.0004391700
  -0.0000067100   -0.0000054700    0.0004323000
  -0.0000063800   -0.0000003600    0.0003948100
  -0.0000126100    0.0000110200    0.0003969900
  -0.0000046800   -0.0000059600    0.0004284100
   0.0000016300    0.0000024400    0.0004263900
   0.0562952200    0.0001321500    0.0959626500
  -0.0048108600    0.0002289400   -0.0018561000
  -0.0002307500    0.0000751500   -0.0026559200
  -0.0062643700    0.0000260300   -0.0008423200
  -0.0005925200   -0.0021689900   -0.0015199200
   0.0000146400    0.0000368900   -0.0027932600
  -0.0000713800    0.0000212700   -0.0029150200
  -0.0014887000    0.0032314300   -0.0011840700
   0.0000246500   -0.0001519500   -0.0026137000
  -0.0000424200   -0.0000507000   -0.0028462500
  -0.0001141300    0.0000702400   -0.0027055700
  -0.0000383800   -0.0000927700   -0.0028546400
  -0.0012618500   -0.0031556100   -0.0010165500
  -0.0008075200    0.0018272100   -0.0016877100
  -0.0001126900    0.0000417500   -0.0028782800
   0.0000507700    0.0000583800   -0.0028216100
   0.0014528600    0.0000044300   -0.0181719900
  -0.0014493600   -0.0014269100   -0.0099750900
  -0.0000491800   -0.0000262700   -0.0085660000
   0.0006343900   -0.0005570300   -0.0086067500
  -0.0009482900   -0.0004775100   -0.0090649600
  -0.0000278200   -0.0000184700   -0.0084380600
  -0.0002137900    0.0001351200   -0.0084286300
   0.0018195500   -0.0003489900   -0.0095184900
   0.0000419900   -0.0000568900   -0.0085393400
   0.0000118500   -0.0001075900   -0.0084402400
   0.0000769000    0.0000761400   -0.0085854200
  -0.0000137300    0.0000516500   -0.0084500400
   0.0001215500    0.0004803000   -0.0083748000
   0.0007788300    0.0023073700   -0.0102027100
  -0.0000848600    0.0000404200   -0.0084041600
  -0.0001714300   -0.0000836900   -0.0085043900
  -0.0000175700   -0.0000031800    0.0093477300
   0.0000192400   -0.0000018400    0.0093380200
  -0.0000241200    0.0000091600    0.0093203800
  -0.0000079200   -0.0000031700    0.0092965400
   0.0000102800    0.0000305500    0.0093265400
   0.0000053200    0.0000020900    0.0092805700
  -0.0000169800    0.0000022200    0.0093331600
  -0.0000047800   -0.0000081400    0.0093180400
  -0.0000157100   -0.0000224100    0.0093257300
  -0.0000050300   -0.0000234600    0.0093332000
  -0.0000209200   -0.0000127500    0.0093125400
  -0.0000007400    0.0000138800    0.0093251500
  -0.0000284900    0.0000093700    0.0093168800
  -0.0000086300    0.0000142400    0.0093208400
   0.0000126100    0.0000073400    0.0093240700
  -0.0000073000   -0.0000079900    0.0093177200
   0.0000128600    0.0000056800    0.0000235000
  -0.0000062500   -0.0000072100    0.0000443800
  -0.0000118100    0.0000051800    0.0000449100
  -0.0000170100    0.0000119500    0.0000282500
  -0.0000071900    0.0000026600    0.0000525600
   0.0000002600    0.0000026000    0.0000499300
  -0.0000079400    0.0000023300    0.0000357600
  -0.0000086700   -0.0000026400    0.0000374300
  -0.0000028000    0.0000010300    0.0000427900
  -0.0000032600   -0.0000105600    0.0000461400
  -0.0000176400   -0.0000053200    0.0000389700
  -0.0000018300    0.0000096200    0.0000432800
  -0.0000135200   -0.0000140600    0.0000308800
  -0.0000021400    0.0000094000    0.0000442200
   0.0000036000    0.0000047200    0.0000357300
  -0.0000122400   -0.0000085900    0.0000271300

49   
  0.0057454019263357   0.0000000000000000   0.0081847636926705
   0.0434917500    0.0226467900    0.0456807700
  -0.0053633400    0.0055378000    0.0157470400
   0.0005689200   -0.0003685100    0.0018248100
  -0.0007351900    0.0000453500    0.0019780000
   0.0042467300   -0.0283494100    0.0308739500
  -0.0001505700    0.0007512800    0.0024451000
  -0.0002068700    0.0000072000    0.0016331100
   0.0010502400   -0.0014529900    0.0035939800
   0.0004914700    0.0009859100    0.0017854400
  -0.0000969400   -0.0000666400    0.0016248100
  -0.0001055700    0.0000541000    0.0016409900
   0.0001115800    0.0003127700    0.0020167800
  -0.0004682200   -0.0010848100    0.0018651600
  -0.0014611800    0.0007087400    0.0030229100
   0.0004629900    0.0001244200    0.0019381000
  -0.0000970700   -0.0000014700    0.0017122700
   0.0001955700   -0.0000017800   -0.0002229400
   0.0000031100   -0.0001363500    0.0008460500
  -0.0000053400    0.0000026400    0.0004620800
   0.0000208000   -0.0002923200    0.0005923200
  -0.0000973000    0.0001679800    0.0009799800
  -0.0001282400   -0.0000345000    0.0004488000
   0.0000123100   -0.0000397200    0.0004394200
   0.0002848100    0.0000424900    0.0004520000
   0.0000169200   -0.0000171200    0.0004635400
  -0.0000613600    0.0000797200    0.0004424100
   0.0000167000    0.0000122000    0.0004629900
  -0.0000383800    0.0000516500    0.0004133700
  -0.0002494400    0.0000488200    0.0008486200
   0.0001117600    0.0001721200    0.0005873400
   0.0000448000   -0.0000554600    0.0004548600
  -0.0000461400   -0.0000108900    0.0003619000
  -0.0014695300    0.0000030300    0.0066705300
  -0.0006007600   -0.0005312000   -0.0029343700
   0.0000314700   -0.0000383200   -0.0029395800
   0.0013810700   -0.0013895200   -0.0014885300
  -0.0017882300   -0.0003212200   -0.0019830300
   0.0001821200    0.0001109900   -0.0030294000
   0.0000286400   -0.0000140900   -0.0030813400
   0.0008722500   -0.0004494500   -0.0024388600
  -0.0001050400    0.0000757500   -0.0029230500
  -0.0000030300   -0.0000912200   -0.0030502800
  -0.0000494700   -0.0000452200   -0.0029583800
  -0.0000279900    0.0000009200   -0.0030684200
  -0.0007880000    0.0022508900   -0.0012648900
  -0.0001309400    0.0004147000   -0.0031632700
   0.0001058600   -0.0000786600   -0.0030031000
   0.0001064700    0.0000817000   -0.0031270500
  -0.0566499300    0.0002039500   -0.1080160200
   0.0065957100    0.0001217300   -0.0107004600
   0.0001447000    0.0000606500   -0.0088520100
   0.0052270500    0.0002035000   -0.0097445800
   0.0015891900    0.0032817600   -0.0103515600
  -0.0000136500   -0.0000251500   -0.0086764000
  -0.0000025100    0.0000275500   -0.0087417000
   0.0006713600   -0.0023293500   -0.0100833800
   0.0000659100    0.0000418300   -0.0088127800
   0.0000372300    0.0000024800   -0.0087150600
  -0.0000504400   -0.0001119500   -0.0088879900
   0.0000414600   -0.0000521700   -0.0087102300
   0.0009518000    0.0020729500   -0.0098747500
   0.0013042800   -0.0033630700   -0.0105651200
  -0.0000550800    0.0000544000   -0.0087121700
   0.0000368900    0.0000009700   -0.0087165000
   0.0022194900    0.0014394300    0.0123716800
  -0.0000623900   -0.0000292100    0.0092490600
  -0.0000463500    0.0000012100    0.0093131700
  -0.0009779000    0.0004095800    0.0098337200
  -0.0000576000   -0.0000095300    0.0092741200
   0.0000004800    0.0000001900    0.0092868600
  -0.0000237400    0.0000027200    0.0092883700
   0.0000244400    0.0000474700    0.0091465400
  -0.0000336100    0.0000031900    0.0093110200
  -0.0000239000    0.0000208400    0.0092479700
   0.0000096500    0.0000155100    0.0092714100
  -0.0000084000    0.0000048700    0.0092971700
  -0.0002840000   -0.0018414000    0.0110900600
   0.0000882300   -0.0000278900    0.0091935500
  -0.0000079600   -0.0000143300    0.0092898300
  -0.0000084900   -0.0000249100    0.0090984100
  -0.0000657100   -0.0000461700    0.0000676600
  -0.0000129300   -0.0000209100    0.0000531600
  -0.0000423900    0.0000115100    0.0000767700
   0.0000441500   -0.0000169800    0.0000344800
  -0.0000195700    0.0000065200    0.0000578800
   0.0000061800    0.0000006300    0.0000988100
  -0.0000252700    0.0000169100    0.0000718400
  -0.0000492900   -0.0000648800    0.0000095300
  -0.0000143800   -0.0000146200    0.0000630500
   0.0000018600   -0.0000109000    0.0000695000
  -0.0000209300   -0.0000029200    0.0001019500
  -0.0000046900    0.0000040400    0.0000933000
   0.0000005800    0.0000653400    0.0000559600
  -0.0000770200    0.0000260100    0.0000101100
  -0.0000062200    0.0000057600    0.0000921500
   0.0000195100    0.0000337700    0.0000086400

49   
 -0.0057454019263357   0.0000000000000000  -0.0081847636926705
  -0.0452134000   -0.0236718900   -0.0442839800
   0.0053445200   -0.0055417900   -0.0125326600
  -0.0005165100    0.0003701200    0.0013386700
   0.0007490400   -0.0000334200    0.0012025400
  -0.0042371800    0.0290379800   -0.0282375300
   0.0001886300   -0.0007453300    0.0007478000
   0.0002289400    0.0000070100    0.0015489700
  -0.0009978800    0.0014335600   -0.0004374100
  -0.0004596800   -0.0009798700    0.0013764300
   0.0001284300    0.0000600600    0.0015595400
   0.0001147000   -0.0000637600    0.0015448800
  -0.0001273600   -0.0002971100    0.0011643000
   0.0005021100    0.0010924000    0.0013062500
   0.0014800900   -0.0006866000    0.0001608700
  -0.0004335000   -0.0001618100    0.0012336600
   0.0001179300    0.0000027800    0.0014665300
  -0.0001745000   -0.0000013600    0.0010383500
  -0.0000085000    0.0001431100   -0.0000154300
   0.0000149100    0.0000000400    0.0003610100
   0.0000255400    0.0002898200    0.0002430700
   0.0001126300   -0.0001725500   -0.0001479800
   0.0001209800    0.0000425200    0.0003913000
   0.0000073100    0.0000376600    0.0003802200
  -0.0002450500   -0.0000564500    0.0003729300
   0.0000037500   -0.0000007600    0.0003638000
   0.0000632600   -0.0000666000    0.0003906500
   0.0000069700   -0.0000003800    0.0003655900
   0.0000527600   -0.0000643500    0.0004194100
   0.0002849700   -0.0000401700   -0.0000186700
  -0.0001081300   -0.0001600200    0.0002473500
  -0.0000433400    0.0000437500    0.0003745800
   0.0000654600    0.0000023800    0.0004580800
   0.0014956000   -0.0000005100   -0.0124759000
   0.0005904300    0.0005149700   -0.0027519600
  -0.0000206900    0.0000368900   -0.0027727500
  -0.0013501900    0.0013746200   -0.0042050100
   0.0017952900    0.0003070000   -0.0037184300
  -0.0001698200   -0.0001010700   -0.0026697500
  -0.0000187700    0.0000220200   -0.0026187900
  -0.0008127900    0.0004229500   -0.0032403800
   0.0001311700   -0.0000856000   -0.0027816500
   0.0000116700    0.0000874700   -0.0026333000
   0.0000573800    0.0000476700   -0.0027572800
   0.0000473400    0.0000158800   -0.0026344800
   0.0008175200   -0.0022618100   -0.0044393300
   0.0001396800   -0.0003820400   -0.0025095700
  -0.0000770900    0.0000705200   -0.0026925700
  -0.0001013700   -0.0000864900   -0.0025648400
   0.0567299100    0.0002111900    0.0935305900
  -0.0065515500   -0.0001209400   -0.0065208800
  -0.0001372800   -0.0000636900   -0.0083459300
  -0.0052368900   -0.0002274400   -0.0074492400
  -0.0016078300   -0.0033244000   -0.0068519400
   0.0000223600    0.0000328200   -0.0085371100
   0.0000233600   -0.0000258200   -0.0084643200
  -0.0006076200    0.0022989100   -0.0071059200
  -0.0000431200   -0.0000534700   -0.0083894200
  -0.0000287000   -0.0000003400   -0.0085116300
   0.0000579300    0.0001144900   -0.0083065200
  -0.0000235300    0.0000645800   -0.0084938300
  -0.0009104800   -0.0020303700   -0.0073268800
  -0.0013120400    0.0033935600   -0.0066519000
   0.0000781200   -0.0000603500   -0.0085028200
  -0.0000318900   -0.0000056800   -0.0084973500
  -0.0021563000   -0.0014074700    0.0064795500
   0.0000791300    0.0000046800    0.0094925600
   0.0000512200    0.0000007100    0.0094398400
   0.0010080100   -0.0004116300    0.0089074300
   0.0000551600    0.0000201600    0.0094664400
   0.0000328900   -0.0000002200    0.0094396500
   0.0000407900    0.0000008300    0.0094747900
  -0.0000114800   -0.0000549600    0.0096043600
   0.0000418600    0.0000016200    0.0094408600
   0.0000525100   -0.0000256300    0.0094981900
  -0.0000056500   -0.0000159000    0.0094858400
   0.0000291100   -0.0000012100    0.0094563100
   0.0002832100    0.0018264200    0.0076883700
  -0.0000661800    0.0000309200    0.0095548700
   0.0000258300    0.0000164200    0.0094715600
   0.0000252900    0.0000162500    0.0096509400
   0.0000769700    0.0000398600    0.0000333600
   0.0000285700   -0.0000051900    0.0000791000
   0.0000462800   -0.0000081000    0.0000418000
  -0.0000144900    0.0000165800    0.0000755500
   0.0000163100    0.0000043100    0.0000764600
   0.0000274900   -0.0000001500    0.0000494000
   0.0000406300   -0.0000138600    0.0000376500
   0.0000638600    0.0000561900    0.0001092400
   0.0000224900    0.0000186000    0.0000574000
   0.0000266400    0.0000059300    0.0000587500
   0.0000253500    0.0000028700    0.0000154300
   0.0000255700   -0.0000005100    0.0000286100
   0.0000065600   -0.0000554300    0.0000518100
   0.0000975500   -0.0000202500    0.0001103500
   0.0000239200   -0.0000030200    0.0000213600
  -0.0000031700   -0.0000432700    0.0001101300

65   
  0.0057454019263357   0.0000000000000000   0.0081847636926705
   0.0003457000    0.0001553400    0.0022783000
   0.0001462900   -0.0001654200    0.0012305700
  -0.0000861800    0.0000974500    0.0019094300
   0.0001008000   -0.0000313600    0.0016393500
  -0.0001142300    0.0001510900    0.0009733800
   0.0001755400    0.0000168300    0.0014893900
   0.0000748500    0.0000566100    0.0017249400
   0.0000361100    0.0000579600    0.0017811500
   0.0000790900   -0.0002503700    0.0020957100
   0.0001100200    0.0000015200    0.0017711500
   0.0000657300    0.0000000400    0.0017347600
  -0.0000066600   -0.0000240800    0.0017334500
   0.0000434700    0.0000337000    0.0016598000
   0.0000819700   -0.0000477700    0.0017987300
   0.0000038200   -0.0000419200    0.0017054400
   0.0000996400   -0.0000000900    0.0016178200
  -0.0049624000   -0.0053431100    0.0138872600
   0.0447761200   -0.0233918900    0.0454119900
  -0.0006869800   -0.0000044600    0.0009756300
   0.0006730800    0.0004986600    0.0007579200
   0.0042778900    0.0285689300    0.0294879200
   0.0013964700    0.0016039900    0.0024579600
  -0.0001657400    0.0000266100    0.0006060600
  -0.0005335400   -0.0004829000    0.0011281300
   0.0002939000   -0.0002781600    0.0009921100
  -0.0000204900   -0.0000825900    0.0006356300
  -0.0000665800    0.0000583500    0.0005775300
   0.0005407000   -0.0011512200    0.0007412600
   0.0005997400   -0.0002426000    0.0008816900
  -0.0013750200   -0.0011129500    0.0017900200
  -0.0005117200    0.0011818800    0.0008488300
   0.0000023400    0.0000009600    0.0006961900
   0.0000447300   -0.0000160300   -0.0026689400
   0.0000994200   -0.0000212000   -0.0026950300
   0.0000745700    0.0000177400   -0.0026688300
   0.0000357900   -0.0000168100   -0.0027077100
   0.0000674400    0.0000341700   -0.0026875900
   0.0000806200    0.0000124100   -0.0026813800
   0.0000440600   -0.0000167400   -0.0026920500
   0.0000648100    0.0000052300   -0.0026719800
   0.0000831500    0.0000109300   -0.0026833300
   0.0000461500   -0.0000013300   -0.0026949400
   0.0000827300    0.0000204500   -0.0026780500
   0.0000553000    0.0000197400   -0.0026922400
   0.0000445600   -0.0000181800   -0.0027009300
   0.0000650500   -0.0000068400   -0.0026714200
   0.0000588600   -0.0000147700   -0.0026726300
   0.0000630600    0.0000020000   -0.0026338900
   0.0024295400    0.0015193000   -0.0056618600
  -0.0010949100    0.0005075300   -0.0078269000
   0.0000696000    0.0000309100   -0.0085415800
  -0.0000268200    0.0000167700   -0.0085480700
  -0.0002088400   -0.0020348400   -0.0067346500
   0.0000537300   -0.0000293200   -0.0087053300
   0.0000470800    0.0000058100   -0.0085285100
   0.0001971500   -0.0000454000   -0.0086463500
   0.0000923200    0.0000265200   -0.0085496300
   0.0000766200   -0.0000172400   -0.0085382100
   0.0000734800    0.0000134300   -0.0085301200
  -0.0000053800    0.0000315400   -0.0085409900
   0.0000278100   -0.0000682600   -0.0085543100
   0.0001100700    0.0000847100   -0.0086806700
   0.0000305300   -0.0000387200   -0.0085375900
   0.0000675900    0.0000016000   -0.0085465700
  -0.0643336900    0.0001187500   -0.1021108400
   0.0053538800   -0.0000676400    0.0084161900
   0.0002056100   -0.0000273600    0.0092502000
   0.0063320800   -0.0000224800    0.0077293900
   0.0007966600    0.0023342900    0.0082149600
   0.0000544600   -0.0000410100    0.0093668800
   0.0000778400    0.0000253700    0.0094953100
   0.0013983500   -0.0031797000    0.0079227600
   0.0000436900    0.0000932600    0.0092388300
   0.0001235600    0.0000139200    0.0094279300
   0.0001030000   -0.0000629800    0.0092646200
   0.0001307500    0.0000967100    0.0094359000
   0.0013218900    0.0031933000    0.0078742000
   0.0008793100   -0.0022443200    0.0082661400
   0.0001509400   -0.0000113300    0.0094358300
  -0.0000189600   -0.0000897100    0.0094278500
  -0.0013900200   -0.0000055400    0.0097914900
   0.0014770200    0.0013419100    0.0015596300
   0.0001146600    0.0000294700    0.0000550500
  -0.0005004100    0.0004626200    0.0002033100
   0.0008853800    0.0004860900    0.0006159300
   0.0000857900    0.0000173400   -0.0000648900
   0.0003373000   -0.0001644600   -0.0000361800
  -0.0016760600    0.0003373200    0.0011487000
   0.0000306800    0.0000487800    0.0000287700
   0.0000540800    0.0001465700   -0.0000466200
  -0.0000089100   -0.0000748900    0.0000776400
   0.0000550700    0.0000228000   -0.0000718100
  -0.0001139000   -0.0003655000   -0.0000610600
  -0.0006866700   -0.0022595300    0.0018309800
   0.0002072400   -0.0000869600   -0.0001418300
   0.0001657900    0.0000607600    0.0000075000

65   
 -0.0057454019263357   0.0000000000000000  -0.0081847636926705
  -0.0003178300   -0.0001753200    0.0009729000
  -0.0000953000    0.0001670300    0.0020395400
   0.0001581900   -0.0000965500    0.0013490700
  -0.0000407500    0.0000302700    0.0016350200
   0.0001719600   -0.0001549000    0.0023062400
  -0.0001156600   -0.0000147900    0.0017758700
  -0.0000147000   -0.0000581900    0.0015393800
   0.0000081900   -0.0000645300    0.0014851000
  -0.0000152900    0.0002720300    0.0011629000
  -0.0000573900    0.0000098400    0.0014946200
  -0.0000161300   -0.0000035800    0.0015309700
   0.0000595400    0.0000228300    0.0015340000
   0.0000152300   -0.0000335800    0.0016230900
  -0.0000427300    0.0000434800    0.0014694100
   0.0000474200    0.0000385300    0.0015615600
  -0.0000264100    0.0000062300    0.0016490500
   0.0050171900    0.0053240500   -0.0130829100
  -0.0429916900    0.0223732400   -0.0427854500
   0.0007665100    0.0000139800   -0.0001345200
  -0.0006414000   -0.0005040000    0.0001014500
  -0.0042227600   -0.0278574000   -0.0280919900
  -0.0013850300   -0.0016084900   -0.0015986100
   0.0002214100   -0.0000343700    0.0002323900
   0.0005810900    0.0004720700   -0.0003047900
  -0.0002126400    0.0002988500   -0.0001525300
   0.0000633100    0.0000902900    0.0002013100
   0.0001202800   -0.0000594700    0.0002618500
  -0.0004939900    0.0011612700    0.0001122600
  -0.0005599000    0.0002224900   -0.0000326300
   0.0014015900    0.0011428900   -0.0009530900
   0.0005657800   -0.0011899700   -0.0000039900
   0.0000562200   -0.0000031400    0.0001463900
   0.0000244600    0.0000170300   -0.0028991100
  -0.0000525500    0.0000187800   -0.0028622900
  -0.0000007400   -0.0000222700   -0.0028722100
  -0.0000075600    0.0000117200   -0.0028452400
  -0.0000123900   -0.0000405800   -0.0028852300
  -0.0000218000   -0.0000139100   -0.0028804400
   0.0000051400    0.0000030400   -0.0028835300
  -0.0000101900   -0.0000020800   -0.0028963300
  -0.0000218300    0.0000318400   -0.0028461400
  -0.0000022400    0.0000111900   -0.0028758700
  -0.0000152200   -0.0000141200   -0.0028974100
  -0.0000092700   -0.0000147600   -0.0028717900
  -0.0000202100   -0.0000148600   -0.0028247700
  -0.0000132000    0.0000101400   -0.0028783900
  -0.0000029400    0.0000100700   -0.0028860300
   0.0000234400   -0.0000031100   -0.0028642100
  -0.0024068200   -0.0015555100   -0.0115245000
   0.0011447800   -0.0005062700   -0.0092842800
   0.0000023200   -0.0000360000   -0.0086083700
   0.0000550800   -0.0000235800   -0.0085880200
   0.0002778200    0.0020516500   -0.0103953000
   0.0000034800    0.0000274300   -0.0084246300
   0.0000024400   -0.0000188400   -0.0085864500
  -0.0001448100    0.0000489500   -0.0084721500
  -0.0000314400    0.0000156000   -0.0086091700
  -0.0000325200    0.0000270300   -0.0085797100
  -0.0000078700   -0.0000086000   -0.0085847000
   0.0000523300   -0.0000258100   -0.0085841100
  -0.0000037200    0.0000355600   -0.0086063400
  -0.0000599600   -0.0000827900   -0.0084569800
   0.0000254100    0.0000353300   -0.0085932400
   0.0000183300   -0.0000035600   -0.0086425600
   0.0575529000    0.0002341800    0.1120517300
  -0.0052551100    0.0000441900    0.0104440200
  -0.0001449000    0.0000285300    0.0096337000
  -0.0063072400    0.0000254700    0.0111754200
  -0.0007711700   -0.0023208800    0.0106483400
   0.0000022700    0.0000290800    0.0094981300
  -0.0000175700   -0.0000421400    0.0093835700
  -0.0013326500    0.0031530600    0.0109526900
  -0.0000089600   -0.0000901000    0.0096386200
  -0.0000689300   -0.0000011500    0.0094274900
  -0.0000340600    0.0000590400    0.0095968300
  -0.0000663800   -0.0001221500    0.0094460100
  -0.0012617800   -0.0031656400    0.0110109700
  -0.0008409400    0.0022749000    0.0105904200
  -0.0001034000    0.0000212900    0.0094286400
   0.0000930400    0.0000980900    0.0094463000
   0.0014243500   -0.0000098400   -0.0095506200
  -0.0014237300   -0.0013549500   -0.0014480800
  -0.0000593800   -0.0000283200    0.0000573600
   0.0005803700   -0.0004706500   -0.0001183800
  -0.0008544800   -0.0004724700   -0.0005240700
  -0.0000183400   -0.0000236300    0.0001923000
  -0.0002783500    0.0001502800    0.0001556700
   0.0017096800   -0.0003380500   -0.0010316100
   0.0000014800   -0.0000459000    0.0000907100
   0.0000022400   -0.0001388900    0.0001890800
   0.0000737400    0.0000719700    0.0000562800
   0.0000099500   -0.0000430100    0.0001844300
   0.0001635200    0.0003970500    0.0001488500
   0.0007302100    0.0022396800   -0.0016949300
  -0.0001592700    0.0000980300    0.0002675300
  -0.0000991300   -0.0000568600    0.0001182300

81   
  0.0057454019263357   0.0000000000000000   0.0081847636926705
  -0.0000076200    0.0000064800    0.0016641400
  -0.0000143000   -0.0000199200    0.0015859700
   0.0000076500   -0.0000014900    0.0016663300
  -0.0000048200    0.0000008200    0.0016108000
  -0.0000174700    0.0000024400    0.0015930300
   0.0000263600    0.0000236700    0.0015841900
  -0.0000019300    0.0000137800    0.0016252400
  -0.0000104200    0.0000087500    0.0016039900
  -0.0000068900    0.0000053100    0.0016639800
   0.0000050800   -0.0000143700    0.0016081300
  -0.0000107700   -0.0000063200    0.0015998200
  -0.0000141000   -0.0000044700    0.0016198200
  -0.0000164300    0.0000059000    0.0016120200
   0.0000075800   -0.0000006800    0.0016006500
  -0.0000126800   -0.0000054500    0.0016272300
   0.0000024700    0.0000043000    0.0016076000
   0.0436975900    0.0226624300    0.0451390600
  -0.0053241600    0.0056138700    0.0146704200
   0.0006498000   -0.0004910200    0.0004657200
  -0.0007822200   -0.0000082000    0.0008151000
   0.0044253700   -0.0284440300    0.0300606600
  -0.0003206600    0.0006504600    0.0013869500
  -0.0002114200   -0.0000171600    0.0004339100
   0.0011324900   -0.0014876800    0.0023901900
   0.0005288600    0.0012041100    0.0004234300
  -0.0001310000   -0.0000500100    0.0004172500
  -0.0000947300    0.0000685500    0.0004584200
   0.0002489700    0.0002987900    0.0008537700
  -0.0006013900   -0.0012332200    0.0006013600
  -0.0014396000    0.0008531600    0.0018963100
   0.0005525700    0.0002492200    0.0006843700
  -0.0001232800   -0.0000067500    0.0005475100
  -0.0000028800   -0.0000148900   -0.0027855300
  -0.0000164100    0.0000109200   -0.0027669600
   0.0000220000    0.0000074900   -0.0027720900
  -0.0000188800   -0.0000029600   -0.0027670700
   0.0000124800    0.0000084800   -0.0027767800
   0.0000044700   -0.0000021700   -0.0027661400
  -0.0000072000   -0.0000050500   -0.0027616200
  -0.0000230900   -0.0000025700   -0.0027999700
  -0.0000035400    0.0000030900   -0.0027841600
  -0.0000034500    0.0000008600   -0.0027759900
  -0.0000116700    0.0000030000   -0.0027853200
   0.0000066100    0.0000347000   -0.0027671700
  -0.0000058700   -0.0000020000   -0.0027859300
  -0.0000070600    0.0000003300   -0.0027805900
   0.0000247000   -0.0000246500   -0.0027714000
  -0.0000247300    0.0000021200   -0.0027385500
   0.0000240200   -0.0000068400   -0.0086199500
  -0.0000484200    0.0000371700   -0.0085404900
   0.0000303500   -0.0000001500   -0.0085913400
  -0.0000523200   -0.0000211200   -0.0085836000
   0.0000259800   -0.0000266500   -0.0085787100
  -0.0000118100    0.0000087400   -0.0086031100
  -0.0000112200    0.0000021500   -0.0085579400
  -0.0000364300   -0.0000146400   -0.0086471800
   0.0000002700    0.0000249200   -0.0085793500
   0.0000007700   -0.0000040300   -0.0085417000
  -0.0000190300    0.0000008500   -0.0085350600
   0.0000096900    0.0000611700   -0.0085846900
  -0.0000333500   -0.0000241000   -0.0085703000
  -0.0000419100    0.0000011800   -0.0086269800
   0.0000381200   -0.0000262800   -0.0085868500
  -0.0000200300    0.0000020200   -0.0085852100
  -0.0014536400   -0.0000179600    0.0189397200
  -0.0005519500   -0.0005455400    0.0094760500
   0.0000572100   -0.0000156600    0.0093391400
   0.0013830100   -0.0014251800    0.0108838400
  -0.0017680500   -0.0002656200    0.0103684800
   0.0002267000    0.0001187400    0.0092079400
  -0.0000039900   -0.0000325600    0.0092255300
   0.0008732700   -0.0003784300    0.0099795700
  -0.0000938500    0.0000776400    0.0093372000
  -0.0000204300   -0.0001115200    0.0091867400
  -0.0000005800   -0.0000299500    0.0093263600
  -0.0000172500    0.0000055300    0.0092371000
  -0.0008199400    0.0022657700    0.0110706700
  -0.0000599600    0.0003817300    0.0092869000
   0.0001422200   -0.0001060700    0.0093122100
   0.0001275300    0.0000826700    0.0091313400
  -0.0556378200    0.0000539600   -0.0992739400
   0.0062837000    0.0000622000   -0.0020222000
   0.0002446800    0.0000806200   -0.0001756900
   0.0047995300    0.0002153600   -0.0010012600
   0.0015273300    0.0032514500   -0.0016762700
   0.0000579300   -0.0000060500    0.0000639600
  -0.0000352400    0.0000133600   -0.0000391500
   0.0005566100   -0.0021146600   -0.0013276600
   0.0000827700    0.0000836600   -0.0001189700
   0.0000275900   -0.0000335500    0.0000430700
   0.0000088000   -0.0001333300   -0.0002189300
   0.0000243700   -0.0001200200    0.0000091100
   0.0007957100    0.0018344700   -0.0011670100
   0.0012839000   -0.0032047800   -0.0018526600
  -0.0000906900    0.0000524800   -0.0000073200
   0.0001114800    0.0000488500    0.0000565000

81   
 -0.0057454019263357   0.0000000000000000  -0.0081847636926705
  -0.0000240100   -0.0000139000    0.0015519800
  -0.0000034800    0.0000166700    0.0016299300
  -0.0000043200    0.0000015200    0.0015521900
  -0.0000102100    0.0000018200    0.0016143300
  -0.0000019400   -0.0000022600    0.0016270500
  -0.0000312900   -0.0000179500    0.0016322900
  -0.0000036400   -0.0000097300    0.0015959100
  -0.0000226300   -0.0000130900    0.0016100900
  -0.0000015800    0.0000097000    0.0015524400
  -0.0000151900    0.0000127300    0.0016067800
  -0.0000126100   -0.0000022000    0.0016202500
  -0.0000066500    0.0000101300    0.0015966100
  -0.0000049300   -0.0000041500    0.0016063200
  -0.0000289600   -0.0000059400    0.0016154100
  -0.0000013700   -0.0000030600    0.0015904300
  -0.0000087400   -0.0000006100    0.0016214800
  -0.0454530400   -0.0236936400   -0.0461162900
   0.0053031800   -0.0056315700   -0.0138336000
  -0.0006347700    0.0004897300    0.0003088400
   0.0007462600    0.0000182800   -0.0000189300
  -0.0044325500    0.0291539200   -0.0298079100
   0.0003224800   -0.0006440900   -0.0005769000
   0.0001910000    0.0000106500    0.0003583700
  -0.0011172900    0.0014768500   -0.0016105700
  -0.0005306000   -0.0011924400    0.0003547900
   0.0001100800    0.0000447800    0.0003804000
   0.0000898300   -0.0000600000    0.0003388900
  -0.0002876200   -0.0002695200   -0.0000651300
   0.0005868800    0.0012239000    0.0001900200
   0.0014407500   -0.0008329700   -0.0010894500
  -0.0005492100   -0.0002795200    0.0001004800
   0.0001088300   -0.0000014600    0.0002438900
  -0.0000024400   -0.0000005200   -0.0028293300
  -0.0000180700   -0.0000038100   -0.0028391700
  -0.0000076200   -0.0000031500   -0.0028149400
  -0.0000185000   -0.0000009400   -0.0028142700
  -0.0000131400   -0.0000067600   -0.0028418000
  -0.0000172200   -0.0000028200   -0.0028271800
  -0.0000111300   -0.0000062600   -0.0028354500
  -0.0000081900    0.0000023100   -0.0028179900
  -0.0000075300    0.0000023200   -0.0028165100
  -0.0000183200   -0.0000000400   -0.0028331100
  -0.0000034900   -0.0000006800   -0.0028298400
  -0.0000209600   -0.0000013800   -0.0028145100
  -0.0000148700   -0.0000052400   -0.0028162500
  -0.0000091200    0.0000091000   -0.0028190700
  -0.0000129400   -0.0000039100   -0.0028159200
  -0.0000122300    0.0000012100   -0.0028092500
  -0.0000304000   -0.0000091200   -0.0085428700
   0.0000144200   -0.0000303200   -0.0086267700
  -0.0000163500    0.0000033900   -0.0085957700
   0.0000141400    0.0000177100   -0.0086095600
  -0.0000262800    0.0000282300   -0.0085769200
  -0.0000012400   -0.0000126900   -0.0085786400
  -0.0000073700   -0.0000121100   -0.0086186900
   0.0000041200    0.0000138600   -0.0085108800
  -0.0000107100   -0.0000198400   -0.0085946700
  -0.0000226300    0.0000045200   -0.0086220700
   0.0000021800    0.0000005100   -0.0086236600
  -0.0000253100   -0.0000279100   -0.0086086600
   0.0000141200    0.0000156100   -0.0086012900
   0.0000235800    0.0000066200   -0.0085477500
  -0.0000270600   -0.0000019800   -0.0086005800
  -0.0000164000    0.0000009400   -0.0086389600
   0.0014389700   -0.0000050000   -0.0002405000
   0.0005121200    0.0005510300    0.0093731700
  -0.0000690100    0.0000352700    0.0094936500
  -0.0013831500    0.0014041100    0.0079561700
   0.0017830500    0.0002703800    0.0084639300
  -0.0002421300   -0.0001417700    0.0096306300
  -0.0000378100    0.0000140900    0.0095933000
  -0.0008671400    0.0004030200    0.0088719500
   0.0000650800   -0.0000803800    0.0094786500
  -0.0000050000    0.0001183900    0.0096054000
   0.0000188900    0.0000467100    0.0095168800
  -0.0000105600   -0.0000339000    0.0096041300
   0.0008083300   -0.0022720100    0.0077503300
   0.0000667700   -0.0003638800    0.0095748300
  -0.0001841800    0.0000956800    0.0095127700
  -0.0001308800   -0.0000754000    0.0096831000
   0.0587489300    0.0003032500    0.0994504300
  -0.0062743900   -0.0000423800    0.0020821000
  -0.0002616200   -0.0000626100    0.0002445500
  -0.0048506600   -0.0002459400    0.0010822000
  -0.0015409400   -0.0032736300    0.0017512200
  -0.0000752200   -0.0000183300   -0.0000077600
   0.0000054500   -0.0000380600    0.0001216200
  -0.0005465100    0.0021394200    0.0014170000
  -0.0001149000   -0.0000882700    0.0002049100
  -0.0000519600    0.0000458500    0.0000628500
   0.0000088500    0.0001513600    0.0002770400
  -0.0000516400    0.0000878300    0.0000517000
  -0.0008015700   -0.0017952800    0.0012520500
  -0.0012938800    0.0032230200    0.0019182200
   0.0000445300   -0.0000600900    0.0000817100
  -0.0001135500   -0.0000419400    0.0000337100
