96   
12   

1    
  0.0054736242679351   0.0000000000000000   0.0083689567673320
  -0.1202981800   -0.0002191100   -0.1970638100
   0.0045068100    0.0048571500   -0.0045684300
   0.0002602600   -0.0000096300    0.0053606600
   0.0040797700   -0.0047577800   -0.0046451500
   0.0021165800   -0.0033932300   -0.0046414500
   0.0001540900   -0.0004236500    0.0027473300
   0.0002281300    0.0002940000    0.0027441800
   0.0019321800    0.0035601000   -0.0045693300
  -0.0001505900    0.0002814900    0.0053703100
   0.0007850800    0.0000740900    0.0027447800
  -0.0002063700   -0.0002713000    0.0053607400
   0.0007669700    0.0000529400    0.0027449700
   0.0019704300    0.0059683800   -0.0046831300
   0.0020319500   -0.0062135900   -0.0045351000
   0.0002805600    0.0003474600    0.0027488300
   0.0001455100   -0.0003067400    0.0027381100
  -0.0008464900   -0.0057707400    0.0233314500
  -0.0007369900   -0.0000726700    0.0023386300
   0.0014305600    0.0006280200    0.0025211800
   0.0418869000   -0.0189244000    0.0501300000
  -0.0002411400   -0.0008752100    0.0023539600
  -0.0001535200    0.0000200100   -0.0000136000
   0.0003528000   -0.0014589500    0.0023150100
  -0.0020404800   -0.0019600000    0.0016544700
   0.0011315500    0.0008217900    0.0025149000
  -0.0006282200    0.0008530600    0.0022040100
   0.0007072400    0.0004881100    0.0014601100
  -0.0007554300    0.0004037300    0.0011399100
   0.0090398200    0.0247760700    0.0368424700
  -0.0014839900   -0.0002755000    0.0016120400
  -0.0000949900   -0.0007764700    0.0014109300
   0.0018830000    0.0022077500    0.0017731200
   0.0460317200    0.0212957800    0.0546606100
  -0.0007428800    0.0006109000    0.0052436800
   0.0014742600    0.0012902200    0.0050607200
  -0.0032816700    0.0071559500    0.0263785100
   0.0003441200   -0.0012329100    0.0052468800
  -0.0001549600    0.0000198800    0.0070054700
  -0.0002025800   -0.0018181300    0.0052530400
  -0.0020044900    0.0019256200    0.0086779300
   0.0017339900    0.0005152100    0.0050841500
  -0.0012163100    0.0005297800    0.0053639300
   0.0015572000    0.0009764200    0.0040420700
  -0.0016020700    0.0008956500    0.0043673900
   0.0090401400   -0.0283588400    0.0403990700
   0.0019166200   -0.0022174400    0.0087147700
  -0.0000900600   -0.0017556200    0.0040919300
  -0.0014467300    0.0002649100    0.0085602700
  -0.0001076700   -0.0001489100    0.0017495900
   0.0000279600    0.0011779900   -0.0016121600
   0.0000241300   -0.0000300700    0.0017413800
   0.0001113300    0.0011254600   -0.0015270200
   0.0011088600   -0.0005571300   -0.0016682400
  -0.0010255300   -0.0005806000   -0.0016086600
   0.0010697600   -0.0007053000   -0.0016797800
  -0.0011008600   -0.0006362500   -0.0016992600
   0.0000240100   -0.0000351000    0.0017071300
  -0.0000835900    0.0012284000   -0.0016881400
   0.0000472300    0.0001047900    0.0016406800
   0.0000652800    0.0011708800   -0.0016892400
   0.0010625500   -0.0004339000   -0.0015766400
  -0.0009950600   -0.0005960200   -0.0016108900
   0.0009799900   -0.0005632900   -0.0016269900
  -0.0009939500   -0.0005227300   -0.0016635900
  -0.0001042600   -0.0001470800   -0.0051290100
   0.0000281000   -0.0001650200   -0.0052579700
   0.0000200300   -0.0000286400   -0.0051128700
   0.0001090100   -0.0002148700   -0.0053776700
  -0.0000534500    0.0001149300   -0.0052055800
   0.0001373200    0.0000913300   -0.0052646000
  -0.0000969000   -0.0000321900   -0.0052085100
   0.0000645700    0.0000376400   -0.0051888500
   0.0000242300   -0.0000374700   -0.0050761600
  -0.0000837100   -0.0001163300   -0.0051940700
   0.0000472200    0.0001065400   -0.0050236000
   0.0000651500   -0.0001733400   -0.0051941400
  -0.0000987600    0.0002344400   -0.0053254500
   0.0001711300    0.0000757400   -0.0052713200
  -0.0001860200    0.0001089600   -0.0052540900
   0.0001667800    0.0001472800   -0.0052318500
   0.0027309500    0.0015370000   -0.0001862500
  -0.0026940200    0.0015192200   -0.0001157500
   0.0027217500    0.0015421600   -0.0001076500
  -0.0027390000    0.0015540800   -0.0000856400
  -0.0000088700   -0.0031434800   -0.0001324500
   0.0000137300    0.0000184900   -0.0105201700
   0.0000278100   -0.0031603700   -0.0001292400
   0.0000114300    0.0000061900   -0.0104992700
   0.0027657000    0.0015839300   -0.0001141100
  -0.0027273900    0.0016030900   -0.0001248300
   0.0027384500    0.0015804600   -0.0001316200
  -0.0027244900    0.0015785300   -0.0001093400
   0.0000110800   -0.0031462600   -0.0000998300
   0.0000068800    0.0000038600   -0.0105161200
   0.0000033700   -0.0031346100   -0.0001064200
   0.0000276800    0.0000350000   -0.0104862600

1    
 -0.0054736242679351   0.0000000000000000  -0.0083689567673320
   0.1184585100   -0.0002219600    0.2032185800
  -0.0040879200   -0.0047124100    0.0091587400
  -0.0002650800    0.0000012200    0.0033077200
  -0.0043819600    0.0048437000    0.0090766700
  -0.0019139800    0.0035620800    0.0090879100
  -0.0002265200    0.0003328000    0.0017662200
  -0.0001305200   -0.0003791900    0.0017637300
  -0.0020924400   -0.0034417000    0.0091474900
   0.0002512800   -0.0003112000    0.0033098600
  -0.0007872800    0.0000515700    0.0017639900
   0.0002263200    0.0002922800    0.0033036000
  -0.0008100000    0.0000525000    0.0017640500
  -0.0020129500   -0.0061583100    0.0090453500
  -0.0020057100    0.0059715900    0.0091887500
  -0.0001201600   -0.0003939000    0.0017710100
  -0.0002202600    0.0003513000    0.0017600000
   0.0023915000    0.0066224600   -0.0207688300
  -0.0006574900    0.0009287600    0.0005016600
   0.0000042500    0.0001204400    0.0002668400
  -0.0451522100    0.0208230700   -0.0489608200
   0.0003131900   -0.0008632600    0.0003990000
   0.0000786700   -0.0000035300   -0.0003399000
  -0.0002586000   -0.0002406400    0.0003785100
   0.0019702900    0.0019460000   -0.0020096000
   0.0003868400    0.0000800900    0.0002778400
  -0.0008479300   -0.0000327900    0.0004875900
   0.0007839200    0.0004078100    0.0012988300
  -0.0007131400    0.0004474100    0.0015517400
  -0.0090918300   -0.0273325400   -0.0347543700
   0.0015296800    0.0002587100   -0.0019891300
   0.0000703800   -0.0008581200    0.0014218800
  -0.0018427300   -0.0022063300   -0.0020550500
  -0.0410763800   -0.0184725700   -0.0441763300
  -0.0023004000    0.0012387100    0.0034771500
   0.0016822700    0.0004114900    0.0037150800
   0.0000518100   -0.0052798200   -0.0174745000
  -0.0002428300   -0.0024511400    0.0035977600
   0.0000777600   -0.0000037800    0.0069765300
   0.0003253300   -0.0018293700    0.0035876300
   0.0020063900   -0.0019392400    0.0053049300
   0.0014851300    0.0013751900    0.0037193400
  -0.0019316900    0.0012471200    0.0034756800
   0.0016240000    0.0008897400    0.0047592200
  -0.0015499200    0.0009331000    0.0045086900
  -0.0090964700    0.0238544900   -0.0309272300
  -0.0018007200    0.0022026100    0.0052821600
   0.0000754100   -0.0018254500    0.0046374400
   0.0015553000   -0.0002645500    0.0053517400
   0.0000068500    0.0000004100    0.0015294300
   0.0000170300    0.0011537800   -0.0018276400
  -0.0000067000   -0.0000144600    0.0015200900
   0.0000080800    0.0011969400   -0.0017947600
   0.0010056500   -0.0005775000   -0.0018370900
  -0.0010020000   -0.0005810800   -0.0018527700
   0.0010507800   -0.0006065100   -0.0018289100
  -0.0010285800   -0.0006223100   -0.0018292100
  -0.0000018300   -0.0000051700    0.0015163300
  -0.0000006400    0.0011685800   -0.0018471700
  -0.0000012600    0.0000001600    0.0014964400
   0.0000298200    0.0011610900   -0.0018520900
   0.0010193200   -0.0005754600   -0.0018210300
  -0.0010136800   -0.0005724900   -0.0018363300
   0.0010172000   -0.0005563300   -0.0018302100
  -0.0009987600   -0.0005751900   -0.0018397300
   0.0000046000   -0.0000019800   -0.0049619200
   0.0000168300   -0.0001915800   -0.0051179200
  -0.0000045300   -0.0000162200   -0.0049610400
   0.0000085800   -0.0001507600   -0.0051249000
  -0.0001581200    0.0000958700   -0.0051113400
   0.0001623200    0.0000926600   -0.0050986400
  -0.0001121400    0.0000659600   -0.0051108900
   0.0001341200    0.0000496900   -0.0051088600
  -0.0000017000   -0.0000025400   -0.0049536600
  -0.0000001700   -0.0001732300   -0.0050898400
  -0.0000024000    0.0000010700   -0.0049215100
   0.0000297600   -0.0001806700   -0.0050850000
  -0.0001477600    0.0000981800   -0.0050949200
   0.0001487500    0.0000987600   -0.0050949000
  -0.0001442200    0.0001139200   -0.0051019000
   0.0001686700    0.0000992200   -0.0050841400
   0.0027274200    0.0015808900   -0.0000983800
  -0.0027273400    0.0015731700   -0.0000799300
   0.0027105400    0.0015576700   -0.0000771300
  -0.0026976900    0.0015756000   -0.0000929300
  -0.0000022400   -0.0031440200   -0.0000764900
  -0.0000170600   -0.0000094200   -0.0105116000
   0.0000243300   -0.0031293100   -0.0000803100
   0.0000158200    0.0000085800   -0.0104892700
   0.0027092500    0.0015690000   -0.0000776400
  -0.0027012900    0.0015782500   -0.0000782900
   0.0027306500    0.0015672400   -0.0000831500
  -0.0027183600    0.0015468100   -0.0000863600
   0.0000152900   -0.0031398900   -0.0000893500
   0.0000036500    0.0000059800   -0.0104948700
  -0.0000098300   -0.0031520000   -0.0000953300
   0.0000019300   -0.0000058400   -0.0104880500

17   
  0.0054736242679351   0.0000000000000000   0.0083689567673320
   0.0000096500   -0.0052490800    0.0251699000
   0.0428311800   -0.0194035100    0.0535711900
   0.0005072400   -0.0000060000    0.0054788700
   0.0001484500    0.0002950500    0.0028610100
   0.0091683300    0.0245160600    0.0381755800
   0.0001134200    0.0012283900    0.0051017100
  -0.0000198300   -0.0002563900    0.0020856600
   0.0000395000   -0.0012316600    0.0028703700
   0.0004222100    0.0005695100    0.0052924200
  -0.0002347500    0.0001578100    0.0020874400
   0.0001690000    0.0001429000    0.0041663000
   0.0000285600   -0.0003175300    0.0030519300
   0.0000345500   -0.0004560500    0.0029413500
  -0.0020480900   -0.0000780600    0.0039839600
   0.0000052600   -0.0000356000    0.0033187000
  -0.0001327800   -0.0000298200    0.0023172500
  -0.0546407100    0.0005755900   -0.1138751700
   0.0018628700    0.0005840700   -0.0016242500
   0.0006350900    0.0003483000    0.0008276400
   0.0029337700    0.0008685100   -0.0023352500
   0.0001841100    0.0003412300   -0.0016409100
  -0.0000561300   -0.0000126800   -0.0003319900
  -0.0002024900   -0.0007491900    0.0013404000
   0.0002333700   -0.0024611300   -0.0038744700
   0.0007026000    0.0003875200    0.0007896600
  -0.0007692500    0.0003343700    0.0012745400
   0.0008306900    0.0005496400    0.0008631100
  -0.0007503000    0.0005451300    0.0012770900
   0.0007529100    0.0010351300   -0.0019997200
  -0.0003155100   -0.0012180600   -0.0035128300
  -0.0000383700   -0.0008426100    0.0012325600
  -0.0002337000   -0.0001206900   -0.0002117900
   0.0001813000    0.0009143000    0.0222311300
   0.0006110700    0.0027222200    0.0053309700
   0.0016548300    0.0007652600    0.0043055200
  -0.0019102400    0.0011081400    0.0036750400
   0.0009059700   -0.0011780000    0.0043431200
   0.0000235200    0.0000206300    0.0067484000
  -0.0000069900   -0.0018226100    0.0041055400
  -0.0020831800    0.0005250800    0.0072342000
   0.0013901700    0.0010665200    0.0043852500
  -0.0015902900    0.0008890900    0.0041420600
   0.0016397500    0.0009148700    0.0042287500
  -0.0015710500    0.0009829000    0.0041364600
  -0.0003351800   -0.0017330100    0.0035257200
  -0.0008151800   -0.0032897900    0.0080640400
   0.0000566000   -0.0018579700    0.0041411700
  -0.0000553000   -0.0000308400    0.0066972700
  -0.0000470000   -0.0000034000    0.0017662800
   0.0000100800    0.0011878800   -0.0016211500
  -0.0000002500   -0.0000105400    0.0017330400
   0.0000165200    0.0011635400   -0.0015631600
   0.0010155100   -0.0005945400   -0.0016137000
  -0.0010351100   -0.0005929200   -0.0016304200
   0.0010265600   -0.0006061300   -0.0016249900
  -0.0010279700   -0.0006132400   -0.0016117200
  -0.0000092100   -0.0000103700    0.0017113500
  -0.0000115000    0.0011699100   -0.0016487900
  -0.0000047200    0.0000261300    0.0017043600
   0.0000029500    0.0011683600   -0.0016508700
   0.0010070700   -0.0005359500   -0.0016078700
  -0.0010048700   -0.0005952200   -0.0016363000
   0.0009911200   -0.0005808600   -0.0016375400
  -0.0010147800   -0.0005599000   -0.0016369700
  -0.0000457500   -0.0000055700   -0.0051521700
   0.0000081100   -0.0001581800   -0.0052805300
  -0.0000007700   -0.0000108600   -0.0051353100
   0.0000154200   -0.0001804500   -0.0053347400
  -0.0001485100    0.0000778000   -0.0052897000
   0.0001294300    0.0000812200   -0.0052781900
  -0.0001380200    0.0000675600   -0.0052798300
   0.0001355300    0.0000600100   -0.0052904300
  -0.0000085300   -0.0000086300   -0.0051113000
  -0.0000103000   -0.0001713900   -0.0052562200
  -0.0000050900    0.0000272900   -0.0050994300
   0.0000024700   -0.0001746100   -0.0052531200
  -0.0001544200    0.0001358100   -0.0052887300
   0.0001587300    0.0000758300   -0.0052631400
  -0.0001749100    0.0000907200   -0.0052682600
   0.0001490900    0.0001105400   -0.0052698600
   0.0027176800    0.0015685300   -0.0000094800
  -0.0027558000    0.0015661600   -0.0000091900
   0.0027162000    0.0015643300    0.0000146100
  -0.0027126300    0.0015617800    0.0000111200
  -0.0000314000   -0.0031546700    0.0000133000
  -0.0000016200    0.0000012500   -0.0103778500
   0.0000119200   -0.0031635300    0.0000281400
   0.0000113700   -0.0000133300   -0.0103971500
   0.0027260900    0.0015670800   -0.0000002200
  -0.0027359300    0.0015793300    0.0000008900
   0.0027178300    0.0015636400   -0.0000092700
  -0.0027318500    0.0015493400    0.0000008200
   0.0000020600   -0.0031293000   -0.0000144500
  -0.0000204300    0.0000230500   -0.0104067200
  -0.0000210300   -0.0031354100    0.0000092400
   0.0000139900    0.0000139800   -0.0104012900

17   
 -0.0054736242679351   0.0000000000000000  -0.0083689567673320
   0.0000595800    0.0052757200   -0.0167420100
  -0.0410104900    0.0184955300   -0.0474415900
  -0.0004973200    0.0000073600    0.0031289500
  -0.0001464800   -0.0001720900    0.0015832100
  -0.0090231700   -0.0239309400   -0.0332809900
  -0.0002576900   -0.0013062800   -0.0006285100
   0.0001021400    0.0001961900    0.0023501200
  -0.0001408100    0.0011551100    0.0015415400
  -0.0004008000   -0.0005642700    0.0033155000
   0.0002275500   -0.0000526200    0.0023482100
  -0.0001648600   -0.0001342900    0.0044334900
  -0.0000624700    0.0004246200    0.0014005100
   0.0000710100    0.0003768000    0.0015000400
   0.0019384200    0.0000378500    0.0004536700
   0.0000719400   -0.0000486500    0.0011328000
   0.0000224100   -0.0000363400    0.0021269400
   0.0545422900    0.0013665200    0.1129923200
  -0.0032789600    0.0002691600    0.0042314700
   0.0008578400    0.0005162300    0.0018410800
  -0.0044561600   -0.0000126100    0.0050289200
  -0.0001973100   -0.0020178900    0.0042696000
   0.0000659800    0.0000053700   -0.0000754700
   0.0001966300   -0.0009658100    0.0013465500
  -0.0002621300    0.0024536700    0.0034420300
   0.0007727500    0.0004707600    0.0018984400
  -0.0007116000    0.0004832100    0.0013826600
   0.0006328800    0.0003011500    0.0018123300
  -0.0007136200    0.0003048500    0.0013967400
  -0.0007964900   -0.0027411100    0.0046618100
   0.0003353900    0.0011786500    0.0030467900
   0.0000313400   -0.0008839000    0.0014365800
   0.0002373600    0.0001061500   -0.0001886300
   0.0029263400    0.0008997800   -0.0132796000
  -0.0037536800   -0.0009005700    0.0033715800
   0.0015233900    0.0010713800    0.0043456700
  -0.0012374800    0.0006973500    0.0049645500
  -0.0009361000   -0.0024619200    0.0043190100
  -0.0000087000   -0.0000253400    0.0070454100
   0.0000001600   -0.0018376800    0.0045372600
   0.0020611200   -0.0005266800    0.0065797000
   0.0017679700    0.0007672800    0.0042524900
  -0.0015756100    0.0009009600    0.0045276600
   0.0015106800    0.0009099700    0.0044128000
  -0.0015769300    0.0008424100    0.0045113000
   0.0003002000   -0.0018984200    0.0051295400
   0.0008345200    0.0032256000    0.0057889100
  -0.0000606300   -0.0018154500    0.0045102500
   0.0000557000    0.0000130200    0.0070910200
  -0.0000503300   -0.0000160200    0.0017935300
  -0.0000054900    0.0011962400   -0.0016132900
   0.0000387100   -0.0000053800    0.0017551000
   0.0000294700    0.0011548100   -0.0015181900
   0.0010248500   -0.0005986800   -0.0015779900
  -0.0010278500   -0.0006073500   -0.0015953000
   0.0010426100   -0.0006316800   -0.0015888400
  -0.0010270500   -0.0006326600   -0.0015730300
  -0.0000090500   -0.0000179500    0.0017410400
  -0.0000081600    0.0011582500   -0.0016375500
   0.0000103000    0.0000268900    0.0017354200
   0.0000173000    0.0011445200   -0.0016250100
   0.0010032600   -0.0005293400   -0.0015864300
  -0.0009856400   -0.0006019900   -0.0016155400
   0.0009845800   -0.0006126500   -0.0016283400
  -0.0009909400   -0.0005556100   -0.0016065600
  -0.0000514700   -0.0000172300   -0.0051501600
  -0.0000062400   -0.0001493000   -0.0052551500
   0.0000389000   -0.0000062600   -0.0051115200
   0.0000290200   -0.0001899900   -0.0053392300
  -0.0001395100    0.0000739400   -0.0052887600
   0.0001365800    0.0000664400   -0.0052723700
  -0.0001215100    0.0000405400   -0.0052733700
   0.0001356800    0.0000398900   -0.0052901300
  -0.0000088600   -0.0000161700   -0.0051051900
  -0.0000079100   -0.0001836500   -0.0052326800
   0.0000099000    0.0000270200   -0.0050933000
   0.0000177200   -0.0001980000   -0.0052437500
  -0.0001608000    0.0001441300   -0.0052783500
   0.0001769300    0.0000698200   -0.0052527400
  -0.0001784900    0.0000596700   -0.0052389200
   0.0001738700    0.0001160400   -0.0052557300
   0.0027147800    0.0015639800   -0.0000139400
  -0.0027246500    0.0015532900   -0.0000164000
   0.0027233800    0.0015594600   -0.0000284500
  -0.0027075100    0.0015552100   -0.0000185500
  -0.0000238600   -0.0031439100   -0.0000280500
  -0.0000054800   -0.0000057800   -0.0104330100
   0.0000193200   -0.0031514300   -0.0000319800
   0.0000144500   -0.0000071300   -0.0104268500
   0.0027158800    0.0015581800   -0.0000240600
  -0.0027167200    0.0015563200   -0.0000249500
   0.0027412500    0.0015505100   -0.0000379600
  -0.0027283000    0.0015326600   -0.0000394000
  -0.0000053700   -0.0031326400   -0.0000224300
   0.0000056900    0.0000015200   -0.0104266600
   0.0000054400   -0.0031531500   -0.0000166500
   0.0000052400   -0.0000051500   -0.0104409900

33   
  0.0054736242679351   0.0000000000000000   0.0083689567673320
   0.0410025800    0.0184410400    0.0539273800
  -0.0000468500    0.0053403200    0.0232330100
   0.0001532100   -0.0002183900    0.0049034800
   0.0004771900    0.0000707700    0.0033557600
   0.0091338200   -0.0239050600    0.0376841800
   0.0000432900    0.0011702800    0.0028613500
  -0.0000136900    0.0001951700    0.0020540000
   0.0001600800   -0.0012859900    0.0050307200
   0.0000594400    0.0003659000    0.0050834100
   0.0001648400   -0.0000762300    0.0020527400
  -0.0002222100   -0.0000911900    0.0041361500
   0.0003980400   -0.0004905200    0.0031696300
   0.0000208600   -0.0000415400    0.0032722400
  -0.0020230500    0.0000355200    0.0039474200
   0.0000281600    0.0003804900    0.0029039100
  -0.0001274300   -0.0000299900    0.0022763000
  -0.0006130000    0.0004319000    0.0191346600
  -0.0010763100    0.0002219600    0.0008867100
   0.0008162100    0.0005732700    0.0015121800
   0.0014227200   -0.0013793900    0.0025017300
  -0.0020604900   -0.0013694000    0.0018620200
  -0.0000089300   -0.0000108600   -0.0002428500
   0.0000256000   -0.0008615600    0.0013805600
   0.0009342200   -0.0006380200    0.0000030100
   0.0007918400    0.0004389000    0.0014368100
  -0.0007277900    0.0004529000    0.0013404400
   0.0005500800    0.0002744700    0.0015958300
  -0.0007317500    0.0003558000    0.0013390600
  -0.0008107300    0.0023659200    0.0026610500
  -0.0003301800   -0.0000778600   -0.0008100000
  -0.0000529900   -0.0008219000    0.0013217400
   0.0000735300    0.0000376600   -0.0001874500
  -0.0523332500    0.0010154700   -0.1059030400
   0.0021402300    0.0004857000    0.0003346400
   0.0014820300    0.0009915700    0.0035108100
   0.0009504000    0.0007603100    0.0011103600
   0.0002611600    0.0006354400    0.0003630000
  -0.0002054900   -0.0001129900    0.0066028500
  -0.0000495300   -0.0018041700    0.0038950400
   0.0001994100   -0.0011690300    0.0036540600
   0.0016696700    0.0008029900    0.0035505500
  -0.0015920200    0.0010090600    0.0039603900
   0.0015461400    0.0009512500    0.0034648200
  -0.0015954000    0.0007917100    0.0039637100
  -0.0003117700   -0.0006512200    0.0007508100
   0.0007650400   -0.0018912900    0.0032628000
  -0.0002348700   -0.0017023000    0.0040200500
  -0.0000187500   -0.0000037100    0.0064834700
  -0.0000002200   -0.0000095800    0.0017130900
   0.0000068100    0.0011551100   -0.0016168300
  -0.0000165900   -0.0000089000    0.0017341800
   0.0000036500    0.0011673500   -0.0016368000
   0.0010144700   -0.0005786800   -0.0016324700
  -0.0010168500   -0.0005818600   -0.0016289800
   0.0010123000   -0.0005849300   -0.0016361900
  -0.0010156000   -0.0005894900   -0.0016420400
  -0.0000035100   -0.0000005900    0.0017269500
  -0.0000035300    0.0011782000   -0.0016315300
  -0.0000050300    0.0000081900    0.0017186300
   0.0000066800    0.0011724500   -0.0016309200
   0.0010168400   -0.0005825500   -0.0016362700
  -0.0010153200   -0.0005793400   -0.0016270300
   0.0010064400   -0.0005673700   -0.0016150900
  -0.0010141300   -0.0005857500   -0.0016296300
   0.0000015900   -0.0000062900   -0.0052043200
   0.0000092100   -0.0001873800   -0.0053676700
  -0.0000170800   -0.0000087800   -0.0052065200
   0.0000003400   -0.0001752600   -0.0053518900
  -0.0001484500    0.0000956900   -0.0053501600
   0.0001470700    0.0000896000   -0.0053488600
  -0.0001527900    0.0000877500   -0.0053422300
   0.0001484500    0.0000848100   -0.0053393500
  -0.0000047300   -0.0000019800   -0.0052001500
  -0.0000036800   -0.0001678500   -0.0053502300
  -0.0000040900    0.0000088700   -0.0051925100
   0.0000066500   -0.0001708900   -0.0053454200
  -0.0001490500    0.0000860500   -0.0053571200
   0.0001514300    0.0000909100   -0.0053616900
  -0.0001568100    0.0001028300   -0.0053643600
   0.0001479300    0.0000864000   -0.0053489600
   0.0027069300    0.0015724500    0.0000389200
  -0.0027039800    0.0015726300    0.0000437800
   0.0027157500    0.0015694900    0.0000360700
  -0.0027263400    0.0015758900    0.0000322100
   0.0000036700   -0.0031260500    0.0000507600
   0.0000033900   -0.0000009100   -0.0103764400
  -0.0000051900   -0.0031327800    0.0000355100
  -0.0000081500    0.0000084100   -0.0103666000
   0.0027080800    0.0015727900    0.0000488600
  -0.0027086200    0.0015631900    0.0000455900
   0.0027022200    0.0015783100    0.0000559800
  -0.0027120600    0.0015805000    0.0000533000
  -0.0000103600   -0.0031563700    0.0000469700
   0.0000072900   -0.0000143100   -0.0103568400
   0.0000036700   -0.0031464600    0.0000293200
  -0.0000120400   -0.0000067100   -0.0103664600

33   
 -0.0054736242679351   0.0000000000000000  -0.0083689567673320
  -0.0428670700   -0.0194684100   -0.0470537600
   0.0000279400   -0.0051992700   -0.0186551400
  -0.0000936300    0.0002078000    0.0036621700
  -0.0005505500    0.0000179700    0.0010476100
  -0.0090573900    0.0245315100   -0.0337361200
  -0.0001095600   -0.0012217900    0.0015766600
   0.0001028900   -0.0002553500    0.0023592500
  -0.0002370700    0.0012196700   -0.0006573600
  -0.0000316000   -0.0003427800    0.0034758700
  -0.0001519100    0.0001747700    0.0023612700
   0.0002218300    0.0000950600    0.0044408900
  -0.0004146100    0.0006808200    0.0012369200
   0.0000449000   -0.0000388800    0.0011265000
   0.0019555200   -0.0001115900    0.0004601600
   0.0001210300   -0.0004694400    0.0015030200
   0.0000300500   -0.0000141400    0.0021282500
   0.0021566600    0.0004269500   -0.0164813500
  -0.0004074900    0.0006231900    0.0021116800
   0.0006759900    0.0002770400    0.0015021700
  -0.0029472900    0.0022308800    0.0004372100
   0.0020966600   -0.0003308000    0.0011088800
   0.0000172700    0.0000157600    0.0001652200
  -0.0000298700   -0.0008505400    0.0015980100
  -0.0009059300    0.0006505800   -0.0001181900
   0.0006992800    0.0004130000    0.0015654000
  -0.0007564400    0.0003986500    0.0016405700
   0.0009457500    0.0005942100    0.0013967100
  -0.0007425200    0.0005093200    0.0016702600
   0.0008237700   -0.0041560900    0.0002584100
   0.0003466800    0.0000876900    0.0007171800
   0.0000629300   -0.0008935300    0.0017013800
  -0.0000702500   -0.0000287000    0.0001332700
   0.0567283100    0.0011932900    0.1195934200
  -0.0052490400    0.0013568500    0.0079484300
   0.0016963000    0.0008332000    0.0047609900
  -0.0042019800    0.0010688700    0.0072526000
  -0.0002185300   -0.0042893200    0.0079611400
   0.0002124800    0.0001150400    0.0068181900
   0.0000504100   -0.0018581200    0.0044151700
  -0.0001863400    0.0011987400    0.0098477400
   0.0015084400    0.0010212000    0.0047394600
  -0.0015777100    0.0008178000    0.0043407300
   0.0016341100    0.0008891100    0.0048248800
  -0.0015637900    0.0010448100    0.0043127200
   0.0003247100   -0.0030609500    0.0076171000
  -0.0007394600    0.0018794900    0.0101882300
   0.0002413500   -0.0019575800    0.0042416500
   0.0000244100    0.0000132700    0.0069203300
  -0.0001245700   -0.0000057400    0.0017613400
   0.0000317700    0.0012403200   -0.0016717200
   0.0000538300   -0.0000322900    0.0016848200
   0.0000715500    0.0011385100   -0.0015397800
   0.0010371200   -0.0006502800   -0.0016428900
  -0.0010628100   -0.0006443400   -0.0016841100
   0.0010772800   -0.0006605800   -0.0017004200
  -0.0010191500   -0.0006833300   -0.0016592800
  -0.0000066900   -0.0000180000    0.0016056900
  -0.0000031200    0.0011733400   -0.0017679500
   0.0000130500    0.0000664800    0.0016126100
   0.0000294600    0.0011584400   -0.0017590000
   0.0010189200   -0.0004228600   -0.0016532500
  -0.0009558600   -0.0006048800   -0.0017106200
   0.0009683100   -0.0005791400   -0.0017087900
  -0.0009999500   -0.0004926300   -0.0017090000
  -0.0001253800   -0.0000068600   -0.0052241400
   0.0000303400   -0.0001032000   -0.0053065700
   0.0000535700   -0.0000316000   -0.0051649500
   0.0000730200   -0.0002061100   -0.0054352100
  -0.0001273600    0.0000218600   -0.0053380300
   0.0001009100    0.0000286300   -0.0053007000
  -0.0000869900    0.0000118700   -0.0052863600
   0.0001452800   -0.0000116400   -0.0053221800
  -0.0000061600   -0.0000176500   -0.0050833700
  -0.0000025900   -0.0001692200   -0.0052152300
   0.0000120000    0.0000676100   -0.0050958500
   0.0000294500   -0.0001852900   -0.0052280300
  -0.0001435300    0.0002498200   -0.0053195700
   0.0002069000    0.0000675700   -0.0052673100
  -0.0001963100    0.0000930300   -0.0052775600
   0.0001658000    0.0001800000   -0.0052757900
   0.0027523700    0.0015609500   -0.0001027500
  -0.0026951100    0.0015375100   -0.0000738200
   0.0027131400    0.0015437100   -0.0000692200
  -0.0027375900    0.0015424900   -0.0000859200
  -0.0000172300   -0.0031584600   -0.0000878400
   0.0000094200   -0.0000118700   -0.0105088600
   0.0000296500   -0.0031936000   -0.0000459400
   0.0000179100   -0.0000022500   -0.0104750000
   0.0027301000    0.0015877200   -0.0000574000
  -0.0027284900    0.0016081100   -0.0000723800
   0.0027287000    0.0015891600   -0.0000618100
  -0.0027097100    0.0015650700   -0.0000564700
   0.0000079000   -0.0031256400   -0.0000705800
   0.0000004900    0.0000202300   -0.0104930300
  -0.0000217600   -0.0031205400   -0.0000601400
   0.0000225100    0.0000463000   -0.0104613500

49   
  0.0054736242679351   0.0000000000000000   0.0083689567673320
   0.0000085800    0.0000038800    0.0043159800
  -0.0000004700    0.0000513200    0.0022242600
   0.0000125800    0.0000026600    0.0043176000
   0.0000194500    0.0000725900    0.0022378500
   0.0000485600   -0.0000292800    0.0022229600
  -0.0000396200   -0.0000272200    0.0022254600
   0.0000708000   -0.0000277100    0.0022328100
  -0.0000399800   -0.0000288200    0.0022312800
   0.0000137300    0.0000115500    0.0043166900
   0.0000115200    0.0000720000    0.0022314800
   0.0000114900    0.0000006000    0.0043119600
   0.0000029100    0.0000489000    0.0022318300
   0.0000675000   -0.0000297900    0.0022382600
  -0.0000403700   -0.0000208500    0.0022319800
   0.0000477000   -0.0000232700    0.0022324500
  -0.0000352500   -0.0000259000    0.0022388600
   0.0007662000    0.0004345900    0.0012793500
  -0.0007244500    0.0004274300    0.0012844300
   0.0007434600    0.0004292800    0.0012897500
  -0.0007394600    0.0004416300    0.0012800300
   0.0000103000   -0.0008447600    0.0012813800
   0.0000139100    0.0000111500   -0.0002562200
   0.0000153500   -0.0008663200    0.0012790300
   0.0000053400    0.0000047000   -0.0002543700
   0.0007507600    0.0004207500    0.0012936500
  -0.0007471700    0.0004296200    0.0012763500
   0.0007628100    0.0004450800    0.0012790900
  -0.0007209300    0.0004273900    0.0012836500
   0.0000125800   -0.0008567400    0.0012725600
   0.0000213100    0.0000042000   -0.0002522800
   0.0000039300   -0.0008459100    0.0012854200
   0.0000079400    0.0000049300   -0.0002598300
   0.0016051600    0.0009178900    0.0043737400
  -0.0015614400    0.0009117500    0.0043679400
   0.0015894700    0.0009156300    0.0043689500
  -0.0015876700    0.0009274000    0.0043809900
   0.0000119000   -0.0018122400    0.0043703900
   0.0000190500    0.0000133300    0.0069464400
   0.0000142300   -0.0018389200    0.0043821200
  -0.0000005100    0.0000085500    0.0069448700
   0.0015951300    0.0009110400    0.0043653100
  -0.0015895400    0.0009154100    0.0043853200
   0.0016048000    0.0009314500    0.0043823700
  -0.0015648600    0.0009183200    0.0043738700
   0.0000099100   -0.0018344100    0.0043874200
   0.0000216400   -0.0000024300    0.0069422000
   0.0000067300   -0.0018221900    0.0043722800
   0.0000073300    0.0000045600    0.0069509200
  -0.0361202300   -0.0001986400   -0.0905191600
   0.0056733900    0.0015099300   -0.0029196600
   0.0009255600   -0.0000759200    0.0017268900
   0.0070354200    0.0007820200   -0.0037962700
   0.0018139200    0.0014307400   -0.0031953900
  -0.0008738600   -0.0005390300   -0.0015806900
   0.0012013800   -0.0006555800   -0.0014287300
   0.0005396300   -0.0037934100   -0.0035710400
   0.0000653700    0.0004848100    0.0016702400
   0.0000616000    0.0011799200   -0.0015153000
   0.0001953200   -0.0004003600    0.0017468100
   0.0000850200    0.0012908700   -0.0015157600
   0.0025309000    0.0034239100   -0.0036364700
  -0.0001246600   -0.0033122400   -0.0031183500
   0.0012664500   -0.0006915900   -0.0014916800
  -0.0009610400   -0.0005791100   -0.0015154100
  -0.0076482100   -0.0000091900    0.0218182600
   0.0014983000    0.0020869800   -0.0034749200
   0.0004261700   -0.0000975400   -0.0050722000
  -0.0001047900   -0.0005917900   -0.0045787200
   0.0000834300   -0.0000469700   -0.0042642100
   0.0005890500    0.0003399900   -0.0054553700
   0.0004943800   -0.0002802900   -0.0051990300
  -0.0020179900    0.0006986500   -0.0037456000
   0.0000420500    0.0002120800   -0.0050076800
   0.0000055200   -0.0000681500   -0.0053115500
   0.0002070200   -0.0001035200   -0.0050969200
   0.0000300800   -0.0004154400   -0.0053153400
  -0.0007294100    0.0012505600   -0.0048031000
  -0.0011856700   -0.0033639800   -0.0031988900
   0.0001626000   -0.0000884900   -0.0053885700
   0.0008914800    0.0005198800   -0.0052618100
  -0.0040982300   -0.0055216600    0.0156763200
   0.0271856200   -0.0125869700    0.0243834100
   0.0012239200    0.0021415800    0.0000508800
  -0.0038948800    0.0011340500    0.0007707300
   0.0054216000    0.0179600400    0.0199066000
  -0.0006861100   -0.0016399500   -0.0095743700
  -0.0007546300   -0.0029914600    0.0002111800
  -0.0001367200    0.0013337000   -0.0083137300
   0.0024957800    0.0010533000   -0.0001133800
  -0.0026317400    0.0010891400    0.0001780300
   0.0025606300    0.0019131100    0.0002354100
  -0.0029346900    0.0017307500    0.0009279900
  -0.0007625800   -0.0035659500    0.0002296900
   0.0021634700    0.0003292400   -0.0089427200
  -0.0010715200   -0.0024791000    0.0005574000
  -0.0006604300    0.0000183000   -0.0108666300

49   
 -0.0054736242679351   0.0000000000000000  -0.0083689567673320
  -0.0000028500    0.0000121100    0.0042907000
   0.0000461800    0.0000545700    0.0022210900
   0.0000124300   -0.0000159500    0.0042884200
  -0.0000098700    0.0000668900    0.0022066800
   0.0000706500   -0.0000079200    0.0022222700
  -0.0000211300   -0.0000192900    0.0022206000
   0.0000366700   -0.0000381500    0.0022125700
  -0.0000369500   -0.0000363700    0.0022130800
   0.0000271700    0.0000008800    0.0042913700
  -0.0000113900    0.0000402300    0.0022111800
   0.0000033800    0.0000009300    0.0042954100
   0.0000284200    0.0000664900    0.0022127200
   0.0000480300   -0.0000637400    0.0022073100
  -0.0000278400   -0.0000465900    0.0022104600
   0.0000932800   -0.0000070000    0.0022100600
  -0.0000627300   -0.0000243800    0.0022066900
   0.0007782900    0.0004306000    0.0013619500
  -0.0006962400    0.0004182400    0.0014440700
   0.0007228300    0.0004112200    0.0014401100
  -0.0007537700    0.0004611200    0.0013852900
   0.0000312100   -0.0008254900    0.0014245800
   0.0000099100    0.0000330000   -0.0000911100
   0.0000267400   -0.0008996800    0.0013802100
  -0.0000155000    0.0000043500   -0.0001260800
   0.0007629600    0.0003836000    0.0014434800
  -0.0007884300    0.0004152000    0.0013858000
   0.0007913100    0.0004704600    0.0014096800
  -0.0007134900    0.0004296000    0.0014537300
   0.0000130500   -0.0008734600    0.0013382100
   0.0000458800   -0.0000102200   -0.0001283200
   0.0000062400   -0.0008435900    0.0014850200
  -0.0000125200   -0.0000007300   -0.0001348200
   0.0016260200    0.0009212600    0.0043707500
  -0.0015451400    0.0009079300    0.0042839800
   0.0015622600    0.0008979300    0.0042815900
  -0.0015919600    0.0009486400    0.0043390700
   0.0000298700   -0.0018052700    0.0043054800
   0.0000042100    0.0000297400    0.0068455500
   0.0000274000   -0.0018742700    0.0043400000
  -0.0000093600    0.0000007300    0.0068828000
   0.0016038800    0.0008666900    0.0042772500
  -0.0016323600    0.0009024200    0.0043338300
   0.0016358200    0.0009577200    0.0043101600
  -0.0015553600    0.0009122300    0.0042684500
   0.0000152300   -0.0018424300    0.0043844900
   0.0000459000   -0.0000033400    0.0068826700
   0.0000039500   -0.0018143500    0.0042363300
  -0.0000126300   -0.0000002900    0.0068877300
   0.0326521600    0.0000084800    0.0926028200
  -0.0055730200    0.0008510800   -0.0003334600
  -0.0009810200   -0.0000463400    0.0016358900
  -0.0068938900    0.0015112600    0.0006135500
   0.0003042900   -0.0025644800   -0.0001195800
  -0.0012572000   -0.0005749200   -0.0017461500
   0.0009268300   -0.0005464700   -0.0020019200
  -0.0025966000    0.0025411000    0.0001934400
  -0.0000863400   -0.0004804600    0.0017997400
  -0.0001401400    0.0011298100   -0.0018739400
  -0.0001824300    0.0005429800    0.0015655600
   0.0000883800    0.0011197100   -0.0017934100
  -0.0005427400   -0.0044064200    0.0004244000
  -0.0018035400    0.0021578500   -0.0001761800
   0.0007912000   -0.0004563400   -0.0017207700
  -0.0010369700   -0.0006529400   -0.0017440300
   0.0073339900   -0.0001322700   -0.0317876500
  -0.0014570200   -0.0024226000   -0.0071160300
  -0.0004808400   -0.0000243600   -0.0051365900
   0.0003128400    0.0001402900   -0.0060832000
  -0.0003244800    0.0002841900   -0.0063135300
  -0.0003840600   -0.0001059200   -0.0050765500
  -0.0006961000    0.0004232200   -0.0052319400
   0.0023097600   -0.0006174900   -0.0066804600
  -0.0000586000   -0.0002071900   -0.0053106100
  -0.0000814600   -0.0003078400   -0.0051490600
  -0.0001923200    0.0002500300   -0.0050517300
   0.0001482800    0.0001341600   -0.0052307100
   0.0003274000   -0.0008603000   -0.0058604900
   0.0015733000    0.0035572100   -0.0072954300
  -0.0004399200    0.0002870200   -0.0052512100
  -0.0005614600   -0.0004149100   -0.0053330200
   0.0095632400    0.0086557300   -0.0158273900
  -0.0310691200    0.0147106400   -0.0234061400
   0.0042471700    0.0009626300   -0.0001165500
  -0.0015381900    0.0019367900   -0.0008580500
  -0.0055217900   -0.0235503400   -0.0197784400
   0.0007716100    0.0016866100   -0.0113850400
   0.0007786200   -0.0032897600   -0.0003324600
   0.0001652800   -0.0013054000   -0.0125911400
   0.0029921900    0.0021544000    0.0000310300
  -0.0028087400    0.0020772100   -0.0002785700
   0.0029108200    0.0012362000   -0.0003211800
  -0.0024767900    0.0014168600   -0.0010115600
   0.0007414600   -0.0026909100   -0.0003612400
  -0.0021482900   -0.0003411000   -0.0119767500
   0.0010517100   -0.0037728800   -0.0005829900
   0.0007328900    0.0000038800   -0.0100437900

65   
  0.0054736242679351   0.0000000000000000   0.0083689567673320
  -0.0000142000   -0.0000028800    0.0042834200
  -0.0000163700    0.0000483900    0.0021897200
  -0.0000084400   -0.0000021800    0.0042812000
  -0.0000057000    0.0000648800    0.0022026400
   0.0000295300   -0.0000314500    0.0021904500
  -0.0000590900   -0.0000318200    0.0021891100
   0.0000506100   -0.0000341400    0.0021960900
  -0.0000673400   -0.0000310800    0.0021970200
  -0.0000067900    0.0000138000    0.0042822300
  -0.0000141400    0.0000703900    0.0021968800
  -0.0000079800   -0.0000049400    0.0042770000
  -0.0000164100    0.0000480900    0.0021965800
   0.0000407400   -0.0000344100    0.0022038000
  -0.0000651900   -0.0000243800    0.0021976300
   0.0000307700   -0.0000238200    0.0021965500
  -0.0000509300   -0.0000275000    0.0022035100
   0.0007480400    0.0004290600    0.0013045100
  -0.0007516800    0.0004243400    0.0013135500
   0.0007243000    0.0004294100    0.0013136200
  -0.0007606700    0.0004380500    0.0013022700
  -0.0000090800   -0.0008516100    0.0013063000
  -0.0000097400    0.0000031400   -0.0002291100
  -0.0000086900   -0.0008665000    0.0013085800
  -0.0000131200    0.0000043700   -0.0002269000
   0.0007300200    0.0004240000    0.0013199200
  -0.0007635300    0.0004229700    0.0013014300
   0.0007390800    0.0004357900    0.0013078500
  -0.0007460700    0.0004240700    0.0013117400
  -0.0000146500   -0.0008619000    0.0012976000
   0.0000016600    0.0000082300   -0.0002249100
  -0.0000155400   -0.0008502400    0.0013106900
  -0.0000116100   -0.0000028400   -0.0002315400
   0.0015877700    0.0009141600    0.0042725400
  -0.0015910500    0.0009086600    0.0042587400
   0.0015713900    0.0009153700    0.0042614500
  -0.0016076800    0.0009244200    0.0042765800
  -0.0000096800   -0.0018205500    0.0042672100
  -0.0000047000    0.0000058900    0.0068364800
  -0.0000082400   -0.0018389700    0.0042697300
  -0.0000180900    0.0000074300    0.0068358300
   0.0015738800    0.0009145900    0.0042559000
  -0.0016054900    0.0009093600    0.0042777800
   0.0015816700    0.0009217900    0.0042713900
  -0.0015905700    0.0009144300    0.0042634500
  -0.0000169200   -0.0018385500    0.0042806700
   0.0000016700    0.0000023000    0.0068328000
  -0.0000128700   -0.0018272800    0.0042640500
  -0.0000117100   -0.0000031100    0.0068398400
  -0.0075028500   -0.0000213800    0.0282714300
  -0.0001223600    0.0015965600   -0.0009317600
   0.0003948700    0.0000642800    0.0017307100
   0.0015296900   -0.0010984700    0.0001320700
  -0.0011358800   -0.0012305000   -0.0001879500
  -0.0004339000   -0.0002398900   -0.0016233100
   0.0014448700   -0.0008320900   -0.0018922300
  -0.0007721300   -0.0004597900   -0.0006831900
   0.0001786700    0.0001119500    0.0016530500
  -0.0000078800    0.0010631400   -0.0017584300
   0.0000299100   -0.0002034500    0.0017615400
  -0.0000097300    0.0014129700   -0.0017428500
  -0.0003198000    0.0029084800    0.0003518900
  -0.0015802400   -0.0017032700   -0.0012018500
   0.0017309600   -0.0009987900   -0.0016596600
  -0.0007210400   -0.0003850300   -0.0017972000
  -0.0330321000    0.0001672900   -0.0925527900
   0.0070817000    0.0002795700   -0.0075260300
   0.0008973100    0.0000446400   -0.0051477800
   0.0056466100   -0.0005155700   -0.0066045500
   0.0014407300    0.0032701100   -0.0072542600
   0.0002747500    0.0001370100   -0.0050768800
  -0.0000103800    0.0000426600   -0.0052159300
   0.0009283200   -0.0019649400   -0.0068160100
   0.0001698700    0.0004089700   -0.0050849700
   0.0000521600   -0.0001855500   -0.0051446900
   0.0000570800   -0.0004769100   -0.0051629000
   0.0000511400   -0.0002877900   -0.0051579800
   0.0007284000    0.0028561800   -0.0067988200
   0.0016170200   -0.0039063700   -0.0072900600
  -0.0001216300    0.0001058700   -0.0051853200
   0.0003771500    0.0002134700   -0.0051550600
   0.0310960700    0.0147298200    0.0232818200
  -0.0095894700    0.0086570100    0.0157117400
   0.0015437100    0.0019807500    0.0007574100
  -0.0042535100    0.0009447100    0.0000452700
   0.0054731200   -0.0235910400    0.0196238200
  -0.0001278700   -0.0013288000   -0.0083184200
  -0.0007947600   -0.0032989400    0.0001912500
  -0.0007085900    0.0016468700   -0.0095899900
   0.0025093400    0.0014126700    0.0009146500
  -0.0029175000    0.0012255700    0.0002210000
   0.0027966000    0.0020763100    0.0002071100
  -0.0029772200    0.0021104100   -0.0000982100
  -0.0010848300   -0.0037692400    0.0005294800
   0.0021464700   -0.0002982800   -0.0089423700
  -0.0007938400   -0.0027056800    0.0002658600
  -0.0006762000    0.0000172300   -0.0108825300

65   
 -0.0054736242679351   0.0000000000000000  -0.0083689567673320
   0.0000101700    0.0000031900    0.0042951800
   0.0000157100    0.0000606700    0.0022272700
   0.0000125400    0.0000043000    0.0043007600
   0.0000195100    0.0000698800    0.0022134200
   0.0000587300   -0.0000229000    0.0022264800
  -0.0000344100   -0.0000250200    0.0022280700
   0.0000605700   -0.0000207000    0.0022206600
  -0.0000268600   -0.0000262300    0.0022176000
   0.0000171800    0.0000036200    0.0042988900
   0.0000128700    0.0000594700    0.0022196100
   0.0000069100    0.0000029300    0.0043023000
   0.0000200600    0.0000551500    0.0022200000
   0.0000755500   -0.0000259500    0.0022130600
  -0.0000338300   -0.0000212400    0.0022177600
   0.0000615700   -0.0000174100    0.0022205900
  -0.0000458400   -0.0000280000    0.0022130700
   0.0007560500    0.0004327300    0.0015359400
  -0.0007193000    0.0004302300    0.0015426700
   0.0007519100    0.0004319800    0.0015469400
  -0.0007265600    0.0004384300    0.0015423900
   0.0000149500   -0.0008475800    0.0015383900
   0.0000225000    0.0000129800    0.0000071000
   0.0000186200   -0.0008623100    0.0015382400
   0.0000060400    0.0000102500    0.0000058300
   0.0007580400    0.0004297100    0.0015465300
  -0.0007359200    0.0004362900    0.0015393100
   0.0007670900    0.0004391500    0.0015370300
  -0.0007267200    0.0004324500    0.0015444700
   0.0000176000   -0.0008507500    0.0015408600
   0.0000163800   -0.0000047200    0.0000046500
   0.0000143300   -0.0008477100    0.0015474800
   0.0000140000    0.0000032400    0.0000000200
   0.0016027300    0.0009214300    0.0041492800
  -0.0015655600    0.0009190800    0.0041447000
   0.0015906100    0.0009194500    0.0041378900
  -0.0015657500    0.0009254900    0.0041399300
   0.0000152200   -0.0018253400    0.0041486300
   0.0000173200    0.0000099100    0.0067086800
   0.0000184400   -0.0018371700    0.0041426600
   0.0000114100    0.0000072200    0.0067083000
   0.0016002700    0.0009123700    0.0041380700
  -0.0015804400    0.0009233700    0.0041410700
   0.0016114400    0.0009266600    0.0041439700
  -0.0015681200    0.0009150500    0.0041404900
   0.0000199400   -0.0018216200    0.0041413500
   0.0000166400    0.0000010900    0.0067101500
   0.0000115700   -0.0018177700    0.0041371200
   0.0000142200    0.0000030800    0.0067165600
   0.0076512300    0.0000031100   -0.0251484500
   0.0001397100    0.0007290000   -0.0022918500
  -0.0004086100   -0.0000913500    0.0017240800
  -0.0014576800    0.0034316400   -0.0033683900
   0.0031765100    0.0000541300   -0.0031014100
  -0.0016147200   -0.0009258500   -0.0016582800
   0.0006038300   -0.0003344300   -0.0013879800
  -0.0012129600   -0.0007390400   -0.0025760700
  -0.0001855300   -0.0001243500    0.0017795200
   0.0000093400    0.0012832600   -0.0015224200
  -0.0000280000    0.0002263500    0.0016650100
   0.0000194600    0.0009374300   -0.0015228300
   0.0023873600   -0.0040262800   -0.0036366700
  -0.0004093900    0.0005605900   -0.0020333700
   0.0002951900   -0.0001587600   -0.0015740300
  -0.0013150900   -0.0007689900   -0.0014601700
   0.0336691500   -0.0003213900    0.0848571000
  -0.0069966100   -0.0005860400   -0.0031265200
  -0.0009082300   -0.0000695900   -0.0051600500
  -0.0056367200    0.0001697200   -0.0040299800
  -0.0017064000   -0.0030879400   -0.0033779800
   0.0000070100    0.0000441500   -0.0055060300
  -0.0002626000    0.0001342500   -0.0053711000
  -0.0006186000    0.0020856400   -0.0037586600
  -0.0001736400   -0.0004197800   -0.0052059300
  -0.0000478000   -0.0001550900   -0.0054415400
  -0.0000518200    0.0005014100   -0.0051106600
  -0.0000361400   -0.0000434400   -0.0054385900
  -0.0010024800   -0.0026381300   -0.0038386600
  -0.0013408600    0.0040764100   -0.0033175900
  -0.0001815600    0.0000850700   -0.0054405900
  -0.0000901300   -0.0000279100   -0.0054473300
  -0.0271467000   -0.0125583000   -0.0243029200
   0.0041423100   -0.0055360500   -0.0156600900
   0.0039076600    0.0011548400   -0.0007333300
  -0.0011760500    0.0021536700   -0.0000195600
  -0.0054147800    0.0179579100   -0.0198691100
   0.0001670100    0.0013290800   -0.0124640900
   0.0007726400   -0.0029872800   -0.0001918500
   0.0007112900   -0.0016571000   -0.0112150000
   0.0029601700    0.0017373900   -0.0009026500
  -0.0025432100    0.0019110800   -0.0002278700
   0.0026481300    0.0010917700   -0.0001599800
  -0.0024607600    0.0010574100    0.0001543100
   0.0010928100   -0.0024747300   -0.0005390400
  -0.0021401700    0.0003340300   -0.0118282500
   0.0007916600   -0.0035614000   -0.0001961800
   0.0006853900    0.0000054500   -0.0099183300

81   
  0.0054736242679351   0.0000000000000000   0.0083689567673320
   0.0000112900    0.0000877000    0.0043084100
  -0.0000079700    0.0001298400    0.0022218800
   0.0000242300    0.0000796500    0.0042929000
   0.0000452500    0.0001553400    0.0022117900
   0.0000418600    0.0000411600    0.0022240700
  -0.0000339400    0.0000549200    0.0022211100
   0.0000891700    0.0000502800    0.0022202600
  -0.0000252900    0.0000391400    0.0022229800
   0.0000242200    0.0000870400    0.0042945900
   0.0000195400    0.0001536700    0.0022199500
   0.0000192800    0.0000689100    0.0043018700
   0.0000094000    0.0001079200    0.0022108700
   0.0000815200    0.0000492800    0.0022136300
  -0.0000423500    0.0000560600    0.0022226900
   0.0000517400    0.0000497400    0.0022102400
  -0.0000192000    0.0000488900    0.0022069400
   0.0007724100    0.0005078200    0.0013353900
  -0.0007105800    0.0005009700    0.0013434100
   0.0007532800    0.0005007900    0.0013457400
  -0.0007382300    0.0005198800    0.0013302200
   0.0000199400   -0.0007644800    0.0013349900
   0.0000235400    0.0000968700   -0.0001977500
   0.0000274400   -0.0007931000    0.0013261100
   0.0000061600    0.0000816800   -0.0002035400
   0.0007652900    0.0004967400    0.0013558500
  -0.0007475200    0.0005009200    0.0013292200
   0.0007715600    0.0005254200    0.0013317000
  -0.0007119600    0.0005045600    0.0013384700
   0.0000163800   -0.0007860000    0.0013205500
   0.0000338000    0.0000735400   -0.0001962000
   0.0000096100   -0.0007714200    0.0013481500
   0.0000177400    0.0000807500   -0.0002060800
   0.0016157100    0.0009946100    0.0043989100
  -0.0015602100    0.0009870100    0.0043762400
   0.0015974100    0.0009874400    0.0043760500
  -0.0015753400    0.0010062500    0.0043932600
   0.0000154300   -0.0017432000    0.0043857300
   0.0000208800    0.0000947000    0.0069479800
   0.0000313000   -0.0017685800    0.0043940000
   0.0000090600    0.0000765300    0.0069577500
   0.0016078400    0.0009845500    0.0043656300
  -0.0015900200    0.0009913700    0.0043904700
   0.0016148600    0.0010113100    0.0043913200
  -0.0015555600    0.0009876100    0.0043843300
   0.0000188000   -0.0017535400    0.0044011900
   0.0000305400    0.0000790500    0.0069483000
   0.0000068100   -0.0017437300    0.0043739000
   0.0000211900    0.0000829000    0.0069607300
   0.0049341300   -0.0002547500    0.0099320000
  -0.0007773200    0.0003484400   -0.0010479300
  -0.0018737200   -0.0002572100    0.0020515900
   0.0168504300   -0.0052796200    0.0294321400
  -0.0001296400   -0.0004598900   -0.0010537200
  -0.0016928200   -0.0005180300   -0.0020630500
   0.0003809500    0.0010018800   -0.0013117400
   0.0011717700    0.0005818600   -0.0001163300
  -0.0010405000   -0.0002428100    0.0021722800
   0.0005812000    0.0012168900   -0.0012021000
   0.0000304400    0.0005443100    0.0018701400
  -0.0000481700    0.0008742300   -0.0012794500
   0.0065271400    0.0064548300    0.0181247100
  -0.0004522700    0.0004586700    0.0000746500
   0.0002771600   -0.0005624500   -0.0013586800
  -0.0023813700   -0.0025486900   -0.0002751800
   0.0179681700    0.0073359100    0.0270298200
  -0.0018946500    0.0002165400   -0.0049368700
  -0.0007807500    0.0009801300   -0.0045393100
   0.0049272200    0.0002009200    0.0026970000
  -0.0007925900   -0.0013553600   -0.0049338700
  -0.0005351500    0.0001562000   -0.0056558700
  -0.0013014000    0.0001054300   -0.0046757400
   0.0023276300   -0.0009459600   -0.0037511100
   0.0005733100    0.0000909200   -0.0046574400
  -0.0010316300    0.0002273900   -0.0047824200
  -0.0000611400    0.0004905900   -0.0047180100
   0.0000499000   -0.0005262500   -0.0050809300
   0.0052481000   -0.0072813900    0.0146717300
  -0.0011879000    0.0022220900   -0.0039521800
  -0.0008866800    0.0002195700   -0.0050001000
   0.0006962000   -0.0007689400   -0.0035816900
  -0.0858140200   -0.0061482400   -0.0457640900
   0.0121367900   -0.0005886900   -0.0138077800
   0.0042444700    0.0016395100   -0.0010945400
   0.0121207700    0.0037726900   -0.0135947100
   0.0006520800    0.0072101200   -0.0137854300
   0.0016890600    0.0006944200   -0.0112126500
   0.0017075300   -0.0036902600   -0.0007556500
   0.0008131700   -0.0102884200   -0.0240272100
   0.0025933700    0.0026042400   -0.0010953000
  -0.0020956800    0.0016782400   -0.0007843400
   0.0025893700    0.0007024700   -0.0010769800
  -0.0020804500    0.0016511900   -0.0007874500
   0.0007802300    0.0030043600   -0.0136572500
   0.0006888600   -0.0058023400   -0.0241436300
   0.0016958800   -0.0036816400   -0.0007957700
   0.0016962000    0.0007081700   -0.0111857800

81   
 -0.0054736242679351   0.0000000000000000  -0.0083689567673320
   0.0000279700   -0.0000003100    0.0042759300
   0.0000267800    0.0000537400    0.0021975600
   0.0000116200    0.0000047300    0.0042887500
   0.0000132700    0.0000670700    0.0022062000
   0.0000750500   -0.0000246000    0.0021953200
  -0.0000315700   -0.0000335500    0.0021986400
   0.0000740600   -0.0000291700    0.0021984600
  -0.0000388600   -0.0000191800    0.0021957100
   0.0000220700    0.0000072600    0.0042882700
   0.0000189000    0.0000668800    0.0021988100
   0.0000241600    0.0000042000    0.0042817000
   0.0000142000    0.0000611400    0.0022077300
   0.0000699400   -0.0000348400    0.0022063600
  -0.0000240700   -0.0000215700    0.0021977600
   0.0000622700   -0.0000191700    0.0022081800
  -0.0000274800   -0.0000262700    0.0022131700
   0.0007765400    0.0004328300    0.0012914200
  -0.0007218600    0.0004277000    0.0012997800
   0.0007581300    0.0004333800    0.0013036300
  -0.0007284000    0.0004394800    0.0012960700
   0.0000206900   -0.0008482600    0.0012953200
   0.0000216800    0.0000054900   -0.0002414500
   0.0000219600   -0.0008618400    0.0012992700
   0.0000197400    0.0000069900   -0.0002361300
   0.0007598500    0.0004292000    0.0013064400
  -0.0007302100    0.0004303600    0.0012904100
   0.0007697400    0.0004388100    0.0012961400
  -0.0007154200    0.0004286500    0.0013010700
   0.0000190700   -0.0008576300    0.0012899400
   0.0000294500    0.0000113300   -0.0002365300
   0.0000160200   -0.0008482500    0.0012979500
   0.0000199500    0.0000016300   -0.0002404800
   0.0016203900    0.0009196200    0.0042588600
  -0.0015581100    0.0009152200    0.0042497500
   0.0015996100    0.0009201700    0.0042451300
  -0.0015779600    0.0009265900    0.0042579700
   0.0000252500   -0.0018161200    0.0042553200
   0.0000239600    0.0000069200    0.0068246600
   0.0000178000   -0.0018328100    0.0042519800
   0.0000168600    0.0000124100    0.0068199100
   0.0016024500    0.0009152100    0.0042433600
  -0.0015735300    0.0009131300    0.0042621100
   0.0016123400    0.0009258700    0.0042535200
  -0.0015576100    0.0009192100    0.0042464700
   0.0000167900   -0.0018377800    0.0042636800
   0.0000324100    0.0000057900    0.0068189100
   0.0000191100   -0.0018233300    0.0042495600
   0.0000161600   -0.0000011500    0.0068201200
  -0.0048841400    0.0002834600   -0.0062715900
   0.0008360100    0.0020971100   -0.0021931000
   0.0019282600    0.0002997900    0.0013968600
  -0.0179636600    0.0084266100   -0.0337925500
   0.0022406200   -0.0006293500   -0.0022240600
  -0.0003150700   -0.0005990900   -0.0012367900
   0.0016873900   -0.0021113600   -0.0019981700
  -0.0031559100   -0.0016718500   -0.0031825100
   0.0010628500    0.0003036600    0.0012310700
  -0.0005523100    0.0011937900   -0.0021083100
   0.0000060400   -0.0004217300    0.0015076000
   0.0001102500    0.0015569200   -0.0020349500
  -0.0043374300   -0.0080324200   -0.0215807900
  -0.0015208300   -0.0015228800   -0.0033346900
   0.0017773800   -0.0005059100   -0.0019110500
   0.0003688500    0.0014978100   -0.0029630500
  -0.0167938900   -0.0065280300   -0.0361723700
   0.0019297200   -0.0004846200   -0.0056420400
   0.0008152300   -0.0009148600   -0.0057309900
  -0.0048997100   -0.0005282900   -0.0134902000
   0.0005614300    0.0016143600   -0.0056163900
   0.0008433200    0.0000756400   -0.0048778700
   0.0010260400    0.0001275300   -0.0058393300
  -0.0020010300    0.0012021500   -0.0067762300
  -0.0005493200   -0.0000458600   -0.0055684700
   0.0010613800   -0.0004827000   -0.0057232400
   0.0001051300   -0.0003655000   -0.0054642600
   0.0000177400    0.0002681300   -0.0054366300
  -0.0056123800    0.0070818300   -0.0250348500
   0.0015553700   -0.0019608500   -0.0066333400
   0.0006148900    0.0000551300   -0.0055560600
  -0.0003653300    0.0010784500   -0.0069810000
   0.0876099100    0.0009370400    0.0470160200
  -0.0175401400    0.0036777200    0.0135528000
   0.0012285500    0.0015619300    0.0010439100
  -0.0175293600   -0.0006805500    0.0137332000
  -0.0007753700   -0.0135138500    0.0135560400
  -0.0016619000   -0.0006123200   -0.0096796400
  -0.0016656000   -0.0025087200    0.0007488500
  -0.0006285300    0.0102685000    0.0033017800
   0.0028925300    0.0006202300    0.0010291600
  -0.0033162700    0.0015934200    0.0007343300
   0.0028639500    0.0025438800    0.0010538300
  -0.0033185800    0.0015821200    0.0007263300
  -0.0006715600   -0.0090105100    0.0136376900
  -0.0007316100    0.0060834500    0.0032027100
  -0.0016801100   -0.0025088200    0.0007558500
  -0.0016640000   -0.0005857600   -0.0096662300
