150  
12   

1    
  0.0062658233877273   0.0000000000000000   0.0077935522885145
  -0.1353805500   -0.0003182200   -0.1968262200
   0.0031021100    0.0065840100   -0.0035452500
   0.0014151500   -0.0000937900    0.0002085800
   0.0009310800    0.0000180800    0.0001452400
   0.0046391600   -0.0067505400   -0.0033273900
   0.0017374600   -0.0064244000   -0.0035750700
   0.0006035200   -0.0003269900   -0.0005266000
   0.0000594100    0.0006924200    0.0009335400
  -0.0001413000    0.0007504100   -0.0005697900
   0.0027994100    0.0050587000   -0.0032970900
   0.0001149700    0.0009387000    0.0001733100
   0.0006622800   -0.0003487100    0.0009145900
  -0.0005359500   -0.0003425500    0.0009527900
  -0.0000623100   -0.0004935000    0.0001799800
   0.0011729700    0.0003926400   -0.0006078100
  -0.0001210700    0.0004125200    0.0001426600
   0.0011680500   -0.0004361400   -0.0005484800
   0.0001759900   -0.0007916800    0.0002118900
   0.0006274900    0.0003315900    0.0009424600
  -0.0004994400    0.0003174800    0.0009315200
   0.0025952700    0.0084065700   -0.0034651600
   0.0019467000   -0.0067828100   -0.0034045900
   0.0005736100    0.0003425900   -0.0005731400
   0.0000546400   -0.0006512000    0.0009367800
  -0.0001142000   -0.0007351500   -0.0006427900
   0.0057819200   -0.0009784800    0.0034199700
  -0.0006104200    0.0008246200   -0.0095021800
   0.0000531100    0.0001221300   -0.0058243100
   0.0011982000    0.0021694900   -0.0101282100
   0.0421460100   -0.0200088400    0.0400996900
   0.0009386000   -0.0011098500   -0.0096596400
  -0.0049718800   -0.0028527800   -0.0106180700
   0.0048592800   -0.0028233100   -0.0106013400
  -0.0007528300   -0.0019567600   -0.0099701100
  -0.0023062300   -0.0011593000   -0.0045253100
   0.0001383300   -0.0000515700   -0.0057666000
  -0.0000311600    0.0056774000   -0.0106091900
  -0.0000718500   -0.0000703500   -0.0058830800
  -0.0027364100   -0.0042495600   -0.0073710300
   0.0027730500   -0.0043207900   -0.0073825700
   0.0021631600   -0.0003370300   -0.0099684500
  -0.0013400100    0.0004057600   -0.0096512200
  -0.0052049300   -0.0002053700   -0.0073387300
  -0.0000442600   -0.0000000200    0.0017386200
   0.0049720100   -0.0002828300   -0.0074173100
   0.0074802100    0.0211180300    0.0219083600
  -0.0005475500   -0.0010189100   -0.0049486600
  -0.0024458200    0.0046418900   -0.0073479300
   0.0022201500    0.0044169500   -0.0074089600
   0.0014626000    0.0021692900   -0.0041089200
   0.0506933900    0.0250843300    0.0492874000
   0.0002712900    0.0010909800   -0.0057417400
   0.0000329700    0.0017270300   -0.0023489600
   0.0003112000    0.0023309100   -0.0050848500
  -0.0015482800    0.0050881100    0.0108668400
   0.0015755000   -0.0004548000   -0.0055461300
  -0.0031701100   -0.0018267300   -0.0017940600
   0.0030781500   -0.0017808700   -0.0018326300
  -0.0013718900   -0.0012934600   -0.0052811500
  -0.0022871600    0.0001533500   -0.0018042600
   0.0015112300   -0.0008561000   -0.0024067100
  -0.0000066700    0.0036088400   -0.0018138000
  -0.0014786800   -0.0008710500   -0.0022901300
  -0.0051133200   -0.0081401400    0.0021645300
   0.0051495000   -0.0082561700    0.0021604500
   0.0018673900   -0.0011917900   -0.0052218000
  -0.0011215500   -0.0004860800   -0.0056151400
  -0.0097695300   -0.0003297000    0.0021049000
  -0.0000289200    0.0000000800    0.0094235800
   0.0095609000   -0.0003622500    0.0022226600
   0.0072523500   -0.0300301200    0.0299172000
   0.0006213500   -0.0016829100   -0.0012593600
  -0.0046401700    0.0086681100    0.0021063200
   0.0044263400    0.0084198800    0.0022220700
   0.0003576000    0.0015204700   -0.0023415000
   0.0002726200   -0.0000001500    0.0041600300
  -0.0029644900    0.0001233400    0.0027889400
  -0.0016086900    0.0006988600    0.0057539400
   0.0016242800    0.0007041100    0.0057597400
   0.0030486000    0.0002344000    0.0026933100
  -0.0013196900   -0.0027135600    0.0028626400
   0.0007801700    0.0004443600    0.0059352100
   0.0000073500   -0.0010863600    0.0038252900
  -0.0007606900    0.0004437200    0.0058761600
   0.0013793200   -0.0026732300    0.0026202400
  -0.0001837400   -0.0017343200    0.0057524700
  -0.0009359600    0.0005448700    0.0038269200
   0.0009465800    0.0005424100    0.0038246000
   0.0002168800   -0.0017642300    0.0057610100
  -0.0000145400   -0.0001176200    0.0052356100
   0.0014162300    0.0010319700    0.0057555600
   0.0000092700   -0.0008895800    0.0059053200
  -0.0014137400    0.0010645200    0.0057582600
  -0.0018785400   -0.0010785300    0.0035874100
   0.0018804100   -0.0010916900    0.0036088800
   0.0017605400    0.0025089300    0.0028139300
  -0.0015575100    0.0025224600    0.0026667000
  -0.0001423900    0.0000742000    0.0051948500
  -0.0000108000    0.0021699800    0.0035980200
   0.0000605500    0.0000431300    0.0052749500
   0.0000119300   -0.0000005900    0.0023978800
   0.0001342300    0.0002822300   -0.0080109800
  -0.0012033600    0.0002939900    0.0081165300
   0.0012198500    0.0002944200    0.0081096800
  -0.0001086900    0.0002542600   -0.0080199400
   0.0003028900   -0.0000296100   -0.0080182600
  -0.0022836400   -0.0013180600    0.0043697400
   0.0000093300    0.0040600700    0.0006240700
   0.0022894500   -0.0013234400    0.0043617400
  -0.0002807600   -0.0000281300   -0.0080132200
  -0.0003452300   -0.0011964900    0.0081125500
   0.0035253300   -0.0020297700    0.0006226400
  -0.0035062200   -0.0020296300    0.0006243800
   0.0003559600   -0.0011941900    0.0081133600
   0.0000071300   -0.0026563800    0.0046522200
   0.0008675300    0.0009042300    0.0081088100
  -0.0000013300    0.0026401600    0.0043659900
  -0.0008522500    0.0008982300    0.0081167700
   0.0026696900    0.0015383000    0.0018865800
  -0.0026623400    0.0015405000    0.0018876500
   0.0001725900   -0.0002292600   -0.0080220600
  -0.0001718000   -0.0002474200   -0.0080082500
  -0.0022995200    0.0013320400    0.0046605800
   0.0000052400   -0.0030787700    0.0018876300
   0.0023000000    0.0013235300    0.0046452300
   0.0001992400    0.0000930000    0.0040521000
  -0.0010343300    0.0019342200    0.0030641400
   0.0000205400    0.0009568200    0.0050805800
   0.0010516500    0.0019367700    0.0030920500
  -0.0001621700    0.0001158000    0.0038108900
   0.0011868900   -0.0018892400    0.0030459600
   0.0001280300    0.0000914200    0.0037518400
  -0.0001519700    0.0000703300    0.0037469500
  -0.0011225100   -0.0018538700    0.0031097800
  -0.0000515400   -0.0010560000    0.0056390800
   0.0008611400   -0.0004857100    0.0050909300
  -0.0000303200   -0.0001618200    0.0037492000
  -0.0007967600   -0.0004713300    0.0050683000
  -0.0007931900   -0.0012629700    0.0047467200
   0.0008378300   -0.0012567900    0.0047270300
   0.0022357100   -0.0000766400    0.0030596900
  -0.0021614300   -0.0000524700    0.0030954300
  -0.0014877500   -0.0000729400    0.0047437200
   0.0000173400   -0.0000000800    0.0005078500
   0.0015091800   -0.0000807300    0.0047286700
   0.0000387000   -0.0002094800    0.0039321500
  -0.0008719800    0.0004739000    0.0056517500
  -0.0006676700    0.0013425300    0.0047348700
   0.0006990100    0.0013303000    0.0047391100
   0.0009577400    0.0005829800    0.0056273800

1    
 -0.0062658233877273  -0.0000000000000000  -0.0077935522885145
   0.1343103200   -0.0002924200    0.1935342000
  -0.0049859100   -0.0066370800    0.0032859300
  -0.0008587200    0.0000695900   -0.0006386600
  -0.0014717700   -0.0000339300   -0.0005969600
  -0.0027451900    0.0067062300    0.0029408500
  -0.0028699900    0.0046976900    0.0031982200
   0.0002190100    0.0007936700   -0.0007409100
  -0.0000504700    0.0007100100    0.0009307200
  -0.0006656800   -0.0002905700   -0.0006973900
  -0.0016597200   -0.0067907800    0.0030302000
   0.0001484100   -0.0004628700   -0.0006104000
   0.0005558200   -0.0003534300    0.0009484600
  -0.0006717700   -0.0003592000    0.0009127100
  -0.0001888000    0.0009670500   -0.0006259600
  -0.0011587600    0.0004553000   -0.0007785600
  -0.0001567400   -0.0008821100   -0.0005888700
  -0.0011588600   -0.0005160000   -0.0007187600
   0.0001172500    0.0003365700   -0.0006468800
   0.0004594300    0.0002976500    0.0009282500
  -0.0005777700    0.0003020700    0.0009401400
  -0.0016599300   -0.0065344200    0.0030256700
  -0.0028609600    0.0086506900    0.0032045400
   0.0001736600   -0.0007713100   -0.0007989800
  -0.0000538300   -0.0006025200    0.0009344900
  -0.0006235100    0.0003109800   -0.0007588500
   0.0028696800    0.0059568500   -0.0253238200
  -0.0003660000    0.0018570100   -0.0108596300
  -0.0000464800    0.0001476200   -0.0058892300
  -0.0002396800    0.0005387200   -0.0102391800
  -0.0526500900    0.0261104000   -0.0638484900
   0.0009090900   -0.0010733600   -0.0106846900
  -0.0048552100   -0.0028241800   -0.0106878300
   0.0049888200   -0.0028612200   -0.0107007100
  -0.0011026200   -0.0002396300   -0.0104106000
   0.0022914500    0.0011395500   -0.0076353100
   0.0001026300   -0.0000841900   -0.0059459600
   0.0000348900    0.0056822900   -0.0106978500
  -0.0001521200   -0.0000572900   -0.0058295800
  -0.0029459200   -0.0040668900   -0.0073444900
   0.0029248600   -0.0039955800   -0.0073233900
   0.0006586600   -0.0001866300   -0.0103745200
  -0.0014770500   -0.0009029700   -0.0107144200
  -0.0048414800   -0.0005616200   -0.0073684600
   0.0000545500   -0.0000020300    0.0017829600
   0.0050816600   -0.0004921200   -0.0072904200
  -0.0074338700   -0.0319218300   -0.0444277600
   0.0005049200    0.0010253200   -0.0072203700
  -0.0019102500    0.0044444300   -0.0073626500
   0.0021415200    0.0046729800   -0.0073039000
  -0.0014741500   -0.0021766400   -0.0080573000
  -0.0422758100   -0.0201991800   -0.0531441300
  -0.0010057700    0.0024912400   -0.0059854700
  -0.0000255500    0.0017210400   -0.0024204400
   0.0004733000    0.0012333200   -0.0066551400
  -0.0049972400   -0.0013167000   -0.0165741400
   0.0011589300   -0.0019935000   -0.0061730500
  -0.0030561100   -0.0017725000   -0.0019445800
   0.0031636400   -0.0018208700   -0.0019095900
  -0.0013281800   -0.0011550300   -0.0064710100
   0.0023133700   -0.0024937500   -0.0045609400
   0.0014800900   -0.0008674900   -0.0023670300
   0.0000118500    0.0035900100   -0.0019234500
  -0.0014997500   -0.0008472500   -0.0024770200
  -0.0049315700   -0.0084777700    0.0021883500
   0.0049146100   -0.0083611500    0.0021862500
   0.0016249300    0.0000737600   -0.0065073900
  -0.0023377500   -0.0006573600   -0.0061420200
  -0.0096458500   -0.0000715100    0.0022375300
   0.0000368700   -0.0000021000    0.0093976800
   0.0098654700   -0.0000369300    0.0021279800
  -0.0072809500    0.0216456600   -0.0350065000
  -0.0026017000    0.0028313200   -0.0051047700
  -0.0047163900    0.0083504500    0.0022413400
   0.0049482900    0.0085979500    0.0021319400
   0.0017122100   -0.0003494600   -0.0040084600
  -0.0002575200    0.0000000500    0.0056718700
  -0.0031402100    0.0004744500    0.0021986200
  -0.0016137500    0.0007077400    0.0057619500
   0.0016135100    0.0007030900    0.0057555100
   0.0030650500    0.0003605800    0.0022964900
  -0.0012127000   -0.0028765100    0.0021257600
   0.0007017500    0.0004056800    0.0059002900
   0.0000003000   -0.0010922700    0.0038501700
  -0.0007064000    0.0004071300    0.0059601800
   0.0011662900   -0.0029155200    0.0023696200
  -0.0002041400   -0.0017647800    0.0057633800
  -0.0009441300    0.0005455400    0.0038495900
   0.0009484600    0.0005475200    0.0038523000
   0.0001859500   -0.0017352900    0.0057548500
   0.0000219500   -0.0001165100    0.0052989900
   0.0014244500    0.0010606300    0.0057612200
  -0.0000024600   -0.0008136800    0.0059300300
  -0.0014116100    0.0010264300    0.0057571500
  -0.0018612200   -0.0010861300    0.0035812300
   0.0018749100   -0.0010724100    0.0035611400
   0.0018168200    0.0024837900    0.0021735500
  -0.0020103300    0.0024729500    0.0023189000
  -0.0000521200    0.0000436100    0.0053385000
   0.0000178600    0.0021576700    0.0035716000
   0.0001507000    0.0000738700    0.0052601000
  -0.0000033900   -0.0000000200    0.0025880100
   0.0001238800    0.0002085500   -0.0080377400
  -0.0012074600    0.0002716500    0.0081387600
   0.0012049700    0.0002716200    0.0081463600
  -0.0001351800    0.0002361200   -0.0080266700
   0.0002536200    0.0000011400   -0.0080301800
  -0.0022778700   -0.0013210600    0.0043732700
  -0.0000019600    0.0040721700    0.0006545600
   0.0022868500   -0.0013146600    0.0043807100
  -0.0002614900   -0.0000000900   -0.0080340900
  -0.0003649700   -0.0011785900    0.0081430300
   0.0035242500   -0.0020354500    0.0006546500
  -0.0035284600   -0.0020360000    0.0006529600
   0.0003687500   -0.0011820200    0.0081413100
   0.0000002400   -0.0026403600    0.0046715100
   0.0008377000    0.0009046000    0.0081456900
   0.0000084000    0.0026342500    0.0043771000
  -0.0008392900    0.0009103100    0.0081388100
   0.0026706700    0.0015399100    0.0019153500
  -0.0026619200    0.0015381800    0.0019134300
   0.0001341600   -0.0002326800   -0.0080247100
  -0.0001210800   -0.0002135800   -0.0080382400
  -0.0022793500    0.0013168900    0.0046642300
   0.0000019500   -0.0030786100    0.0019144500
   0.0022941100    0.0013237600    0.0046780600
  -0.0001484300   -0.0000686300    0.0039576200
  -0.0010044700    0.0020387700    0.0029923000
  -0.0000141200    0.0009221300    0.0049875900
   0.0010035900    0.0020355700    0.0029677700
   0.0001263200   -0.0000904800    0.0041865200
   0.0012375400   -0.0018712300    0.0030108200
   0.0001555800    0.0000676100    0.0036675900
  -0.0001166400    0.0000904600    0.0036734200
  -0.0012882600   -0.0019063500    0.0029495300
   0.0000586400   -0.0010939700    0.0055088500
   0.0007735700   -0.0004545300    0.0049765200
   0.0000387200   -0.0001579800    0.0036705400
  -0.0008257000   -0.0004688900    0.0049986600
  -0.0008572800   -0.0012871500    0.0046875300
   0.0008273900   -0.0012937600    0.0047075200
   0.0022367700   -0.0001359500    0.0029983000
  -0.0022965600   -0.0001633000    0.0029617300
  -0.0015428100   -0.0000885200    0.0046895400
  -0.0000105500   -0.0000001600    0.0004624200
   0.0015341800   -0.0000806900    0.0047047500
  -0.0000301700    0.0001579700    0.0040720600
  -0.0009828900    0.0006017300    0.0054956800
  -0.0007060400    0.0013693900    0.0046996700
   0.0006869200    0.0013801900    0.0046951800
   0.0009119100    0.0004920600    0.0055227300

26   
  0.0062658233877273   0.0000000000000000   0.0077935522885145
   0.0011099900   -0.0036884300    0.0155201100
   0.0477089900   -0.0239046100    0.0524889000
   0.0002137800   -0.0003256600    0.0004754400
  -0.0002118200    0.0000744300   -0.0001993300
   0.0017750000    0.0002317300   -0.0001368300
   0.0069019600    0.0264000400    0.0332670500
   0.0013943400    0.0021333700    0.0017259100
  -0.0001421400    0.0006241700    0.0010209500
  -0.0004739400    0.0002485000   -0.0007909500
   0.0005450600   -0.0022175100    0.0005664500
   0.0003571800    0.0005264600    0.0004111000
   0.0004471100   -0.0004803200    0.0009488600
  -0.0006370600   -0.0003549200    0.0009005300
  -0.0001905200    0.0003297900   -0.0003044100
   0.0006207000   -0.0004946400   -0.0006023500
  -0.0000337300   -0.0002558600   -0.0002076100
   0.0000141100   -0.0003803300   -0.0007407500
   0.0001813400   -0.0002194600   -0.0001829600
   0.0005097600    0.0002611400    0.0009660900
  -0.0005554300    0.0003265700    0.0009699900
   0.0007795400    0.0007534800    0.0001309100
  -0.0028000300    0.0003799700    0.0013764300
   0.0003023700    0.0006694700   -0.0002692200
  -0.0000412800   -0.0006133600    0.0009660600
  -0.0004313000   -0.0002470200   -0.0006576100
  -0.0665615700    0.0028107600   -0.1172397500
   0.0041959900    0.0012848500   -0.0119337500
   0.0000350300    0.0000969600   -0.0060061100
   0.0005267800    0.0012642100   -0.0103319200
   0.0017965300    0.0027501300   -0.0138828300
   0.0015325700    0.0009359200   -0.0121713100
  -0.0050127400   -0.0028965100   -0.0106868300
   0.0050003100   -0.0028348600   -0.0107024600
  -0.0010217300   -0.0010353900   -0.0100218400
   0.0012375800   -0.0034645200   -0.0088083900
   0.0000860800   -0.0000529500   -0.0060493800
   0.0000571700    0.0056938800   -0.0107217400
  -0.0000737400   -0.0000892300   -0.0059010400
  -0.0027622300   -0.0041175300   -0.0074667800
   0.0028455900   -0.0040312700   -0.0072988600
   0.0013778600   -0.0001904900   -0.0103678500
  -0.0014056200   -0.0002604200   -0.0101215400
  -0.0049443900   -0.0003794500   -0.0074604100
   0.0000610400   -0.0000104100    0.0016999800
   0.0050629600   -0.0003647800   -0.0074007300
   0.0013884800   -0.0019579500   -0.0135147200
   0.0004498900   -0.0018146100   -0.0082036200
  -0.0021622400    0.0045312100   -0.0072926200
   0.0022549700    0.0045283300   -0.0074125200
  -0.0001884000   -0.0001122800   -0.0060200800
   0.0014367500    0.0019098000    0.0071554000
   0.0013991700    0.0033508200   -0.0044034800
   0.0000457500    0.0018295600   -0.0023891600
   0.0003983200    0.0016699400   -0.0058813300
  -0.0039187400    0.0023841400   -0.0033585100
   0.0022674200   -0.0005865300   -0.0055653800
  -0.0030350400   -0.0017574800   -0.0020133600
   0.0031408300   -0.0018125700   -0.0018605900
  -0.0011737600   -0.0013242900   -0.0061403500
  -0.0020518500   -0.0007594700   -0.0025077000
   0.0014643700   -0.0009202000   -0.0023804800
   0.0000215700    0.0036006000   -0.0018418000
  -0.0014547400   -0.0008531200   -0.0023814200
  -0.0050543100   -0.0082185900    0.0021530600
   0.0050448900   -0.0082718800    0.0019754200
   0.0016911200   -0.0004270800   -0.0058727600
  -0.0017292700   -0.0005075600   -0.0060723200
  -0.0097232800   -0.0003522300    0.0021535400
   0.0000419100    0.0000093300    0.0094172400
   0.0097345300   -0.0002019500    0.0021836100
  -0.0002730500   -0.0041578600   -0.0035443900
  -0.0018665000   -0.0021856600   -0.0015299800
  -0.0045208400    0.0084230200    0.0019122100
   0.0047050100    0.0084965900    0.0021859600
   0.0011166300    0.0006314700   -0.0033268200
   0.0000376000    0.0000116200    0.0049218500
  -0.0030630500    0.0003129300    0.0024825200
  -0.0016279100    0.0007237500    0.0057510400
   0.0016357600    0.0007015300    0.0057560500
   0.0030775400    0.0003075200    0.0024862400
  -0.0012504400   -0.0028200400    0.0024957400
   0.0007354200    0.0004222900    0.0058519900
   0.0000101500   -0.0010918300    0.0038312400
  -0.0007112600    0.0004288400    0.0059272000
   0.0012835800   -0.0027990400    0.0024983900
  -0.0001797300   -0.0017730600    0.0057538900
  -0.0009321800    0.0005366000    0.0038327900
   0.0009623600    0.0005446000    0.0038374000
   0.0002154600   -0.0017575700    0.0057628100
   0.0000111500   -0.0001439200    0.0052524500
   0.0014342100    0.0010497600    0.0057523800
   0.0000230600   -0.0008433000    0.0059224000
  -0.0014031600    0.0010511500    0.0057544200
  -0.0018523500   -0.0010828200    0.0035880900
   0.0018886600   -0.0010809900    0.0035838500
   0.0018092800    0.0024960500    0.0024906200
  -0.0017776300    0.0025038700    0.0024641300
  -0.0001216500    0.0000739900    0.0052574600
   0.0000264100    0.0021565300    0.0035888900
   0.0001263100    0.0000630100    0.0052603100
   0.0000207800    0.0000076700    0.0025093800
   0.0001395800    0.0002410800   -0.0080105700
  -0.0011912000    0.0002831000    0.0081266100
   0.0012275700    0.0002828500    0.0081282800
  -0.0001040000    0.0002442500   -0.0080221300
   0.0002838600   -0.0000183800   -0.0080095100
  -0.0022735200   -0.0013194900    0.0043670700
   0.0000191400    0.0040656900    0.0006343800
   0.0023027800   -0.0013183300    0.0043701800
  -0.0002563500   -0.0000191300   -0.0080218700
  -0.0003408500   -0.0011913400    0.0081255300
   0.0035392000   -0.0020328100    0.0006365200
  -0.0035056600   -0.0020336800    0.0006398600
   0.0003753300   -0.0011894400    0.0081273900
   0.0000207700   -0.0026490200    0.0046652700
   0.0008686100    0.0009062600    0.0081293200
   0.0000171700    0.0026377800    0.0043683700
  -0.0008326100    0.0009040300    0.0081256900
   0.0026859300    0.0015385400    0.0018988500
  -0.0026484900    0.0015376100    0.0019003100
   0.0001685300   -0.0002304600   -0.0080239500
  -0.0001359700   -0.0002273600   -0.0080247600
  -0.0022758900    0.0013256000    0.0046610900
   0.0000176300   -0.0030790100    0.0018980200
   0.0023143500    0.0013245200    0.0046635900
   0.0000453100    0.0000126300    0.0039227600
  -0.0009954700    0.0019840600    0.0030259500
   0.0000186000    0.0009346300    0.0050169200
   0.0010369100    0.0019879100    0.0030188700
  -0.0000077700    0.0000109900    0.0040033700
   0.0012336900   -0.0018581500    0.0030432400
   0.0001531100    0.0000842200    0.0037022400
  -0.0001237900    0.0000775700    0.0036950900
  -0.0012011700   -0.0018824200    0.0030302500
   0.0000213600   -0.0010844100    0.0055584600
   0.0008275900   -0.0004677800    0.0050254100
   0.0000192800   -0.0001627300    0.0036925400
  -0.0007927600   -0.0004671300    0.0050220300
  -0.0008127500   -0.0012712900    0.0046973900
   0.0008424900   -0.0012702800    0.0047099700
   0.0022464400   -0.0001083600    0.0030250200
  -0.0022250500   -0.0001106000    0.0030259200
  -0.0014979100   -0.0000795900    0.0046937300
   0.0000085600   -0.0000033600    0.0004726000
   0.0015330100   -0.0000797000    0.0047051700
   0.0000039600   -0.0000394100    0.0040167900
  -0.0009167100    0.0005394200    0.0055558700
  -0.0006771400    0.0013548400    0.0047058100
   0.0007036200    0.0013572500    0.0047045700
   0.0009352600    0.0005303200    0.0055707200

26   
 -0.0062658233877273  -0.0000000000000000  -0.0077935522885145
  -0.0009805600    0.0037063100   -0.0139048100
  -0.0479188500    0.0226799200   -0.0508171200
   0.0003878900    0.0002914700   -0.0009534100
  -0.0003097300   -0.0001064100   -0.0002798900
   0.0003962700   -0.0003625900   -0.0002131500
  -0.0080209400   -0.0276066500   -0.0330947400
  -0.0005915700   -0.0016783700   -0.0030059200
   0.0001622600    0.0007543700    0.0008013100
  -0.0003226800    0.0002111600   -0.0005177100
   0.0006452900    0.0003681600   -0.0009587700
  -0.0000581100   -0.0000366400   -0.0008895600
   0.0007798900   -0.0002351200    0.0008730900
  -0.0005512500   -0.0003621400    0.0009231300
  -0.0000422600    0.0001318200   -0.0001767700
  -0.0006084500    0.0013543900   -0.0008068700
  -0.0002291500   -0.0002145400   -0.0002730300
   0.0000040700   -0.0005727400   -0.0005697500
   0.0001298100   -0.0002524900   -0.0003006000
   0.0005974800    0.0003519800    0.0008681200
  -0.0005003400    0.0002837800    0.0008630200
   0.0002230400    0.0011543000   -0.0004920000
   0.0017975300    0.0015654600   -0.0017520600
   0.0004744600   -0.0011218600   -0.0011510100
   0.0000615700   -0.0006480300    0.0008655200
  -0.0002879500   -0.0002027400   -0.0007685200
   0.0696813800    0.0047808100    0.0921542600
  -0.0050526100    0.0013831800   -0.0084986300
  -0.0000098400    0.0001559200   -0.0057469600
   0.0004605000    0.0014198000   -0.0100545900
  -0.0105184600    0.0022614000   -0.0079878600
   0.0003165600   -0.0031193800   -0.0082495100
  -0.0048054100   -0.0028022500   -0.0106636800
   0.0048690300   -0.0028617400   -0.0106362600
  -0.0008142500   -0.0011510100   -0.0103656000
  -0.0011988000    0.0034070400   -0.0034001400
   0.0001667000   -0.0000927200   -0.0057046600
  -0.0000310700    0.0056568600   -0.0106199000
  -0.0001294200   -0.0000602300   -0.0058513400
  -0.0029041100   -0.0042218700   -0.0072788000
   0.0028707300   -0.0043064300   -0.0074481000
   0.0014581900   -0.0003376200   -0.0100163100
  -0.0013817400   -0.0002737700   -0.0102729300
  -0.0050804200   -0.0004032900   -0.0072885100
  -0.0000363100   -0.0000043300    0.0017819200
   0.0050123200   -0.0004205800   -0.0073477200
  -0.0013594200   -0.0080858300   -0.0083639700
  -0.0004558900    0.0018115800   -0.0040274900
  -0.0021767700    0.0045442700   -0.0074531700
   0.0021281200    0.0045462000   -0.0073373300
   0.0002403300    0.0001097200   -0.0061679900
   0.0051670100    0.0018964200   -0.0128015100
  -0.0021151000    0.0001992200   -0.0073353600
  -0.0000198700    0.0016027500   -0.0023922900
   0.0003763400    0.0018928100   -0.0058792400
  -0.0026465800    0.0014003200   -0.0024354900
   0.0004390100   -0.0018640300   -0.0062085300
  -0.0031681900   -0.0018542000   -0.0017342400
   0.0031247800   -0.0018037000   -0.0018962500
  -0.0015282600   -0.0011210600   -0.0056131700
   0.0020703300   -0.0015968100   -0.0038730700
   0.0015409400   -0.0008124500   -0.0024003900
   0.0000046300    0.0035888700   -0.0019110000
  -0.0015007600   -0.0008855800   -0.0024017500
  -0.0049790900   -0.0084172600    0.0021758900
   0.0050379800   -0.0083630900    0.0023562600
   0.0018003500   -0.0007224500   -0.0058881500
  -0.0017153200   -0.0006485700   -0.0056776000
  -0.0096734800   -0.0000619600    0.0021804500
  -0.0000172300   -0.0000247000    0.0093908700
   0.0097119500   -0.0002120300    0.0021504800
   0.0002901200   -0.0034673800   -0.0022594800
  -0.0001464900    0.0032974000   -0.0048215000
  -0.0048242000    0.0085840300    0.0024167100
   0.0046857500    0.0085086100    0.0021493100
   0.0009390600    0.0005219800   -0.0030614200
  -0.0000136000   -0.0000240900    0.0048684000
  -0.0030186100    0.0002674000    0.0024750300
  -0.0015756100    0.0006705300    0.0057278200
   0.0016180900    0.0006930800    0.0057251000
   0.0030534400    0.0002725500    0.0024761400
  -0.0012628100   -0.0027787600    0.0024634300
   0.0007631200    0.0004155200    0.0059512000
   0.0000159000   -0.0011009100    0.0038160700
  -0.0007382200    0.0004072200    0.0058742700
   0.0012778400   -0.0028007500    0.0024613500
  -0.0001923800   -0.0017432200    0.0057267000
  -0.0009291500    0.0005388900    0.0038097000
   0.0009482400    0.0005307500    0.0038046200
   0.0002049300   -0.0017563300    0.0057144800
   0.0000143600   -0.0001023200    0.0052466300
   0.0014262400    0.0010306900    0.0057246300
   0.0000002300   -0.0008723800    0.0058818000
  -0.0014057700    0.0010286100    0.0057275500
  -0.0018681900   -0.0010938300    0.0035521400
   0.0018797500   -0.0010965500    0.0035514900
   0.0017814400    0.0024802000    0.0024703500
  -0.0017627900    0.0024710900    0.0024951200
  -0.0000574100    0.0000273200    0.0052456200
  -0.0000030600    0.0021544100    0.0035486600
   0.0001013900    0.0000404000    0.0052376700
   0.0000025900   -0.0000204600    0.0024443800
   0.0001341400    0.0002351300   -0.0080631600
  -0.0011997700    0.0002701400    0.0081043600
   0.0012127700    0.0002704600    0.0080998100
  -0.0001200600    0.0002313700   -0.0080565500
   0.0002906700   -0.0000243200   -0.0080681000
  -0.0022718500   -0.0013320600    0.0043473900
   0.0000067300    0.0040520400    0.0006110600
   0.0022907500   -0.0013339900    0.0043449000
  -0.0002697900   -0.0000247800   -0.0080549800
  -0.0003527800   -0.0012013300    0.0081028500
   0.0035285900   -0.0020473400    0.0006136700
  -0.0035138000   -0.0020470700    0.0006111300
   0.0003669000   -0.0012010900    0.0081036400
   0.0000048600   -0.0026597100    0.0046331100
   0.0008568300    0.0008910700    0.0081029500
   0.0000061900    0.0026244600    0.0043437300
  -0.0008419300    0.0008932400    0.0081016700
   0.0026732200    0.0015275200    0.0018690700
  -0.0026625100    0.0015276900    0.0018737200
   0.0001541300   -0.0002453700   -0.0080532100
  -0.0001365700   -0.0002493700   -0.0080519100
  -0.0022872600    0.0013069600    0.0046335000
   0.0000059000   -0.0030941200    0.0018742500
   0.0022977300    0.0013096600    0.0046345600
   0.0000206000   -0.0000006200    0.0040551400
  -0.0010263200    0.0019772500    0.0030146900
   0.0000059900    0.0009336700    0.0050299200
   0.0010341200    0.0019744200    0.0030199400
  -0.0000102000   -0.0000029700    0.0039754200
   0.0012079000   -0.0019131300    0.0029962100
   0.0001495400    0.0000616700    0.0036951600
  -0.0001335800    0.0000664200    0.0037024400
  -0.0011924300   -0.0018953700    0.0030088800
   0.0000058700   -0.0010849100    0.0055661900
   0.0008263500   -0.0004905600    0.0050207300
   0.0000062300   -0.0001732200    0.0037043200
  -0.0008119300   -0.0004856300    0.0050252000
  -0.0008184700   -0.0012888300    0.0047148900
   0.0008349600   -0.0012952000    0.0047034000
   0.0022458700   -0.0001197100    0.0030136800
  -0.0022146400   -0.0001162700    0.0030115600
  -0.0015135100   -0.0000905900    0.0047187500
   0.0000116000   -0.0000122000    0.0004785300
   0.0015267300   -0.0000919300    0.0047082300
   0.0000160200   -0.0000228300    0.0039628900
  -0.0009241800    0.0005174100    0.0055710200
  -0.0006769100    0.0013361500    0.0047078700
   0.0007000600    0.0013385800    0.0047089100
   0.0009564800    0.0005344900    0.0055554700

51   
  0.0062658233877273   0.0000000000000000   0.0077935522885145
   0.0464536900    0.0226375500    0.0503432500
  -0.0003535300    0.0037060300    0.0143865000
   0.0009867700   -0.0002882900   -0.0000433100
  -0.0002332900   -0.0000861700   -0.0001656300
   0.0009457700    0.0002970500    0.0005970900
   0.0066574200   -0.0275040500    0.0320383700
   0.0002128200    0.0014483500   -0.0001461300
  -0.0000331900    0.0007248300    0.0008204300
  -0.0005821400    0.0002872600   -0.0005044900
   0.0017597200   -0.0029036100    0.0021385500
   0.0007410400    0.0011662200    0.0000490200
   0.0005701800   -0.0004285900    0.0009047600
  -0.0006293900   -0.0003458700    0.0009633500
  -0.0002948700    0.0004102800   -0.0001759900
   0.0001252900    0.0002078000   -0.0000245700
  -0.0001978900   -0.0001790100   -0.0001635300
   0.0000173100   -0.0004973800   -0.0005402500
   0.0001668900   -0.0003558200   -0.0002953000
   0.0006243400    0.0003464700    0.0009879300
  -0.0005376200    0.0002850200    0.0010106600
   0.0004169300    0.0000801300    0.0003972200
  -0.0027754900    0.0017624500    0.0012372300
   0.0006533400   -0.0000796800   -0.0003149200
  -0.0000682300   -0.0005799100    0.0010170600
  -0.0003902800   -0.0002214000   -0.0006230400
   0.0025040500    0.0025133200   -0.0009984400
  -0.0011200400    0.0009359600   -0.0106226000
   0.0000250800    0.0002643400   -0.0058545600
   0.0005069400    0.0012543200   -0.0101556200
  -0.0025890000    0.0010132400   -0.0094511900
  -0.0010549500   -0.0015332600   -0.0094333000
  -0.0047215600   -0.0027243500   -0.0108669900
   0.0049374100   -0.0028325900   -0.0106273700
  -0.0008782200   -0.0011087800   -0.0103358000
   0.0008731700   -0.0006800500   -0.0057915500
   0.0000972900   -0.0001536700   -0.0058503100
   0.0000243400    0.0056763500   -0.0106337800
  -0.0000946400   -0.0000585200   -0.0058208100
  -0.0028899300   -0.0040884000   -0.0073397500
   0.0028433200   -0.0042446400   -0.0075413700
   0.0013892200   -0.0001205300   -0.0101710300
  -0.0013961500   -0.0003396300   -0.0103609300
  -0.0050755200   -0.0005325300   -0.0073426500
   0.0000099900    0.0000006600    0.0017925800
   0.0050591400   -0.0003935700   -0.0073287400
  -0.0007822700   -0.0023288100   -0.0092307600
  -0.0003491100    0.0003343900   -0.0067509200
  -0.0021301400    0.0045147100   -0.0074973400
   0.0021919400    0.0045639700   -0.0073246700
   0.0002098500    0.0001313200   -0.0063129200
  -0.0655984400    0.0016381000   -0.1140450000
   0.0060036900    0.0015228000   -0.0085041700
  -0.0000099600    0.0017827300   -0.0025174600
   0.0003867000    0.0018041400   -0.0060215400
   0.0017743100    0.0018210700   -0.0045012600
   0.0024844300    0.0022366300   -0.0083683600
  -0.0032425900   -0.0018832500   -0.0017159000
   0.0031824400   -0.0017996500   -0.0019055400
  -0.0014374500   -0.0011539000   -0.0058799700
   0.0008368300   -0.0033815500   -0.0049314300
   0.0015281400   -0.0009138600   -0.0024995300
   0.0000298300    0.0036195500   -0.0019070300
  -0.0014526100   -0.0008695500   -0.0024240800
  -0.0050437800   -0.0083091500    0.0020085900
   0.0050585200   -0.0084281000    0.0022426800
   0.0017802000   -0.0005621800   -0.0059850900
  -0.0017039500   -0.0005376600   -0.0058017300
  -0.0097415800   -0.0002200500    0.0020111300
   0.0000368700   -0.0000129600    0.0093807500
   0.0097482800   -0.0001807500    0.0021327900
   0.0005272200   -0.0016037800   -0.0048709300
   0.0004233500   -0.0025075800   -0.0054453600
  -0.0048920100    0.0086481400    0.0022599400
   0.0047459500    0.0085150200    0.0021372500
   0.0010130800    0.0005757900   -0.0031327400
  -0.0009293600   -0.0004072000    0.0052494800
  -0.0013100200   -0.0008343300    0.0050290800
  -0.0016494700    0.0007413300    0.0057099600
   0.0016253900    0.0007092700    0.0057738600
   0.0031415800    0.0003541300    0.0025428000
  -0.0014893800   -0.0012476600    0.0039258400
   0.0008497800    0.0005663300    0.0058354200
  -0.0000027800   -0.0010699600    0.0038334300
  -0.0007065400    0.0004263900    0.0059451400
   0.0012119900   -0.0028284900    0.0022710300
  -0.0001774000   -0.0018291700    0.0057587500
  -0.0009230400    0.0005316000    0.0038464800
   0.0009562900    0.0005479300    0.0038862800
   0.0002224000   -0.0017659900    0.0057670400
   0.0000078600   -0.0001810500    0.0052644000
   0.0014332800    0.0010477200    0.0057748500
   0.0000227500   -0.0008396800    0.0059449200
  -0.0014219400    0.0010651000    0.0057526500
  -0.0018600000   -0.0010766500    0.0035995600
   0.0018772400   -0.0010691900    0.0035968100
   0.0018867300    0.0025394500    0.0025443300
  -0.0019083600    0.0023999600    0.0023417100
  -0.0001348500    0.0000833200    0.0052209400
   0.0000199300    0.0021571700    0.0035987600
   0.0001060900    0.0000614700    0.0052787000
   0.0000345200    0.0000165900    0.0025395400
   0.0001053200    0.0002670200   -0.0080032000
  -0.0012107800    0.0003074500    0.0081323400
   0.0012194300    0.0002809700    0.0081606300
  -0.0001333200    0.0002493700   -0.0079835100
   0.0002870300   -0.0000424200   -0.0079903000
  -0.0023409800   -0.0013458500    0.0043589300
  -0.0000087500    0.0040639800    0.0006629000
   0.0023081300   -0.0013133300    0.0044130100
  -0.0002149300   -0.0000483000   -0.0080151700
  -0.0003379900   -0.0011912200    0.0081531500
   0.0035183800   -0.0020445200    0.0006705300
  -0.0035100000   -0.0020298900    0.0006695600
   0.0003743500   -0.0011970400    0.0081657100
  -0.0000002400   -0.0026438000    0.0046833100
   0.0008560900    0.0009118800    0.0081617600
   0.0000179100    0.0026559700    0.0044095100
  -0.0008452000    0.0009244000    0.0081558600
   0.0026834600    0.0015465300    0.0019315100
  -0.0026582900    0.0015501800    0.0019328100
   0.0001537500   -0.0002426800   -0.0079811300
  -0.0001530900   -0.0001607000   -0.0080263200
  -0.0023048100    0.0013258700    0.0046620600
   0.0000227500   -0.0030843000    0.0019330900
   0.0023046200    0.0013284100    0.0046933800
   0.0002905500    0.0000158100    0.0034297500
  -0.0008964300    0.0020823000    0.0033877300
   0.0000189700    0.0009678900    0.0050613200
   0.0010386700    0.0019704500    0.0030526900
  -0.0000377500    0.0002098100    0.0042382000
   0.0013844300   -0.0019321600    0.0032586000
   0.0002144700    0.0001253300    0.0037603100
  -0.0001267500    0.0000775100    0.0037229500
  -0.0012492900   -0.0018539300    0.0030103600
  -0.0001424500   -0.0010383500    0.0059383800
   0.0008419400   -0.0004730800    0.0050562400
   0.0000023900   -0.0001507000    0.0037217100
  -0.0008044300   -0.0004683600    0.0050488700
  -0.0008039200   -0.0012634500    0.0047433700
   0.0008033700   -0.0013418000    0.0047043600
   0.0022405600   -0.0000987600    0.0030499300
  -0.0022297300   -0.0001695100    0.0030448200
  -0.0015111400   -0.0000831000    0.0047465400
  -0.0000152500    0.0000015100    0.0005294500
   0.0015401100   -0.0000943500    0.0047581900
   0.0002068200   -0.0001237100    0.0041702900
  -0.0009002900    0.0003746700    0.0059999600
  -0.0007834000    0.0013965600    0.0047077800
   0.0006790500    0.0013787300    0.0047592100
   0.0009607300    0.0005714000    0.0055573600

51   
 -0.0062658233877273  -0.0000000000000000  -0.0077935522885145
  -0.0484004700   -0.0237540600   -0.0506337300
  -0.0019332500   -0.0037996700   -0.0146138800
  -0.0004032300    0.0002481600   -0.0004239400
  -0.0003010300    0.0000580600   -0.0002900800
   0.0012093400   -0.0004169200   -0.0009379100
  -0.0078887700    0.0263125800   -0.0329285700
   0.0006313200   -0.0009875500   -0.0011135800
   0.0000400900    0.0006653700    0.0010321300
  -0.0002230000    0.0001637300   -0.0007746300
  -0.0005323000    0.0010544300   -0.0025089400
  -0.0004675800   -0.0006843200   -0.0005158400
   0.0006476900   -0.0002866000    0.0009477300
  -0.0005793900   -0.0003739300    0.0008903400
   0.0000568900    0.0000492300   -0.0002766000
  -0.0001425500    0.0006631500   -0.0013762900
  -0.0000847300   -0.0002922500   -0.0002922200
  -0.0000165200   -0.0004531300   -0.0007381000
   0.0001304600   -0.0001091000   -0.0001568300
   0.0004633000    0.0002678300    0.0008691800
  -0.0005385600    0.0003263300    0.0008474600
   0.0005790800    0.0018416100   -0.0007440100
   0.0018129000    0.0001833600   -0.0015699300
   0.0001133900   -0.0003854600   -0.0010895600
   0.0000709900   -0.0006864000    0.0008423900
  -0.0003437200   -0.0002239400   -0.0007753100
   0.0062241800    0.0024961000   -0.0209860600
   0.0001518100    0.0017313400   -0.0097287100
  -0.0000227300   -0.0000051300   -0.0058630100
   0.0004543200    0.0014297100   -0.0102050700
  -0.0061068900    0.0039847700   -0.0124102500
   0.0029266600   -0.0006557700   -0.0109322800
  -0.0051066200   -0.0029670700   -0.0104450000
   0.0049047200   -0.0028659900   -0.0106805700
  -0.0009804200   -0.0010753900   -0.0100239800
  -0.0008319500    0.0006439800   -0.0063526100
   0.0001421800    0.0000073600   -0.0058628400
  -0.0000240300    0.0056708200   -0.0106801700
  -0.0001298500   -0.0000860700   -0.0059052400
  -0.0027934000   -0.0042404400   -0.0073794000
   0.0028515300   -0.0040873700   -0.0071730400
   0.0014247600   -0.0004155800   -0.0101872400
  -0.0014091200   -0.0001924300   -0.0100043800
  -0.0049673800   -0.0002443400   -0.0073704600
  -0.0000037500   -0.0000140100    0.0017207400
   0.0049987300   -0.0003928300   -0.0073848900
   0.0008029900   -0.0077696500   -0.0126473300
   0.0003420500   -0.0003205100   -0.0053900000
  -0.0022263800    0.0045567000   -0.0072151000
   0.0021689700    0.0045110600   -0.0073962100
  -0.0001824200   -0.0001296600   -0.0058470700
   0.0732641300    0.0045918800    0.1057360300
  -0.0066854400    0.0020441700   -0.0032288500
   0.0000072400    0.0016548500   -0.0022392900
   0.0003681800    0.0017578200   -0.0057064200
  -0.0084464100    0.0019697300   -0.0012085800
   0.0002266200   -0.0047070200   -0.0033448100
  -0.0029835100   -0.0017298200   -0.0020150600
   0.0030567000   -0.0018186100   -0.0018230100
  -0.0012766900   -0.0012967600   -0.0058442000
  -0.0007981700    0.0010273500   -0.0013928200
   0.0014615100   -0.0008250700   -0.0022597500
  -0.0000293000    0.0035666700   -0.0018159000
  -0.0015239000   -0.0008639700   -0.0023270000
  -0.0050044000   -0.0083225100    0.0023561800
   0.0050024400   -0.0082084500    0.0021210200
   0.0016900600   -0.0005909100   -0.0057424500
  -0.0017584700   -0.0006110100   -0.0059234100
  -0.0096747800   -0.0001848300    0.0023481500
  -0.0000312600   -0.0000008900    0.0094575600
   0.0096807800   -0.0002340200    0.0022279800
  -0.0005043400   -0.0060376600   -0.0008471200
  -0.0024478500    0.0036677500   -0.0009102800
  -0.0044766900    0.0083577000    0.0020966900
   0.0046222900    0.0084895600    0.0022302100
   0.0010238800    0.0005844900   -0.0032221900
   0.0009334400    0.0003978900    0.0045527500
  -0.0047479600    0.0013818600    0.0000274500
  -0.0015725500    0.0006546800    0.0057973500
   0.0016073800    0.0006861700    0.0057362300
   0.0029729100    0.0002264800    0.0024475600
  -0.0010508900   -0.0043273000    0.0010792200
   0.0006300100    0.0002750500    0.0059929200
   0.0000095400   -0.0011222800    0.0038428400
  -0.0007621100    0.0004121300    0.0058853600
   0.0013305600   -0.0027709300    0.0027180400
  -0.0002132700   -0.0016872300    0.0057521100
  -0.0009576600    0.0005449200    0.0038243000
   0.0009361700    0.0005285900    0.0037847400
   0.0001783200   -0.0017467500    0.0057407600
   0.0000000000   -0.0000632000    0.0052631900
   0.0014083100    0.0010337100    0.0057321800
  -0.0000185200   -0.0008747500    0.0058888600
  -0.0014063100    0.0010152500    0.0057575600
  -0.0018792800   -0.0010993300    0.0035692500
   0.0018724400   -0.0011077100    0.0035675200
   0.0016847000    0.0024379600    0.0024443400
  -0.0016515300    0.0025754600    0.0026439500
  -0.0000628500    0.0000201200    0.0053103200
  -0.0000154500    0.0021557700    0.0035664800
   0.0001029500    0.0000426600    0.0052499400
  -0.0000302000   -0.0000275900    0.0024468900
   0.0001495200    0.0002096100   -0.0080388100
  -0.0011994700    0.0002482900    0.0081292100
   0.0012008700    0.0002731200    0.0080983600
  -0.0001089000    0.0002272700   -0.0080635500
   0.0002692600    0.0000008600   -0.0080554300
  -0.0022246800   -0.0013049100    0.0043875300
   0.0000158100    0.0040538900    0.0006134900
   0.0022667500   -0.0013369200    0.0043332600
  -0.0003303500    0.0000053700   -0.0080303400
  -0.0003743200   -0.0012009900    0.0081054700
   0.0035301600   -0.0020340600    0.0006108900
  -0.0035276700   -0.0020497200    0.0006121100
   0.0003487900   -0.0011926000    0.0080952900
   0.0000064400   -0.0026637400    0.0046456700
   0.0008506400    0.0008866500    0.0081000700
  -0.0000138500    0.0026073900    0.0043336900
  -0.0008483200    0.0008738300    0.0081026500
   0.0026570300    0.0015200800    0.0018680500
  -0.0026715200    0.0015160500    0.0018718000
   0.0001491000   -0.0002328000   -0.0080648300
  -0.0001369400   -0.0003144200   -0.0080184000
  -0.0022794200    0.0013083500    0.0046635000
  -0.0000176300   -0.0030876000    0.0018707000
   0.0022886300    0.0013067200    0.0046348000
  -0.0002390700   -0.0000038300    0.0045708700
  -0.0011386100    0.0018801700    0.0026848100
  -0.0000125100    0.0009008100    0.0050121300
   0.0010135600    0.0019933700    0.0030113700
   0.0000019300   -0.0001994900    0.0037688400
   0.0010396300   -0.0018379800    0.0028076000
   0.0000699500    0.0000220300    0.0036643700
  -0.0001486900    0.0000676500    0.0037011300
  -0.0011633100   -0.0019220600    0.0030551300
   0.0001492800   -0.0011289400    0.0052168600
   0.0007930100   -0.0004829900    0.0050158900
   0.0000037400   -0.0001838500    0.0037017100
  -0.0008191700   -0.0004841700    0.0050250600
  -0.0008456400   -0.0012962300    0.0046948400
   0.0008556900   -0.0012219900    0.0047360800
   0.0022316100   -0.0001284200    0.0030142500
  -0.0022281000   -0.0000568500    0.0030196900
  -0.0015194100   -0.0000860600    0.0046928800
   0.0000175900   -0.0000161100    0.0004483500
   0.0015016600   -0.0000757800    0.0046815300
  -0.0002046500    0.0000633300    0.0038356500
  -0.0009562000    0.0006786700    0.0051619900
  -0.0005895100    0.0012960800    0.0047338000
   0.0007062600    0.0013180000    0.0046806500
   0.0009119900    0.0004927500    0.0055954400

76   
  0.0062658233877273   0.0000000000000000   0.0077935522885145
   0.0002475000    0.0000036200    0.0001149000
  -0.0011331000    0.0001166800    0.0000327600
   0.0002566800   -0.0000342900   -0.0002296500
  -0.0002898900    0.0000077400   -0.0002328200
   0.0011664600    0.0000605800    0.0001082200
  -0.0004199200   -0.0010192600   -0.0000303300
   0.0003904400    0.0002498500   -0.0006767800
  -0.0000331500    0.0007168900    0.0009349500
  -0.0005233400    0.0002805600   -0.0006764200
   0.0005794400   -0.0010587300    0.0001719900
   0.0001025900    0.0002473800   -0.0002330400
   0.0005970300   -0.0003629800    0.0009393500
  -0.0006418100   -0.0003502400    0.0009311900
  -0.0001504400    0.0002399900   -0.0002312800
  -0.0000116200    0.0003861700   -0.0007160000
  -0.0001545200   -0.0002420800   -0.0002345700
  -0.0000363500   -0.0005334000   -0.0006776400
   0.0001418500   -0.0002222500   -0.0002301500
   0.0005194100    0.0003098100    0.0009103200
  -0.0005585100    0.0003155800    0.0009138000
   0.0006568900    0.0009078000    0.0000077700
  -0.0006381700    0.0010024000    0.0001347400
   0.0003187800   -0.0001921400   -0.0007424300
  -0.0000132700   -0.0006220100    0.0009124500
  -0.0003541400   -0.0001924400   -0.0006895700
   0.0043428700    0.0025172100   -0.0109110300
  -0.0005090000    0.0013433800   -0.0101805800
  -0.0000113200    0.0001302200   -0.0058700600
   0.0004545600    0.0013618900   -0.0102111600
  -0.0043801000    0.0025206400   -0.0109528600
   0.0008997000   -0.0010962400   -0.0101764400
  -0.0049323400   -0.0028366900   -0.0106651800
   0.0049199200   -0.0028498700   -0.0106628100
  -0.0009605100   -0.0010886200   -0.0102148300
  -0.0000258700    0.0000398600   -0.0061205700
   0.0000993900   -0.0000630100   -0.0058713100
  -0.0000177800    0.0056887300   -0.0106642900
  -0.0001253200   -0.0000645000   -0.0058670100
  -0.0028639100   -0.0041509900   -0.0073702500
   0.0028355500   -0.0041462900   -0.0073611800
   0.0013936400   -0.0002609200   -0.0101963700
  -0.0014273500   -0.0002581600   -0.0101995200
  -0.0050377600   -0.0003924700   -0.0073625600
  -0.0000122500    0.0000016500    0.0017475700
   0.0049983000   -0.0003929200   -0.0073689000
  -0.0000135200   -0.0050342600   -0.0109342700
   0.0000085600   -0.0000202900   -0.0061142400
  -0.0021826200    0.0045455800   -0.0073577100
   0.0021532700    0.0045396200   -0.0073713900
  -0.0000604900   -0.0000168900   -0.0061291500
   0.0023371100    0.0014891000   -0.0025526500
  -0.0003178500    0.0018352900   -0.0058532800
  -0.0000145600    0.0017288600   -0.0023991000
   0.0003185600    0.0018099000   -0.0059521900
  -0.0016151100    0.0007977400   -0.0004602800
   0.0014261000   -0.0011808500   -0.0058487700
  -0.0031317100   -0.0017946300   -0.0018950100
   0.0031072700   -0.0018058400   -0.0018822000
  -0.0014122800   -0.0011906400   -0.0059568000
  -0.0001472900   -0.0012730800   -0.0033700600
   0.0014867900   -0.0008658600   -0.0023983800
  -0.0000221400    0.0036026000   -0.0018881100
  -0.0015070700   -0.0008603000   -0.0024016900
  -0.0050637900   -0.0082910200    0.0021422000
   0.0050299200   -0.0083024800    0.0021643300
   0.0017246500   -0.0006396400   -0.0058940000
  -0.0017467000   -0.0006332300   -0.0059078300
  -0.0097139500   -0.0002264600    0.0021541100
  -0.0000113100    0.0000016100    0.0094293600
   0.0097042300   -0.0002167100    0.0021515500
  -0.0002355400   -0.0022786800   -0.0015000700
  -0.0011019800    0.0005505700   -0.0034389000
  -0.0046729000    0.0085139400    0.0021653200
   0.0046504100    0.0085252300    0.0021387300
   0.0011030300    0.0007246800   -0.0032997400
  -0.0723041800   -0.0003543600   -0.1115157300
   0.0023953300    0.0003171000    0.0011260900
  -0.0015928200    0.0006815500    0.0055600600
   0.0016142100    0.0007538100    0.0055781100
   0.0102143000    0.0000107700   -0.0002752800
  -0.0006529500   -0.0006980000    0.0006731700
   0.0007052400    0.0003884500    0.0059447800
   0.0000207000   -0.0010875700    0.0037591300
  -0.0009218500    0.0005569300    0.0059790500
   0.0030159300   -0.0063057600    0.0001690100
  -0.0001918900   -0.0016980300    0.0055745000
  -0.0009399200    0.0005563200    0.0037559400
   0.0009446500    0.0005342300    0.0037631100
   0.0001685100   -0.0017985000    0.0055661000
   0.0000354200   -0.0000921300    0.0053096300
   0.0014136800    0.0010091300    0.0055850900
   0.0000335300   -0.0009413800    0.0059613000
  -0.0014360400    0.0010540900    0.0055524600
  -0.0018686800   -0.0010915700    0.0035032100
   0.0018743100   -0.0010706700    0.0035085800
   0.0033030400    0.0064501700   -0.0000250800
  -0.0009395400    0.0002315800    0.0008675500
  -0.0001927400    0.0001341400    0.0052444800
   0.0000201000    0.0021630100    0.0035059900
  -0.0000252700   -0.0000345100    0.0053780100
  -0.0015059700    0.0000021400    0.0129376300
   0.0018775900   -0.0014104300   -0.0067150600
  -0.0012312300    0.0001697300    0.0081168500
   0.0012112900    0.0004034600    0.0081178600
  -0.0006730600   -0.0001421200   -0.0085896300
  -0.0006394100    0.0028373000   -0.0064076500
  -0.0020990000   -0.0012027700    0.0040395400
  -0.0000242800    0.0040872100    0.0006454500
   0.0022664200   -0.0013113200    0.0041194300
  -0.0005655900    0.0001733500   -0.0088889200
  -0.0004348000   -0.0010485400    0.0081203100
   0.0035279700   -0.0020491000    0.0006364300
  -0.0035515800   -0.0020357300    0.0006531700
   0.0002908300   -0.0013559800    0.0081109100
  -0.0000110500   -0.0027236300    0.0043742500
   0.0007892900    0.0008356500    0.0081187200
  -0.0000144400    0.0025177300    0.0040789700
  -0.0009319600    0.0009960700    0.0081147600
   0.0026506200    0.0015421500    0.0019199800
  -0.0026678200    0.0015277100    0.0018947300
  -0.0019184700   -0.0006577400   -0.0073543400
   0.0007091600   -0.0007741900   -0.0079564100
  -0.0022759100    0.0013093800    0.0044256700
  -0.0000220900   -0.0030687600    0.0019073200
   0.0024467300    0.0014188300    0.0043188200
   0.0525202800    0.0266117800    0.0591801300
  -0.0011876100    0.0021929500    0.0037412500
   0.0000560400    0.0008674000    0.0050502500
   0.0018209400    0.0016487200    0.0032100700
  -0.0008356300    0.0042057200    0.0192253200
   0.0009553300   -0.0027917800    0.0035253600
   0.0000799400    0.0000698300    0.0037813600
  -0.0002240300    0.0001088700    0.0037878800
  -0.0008600600   -0.0017438300    0.0034292000
  -0.0023379800    0.0004012500    0.0073717100
   0.0007575100   -0.0004032900    0.0050575000
  -0.0000400200   -0.0001757900    0.0037853700
  -0.0007446700   -0.0004653400    0.0050443200
  -0.0008144600   -0.0013958100    0.0046260500
   0.0008337300   -0.0012683000    0.0048051400
   0.0028100600    0.0009797600    0.0032597300
  -0.0020139400   -0.0002817000    0.0036956000
  -0.0016580800    0.0000609200    0.0047397600
  -0.0000280200    0.0000000200    0.0004714500
   0.0014759200   -0.0001520000    0.0046899100
   0.0064377600   -0.0305799600    0.0389756000
   0.0011115400   -0.0019924000    0.0083159800
  -0.0008208800    0.0013847000    0.0048296800
   0.0006636100    0.0013765300    0.0046011800
   0.0004080500    0.0015805200    0.0064398900

76   
 -0.0062658233877273  -0.0000000000000000  -0.0077935522885145
  -0.0002500600    0.0000034400    0.0016174900
  -0.0010610200   -0.0002168800   -0.0003926500
   0.0002734800    0.0000174600   -0.0002386000
  -0.0002579700   -0.0000229300   -0.0002373200
   0.0009961200   -0.0001623600   -0.0004714800
  -0.0007675000   -0.0008175400   -0.0003278400
   0.0004130900    0.0002254000   -0.0006209400
   0.0000266700    0.0006886600    0.0008995100
  -0.0003037100    0.0001933900   -0.0006201600
   0.0005934900   -0.0007684500   -0.0005356000
   0.0001417200    0.0002251400   -0.0002373100
   0.0006092800   -0.0003352000    0.0008947300
  -0.0005793400   -0.0003464400    0.0009050400
  -0.0001181800    0.0002418800   -0.0002400000
   0.0000076800    0.0004728400   -0.0006994000
  -0.0001377800   -0.0002214200   -0.0002372200
   0.0000324800   -0.0004172200   -0.0006212500
   0.0001341000   -0.0002348700   -0.0002406500
   0.0005502600    0.0003147500    0.0009303500
  -0.0005334700    0.0003142300    0.0009265900
   0.0003337800    0.0010392100   -0.0003663900
  -0.0003582500    0.0009407200   -0.0004960400
   0.0004111700   -0.0002352000   -0.0006728300
   0.0000104800   -0.0006241500    0.0009288900
  -0.0004080600   -0.0002335100   -0.0007261300
   0.0043437600    0.0025064900   -0.0109720700
  -0.0004554400    0.0013527400   -0.0102174100
   0.0000044400    0.0001397100   -0.0058910500
   0.0004927800    0.0013354700   -0.0101868600
  -0.0043214600    0.0025010300   -0.0109365300
   0.0009460700   -0.0010768400   -0.0102189700
  -0.0049160400   -0.0028422000   -0.0106845700
   0.0049135400   -0.0028302000   -0.0106844800
  -0.0009039600   -0.0010837300   -0.0101839100
   0.0000210400   -0.0000569900   -0.0060803800
   0.0001256200   -0.0000689800   -0.0058914000
   0.0000088400    0.0056773800   -0.0106849500
  -0.0001133100   -0.0000651500   -0.0058911400
  -0.0028354700   -0.0041668300   -0.0073864100
   0.0028467800   -0.0041713300   -0.0073935100
   0.0014094900   -0.0002587800   -0.0102069500
  -0.0013880000   -0.0002595900   -0.0101987700
  -0.0050231200   -0.0003750500   -0.0073921300
   0.0000062100    0.0000017100    0.0017244100
   0.0050412000   -0.0003713200   -0.0073886400
   0.0000068000   -0.0050006900   -0.0109547500
  -0.0000336600    0.0000320500   -0.0060873500
  -0.0021840800    0.0045452700   -0.0073968600
   0.0021990000    0.0045497300   -0.0073831600
   0.0000677400    0.0000290000   -0.0060754600
   0.0042663600    0.0023295500   -0.0032299200
  -0.0004411000    0.0017408400   -0.0059182200
   0.0000079800    0.0017190600   -0.0023980900
   0.0004215700    0.0017679300   -0.0058191800
  -0.0050438100    0.0030537700   -0.0053996300
   0.0012847200   -0.0012540100   -0.0059254900
  -0.0031136000   -0.0018040800   -0.0018752300
   0.0031229700   -0.0017939400   -0.0018889300
  -0.0013193800   -0.0012427500   -0.0058130600
   0.0001435200   -0.0010636900   -0.0030288200
   0.0014905800   -0.0008549800   -0.0023973700
   0.0000130300    0.0036029900   -0.0018814300
  -0.0014840300   -0.0008584700   -0.0023984000
  -0.0049993600   -0.0083274100    0.0021780300
   0.0050166900   -0.0083157400    0.0021541600
   0.0017371900   -0.0004991000   -0.0058732300
  -0.0017282500   -0.0005042500   -0.0058635700
  -0.0097178800   -0.0001706500    0.0021631200
   0.0000053100    0.0000015700    0.0093661800
   0.0097058500   -0.0001768400    0.0021691000
   0.0002387200   -0.0053718500   -0.0043099700
  -0.0009336400    0.0006222100   -0.0029618300
  -0.0047001300    0.0085073100    0.0021528600
   0.0047083400    0.0084936600    0.0021793900
   0.0009115200    0.0004450600   -0.0030948000
   0.0714793600   -0.0004963700    0.1182323400
  -0.0084498400    0.0002956700    0.0038057900
  -0.0016445100    0.0007250700    0.0059331300
   0.0016126600    0.0006546000    0.0059140600
  -0.0041896400    0.0005834600    0.0052633000
  -0.0019090900   -0.0049104100    0.0042582600
   0.0007565200    0.0004620700    0.0058662200
  -0.0000279100   -0.0010904200    0.0038904300
  -0.0005515000    0.0002961700    0.0058377200
  -0.0004867800    0.0007165700    0.0048024000
  -0.0002136300   -0.0017974000    0.0059163400
  -0.0009558800    0.0005385000    0.0038941400
   0.0009375000    0.0005591600    0.0038891600
   0.0002194800   -0.0017053400    0.0059300500
  -0.0000423400   -0.0001378200    0.0051999800
   0.0014141400    0.0010918900    0.0059089200
  -0.0000434300   -0.0007548300    0.0058511300
  -0.0014072000    0.0010408600    0.0059371800
  -0.0018880300   -0.0010732700    0.0036389800
   0.0018694400   -0.0010934300    0.0036370500
   0.0002738200   -0.0014354900    0.0049889900
  -0.0026699200    0.0047677500    0.0040725500
  -0.0000188500   -0.0000095400    0.0052628300
  -0.0000277100    0.0021716300    0.0036381900
   0.0002229500    0.0001547100    0.0051373800
   0.0014759200    0.0000011800   -0.0078290800
  -0.0016307300    0.0019125100   -0.0093584200
  -0.0011925000    0.0003946000    0.0081001300
   0.0011979800    0.0001634200    0.0080988800
   0.0004315200    0.0006463400   -0.0075057000
   0.0011715000   -0.0028191600   -0.0096417700
  -0.0024824500   -0.0014370000    0.0046635200
   0.0000176500    0.0040451900    0.0005973600
   0.0022978200   -0.0013192200    0.0045844600
   0.0000013900   -0.0002181700   -0.0072151500
  -0.0002945100   -0.0013201100    0.0080971100
   0.0035061700   -0.0020112600    0.0006042800
  -0.0034966500   -0.0020271900    0.0005871100
   0.0004175000   -0.0010224700    0.0081014300
   0.0000049500   -0.0025653500    0.0049153600
   0.0008999300    0.0009787600    0.0080937000
   0.0000075400    0.0027595300    0.0046237200
  -0.0007771700    0.0008137200    0.0081042200
   0.0026732400    0.0015355700    0.0018483000
  -0.0026678400    0.0015512100    0.0018688000
   0.0021921100    0.0001961800   -0.0087240600
  -0.0010503700    0.0003190900   -0.0081471600
  -0.0023108300    0.0013403700    0.0048621100
   0.0000150500   -0.0030816200    0.0018583800
   0.0021331000    0.0012295400    0.0049682300
  -0.0503632300   -0.0253632600   -0.0489683500
  -0.0008285200    0.0017785200    0.0022965900
  -0.0000683500    0.0010111500    0.0049988000
   0.0001817300    0.0023329500    0.0028391000
   0.0009034300   -0.0042239400   -0.0113934900
   0.0014607000   -0.0009502700    0.0025167600
   0.0001840700    0.0000889300    0.0036179300
  -0.0000564800    0.0000553800    0.0036126200
  -0.0015849800   -0.0019886600    0.0026160000
   0.0022880000   -0.0025652300    0.0037468900
   0.0008600600   -0.0005328500    0.0049903100
   0.0000334100   -0.0001384600    0.0036152800
  -0.0008902600   -0.0004753600    0.0050043600
  -0.0008555200   -0.0011587800    0.0047861800
   0.0008192400   -0.0012810500    0.0046092400
   0.0016251900   -0.0012063700    0.0027894600
  -0.0024341900    0.0000426400    0.0023448100
  -0.0013984200   -0.0002182300    0.0046715400
   0.0000212100    0.0000016300    0.0004776400
   0.0015551800   -0.0000074900    0.0047222700
  -0.0064263200    0.0298146700   -0.0303994100
  -0.0030042200    0.0030561500    0.0028386200
  -0.0005718300    0.0013390500    0.0045843100
   0.0007066500    0.0013364700    0.0048119700
   0.0014331300   -0.0004971500    0.0046651100

101  
  0.0062658233877273   0.0000000000000000   0.0077935522885145
  -0.0000297100    0.0000017300    0.0008378600
  -0.0011313600   -0.0000559600   -0.0000958700
   0.0002282900   -0.0000098600   -0.0001763000
  -0.0003026800   -0.0000153100   -0.0001808000
   0.0010605400   -0.0000603200   -0.0001029000
  -0.0006436800   -0.0009275100   -0.0000816100
   0.0003508400    0.0002266000   -0.0005825000
  -0.0000387200    0.0007020600    0.0009747500
  -0.0004463000    0.0002347200   -0.0005918900
   0.0005559700   -0.0009124800   -0.0001165000
   0.0000835300    0.0002337100   -0.0001703100
   0.0005657100   -0.0003494400    0.0009747700
  -0.0006483400   -0.0003506100    0.0009756700
  -0.0001628600    0.0002372800   -0.0001878000
  -0.0000451100    0.0004224500   -0.0006421900
  -0.0001833500   -0.0002254200   -0.0001727700
  -0.0000359200   -0.0004655200   -0.0005875800
   0.0001020400   -0.0002260900   -0.0001858800
   0.0005035300    0.0003114600    0.0009811100
  -0.0005781000    0.0003132400    0.0009721100
   0.0004626000    0.0009957700   -0.0000853800
  -0.0005267200    0.0009645300   -0.0001136000
   0.0003212700   -0.0002148400   -0.0006405300
  -0.0000338100   -0.0006240500    0.0009769500
  -0.0004141200   -0.0002080700   -0.0006445100
   0.0043138300    0.0025181800   -0.0108549200
  -0.0005111300    0.0013458900   -0.0101282600
  -0.0000348300    0.0001334200   -0.0058110200
   0.0004380100    0.0013471700   -0.0101310500
  -0.0043875000    0.0025062400   -0.0108624100
   0.0008920800   -0.0010849000   -0.0101283700
  -0.0049541800   -0.0028392700   -0.0106054500
   0.0048832300   -0.0028402800   -0.0106059100
  -0.0009656800   -0.0010835200   -0.0101312400
  -0.0000411700   -0.0000042700   -0.0060318500
   0.0000802000   -0.0000659300   -0.0058123500
  -0.0000365000    0.0056794800   -0.0106059600
  -0.0001518400   -0.0000668200   -0.0058092800
  -0.0028829100   -0.0041601800   -0.0073115100
   0.0028073500   -0.0041582800   -0.0073095300
   0.0013669100   -0.0002638000   -0.0101333000
  -0.0014365400   -0.0002614300   -0.0101290600
  -0.0050635300   -0.0003856300   -0.0073110700
  -0.0000379900    0.0000008000    0.0018053100
   0.0049854000   -0.0003837200   -0.0073111500
  -0.0000453800   -0.0050230500   -0.0108593800
  -0.0000443500    0.0000000300   -0.0060288700
  -0.0022146100    0.0045442200   -0.0073098500
   0.0021422900    0.0045431000   -0.0073099800
  -0.0000363500    0.0000045600   -0.0060358100
   0.0032836000    0.0019172900   -0.0027978300
  -0.0004037900    0.0017980700   -0.0058214200
  -0.0000367800    0.0017210900   -0.0023209700
   0.0002968600    0.0018108900   -0.0058167300
  -0.0033642000    0.0019215300   -0.0028403600
   0.0013356500   -0.0012169600   -0.0058138400
  -0.0031513300   -0.0017972400   -0.0018135400
   0.0030902100   -0.0018065000   -0.0018051900
  -0.0014396400   -0.0011945300   -0.0058238600
  -0.0000507600   -0.0011535100   -0.0031579800
   0.0014546900   -0.0008605900   -0.0023241900
  -0.0000389600    0.0036035100   -0.0018087500
  -0.0015273800   -0.0008598100   -0.0023185600
  -0.0050708600   -0.0083050700    0.0022328700
   0.0049966500   -0.0083011300    0.0022432500
   0.0016995000   -0.0005996700   -0.0058078400
  -0.0017730100   -0.0005991400   -0.0058272700
  -0.0097508700   -0.0002054200    0.0022453100
  -0.0000354600    0.0000006800    0.0094729700
   0.0096643500   -0.0002112000    0.0022313200
  -0.0000347900   -0.0038375400   -0.0028182800
  -0.0010460300    0.0005729200   -0.0031112300
  -0.0047132700    0.0085134400    0.0022506900
   0.0046323100    0.0085087500    0.0022242300
   0.0009521500    0.0005806500   -0.0032033300
  -0.0015045400   -0.0000004100    0.0152644300
  -0.0036464900    0.0007718200    0.0020161600
  -0.0016483700    0.0005924200    0.0058289300
   0.0015792500    0.0008229000    0.0058022900
   0.0047849400    0.0020224400    0.0038511000
  -0.0015146600   -0.0030364300    0.0017635900
   0.0007309700    0.0004412200    0.0057491800
  -0.0000445600   -0.0011074700    0.0039090700
  -0.0006074900    0.0003328700    0.0056413400
   0.0002912000   -0.0056405800    0.0040955700
  -0.0002847000   -0.0015986500    0.0058246100
  -0.0009912900    0.0005485200    0.0039147600
   0.0009279300    0.0005620100    0.0039081600
   0.0000995100   -0.0019023100    0.0058085500
  -0.0000379500   -0.0000573300    0.0050411000
   0.0013266300    0.0009598700    0.0058145300
  -0.0000364200   -0.0007761800    0.0056950700
  -0.0015147700    0.0011224600    0.0058169700
  -0.0018980000   -0.0010701600    0.0036388500
   0.0018311400   -0.0010843800    0.0036737100
   0.0027085800    0.0030113300    0.0026902500
  -0.0039245400    0.0028974000    0.0031821900
   0.0000095600   -0.0000245200    0.0049560700
  -0.0000475300    0.0021539600    0.0036567000
   0.0001077800    0.0000830800    0.0051265800
  -0.0660707800   -0.0002405300   -0.1176740800
   0.0072082700    0.0005227100   -0.0110919000
  -0.0011983600    0.0002021300    0.0080072700
   0.0012217100    0.0002871300    0.0080104900
   0.0047919900    0.0001178400   -0.0093698100
   0.0019785600    0.0034621400   -0.0106059800
  -0.0025182400   -0.0014435800    0.0044806700
   0.0000102000    0.0040467700    0.0006376600
   0.0022494200   -0.0013081600    0.0044896600
   0.0002645600   -0.0017600200   -0.0098453400
  -0.0004167600   -0.0011022300    0.0079823400
   0.0034884600   -0.0020064200    0.0006427100
  -0.0035192900   -0.0020374400    0.0006273900
   0.0003651100   -0.0012360500    0.0080335200
  -0.0000212200   -0.0026408800    0.0047774100
   0.0007904800    0.0009032200    0.0079805700
  -0.0000212500    0.0027499500    0.0044861400
  -0.0008447800    0.0009438800    0.0080368100
   0.0026416800    0.0015177800    0.0019128700
  -0.0026707300    0.0015483200    0.0018827000
   0.0008226800    0.0018490800   -0.0097466400
   0.0014241500   -0.0041874200   -0.0107031500
  -0.0024230700    0.0013896600    0.0048543900
   0.0000099700   -0.0030664800    0.0018977300
   0.0021533600    0.0012545900    0.0047001800
  -0.0006968900   -0.0042177800    0.0197696800
  -0.0001967300    0.0023192700    0.0031224100
   0.0000647100    0.0010087900    0.0051005000
   0.0008146800    0.0017840500    0.0037892000
   0.0506879400   -0.0254425100    0.0582022300
   0.0015547800   -0.0020436500    0.0034202900
   0.0000232100    0.0000648000    0.0038262600
  -0.0002439100    0.0000936900    0.0038248700
  -0.0014874600   -0.0008968300    0.0034943600
  -0.0023364800   -0.0023337700    0.0076340700
   0.0008760800   -0.0004656600    0.0050900900
  -0.0000879400   -0.0001559600    0.0038243700
  -0.0008739100   -0.0005458600    0.0051085900
  -0.0008350600   -0.0012830100    0.0048457300
   0.0008106400   -0.0011974500    0.0046856500
   0.0024602000    0.0000755500    0.0037513100
  -0.0015948300   -0.0012419200    0.0031587200
  -0.0015999000   -0.0000111100    0.0047270800
  -0.0000704100   -0.0000003000    0.0005128700
   0.0013721800   -0.0001741700    0.0048009100
   0.0066127800    0.0298829000    0.0392096200
  -0.0012742300   -0.0006119400    0.0068205900
  -0.0007610800    0.0013617500    0.0046472000
   0.0005644300    0.0013043900    0.0048822800
   0.0027577600    0.0029362500    0.0084361600

101  
 -0.0062658233877273  -0.0000000000000000  -0.0077935522885145
   0.0000521500    0.0000035900    0.0010366100
  -0.0010424800   -0.0000456800   -0.0001132000
   0.0003238600   -0.0000080200   -0.0001443600
  -0.0002238300   -0.0000014900   -0.0001411700
   0.0011274200   -0.0000417400   -0.0001066400
  -0.0005245800   -0.0009087600   -0.0001269600
   0.0004738600    0.0002475900   -0.0005677800
   0.0000536300    0.0007023900    0.0010077100
  -0.0003603900    0.0002381100   -0.0005560900
   0.0006409100   -0.0009207700   -0.0000920300
   0.0001811900    0.0002389800   -0.0001524000
   0.0006611500   -0.0003487900    0.0010073400
  -0.0005513000   -0.0003462900    0.0010088200
  -0.0000843700    0.0002438500   -0.0001349100
   0.0000618000    0.0004353700   -0.0006248900
  -0.0000886500   -0.0002380500   -0.0001509000
   0.0000530500   -0.0004850400   -0.0005627700
   0.0001944700   -0.0002316400   -0.0001369100
   0.0005865900    0.0003123000    0.0010081200
  -0.0004929300    0.0003156800    0.0010167600
   0.0005496000    0.0009512600   -0.0001243200
  -0.0004506700    0.0009794400   -0.0000959400
   0.0004296900   -0.0002134400   -0.0006270100
   0.0000514900   -0.0006217100    0.0010128300
  -0.0003268100   -0.0002176700   -0.0006230500
   0.0043930400    0.0025047700   -0.0108820800
  -0.0004322000    0.0013501900   -0.0101236900
   0.0000480900    0.0001356700   -0.0058034700
   0.0005296600    0.0013509100   -0.0101199100
  -0.0042935900    0.0025145800   -0.0108799400
   0.0009748600   -0.0010891200   -0.0101214200
  -0.0048739100   -0.0028401000   -0.0105980100
   0.0049711400   -0.0028407100   -0.0105946300
  -0.0008799400   -0.0010896500   -0.0101213000
   0.0000570800   -0.0000126100   -0.0060220200
   0.0001658500   -0.0000664900   -0.0058040100
   0.0000479100    0.0056858900   -0.0105967300
  -0.0000663500   -0.0000631800   -0.0058022700
  -0.0027954500   -0.0041585300   -0.0072987600
   0.0028950900   -0.0041598900   -0.0072984900
   0.0014567800   -0.0002571800   -0.0101237500
  -0.0013583200   -0.0002570400   -0.0101226400
  -0.0049770400   -0.0003824200   -0.0072976100
   0.0000526700    0.0000024800    0.0018129000
   0.0050747800   -0.0003815100   -0.0072996800
   0.0000597300   -0.0050125300   -0.0108827100
   0.0000396400    0.0000107300   -0.0060257800
  -0.0021307600    0.0045461400   -0.0072976600
   0.0022299700    0.0045453500   -0.0072975400
   0.0000633100    0.0000071300   -0.0060208600
   0.0033392500    0.0019026100   -0.0028517400
  -0.0003324500    0.0017775600   -0.0058023800
   0.0000498300    0.0017260500   -0.0023279900
   0.0004640900    0.0017665300   -0.0058082800
  -0.0032336000    0.0018964700   -0.0028060700
   0.0013968300   -0.0012179600   -0.0058122900
  -0.0030735500   -0.0018022600   -0.0018081100
   0.0031606700   -0.0017939700   -0.0018189800
  -0.0012706100   -0.0012393300   -0.0057988700
   0.0000660900   -0.0011840600   -0.0030956700
   0.0015437100   -0.0008609100   -0.0023233900
   0.0000504000    0.0036011900   -0.0018130300
  -0.0014432400   -0.0008591500   -0.0023337200
  -0.0049717100   -0.0083143400    0.0022355400
   0.0050700100   -0.0083176700    0.0022229700
   0.0017827300   -0.0005406700   -0.0058115100
  -0.0016797700   -0.0005384600   -0.0057969000
  -0.0096608000   -0.0001921700    0.0022207800
   0.0000499200    0.0000023900    0.0094707900
   0.0097666300   -0.0001836000    0.0022368900
   0.0000490100   -0.0037922700   -0.0028272900
  -0.0009683700    0.0005979200   -0.0031415700
  -0.0046386300    0.0085070700    0.0022152800
   0.0047460600    0.0085096400    0.0022412900
   0.0010840700    0.0005911800   -0.0030473700
   0.0015437000    0.0000015300   -0.0054716900
  -0.0024641600   -0.0001600600    0.0031180800
  -0.0015711500    0.0008152000    0.0058149400
   0.0016586100    0.0005817800    0.0058344700
   0.0013296300   -0.0014159100    0.0012440000
  -0.0010060300   -0.0025728200    0.0033686500
   0.0007543100    0.0004107300    0.0062078600
   0.0000577800   -0.0010722000    0.0038892700
  -0.0008495200    0.0005211500    0.0063212100
   0.0022661100    0.0001029600    0.0009849400
  -0.0000974400   -0.0018976400    0.0058150200
  -0.0008844300    0.0005468100    0.0038842900
   0.0009754500    0.0005317100    0.0038958400
   0.0003083900   -0.0015938600    0.0058350200
   0.0000488100   -0.0001702100    0.0056128900
   0.0015185600    0.0011331800    0.0058271400
   0.0000448600   -0.0009268800    0.0062646200
  -0.0013063000    0.0009690300    0.0058223500
  -0.0018376900   -0.0010956100    0.0036498300
   0.0019324500   -0.0010790100    0.0036205300
   0.0009085800    0.0019844900    0.0024409700
   0.0003828900    0.0020956700    0.0019279000
  -0.0002010800    0.0001474200    0.0056973200
   0.0000608300    0.0021793100    0.0036355900
   0.0000972400    0.0000289800    0.0055309500
   0.0662797600   -0.0004997000    0.1031068600
  -0.0068799700   -0.0000333500   -0.0048740300
  -0.0012145100    0.0003648100    0.0083540600
   0.0012041900    0.0002775400    0.0083572000
  -0.0050942400    0.0003888500   -0.0065280200
  -0.0014216400   -0.0035047600   -0.0053327300
  -0.0020453800   -0.0011990100    0.0043707500
   0.0000033100    0.0040851800    0.0007535700
   0.0023374100   -0.0013259800    0.0043619700
  -0.0007871900    0.0017150900   -0.0060589100
  -0.0002895200   -0.0012726200    0.0083822200
   0.0035655200   -0.0020538600    0.0007466900
  -0.0035071800   -0.0020251100    0.0007586900
   0.0003640900   -0.0011390800    0.0083280600
   0.0000329200   -0.0026524800    0.0046587900
   0.0009199000    0.0009089000    0.0083814900
   0.0000328300    0.0025300800    0.0043669400
  -0.0008454600    0.0008693900    0.0083298700
   0.0027027500    0.0015590100    0.0020034900
  -0.0026451900    0.0015310200    0.0020261300
  -0.0004785600   -0.0023073400   -0.0061615400
  -0.0017271000    0.0037535500   -0.0052300500
  -0.0021549000    0.0012665100    0.0045795100
   0.0000034400   -0.0030851800    0.0020147500
   0.0024462400    0.0013945200    0.0047356400
   0.0006410400    0.0041924300   -0.0115111600
  -0.0017990900    0.0016541400    0.0030496400
  -0.0000519900    0.0008689000    0.0050903700
   0.0012046900    0.0021922200    0.0023933300
  -0.0528244900    0.0266890200   -0.0522938600
   0.0008935500   -0.0016904100    0.0027608900
   0.0002662400    0.0000962600    0.0037191500
  -0.0000121600    0.0000696000    0.0037205400
  -0.0009265400   -0.0028425900    0.0026853400
   0.0023841600    0.0001703700    0.0036452600
   0.0007607900   -0.0004660700    0.0051010700
   0.0001023200   -0.0001601100    0.0037191500
  -0.0007428300   -0.0004000200    0.0050812600
  -0.0008132600   -0.0012710800    0.0047148000
   0.0008641600   -0.0013508400    0.0048768800
   0.0019883500   -0.0003179800    0.0024321600
  -0.0028379400    0.0010133500    0.0030140900
  -0.0014277700   -0.0001489200    0.0048313700
   0.0000901500    0.0000014900    0.0005831300
   0.0016863100    0.0000136300    0.0047575800
  -0.0066116100   -0.0306422100   -0.0316645000
  -0.0005610400    0.0017014500    0.0044788800
  -0.0006050900    0.0013569300    0.0049133100
   0.0008296500    0.0014121300    0.0046774300
  -0.0008630100   -0.0018775800    0.0028073300

126  
  0.0062658233877273   0.0000000000000000   0.0077935522885145
   0.0001577300    0.0000705700    0.0009188400
  -0.0012301900    0.0000383700   -0.0003770200
   0.0002827400   -0.0000451000   -0.0001702200
  -0.0002580700    0.0000025200   -0.0001899200
   0.0010682900   -0.0000960900   -0.0001449000
  -0.0005628600   -0.0010904500   -0.0002501800
   0.0004232500    0.0002788900   -0.0005998900
   0.0000096700    0.0006789400    0.0009311800
  -0.0004062400    0.0002261100   -0.0006237800
   0.0006395400   -0.0009846700   -0.0001014700
   0.0001314500    0.0002475200   -0.0002142800
   0.0005982500   -0.0003497800    0.0009199800
  -0.0005989100   -0.0003531400    0.0009405300
  -0.0001196200    0.0002470100   -0.0002003000
   0.0000507200    0.0004704500   -0.0006313700
  -0.0001066900   -0.0002524000   -0.0001792600
   0.0000025900   -0.0004741200   -0.0006408400
   0.0001660900   -0.0002330000   -0.0002060600
   0.0005465300    0.0003061000    0.0009538600
  -0.0005821500    0.0003049100    0.0009587500
   0.0004829700    0.0009560800   -0.0001729500
  -0.0005563500    0.0009842600   -0.0001152100
   0.0004297300   -0.0002004700   -0.0006162700
  -0.0000241200   -0.0006378100    0.0009580200
  -0.0003948500   -0.0002042500   -0.0006683000
   0.0043517500    0.0025063700   -0.0110127200
  -0.0004720800    0.0013505800   -0.0102014600
   0.0000008900    0.0001409400   -0.0058929200
   0.0004702700    0.0013536300   -0.0102065500
  -0.0043507300    0.0025424300   -0.0109349300
   0.0009403000   -0.0010928000   -0.0101977300
  -0.0049275300   -0.0028473200   -0.0106813600
   0.0049149200   -0.0028454900   -0.0106821500
  -0.0009469600   -0.0010836300   -0.0101979400
  -0.0000284300   -0.0000283000   -0.0060930600
   0.0001250700   -0.0000693200   -0.0058943500
  -0.0000069800    0.0056787000   -0.0106817600
  -0.0001231100   -0.0000715300   -0.0058907100
  -0.0028597000   -0.0041672700   -0.0073852800
   0.0028319900   -0.0041585000   -0.0073779900
   0.0014068200   -0.0002763100   -0.0102106600
  -0.0014083900   -0.0002709500   -0.0102016200
  -0.0050379900   -0.0003967800   -0.0073858200
   0.0000037500   -0.0000001800    0.0017279600
   0.0050218500   -0.0003889700   -0.0073887200
   0.0000206400   -0.0050408200   -0.0109383600
  -0.0000224800   -0.0000121200   -0.0060994100
  -0.0021830100    0.0045347800   -0.0073798600
   0.0021767700    0.0045354700   -0.0073874700
  -0.0000058400    0.0000012200   -0.0060978200
   0.0035572800    0.0019045300   -0.0034994400
  -0.0004082600    0.0017111500   -0.0056740100
   0.0000015300    0.0017151000   -0.0024028400
   0.0003812900    0.0017786000   -0.0058884700
  -0.0031882900    0.0016960200   -0.0025692200
   0.0013085100   -0.0012046300   -0.0055462800
  -0.0031693600   -0.0018139200   -0.0018780700
   0.0030958000   -0.0018079300   -0.0018725700
  -0.0014046700   -0.0012179100   -0.0059759400
   0.0002692500   -0.0011843800   -0.0030013900
   0.0014810500   -0.0008808900   -0.0024011700
  -0.0000098700    0.0035900300   -0.0018568400
  -0.0014976300   -0.0008548900   -0.0023998200
  -0.0050295900   -0.0082976800    0.0021564400
   0.0050164600   -0.0083640200    0.0021472900
   0.0017443100   -0.0005533700   -0.0058865700
  -0.0017693600   -0.0005703700   -0.0059275300
  -0.0096963500   -0.0002174600    0.0021534700
  -0.0000048400   -0.0000082900    0.0093855300
   0.0097020400   -0.0001975900    0.0021410300
  -0.0000791100   -0.0037152900   -0.0024992800
  -0.0009262800    0.0007467600   -0.0030594900
  -0.0047213400    0.0085216100    0.0021001900
   0.0046851400    0.0085025400    0.0021442200
   0.0010592000    0.0006147800   -0.0031667500
   0.0484258700    0.0242080600    0.0595656900
  -0.0018997500    0.0033537000    0.0161333900
  -0.0016340500    0.0012565000    0.0065930000
   0.0016853900    0.0007083200    0.0057663300
   0.0037110800   -0.0005104200    0.0025215000
   0.0052020900   -0.0302194800    0.0368080400
   0.0003496700    0.0015361000    0.0066737600
  -0.0002073300   -0.0011602600    0.0038669100
  -0.0006598300    0.0005801600    0.0058681500
   0.0031804300   -0.0052294400    0.0053148800
  -0.0000690800   -0.0023154800    0.0063437500
  -0.0010530100    0.0004003700    0.0038622400
   0.0009318800    0.0005412900    0.0038197200
   0.0001509000   -0.0019051900    0.0057165000
   0.0006841700   -0.0000257900    0.0055560700
   0.0014445200    0.0010663100    0.0057206300
   0.0001320000   -0.0008042500    0.0059007700
  -0.0015063200    0.0011881000    0.0057530100
  -0.0018619300   -0.0011220200    0.0036409200
   0.0018474400   -0.0010812300    0.0036517100
   0.0019052000    0.0032779900    0.0026740900
  -0.0040951100    0.0038239000    0.0042864700
  -0.0001056800   -0.0000166600    0.0059552400
  -0.0000537600    0.0021758700    0.0036376500
   0.0000384800    0.0000328800    0.0053483200
   0.0009975700   -0.0032673000    0.0168603600
   0.0513073300   -0.0255028000    0.0495195100
  -0.0004518700    0.0011917400    0.0080918300
   0.0013092300    0.0002647100    0.0081213000
  -0.0001815300   -0.0003047000   -0.0072603700
   0.0068983700    0.0288155900    0.0277495600
  -0.0004729000    0.0010590700    0.0072329300
   0.0000856000    0.0039398100    0.0005929900
   0.0020766600   -0.0012620900    0.0043662900
  -0.0005143200   -0.0012088000   -0.0069064800
   0.0004757200   -0.0012675300    0.0083223800
   0.0034868400   -0.0019105900    0.0005837100
  -0.0035575000   -0.0020365500    0.0005909500
   0.0002305600   -0.0010330300    0.0081275700
   0.0001135700   -0.0020589800    0.0051801400
   0.0008745200    0.0009434200    0.0081680000
  -0.0000776400    0.0025000100    0.0043387100
  -0.0007276700    0.0008069000    0.0081092500
   0.0027158900    0.0015036100    0.0018451200
  -0.0027171500    0.0015353300    0.0019418300
   0.0001764100   -0.0002515300   -0.0074259600
  -0.0024590500   -0.0014137600   -0.0060372600
  -0.0021793000    0.0004548700    0.0047865000
  -0.0000770900   -0.0030675200    0.0019448000
   0.0022158400    0.0013039900    0.0047006200
  -0.1379214100    0.0010176300   -0.2051592800
   0.0014263300   -0.0041171000   -0.0004286400
   0.0012758000    0.0011196400    0.0054958100
   0.0022367500    0.0017468300    0.0035267400
   0.0025546300    0.0060554900    0.0001590100
   0.0035513100    0.0040954900   -0.0004863000
   0.0005548700   -0.0003138400    0.0035743700
  -0.0001793800    0.0000526300    0.0037085500
  -0.0008517100   -0.0014592700    0.0029152800
   0.0024900800   -0.0073528200    0.0017891300
   0.0009142700    0.0000076000    0.0054872400
   0.0000134400   -0.0001956800    0.0037065600
  -0.0007575900   -0.0004186700    0.0050349900
  -0.0007094900   -0.0016878900    0.0052211600
   0.0019227300   -0.0012530100    0.0045910800
   0.0023040400    0.0007441400    0.0035000100
  -0.0011406400   -0.0001439900    0.0029041700
  -0.0013723500   -0.0009619400    0.0052051600
   0.0000395600    0.0000418000    0.0005012300
   0.0015515400   -0.0001304200    0.0046969700
   0.0024934900   -0.0059142300    0.0002925500
   0.0014112400    0.0066815500    0.0019799500
  -0.0002794200    0.0017521400    0.0045671800
   0.0006442600    0.0013477800    0.0047153500
   0.0012980300    0.0001161300    0.0054699500

126  
 -0.0062658233877273  -0.0000000000000000  -0.0077935522885145
  -0.0001551100   -0.0000681200    0.0008033400
  -0.0009590400   -0.0001441800    0.0000202600
   0.0002504700    0.0000256900   -0.0002985200
  -0.0002848500   -0.0000219400   -0.0002815200
   0.0011020500   -0.0000096300   -0.0002098200
  -0.0006222600   -0.0007456000   -0.0001093100
   0.0003850000    0.0001947400   -0.0007028500
  -0.0000122700    0.0007248600    0.0009024100
  -0.0004169300    0.0002451800   -0.0006733200
   0.0005386200   -0.0008502000   -0.0002565000
   0.0001175000    0.0002210300   -0.0002553900
   0.0006118900   -0.0003524900    0.0009134100
  -0.0006186800   -0.0003461800    0.0008946500
  -0.0001451500    0.0002310700   -0.0002708800
  -0.0000507400    0.0003847700   -0.0007827800
  -0.0001834500   -0.0002147300   -0.0002940300
  -0.0000019300   -0.0004797000   -0.0006583100
   0.0001133800   -0.0002280200   -0.0002660400
   0.0005266300    0.0003163400    0.0008862100
  -0.0005054100    0.0003211100    0.0008807400
   0.0005122100    0.0009885400   -0.0001823600
  -0.0004374700    0.0009556600   -0.0002444200
   0.0003041700   -0.0002304000   -0.0007995100
   0.0000233900   -0.0006124300    0.0008823700
  -0.0003623600   -0.0002236600   -0.0007489800
   0.0043383900    0.0025141800   -0.0108685400
  -0.0004887500    0.0013431900   -0.0101971200
  -0.0000046100    0.0001262200   -0.0058697900
   0.0004811500    0.0013415400   -0.0101916700
  -0.0043469100    0.0024754300   -0.0109541900
   0.0009094000   -0.0010850300   -0.0101972000
  -0.0049174600   -0.0028356500   -0.0106681100
   0.0049221600   -0.0028389200   -0.0106653500
  -0.0009154800   -0.0010921300   -0.0102013300
   0.0000285300    0.0000073200   -0.0061079600
   0.0001038400   -0.0000641800   -0.0058695100
   0.0000012700    0.0056849200   -0.0106684900
  -0.0001116400   -0.0000612300   -0.0058692900
  -0.0028360100   -0.0041528600   -0.0073723300
   0.0028538400   -0.0041612000   -0.0073788000
   0.0013997400   -0.0002475200   -0.0101914300
  -0.0014040300   -0.0002504700   -0.0101967500
  -0.0050183300   -0.0003742800   -0.0073694300
  -0.0000066700    0.0000000700    0.0017451200
   0.0050215400   -0.0003795800   -0.0073676600
  -0.0000233600   -0.0049969500   -0.0109499800
   0.0000007600    0.0000215300   -0.0061026600
  -0.0021792100    0.0045527300   -0.0073760500
   0.0021788300    0.0045500400   -0.0073674800
   0.0000156100    0.0000081100   -0.0061060500
   0.0030427100    0.0019123300   -0.0023066400
  -0.0003486100    0.0018614000   -0.0060952900
  -0.0000053600    0.0017305800   -0.0023931600
   0.0003628600    0.0017962700   -0.0058833000
  -0.0034190200    0.0021172200   -0.0032161600
   0.0014032000   -0.0012371000   -0.0062232100
  -0.0030730100   -0.0017892000   -0.0018917000
   0.0031378800   -0.0017962500   -0.0018987800
  -0.0013234100   -0.0012184200   -0.0057941400
  -0.0002632700   -0.0011623600   -0.0033930000
   0.0015007000   -0.0008420800   -0.0023940500
   0.0000040600    0.0036131400   -0.0019119900
  -0.0014895000   -0.0008666400   -0.0023984300
  -0.0050309000   -0.0083227200    0.0021643500
   0.0050331900   -0.0082559100    0.0021724500
   0.0017206500   -0.0005899200   -0.0058807600
  -0.0017013100   -0.0005709100   -0.0058436200
  -0.0097312900   -0.0001837800    0.0021644000
   0.0000021600    0.0000079900    0.0094095900
   0.0097121300   -0.0002003700    0.0021788000
   0.0000781500   -0.0039110400   -0.0032894800
  -0.0011059000    0.0004274900   -0.0033379800
  -0.0046471900    0.0084960000    0.0022182800
   0.0046766600    0.0085130100    0.0021746400
   0.0009592800    0.0005543600   -0.0032321700
  -0.0503777200   -0.0253908700   -0.0518741700
  -0.0042850500   -0.0027065000   -0.0111833400
  -0.0016247300    0.0001591900    0.0048910000
   0.0015373600    0.0006961600    0.0057233100
   0.0023814800    0.0010923600    0.0024258800
  -0.0076857800    0.0254393200   -0.0325476100
   0.0010862000   -0.0006883400    0.0051214600
   0.0002012600   -0.0010189900    0.0037779500
  -0.0008199000    0.0002722300    0.0059430900
  -0.0006939300   -0.0003290000   -0.0003648700
  -0.0003467300   -0.0012072300    0.0051363400
  -0.0008402500    0.0006895000    0.0037846700
   0.0009556600    0.0005484600    0.0038338600
   0.0002372200   -0.0015962500    0.0057793700
  -0.0006877400   -0.0002049800    0.0049657100
   0.0013844400    0.0010244800    0.0057761800
  -0.0001384100   -0.0009011600    0.0059061200
  -0.0013350700    0.0009008300    0.0057343900
  -0.0018891700   -0.0010450800    0.0034976500
   0.0018988500   -0.0010817000    0.0034911500
   0.0016500400    0.0017272000    0.0022692200
   0.0005098400    0.0011683200    0.0006711600
  -0.0001162200    0.0001439400    0.0045633100
   0.0000533000    0.0021521900    0.0035036000
   0.0001590400    0.0000808300    0.0051634700
  -0.0009319000    0.0033156700   -0.0118860200
  -0.0490951300    0.0247994000   -0.0635090800
  -0.0019647400   -0.0006409400    0.0081432200
   0.0011022000    0.0002987400    0.0080963700
  -0.0000508600    0.0008048000   -0.0088103300
  -0.0064099100   -0.0280262700   -0.0431286200
  -0.0040597800   -0.0036770500    0.0014901000
  -0.0000850200    0.0041892200    0.0006504800
   0.0024933800   -0.0013723600    0.0043384600
  -0.0000123900    0.0011825800   -0.0091689600
  -0.0012006200   -0.0011039300    0.0078833900
   0.0035507100   -0.0021511000    0.0006546100
  -0.0034864700   -0.0020294000    0.0006470800
   0.0004814400   -0.0013483600    0.0080868600
  -0.0001009800   -0.0032618900    0.0041209100
   0.0008172800    0.0008659000    0.0080442300
   0.0000743900    0.0027733500    0.0043662200
  -0.0009766000    0.0009976700    0.0081111300
   0.0026112800    0.0015698200    0.0019209500
  -0.0026140800    0.0015447800    0.0018229700
   0.0001293100   -0.0002061400   -0.0086648300
   0.0021751400    0.0009537000   -0.0100402700
  -0.0024085700    0.0022167600    0.0045262500
   0.0000745900   -0.0030870100    0.0018215300
   0.0023637700    0.0013380400    0.0045836000
   0.1386281800   -0.0001179400    0.2128832600
  -0.0031815300    0.0080467600    0.0065044500
  -0.0012736000    0.0007538400    0.0045589500
  -0.0002037700    0.0022287500    0.0025020000
  -0.0028983100   -0.0060653200    0.0077686100
  -0.0010631000   -0.0077904900    0.0066266900
  -0.0002891300    0.0004705300    0.0038401300
  -0.0000951100    0.0001111100    0.0036889400
  -0.0015696000   -0.0023015800    0.0031071500
  -0.0025692700    0.0052658400    0.0092219500
   0.0007039200   -0.0009435400    0.0045635800
  -0.0000160100   -0.0001223700    0.0036896100
  -0.0008757400   -0.0005276800    0.0050117400
  -0.0009530900   -0.0008681300    0.0041839600
  -0.0002659600   -0.0012995900    0.0048214100
   0.0021480500   -0.0009600200    0.0025351200
  -0.0033289700   -0.0000622000    0.0031335300
  -0.0016728900    0.0008034500    0.0042092400
  -0.0000371300   -0.0000437600    0.0004465100
   0.0014830000   -0.0000322400    0.0047132900
  -0.0025438700    0.0057521200    0.0077455500
  -0.0032259800   -0.0057148000    0.0090753700
  -0.0011084500    0.0009741800    0.0048481700
   0.0007301900    0.0013600400    0.0046963700
   0.0005606300    0.0009620600    0.0056498100
