112  
14   

1    
  0.0058832012562187   0.0000000000000000   0.0080862811587792
  -0.0814774700   -0.0002540100   -0.1616513900
   0.0002136200    0.0046435100   -0.0223860500
   0.0009027300    0.0000189200   -0.0183016900
   0.0000955000   -0.0045928900   -0.0224370700
   0.0002706700   -0.0046411800   -0.0224238900
   0.0002799300   -0.0002539500   -0.0183388300
   0.0003353900    0.0002371900   -0.0183413000
   0.0001543900    0.0047009200   -0.0223853100
  -0.0001994900    0.0006438600   -0.0183001900
   0.0007376200   -0.0000050400   -0.0183431000
  -0.0002131200   -0.0006241300   -0.0183019800
   0.0007567300    0.0000129700   -0.0183391200
   0.0001654600    0.0045617900   -0.0224497500
   0.0002985400   -0.0046227900   -0.0223658300
   0.0002436300    0.0002541000   -0.0183376400
   0.0003321300   -0.0002696900   -0.0183395800
  -0.0005425000   -0.0036057800   -0.0133011300
  -0.0002332900   -0.0001842200   -0.0240852700
  -0.0000607400    0.0007222900   -0.0245817200
   0.0345191600   -0.0164298800    0.0140810500
   0.0002232200   -0.0000143800   -0.0239316900
  -0.0002160100   -0.0002254200   -0.0246937200
   0.0000202700   -0.0003076200   -0.0243367700
  -0.0014109000   -0.0012183600   -0.0236900500
   0.0002443700   -0.0004268600   -0.0243890000
   0.0002585900    0.0006661800   -0.0242727100
  -0.0003172900    0.0000425800   -0.0248841500
   0.0000518100    0.0001555900   -0.0247110800
   0.0059080300    0.0202205500    0.0006204700
  -0.0011433600   -0.0002895000   -0.0234175100
  -0.0000362700   -0.0000926000   -0.0247028300
   0.0006426100    0.0010769600   -0.0237352400
   0.0358872600    0.0174505100    0.0334057600
  -0.0000668500   -0.0004354400   -0.0066087200
  -0.0002078200    0.0004574200   -0.0061274700
  -0.0004824400    0.0037597600    0.0047144200
   0.0000840700    0.0002478100   -0.0067578000
  -0.0002179600   -0.0002256400   -0.0068361600
   0.0001718100   -0.0000405500   -0.0063694900
  -0.0013987700    0.0008492900   -0.0057080900
  -0.0000545000   -0.0004261300   -0.0063097200
   0.0005645800    0.0006528200   -0.0064318400
  -0.0002588200    0.0000736400   -0.0067694100
  -0.0000047800    0.0001919200   -0.0069357200
   0.0058712000   -0.0210148000    0.0188223200
   0.0006671700   -0.0013290200   -0.0059866000
  -0.0000314100   -0.0001594200   -0.0069454000
  -0.0011292900    0.0000459300   -0.0056595400
   0.0000025200    0.0000014500    0.0028917300
  -0.0000161700    0.0000096300    0.0028955600
   0.0000107600    0.0000130400    0.0028940300
  -0.0000094000    0.0000049700    0.0028873700
   0.0000006200   -0.0000182100    0.0028940900
   0.0000005600    0.0000001300    0.0029044900
  -0.0000059900   -0.0000159100    0.0028955900
  -0.0000068100   -0.0000071400    0.0029049100
   0.0000163000    0.0000054900    0.0028933400
  -0.0000167900    0.0000061200    0.0028962000
  -0.0000116800   -0.0000037600    0.0029121100
  -0.0000002600   -0.0000028100    0.0029072500
  -0.0000003400   -0.0000066300    0.0028895200
  -0.0000102300    0.0000022600    0.0029073400
  -0.0000051800    0.0000066900    0.0029095900
   0.0000023400    0.0000056800    0.0029026800
  -0.0000199100   -0.0000097400    0.0112758000
   0.0000253000   -0.0000403500    0.0113015900
  -0.0000287700   -0.0000200500    0.0112969300
   0.0000107300   -0.0000082300    0.0112854600
  -0.0000170200    0.0000364300    0.0113003500
   0.0000048500    0.0000001800    0.0112997900
   0.0000082500    0.0000411400    0.0112980200
  -0.0000074600    0.0000141900    0.0112957500
  -0.0000318900   -0.0000099600    0.0112979500
   0.0000475200   -0.0000066800    0.0113005300
  -0.0000005500    0.0000090800    0.0113011600
  -0.0000264000    0.0000060100    0.0113027500
  -0.0000032300    0.0000179200    0.0112806200
   0.0000154100   -0.0000130500    0.0112981700
  -0.0000161000   -0.0000148400    0.0113020900
  -0.0000087500   -0.0000004100    0.0112933400
  -0.0000042500    0.0000015100    0.0046545600
  -0.0000028100   -0.0000040600    0.0046581200
  -0.0000017800   -0.0000021400    0.0046548400
  -0.0000035300   -0.0000051600    0.0046586700
  -0.0000078900    0.0000027700    0.0046577700
  -0.0000007300    0.0000009900    0.0046577800
  -0.0000040300   -0.0000024600    0.0046519500
  -0.0000001800   -0.0000000100    0.0046526600
  -0.0000062200    0.0000015600    0.0046542400
  -0.0000054700   -0.0000014000    0.0046530900
   0.0000007800    0.0000001800    0.0046474300
  -0.0000012300   -0.0000004500    0.0046524600
  -0.0000100500    0.0000033900    0.0046571900
  -0.0000009700    0.0000030000    0.0046533000
  -0.0000016100    0.0000009500    0.0046516200
  -0.0000002200    0.0000014500    0.0046603500
  -0.0000051400    0.0000013700    0.0312606000
  -0.0000029600    0.0000038600    0.0312523000
  -0.0000013500   -0.0000028000    0.0312619800
  -0.0000012000    0.0000109600    0.0312372000
  -0.0000013100   -0.0000010600    0.0312532700
  -0.0000085400   -0.0000032300    0.0312509300
  -0.0000051400   -0.0000080900    0.0312476300
   0.0000021300   -0.0000055500    0.0312492800
  -0.0000070200    0.0000021200    0.0312614400
  -0.0000118100    0.0000001700    0.0312473000
   0.0000024200    0.0000000600    0.0312440200
   0.0000035000    0.0000003900    0.0312498800
   0.0000043600   -0.0000034200    0.0312412400
  -0.0000051400    0.0000082000    0.0312477500
   0.0000020100    0.0000047500    0.0312489300
  -0.0000142400   -0.0000076600    0.0312316800

1    
 -0.0058832012562187   0.0000000000000000  -0.0080862811587792
   0.0809072400   -0.0002530800    0.1265342400
  -0.0001110900   -0.0046315500   -0.0146188300
  -0.0008608200    0.0000041700   -0.0187564100
  -0.0002486500    0.0046772100   -0.0146687800
  -0.0001901700    0.0047214800   -0.0146627800
  -0.0002995200    0.0002638700   -0.0187134200
  -0.0002862900   -0.0002703500   -0.0187191900
  -0.0002450500   -0.0046322300   -0.0146291000
   0.0002251200   -0.0006351000   -0.0187523000
  -0.0007519900    0.0000007300   -0.0187157300
   0.0002086700    0.0006401600   -0.0187520500
  -0.0007355700    0.0000034500   -0.0187162000
  -0.0002369400   -0.0046653100   -0.0146852800
  -0.0001741700    0.0045852500   -0.0146021500
  -0.0003023200   -0.0002618400   -0.0187098800
  -0.0003022700    0.0002604900   -0.0187157700
   0.0005115400    0.0035186700   -0.0363261400
   0.0001975700    0.0004102100   -0.0253073100
   0.0000799900   -0.0006407200   -0.0249999800
  -0.0358092800    0.0174526800   -0.0647000500
   0.0000029900    0.0000196400   -0.0253618800
   0.0000739900   -0.0000078200   -0.0247191500
   0.0001368300    0.0002098900   -0.0249364400
   0.0011682200    0.0010408000   -0.0257942000
  -0.0004077600    0.0003786800   -0.0252004700
  -0.0001288700   -0.0003530800   -0.0250758500
   0.0001968700   -0.0000575100   -0.0247599800
   0.0001145500    0.0001073400   -0.0245794100
  -0.0055752100   -0.0208766100   -0.0503830300
   0.0008541000    0.0001688300   -0.0259207000
   0.0002985500   -0.0000540900   -0.0246730100
  -0.0009315200   -0.0012163300   -0.0256329300
  -0.0345743400   -0.0167138000   -0.0457789600
   0.0000479500    0.0006766400   -0.0072148100
   0.0002437000   -0.0003903300   -0.0075273200
   0.0005332700   -0.0035578400   -0.0185434100
   0.0001540800   -0.0002478600   -0.0071526600
   0.0000727300   -0.0000080300   -0.0069764200
  -0.0000032100   -0.0000519600   -0.0075973400
   0.0011818400   -0.0010280000   -0.0080304400
  -0.0001040400    0.0003917900   -0.0073164000
  -0.0004291200   -0.0003532200   -0.0074545300
   0.0001393800   -0.0000924000   -0.0068150000
   0.0001737800    0.0000750300   -0.0069940700
  -0.0056207000    0.0203573700   -0.0322848700
  -0.0009147200    0.0011978500   -0.0079045500
   0.0003018700    0.0000128200   -0.0069014800
   0.0008836700   -0.0001763500   -0.0081911100
   0.0000034100   -0.0000006800    0.0029224100
   0.0000217700   -0.0000095600    0.0029189100
  -0.0000055500   -0.0000131200    0.0029204800
   0.0000141400   -0.0000054900    0.0029265800
   0.0000047100    0.0000191700    0.0029206700
   0.0000047900    0.0000001300    0.0029102400
   0.0000107200    0.0000161700    0.0029188100
   0.0000129700    0.0000080500    0.0029092300
  -0.0000116600   -0.0000056700    0.0029213800
   0.0000217800   -0.0000066600    0.0029180000
   0.0000177900    0.0000040100    0.0029022500
   0.0000059100    0.0000028800    0.0029074500
   0.0000046300    0.0000061900    0.0029244500
   0.0000164700   -0.0000020700    0.0029068000
   0.0000108700   -0.0000068800    0.0029047600
   0.0000027600   -0.0000058900    0.0029115500
   0.0000265200    0.0000099800    0.0113263500
  -0.0000201800    0.0000409000    0.0113000500
   0.0000334500    0.0000200500    0.0113043900
  -0.0000059700    0.0000089200    0.0113160600
   0.0000222400   -0.0000362300    0.0113009000
   0.0000004900    0.0000001300    0.0113012800
  -0.0000033500   -0.0000402900    0.0113033400
   0.0000131500   -0.0000127500    0.0113058800
   0.0000370100    0.0000098000    0.0113030500
  -0.0000424100    0.0000063300    0.0113012400
   0.0000059900   -0.0000089500    0.0113004400
   0.0000320400   -0.0000061300    0.0112986000
   0.0000093700   -0.0000187800    0.0113212600
  -0.0000098400    0.0000131300    0.0113041200
   0.0000214800    0.0000149500    0.0112996400
   0.0000126600   -0.0000003200    0.0113079800
   0.0000092700   -0.0000019000    0.0046419500
   0.0000073200    0.0000036300    0.0046375400
   0.0000080500    0.0000021600    0.0046403100
   0.0000085800    0.0000047600    0.0046366600
   0.0000127400   -0.0000033200    0.0046372500
   0.0000064300   -0.0000006200    0.0046375000
   0.0000092700    0.0000019800    0.0046437700
   0.0000046500   -0.0000005400    0.0046422600
   0.0000122900   -0.0000005300    0.0046409700
   0.0000102900    0.0000019300    0.0046428000
   0.0000043200    0.0000001500    0.0046484400
   0.0000067200    0.0000013000    0.0046433900
   0.0000147600   -0.0000035700    0.0046386500
   0.0000058600   -0.0000032000    0.0046417000
   0.0000068200   -0.0000015600    0.0046440200
   0.0000063400   -0.0000013800    0.0046346200
   0.0000100900   -0.0000016400    0.0311848900
   0.0000079300   -0.0000044800    0.0311929800
   0.0000077300    0.0000026100    0.0311852100
   0.0000060600   -0.0000114200    0.0312096200
   0.0000067500    0.0000009200    0.0311923300
   0.0000140200    0.0000038800    0.0311932300
   0.0000105900    0.0000076700    0.0311977500
   0.0000023200    0.0000050100    0.0311963700
   0.0000127000   -0.0000013500    0.0311850200
   0.0000165100    0.0000004400    0.0311986500
   0.0000027300    0.0000001800    0.0312017900
   0.0000017600    0.0000004100    0.0311957100
   0.0000007100    0.0000030800    0.0312048600
   0.0000099600   -0.0000086000    0.0311980200
   0.0000031500   -0.0000050800    0.0311965800
   0.0000202600    0.0000081100    0.0312141300

17   
  0.0058832012562187   0.0000000000000000   0.0080862811587792
  -0.0017387900   -0.0042847900   -0.0060123800
   0.0371177900   -0.0181978400    0.0206354800
  -0.0003202900    0.0000625900   -0.0180058900
   0.0000870600    0.0003230300   -0.0181106100
   0.0056519100    0.0222623500    0.0071727300
  -0.0001739600    0.0005731600   -0.0167483100
  -0.0002944700   -0.0001617600   -0.0185292200
   0.0002254700   -0.0008690800   -0.0180671700
   0.0004069400    0.0000336600   -0.0179534000
  -0.0002973500    0.0000107800   -0.0185085300
  -0.0000651400    0.0001535500   -0.0185484900
   0.0002574000   -0.0005446300   -0.0181562200
   0.0002418300   -0.0004938100   -0.0180053700
  -0.0011995300    0.0002694200   -0.0174066800
  -0.0003210400    0.0007014600   -0.0181126400
  -0.0000470400    0.0000202900   -0.0184712500
  -0.0485815000    0.0000456000   -0.1115591000
   0.0032631300   -0.0002186200   -0.0261890100
   0.0001184500   -0.0001553600   -0.0249631900
   0.0042261100   -0.0001654200   -0.0268750400
   0.0001229700    0.0015687800   -0.0264957300
   0.0000320000    0.0000301400   -0.0248725500
  -0.0000017400   -0.0000361200   -0.0248052800
   0.0009039300   -0.0022613600   -0.0267280600
  -0.0000721400    0.0001006400   -0.0250488800
  -0.0000401600    0.0000086200   -0.0248312000
   0.0001774600    0.0000780300   -0.0249853400
   0.0000572300    0.0001449600   -0.0248167000
   0.0006208600    0.0023697100   -0.0267859700
   0.0004102200   -0.0013117600   -0.0262822300
   0.0001294500   -0.0000574500   -0.0247674400
  -0.0000904900   -0.0000499400   -0.0247796000
  -0.0014198900   -0.0000379000    0.0036626500
   0.0014815400    0.0011880800   -0.0057830700
   0.0001004300   -0.0000574900   -0.0069768900
  -0.0002522600    0.0002756900   -0.0070944500
   0.0006432200    0.0005641700   -0.0065686800
   0.0001103300    0.0000786700   -0.0070384500
   0.0001152000   -0.0001065500   -0.0069295200
  -0.0015535600    0.0001911200   -0.0061575000
  -0.0000665900    0.0000876900   -0.0069524300
  -0.0000453900    0.0000317300   -0.0069918500
   0.0000126000   -0.0000056700   -0.0068960300
   0.0000518400    0.0000088600   -0.0070069500
  -0.0002324600   -0.0000492400   -0.0072734000
  -0.0006772600   -0.0021991100   -0.0056004100
   0.0001074700   -0.0000477400   -0.0070711600
   0.0001227600    0.0000767000   -0.0070294200
   0.0000081000    0.0000010900    0.0029927300
   0.0000138200   -0.0000031800    0.0029715800
   0.0000097300    0.0000022900    0.0029550200
   0.0000125400   -0.0000014800    0.0029809700
   0.0000083000    0.0000050800    0.0029757300
   0.0000088100   -0.0000008300    0.0029486500
   0.0000124200    0.0000006100    0.0029579300
   0.0000135500    0.0000012100    0.0029768500
   0.0000107100    0.0000001900    0.0029552600
   0.0000118400    0.0000027700    0.0029530000
   0.0000084200   -0.0000000100    0.0029548000
   0.0000121400   -0.0000035900    0.0029571200
   0.0000078600    0.0000024400    0.0029801900
   0.0000143500    0.0000013200    0.0029721400
   0.0000067200    0.0000039300    0.0029538900
   0.0000140400    0.0000019600    0.0029602000
   0.0000050500    0.0000010600    0.0113473200
  -0.0000560100    0.0000369300    0.0113414600
   0.0000309300    0.0000227000    0.0113496100
   0.0000623900    0.0000201800    0.0113455900
   0.0000025000   -0.0000629700    0.0113409700
   0.0000020100    0.0000036600    0.0113483200
   0.0000263000   -0.0000158200    0.0113461300
   0.0000141000   -0.0000651300    0.0113458900
   0.0000333200   -0.0000007400    0.0113495100
  -0.0000027000    0.0000147300    0.0113473300
  -0.0000042600   -0.0000196600    0.0113494700
   0.0000173900   -0.0000342600    0.0113469400
   0.0000509500    0.0000373700    0.0113431100
  -0.0000558400    0.0000389500    0.0113439500
  -0.0000055700    0.0000139300    0.0113480800
   0.0000547700    0.0000222900    0.0113459500
   0.0000222400    0.0000052600    0.0047754200
   0.0000179000    0.0000071700    0.0047817700
  -0.0000004100    0.0000057400    0.0047812500
   0.0000048400    0.0000065400    0.0047707400
   0.0000218000    0.0000046400    0.0047819500
   0.0000072300    0.0000006300    0.0047880800
   0.0000026800    0.0000076400    0.0047813700
   0.0000113900    0.0000113600    0.0047752100
   0.0000111800   -0.0000118900    0.0047803600
   0.0000106100   -0.0000085200    0.0047813000
   0.0000109700    0.0000024500    0.0047863400
   0.0000104300   -0.0000008600    0.0047838700
   0.0000146300   -0.0000093500    0.0047731900
   0.0000199600   -0.0000040300    0.0047762900
   0.0000074200    0.0000006200    0.0047849900
   0.0000011000   -0.0000056100    0.0047748500
   0.0000577100    0.0000195400    0.0312061200
   0.0000221200   -0.0000001300    0.0312605900
  -0.0000142100    0.0000048200    0.0312488000
  -0.0000222900    0.0000283400    0.0311630200
   0.0000201100    0.0000107500    0.0312574600
   0.0000083200    0.0000005000    0.0312612100
  -0.0000003500    0.0000210000    0.0312510400
   0.0000149400    0.0000364400    0.0312418800
   0.0000053200   -0.0000194700    0.0312518800
   0.0000214200   -0.0000119300    0.0312574600
   0.0000124900    0.0000066800    0.0312651800
   0.0000039800    0.0000000100    0.0312627000
   0.0000253900   -0.0000451500    0.0311839700
   0.0000387900   -0.0000128200    0.0312526700
   0.0000023200   -0.0000040200    0.0312639700
  -0.0000232800   -0.0000211800    0.0312301600

17   
 -0.0058832012562187   0.0000000000000000  -0.0080862811587792
   0.0018031400    0.0042833800   -0.0311805500
  -0.0356797200    0.0173602900   -0.0563956200
   0.0003803400   -0.0000840000   -0.0191305200
  -0.0000889700   -0.0003313100   -0.0190137500
  -0.0056209400   -0.0217633200   -0.0439148300
   0.0001546000   -0.0005908100   -0.0203607500
   0.0002983000    0.0001164100   -0.0186108800
  -0.0001872600    0.0008040100   -0.0190819500
  -0.0003392400    0.0000127600   -0.0191828800
   0.0002671900    0.0000157300   -0.0186290400
   0.0000639700   -0.0001450900   -0.0185884600
  -0.0001916400    0.0005747500   -0.0189592300
  -0.0002175300    0.0004692600   -0.0191260800
   0.0011763100   -0.0002015400   -0.0197281800
   0.0003831600   -0.0006451000   -0.0190217000
   0.0000650900    0.0000004300   -0.0186578700
   0.0443805300    0.0000603800    0.0638403000
  -0.0031312600    0.0001540600   -0.0234012300
  -0.0001294000    0.0001481300   -0.0245345100
  -0.0041598700    0.0001484100   -0.0226198800
  -0.0001529300   -0.0015036700   -0.0230909100
   0.0000336900    0.0000140100   -0.0247074900
   0.0000202800   -0.0000276500   -0.0247933700
  -0.0008841700    0.0022118600   -0.0228939700
   0.0000920000   -0.0001157000   -0.0244297100
  -0.0000098100    0.0000040000   -0.0247687800
  -0.0001249900   -0.0000180500   -0.0246371100
   0.0000186000   -0.0001253500   -0.0247240900
  -0.0006051700   -0.0022892100   -0.0226974600
  -0.0003725400    0.0012842800   -0.0233128000
  -0.0001031400    0.0000819500   -0.0247058800
   0.0001124700    0.0000344100   -0.0247591600
   0.0013429600    0.0000077100   -0.0174800000
  -0.0013965500   -0.0012479900   -0.0081043200
  -0.0001125400    0.0000492300   -0.0069861200
   0.0003599100   -0.0003171400   -0.0068943800
  -0.0006795000   -0.0005093000   -0.0073385300
  -0.0000368100   -0.0000295000   -0.0068462100
  -0.0000964100    0.0000431500   -0.0069295200
   0.0015695700   -0.0002266300   -0.0077017200
   0.0000853900   -0.0001020900   -0.0070293600
  -0.0000045900   -0.0000225600   -0.0068684800
   0.0000382700    0.0000665300   -0.0069473000
   0.0000237900    0.0000140600   -0.0069178900
   0.0002378200    0.0001426900   -0.0067318600
   0.0007116100    0.0021537700   -0.0082738800
  -0.0000786000    0.0000716400   -0.0069188400
  -0.0001051500   -0.0000940700   -0.0068969000
   0.0000168600    0.0000011400    0.0028473300
   0.0000113800    0.0000053600    0.0028683700
   0.0000149700   -0.0000007500    0.0028852000
   0.0000117500    0.0000034400    0.0028594800
   0.0000167100   -0.0000025100    0.0028645700
   0.0000157300    0.0000029500    0.0028914500
   0.0000122900    0.0000012000    0.0028826500
   0.0000114400    0.0000012800    0.0028633700
   0.0000136600    0.0000015200    0.0028846500
   0.0000124800   -0.0000011900    0.0028867300
   0.0000169900    0.0000019300    0.0028855700
   0.0000130200    0.0000058100    0.0028832100
   0.0000165400   -0.0000012300    0.0028599300
   0.0000107000    0.0000002500    0.0028677300
   0.0000189200   -0.0000024300    0.0028860800
   0.0000100300   -0.0000007200    0.0028801100
   0.0000195600    0.0000010700    0.0112598100
   0.0000808800   -0.0000350600    0.0112659900
  -0.0000060100   -0.0000206500    0.0112571700
  -0.0000375700   -0.0000180300    0.0112611500
   0.0000219600    0.0000652100    0.0112656900
   0.0000227700   -0.0000015800    0.0112584000
  -0.0000012500    0.0000176000    0.0112602300
   0.0000107100    0.0000673700    0.0112609800
  -0.0000085300    0.0000023700    0.0112571000
   0.0000274300   -0.0000128100    0.0112595100
   0.0000291500    0.0000213100    0.0112573500
   0.0000074900    0.0000356400    0.0112595400
  -0.0000262200   -0.0000356400    0.0112635400
   0.0000808600   -0.0000374400    0.0112637500
   0.0000303300   -0.0000122400    0.0112590800
  -0.0000299200   -0.0000206300    0.0112605000
   0.0000021300   -0.0000033500    0.0047788400
   0.0000066000   -0.0000055000    0.0047731800
   0.0000259200   -0.0000033200    0.0047729200
   0.0000202400   -0.0000051500    0.0047822400
   0.0000031300   -0.0000029300    0.0047717600
   0.0000173100    0.0000011100    0.0047660400
   0.0000217800   -0.0000060700    0.0047726500
   0.0000134300   -0.0000106000    0.0047793800
   0.0000139600    0.0000137200    0.0047709400
   0.0000136200    0.0000096100    0.0047726600
   0.0000142800   -0.0000007700    0.0047687600
   0.0000142600    0.0000025200    0.0047713000
   0.0000095500    0.0000112500    0.0047802000
   0.0000045300    0.0000062500    0.0047784000
   0.0000168800    0.0000010700    0.0047696900
   0.0000244800    0.0000071100    0.0047804600
  -0.0000330800   -0.0000182100    0.0311689600
   0.0000019900    0.0000009800    0.0311146300
   0.0000388800   -0.0000025000    0.0311256400
   0.0000480500   -0.0000271800    0.0312108900
   0.0000039500   -0.0000096300    0.0311178800
   0.0000163800    0.0000006600    0.0311111100
   0.0000252100   -0.0000188900    0.0311227000
   0.0000098700   -0.0000350100    0.0311317400
   0.0000194400    0.0000213600    0.0311228100
   0.0000043300    0.0000143800    0.0311168700
   0.0000117600   -0.0000041400    0.0311092500
   0.0000205000    0.0000015700    0.0311109200
  -0.0000001900    0.0000479800    0.0311898700
  -0.0000140400    0.0000147400    0.0311220100
   0.0000211400    0.0000058900    0.0311108100
   0.0000483300    0.0000233300    0.0311419200

33   
  0.0058832012562187   0.0000000000000000   0.0080862811587792
   0.0357977900    0.0174020300    0.0193443000
  -0.0018358600    0.0042592600   -0.0059634100
   0.0001140500   -0.0003552700   -0.0181517100
  -0.0003519300   -0.0000861500   -0.0180276100
   0.0056104300   -0.0218460700    0.0068283100
   0.0002102300    0.0008171700   -0.0180762800
  -0.0002723300    0.0001121700   -0.0185659100
  -0.0001424800   -0.0006123200   -0.0167886000
   0.0002056200    0.0005882000   -0.0182068000
  -0.0000469900   -0.0001159500   -0.0185891300
  -0.0002696900    0.0000350700   -0.0185427300
   0.0003596800    0.0000144700   -0.0179836900
  -0.0003423000   -0.0006346300   -0.0181455800
  -0.0011776200   -0.0001992200   -0.0174387800
   0.0002159900    0.0004769000   -0.0180385300
  -0.0000571500    0.0000072600   -0.0185042400
  -0.0013602700   -0.0000007500   -0.0142875200
  -0.0003295700   -0.0003437400   -0.0249238700
   0.0001395100    0.0000440400   -0.0247547300
   0.0014075000   -0.0012544500   -0.0236139400
  -0.0015785600   -0.0002065700   -0.0241066100
   0.0001392000    0.0000689100   -0.0248524800
   0.0000521900   -0.0000670800   -0.0249266800
   0.0006784800   -0.0005174800   -0.0244291500
  -0.0000122500    0.0000572900   -0.0248100400
  -0.0000185900    0.0000236500   -0.0248689400
  -0.0000574500   -0.0000668100   -0.0247529600
  -0.0000059700    0.0000154100   -0.0248638700
  -0.0006637100    0.0021513500   -0.0234285800
  -0.0002424200    0.0000973800   -0.0249874200
   0.0001019100   -0.0000983600   -0.0248499700
   0.0000884700    0.0000921800   -0.0248302700
  -0.0458581400    0.0001124400   -0.0891793500
   0.0041872900    0.0001229100   -0.0091024000
   0.0001568900    0.0001419400   -0.0072528100
   0.0031402000    0.0001493300   -0.0084188800
   0.0008756700    0.0022319900   -0.0088321600
   0.0000236600   -0.0000010100   -0.0069521500
  -0.0000196300   -0.0000221700   -0.0070498200
   0.0001494500   -0.0015169600   -0.0086762000
   0.0001498900   -0.0000273600   -0.0071336800
  -0.0000122600    0.0000478100   -0.0070237700
  -0.0000665100   -0.0000823900   -0.0073178300
   0.0000010300   -0.0001236800   -0.0070270200
   0.0004206700    0.0012791300   -0.0085196200
   0.0005954300   -0.0023319800   -0.0091209500
  -0.0001141000    0.0000299100   -0.0070287400
   0.0001133800    0.0001027100   -0.0070732300
  -0.0000068400    0.0000007500    0.0029519400
   0.0000217000   -0.0000049900    0.0029514600
   0.0000066400   -0.0000091800    0.0029566600
  -0.0000272500   -0.0000104500    0.0029531700
   0.0000020000    0.0000282900    0.0029517400
   0.0000052400    0.0000073400    0.0029565900
  -0.0000052700   -0.0000000300    0.0029575200
  -0.0000078400    0.0000237000    0.0029528600
  -0.0000090600    0.0000092400    0.0029561100
  -0.0000064400   -0.0000058100    0.0029567300
   0.0000080500    0.0000010200    0.0029573100
   0.0000014700    0.0000176400    0.0029555600
  -0.0000266500   -0.0000161700    0.0029523500
   0.0000123500   -0.0000168700    0.0029519500
   0.0000193300   -0.0000097500    0.0029552300
  -0.0000109600   -0.0000065300    0.0029557500
  -0.0000058800    0.0000006500    0.0113425700
   0.0000101400   -0.0000021500    0.0113428500
   0.0000004600   -0.0000024100    0.0113306200
  -0.0000099600   -0.0000028700    0.0113371100
  -0.0000000300    0.0000124300    0.0113406200
   0.0000024200    0.0000025900    0.0113309200
  -0.0000038400    0.0000019900    0.0113282500
  -0.0000047600    0.0000089600    0.0113390000
  -0.0000054400    0.0000036000    0.0113307200
  -0.0000011900   -0.0000033000    0.0113298100
  -0.0000002400   -0.0000001000    0.0113301700
   0.0000002400    0.0000067400    0.0113312500
  -0.0000106200   -0.0000053000    0.0113379600
   0.0000047900   -0.0000082400    0.0113421100
   0.0000054900   -0.0000025800    0.0113324300
  -0.0000057300   -0.0000029800    0.0113302900
  -0.0000137900   -0.0000093800    0.0047708900
  -0.0000127900   -0.0000020500    0.0047972100
   0.0000041900   -0.0000004000    0.0048020300
   0.0000150100   -0.0000067200    0.0047813700
  -0.0000072000   -0.0000080500    0.0047973900
  -0.0000032800    0.0000004700    0.0048012500
   0.0000037200   -0.0000040600    0.0047998300
   0.0000002500   -0.0000137800    0.0047958700
   0.0000022200    0.0000069000    0.0047992300
  -0.0000037600    0.0000098300    0.0047976300
  -0.0000039000    0.0000007600    0.0048011600
  -0.0000009500   -0.0000021900    0.0048005100
   0.0000028900    0.0000167200    0.0047755800
  -0.0000139100    0.0000088100    0.0047922800
  -0.0000053100    0.0000021700    0.0048000700
   0.0000102400    0.0000058600    0.0047996800
  -0.0000050900   -0.0000029500    0.0311555200
  -0.0000094500   -0.0000019500    0.0311572200
   0.0000021900   -0.0000017300    0.0311568400
   0.0000062300   -0.0000024200    0.0311556800
  -0.0000065000   -0.0000046600    0.0311578300
  -0.0000037200    0.0000002600    0.0311578800
   0.0000040300   -0.0000020900    0.0311575600
  -0.0000006900   -0.0000071300    0.0311549000
  -0.0000005800    0.0000056100    0.0311570100
  -0.0000018100    0.0000085500    0.0311572700
  -0.0000022200    0.0000012200    0.0311566900
  -0.0000009900   -0.0000006700    0.0311576100
   0.0000009700    0.0000071700    0.0311559600
  -0.0000082700    0.0000051800    0.0311547500
  -0.0000034900    0.0000013500    0.0311579400
   0.0000045800    0.0000036200    0.0311538300

33   
 -0.0058832012562187   0.0000000000000000  -0.0080862811587792
  -0.0371934700   -0.0182707400   -0.0578689000
   0.0017837400   -0.0042834200   -0.0311258700
  -0.0000626700    0.0003326700   -0.0190110300
   0.0003468900    0.0000542800   -0.0191213600
  -0.0056097200    0.0223500400   -0.0443543300
  -0.0001961100   -0.0008370700   -0.0190514100
   0.0002922800   -0.0001418300   -0.0185801500
   0.0002181000    0.0005720300   -0.0203692300
  -0.0002049000   -0.0005589100   -0.0189525900
   0.0000796900    0.0001569100   -0.0185615600
   0.0002936400    0.0000173300   -0.0185941600
  -0.0003592000    0.0000237900   -0.0191729500
   0.0003694500    0.0006636200   -0.0190155500
   0.0011978100    0.0002395600   -0.0197038100
  -0.0002171600   -0.0005001100   -0.0191156100
   0.0000874000    0.0000054400   -0.0186459800
   0.0014281400   -0.0000259900   -0.0354129000
   0.0003068200    0.0002912400   -0.0246238300
  -0.0000865400   -0.0000737100   -0.0247653400
  -0.0014475800    0.0011811800   -0.0259599800
   0.0015900100    0.0001964500   -0.0255310400
  -0.0001099400   -0.0000697200   -0.0247528900
  -0.0000777000    0.0000843900   -0.0247095000
  -0.0006054700    0.0005687500   -0.0251649800
   0.0000385900   -0.0000392000   -0.0247738600
   0.0000383000    0.0000264500   -0.0246696300
   0.0001004000    0.0000723600   -0.0247842900
  -0.0000185200   -0.0000115400   -0.0246978800
   0.0007199300   -0.0022097600   -0.0261121100
   0.0002379600   -0.0000752900   -0.0244727700
  -0.0000913900    0.0000912900   -0.0247100800
  -0.0000780800   -0.0000510700   -0.0246775100
   0.0455620800    0.0003264900    0.0806048000
  -0.0041678000   -0.0001499700   -0.0047991300
  -0.0001054500   -0.0001722000   -0.0066908300
  -0.0032290800   -0.0002270000   -0.0054570200
  -0.0008673400   -0.0022560100   -0.0049775500
   0.0000046600    0.0000001100   -0.0069125300
   0.0000023800    0.0000359500   -0.0067795600
  -0.0000840400    0.0015782800   -0.0051591200
  -0.0001263700    0.0000444400   -0.0067434900
   0.0000327400    0.0000054600   -0.0069084500
   0.0001064400    0.0000870600   -0.0066108600
  -0.0000235000    0.0001242200   -0.0068755500
  -0.0003669800   -0.0013216100   -0.0053991000
  -0.0006117600    0.0023398300   -0.0048602100
   0.0001206600   -0.0000339400   -0.0068825900
  -0.0000996700   -0.0000611000   -0.0068824800
   0.0000224600   -0.0000012100    0.0028961100
  -0.0000057500    0.0000044300    0.0028969000
   0.0000082000    0.0000080800    0.0028914700
   0.0000426200    0.0000097600    0.0028950000
   0.0000137600   -0.0000288900    0.0028967600
   0.0000097900   -0.0000084700    0.0028917600
   0.0000206200   -0.0000008400    0.0028908100
   0.0000235000   -0.0000244800    0.0028950800
   0.0000239300   -0.0000105600    0.0028919400
   0.0000218000    0.0000046800    0.0028910700
   0.0000076100   -0.0000019900    0.0028910200
   0.0000144200   -0.0000184400    0.0028929800
   0.0000419900    0.0000147100    0.0028955800
   0.0000034000    0.0000155900    0.0028960100
  -0.0000034400    0.0000088800    0.0028931400
   0.0000256800    0.0000049700    0.0028924800
   0.0000214700   -0.0000012700    0.0112681100
   0.0000055500    0.0000013700    0.0112676500
   0.0000143600    0.0000013700    0.0112798100
   0.0000255800    0.0000020800    0.0112733500
   0.0000155300   -0.0000133100    0.0112695400
   0.0000126600   -0.0000039200    0.0112789300
   0.0000191400   -0.0000027800    0.0112818000
   0.0000204300   -0.0000098200    0.0112713800
   0.0000204200   -0.0000049700    0.0112793900
   0.0000169100    0.0000022000    0.0112804100
   0.0000155900   -0.0000008900    0.0112800400
   0.0000154700   -0.0000079200    0.0112785100
   0.0000260700    0.0000041000    0.0112725800
   0.0000110200    0.0000069700    0.0112687100
   0.0000100000    0.0000017700    0.0112778500
   0.0000208600    0.0000015100    0.0112796600
   0.0000285300    0.0000082700    0.0048199300
   0.0000278100    0.0000010100    0.0047929200
   0.0000117500   -0.0000001200    0.0047904600
  -0.0000001000    0.0000054800    0.0048088500
   0.0000228600    0.0000068700    0.0047922500
   0.0000184200   -0.0000017900    0.0047899000
   0.0000114500    0.0000023100    0.0047918100
   0.0000150900    0.0000120200    0.0047944200
   0.0000133500   -0.0000079400    0.0047895300
   0.0000183300   -0.0000111300    0.0047919700
   0.0000192900   -0.0000025500    0.0047901300
   0.0000162000    0.0000009800    0.0047883700
   0.0000116100   -0.0000182900    0.0048146900
   0.0000297700   -0.0000098600    0.0047977300
   0.0000206400   -0.0000031400    0.0047897500
   0.0000058600   -0.0000072000    0.0047922500
   0.0000200600    0.0000017000    0.0311862200
   0.0000244200    0.0000006200    0.0311854100
   0.0000135300    0.0000008200    0.0311830000
   0.0000094400    0.0000010100    0.0311859900
   0.0000210900    0.0000031700    0.0311846700
   0.0000192500   -0.0000020400    0.0311810100
   0.0000117500    0.0000004400    0.0311828300
   0.0000154300    0.0000056800    0.0311870100
   0.0000156100   -0.0000063100    0.0311840400
   0.0000175100   -0.0000089000    0.0311848400
   0.0000175600   -0.0000025000    0.0311840000
   0.0000167200   -0.0000001800    0.0311844100
   0.0000142300   -0.0000077300    0.0311857500
   0.0000236800   -0.0000064100    0.0311872700
   0.0000189800   -0.0000022100    0.0311838000
   0.0000105800   -0.0000042100    0.0311857500

49   
  0.0058832012562187   0.0000000000000000   0.0080862811587792
   0.0000123000    0.0000012000   -0.0185136500
  -0.0000154400   -0.0000137700   -0.0185154300
  -0.0000021600   -0.0000050300   -0.0185079900
   0.0000299600    0.0000392500   -0.0185169000
   0.0000206200   -0.0000186400   -0.0185191600
   0.0000011100    0.0000442900   -0.0184958300
   0.0000437100    0.0000275500   -0.0184909900
  -0.0000379300   -0.0000222300   -0.0184952500
   0.0000544100    0.0000134800   -0.0185033900
  -0.0000125200    0.0000059600   -0.0184824400
  -0.0000161500   -0.0000137800   -0.0185029800
   0.0000036900    0.0000211800   -0.0185240300
   0.0000221000   -0.0000290100   -0.0185097200
   0.0000025100    0.0000025600   -0.0185034800
  -0.0000086400    0.0000048900   -0.0185141000
   0.0000116200   -0.0000225800   -0.0185049300
   0.0001436000   -0.0000454900   -0.0247491900
  -0.0001718000    0.0000710400   -0.0247225800
   0.0001645200    0.0000627500   -0.0248001000
  -0.0001113100    0.0001111300   -0.0246589100
   0.0000941000   -0.0000327200   -0.0247585200
  -0.0000102900    0.0000602900   -0.0245776200
   0.0000642300   -0.0001410700   -0.0247161300
  -0.0001227900    0.0000007600   -0.0246578100
   0.0001148900   -0.0000356600   -0.0246877200
  -0.0001538100    0.0000488000   -0.0246835500
   0.0001041500    0.0000551700   -0.0247931200
  -0.0000411500    0.0000856200   -0.0246962300
   0.0000629300   -0.0001034300   -0.0247580900
  -0.0000164500    0.0000453800   -0.0245670200
   0.0000463600   -0.0001716000   -0.0247872300
  -0.0000674200    0.0000237100   -0.0246424100
   0.0001406600   -0.0000458400   -0.0068128600
  -0.0001797600    0.0000659500   -0.0068739100
   0.0001733100    0.0000606900   -0.0067950000
  -0.0001089600    0.0001096400   -0.0068971100
   0.0000825500   -0.0000369400   -0.0068375500
  -0.0000074000    0.0000617800   -0.0070159300
   0.0000742500   -0.0001455500   -0.0068660900
  -0.0001235700   -0.0000005000   -0.0068972600
   0.0001168700   -0.0000320700   -0.0069076600
  -0.0001522300    0.0000514500   -0.0069059600
   0.0001069100    0.0000520800   -0.0067941000
  -0.0000465800    0.0000786100   -0.0068973300
   0.0000612300   -0.0000952600   -0.0068180300
  -0.0000173300    0.0000478000   -0.0070067100
   0.0000425400   -0.0001733000   -0.0068149100
  -0.0000600300    0.0000314500   -0.0069436700
  -0.0494064400   -0.0005194600   -0.1058331600
   0.0037778400    0.0003343700    0.0012827300
   0.0009567400    0.0006048800    0.0019982200
   0.0059977800    0.0034298000   -0.0003289500
   0.0005395000    0.0027669300    0.0020671200
   0.0003811100    0.0000387000    0.0025895400
   0.0008549100   -0.0003074700    0.0022736300
  -0.0015959700   -0.0065814500   -0.0011079400
   0.0000723500    0.0005127100    0.0023772300
   0.0003181500    0.0002758100    0.0024314800
  -0.0009717400   -0.0011109900    0.0016196300
   0.0003198300   -0.0002471800    0.0024326900
   0.0016664200    0.0016145400    0.0012600800
  -0.0027218600   -0.0015444500   -0.0003031500
   0.0004014000   -0.0000449100    0.0026037700
   0.0008338500    0.0002993400    0.0022604500
   0.0019301400    0.0000000800    0.0713072100
   0.0008105000   -0.0003972100    0.0120663800
   0.0002546600   -0.0003080300    0.0109093000
  -0.0026262700   -0.0011405100    0.0095344900
   0.0000592400    0.0010569200    0.0119179100
   0.0002845000    0.0002044100    0.0110869700
  -0.0000774500    0.0000093200    0.0107811800
  -0.0003251100    0.0026958600    0.0096788000
  -0.0001781100    0.0002520300    0.0111083800
  -0.0000653000   -0.0002066900    0.0109343100
   0.0003583800    0.0000622600    0.0107103900
  -0.0000655000    0.0002362100    0.0109341300
  -0.0016602300   -0.0011769400    0.0106505800
   0.0013951300   -0.0010260100    0.0109434000
   0.0003060800   -0.0002126800    0.0110674900
  -0.0000991900   -0.0000174200    0.0108008900
  -0.0035784100   -0.0033691500    0.0104326000
  -0.0001210900   -0.0003551500    0.0053714300
  -0.0016589900   -0.0003608000    0.0057254000
   0.0394899600   -0.0214282800    0.0421188600
  -0.0002434600   -0.0002383100    0.0049856800
  -0.0003418500    0.0000016700    0.0049864400
  -0.0003898800    0.0019328100    0.0061096100
   0.0006843200    0.0003549100    0.0054208600
  -0.0003614000   -0.0004366600    0.0051625100
   0.0010300200   -0.0005320800    0.0059328400
   0.0000450400    0.0001807100    0.0049089600
  -0.0000701500   -0.0001099000    0.0050534200
   0.0023163100    0.0250912800    0.0264521600
   0.0000057200    0.0003944500    0.0050705400
  -0.0002646300   -0.0000650000    0.0049808700
  -0.0006124600   -0.0007465600    0.0057716200
  -0.0013374000   -0.0007061100    0.0311949700
  -0.0005831300   -0.0000608400    0.0312982400
  -0.0000306900    0.0002398800    0.0321182500
   0.0040676300   -0.0024095500    0.0280089500
  -0.0002841600   -0.0003816400    0.0312579400
  -0.0001654200    0.0000018200    0.0315930100
  -0.0001604400   -0.0001802300    0.0321595500
   0.0005889700   -0.0002812000    0.0318435400
   0.0001664500    0.0000989100    0.0316685000
  -0.0002617700    0.0002947200    0.0317507300
   0.0000265600    0.0000938400    0.0316100000
   0.0000952700   -0.0001293600    0.0315378800
  -0.0001099200    0.0031244500    0.0295989500
  -0.0001668800    0.0004391700    0.0314810900
  -0.0001329300    0.0000413200    0.0315747500
   0.0003220400   -0.0001518500    0.0322052300

49   
 -0.0058832012562187   0.0000000000000000  -0.0080862811587792
  -0.0000212900   -0.0000041400   -0.0184452300
   0.0000034000   -0.0000757900   -0.0184352500
  -0.0000739600    0.0000305500   -0.0184595700
   0.0000578800    0.0001019700   -0.0184303500
   0.0000004500   -0.0000137000   -0.0184394500
   0.0000210300    0.0000295800   -0.0184614900
   0.0000594900    0.0000241700   -0.0184508800
  -0.0001108700   -0.0000465100   -0.0184402000
   0.0000324900    0.0000507700   -0.0184560300
  -0.0000368000   -0.0000246700   -0.0184631000
  -0.0000246200   -0.0000370100   -0.0184562500
  -0.0000040100    0.0000383000   -0.0184319900
  -0.0000186000   -0.0000583300   -0.0184363800
   0.0000432700    0.0000237500   -0.0184550900
  -0.0000760600    0.0000137800   -0.0184365600
   0.0000222100   -0.0001070200   -0.0184545200
   0.0000663200    0.0000128400   -0.0248043900
  -0.0001735600    0.0000462300   -0.0248784400
   0.0000608400    0.0003478400   -0.0247461300
   0.0000132700    0.0001552800   -0.0247970400
  -0.0000174000    0.0000759000   -0.0246814800
   0.0001892200   -0.0001957200   -0.0245963900
  -0.0001179200   -0.0002614400   -0.0245168100
  -0.0000851100   -0.0001695400   -0.0247866200
  -0.0001517900    0.0001304800   -0.0245883900
  -0.0000246400    0.0000852000   -0.0248969500
  -0.0000218700    0.0003060300   -0.0247391000
   0.0001656500   -0.0000058400   -0.0247735300
  -0.0001250600   -0.0001210300   -0.0246824900
   0.0001778400   -0.0000663700   -0.0245316800
  -0.0002188100   -0.0002516900   -0.0247051800
   0.0001331000   -0.0001434700   -0.0246975000
   0.0000691500    0.0000124600   -0.0068593100
  -0.0001650700    0.0000515200   -0.0067560500
   0.0000517600    0.0003506000   -0.0068870500
   0.0000110200    0.0001574900   -0.0068693500
  -0.0000060700    0.0000820200   -0.0069515800
   0.0001877600   -0.0001970500   -0.0070250900
  -0.0001281200   -0.0002587700   -0.0071189500
  -0.0000850400   -0.0001696800   -0.0068763700
  -0.0001538500    0.0001266200   -0.0070346900
  -0.0000272900    0.0000805800   -0.0067363400
  -0.0000242000    0.0003109700   -0.0068974000
   0.0001742100    0.0000000800   -0.0068584700
  -0.0001250200   -0.0001297800   -0.0069646100
   0.0001791600   -0.0000704700   -0.0071128800
  -0.0002157600   -0.0002515800   -0.0069226900
   0.0001274800   -0.0001517000   -0.0069320800
   0.0515191400    0.0000978200    0.1085423900
  -0.0037783600   -0.0003447600    0.0046023900
  -0.0009571700   -0.0006069200    0.0039034300
  -0.0060342400   -0.0034494000    0.0062474500
  -0.0005465900   -0.0027815700    0.0038234400
  -0.0003847300   -0.0000381200    0.0033107300
  -0.0008584600    0.0003048500    0.0036272600
   0.0016149500    0.0066051600    0.0070313100
  -0.0000703800   -0.0005160900    0.0035229500
  -0.0003247300   -0.0002773600    0.0034689100
   0.0009741700    0.0011112400    0.0042844500
  -0.0003225800    0.0002487000    0.0034701000
  -0.0016580200   -0.0016108300    0.0046448300
   0.0027268700    0.0015665000    0.0062078900
  -0.0004032500    0.0000430200    0.0032963000
  -0.0008404500   -0.0003020400    0.0036426800
  -0.0021858800   -0.0000061000   -0.0472611200
  -0.0008163000    0.0003964400    0.0106537200
  -0.0002566100    0.0003053600    0.0117947400
   0.0026387100    0.0011435400    0.0131704900
  -0.0000606900   -0.0010616800    0.0107907100
  -0.0002872600   -0.0002050600    0.0116170600
   0.0000758600   -0.0000113900    0.0119234300
   0.0003248600   -0.0027100700    0.0130296000
   0.0001765400   -0.0002540700    0.0115943700
   0.0000622400    0.0002059300    0.0117704200
  -0.0003598200   -0.0000631600    0.0119950400
   0.0000648900   -0.0002375300    0.0117707100
   0.0016645400    0.0011805400    0.0120476300
  -0.0014016200    0.0010285200    0.0117697200
  -0.0003071800    0.0002109100    0.0116371500
   0.0000975100    0.0000151700    0.0119045200
   0.0033420700    0.0032467400   -0.0010125800
   0.0001185300    0.0003526400    0.0038643400
   0.0016575100    0.0003599600    0.0035045300
  -0.0410460600    0.0224435600   -0.0338503800
   0.0002441900    0.0002385800    0.0042494600
   0.0003416700   -0.0000042000    0.0042480300
   0.0003888800   -0.0019411300    0.0031172500
  -0.0006913700   -0.0003662600    0.0038079700
   0.0003585300    0.0004308200    0.0040696100
  -0.0010357700    0.0005341500    0.0032974700
  -0.0000476400   -0.0001829900    0.0043249800
   0.0000689100    0.0001090200    0.0041792000
  -0.0022273900   -0.0253960500   -0.0172464600
  -0.0000073700   -0.0003982100    0.0041626100
   0.0002627900    0.0000628400    0.0042519200
   0.0006121400    0.0007484200    0.0034547300
   0.0013732300    0.0007274300    0.0313579800
   0.0005796900    0.0000571700    0.0311933800
   0.0000301700   -0.0002412100    0.0303757400
  -0.0040838000    0.0024175200    0.0345101000
   0.0002831200    0.0003784200    0.0312364400
   0.0001649300   -0.0000038900    0.0308992900
   0.0001600200    0.0001776900    0.0303337400
  -0.0005936400    0.0002762100    0.0306502100
  -0.0001670800   -0.0001013700    0.0308278400
   0.0002600500   -0.0002950200    0.0307435000
  -0.0000289300   -0.0000962300    0.0308837200
  -0.0000975900    0.0001290600    0.0309559600
   0.0001082100   -0.0031529800    0.0329312400
   0.0001643100   -0.0004403900    0.0310127500
   0.0001309500   -0.0000436300    0.0309202100
  -0.0003234100    0.0001521100    0.0302878900

65   
  0.0058832012562187   0.0000000000000000   0.0080862811587792
  -0.0000135900    0.0000120000   -0.0185766900
   0.0000059500   -0.0000036400   -0.0185500700
  -0.0000264300    0.0000146000   -0.0185707900
   0.0000469100    0.0000516100   -0.0185244100
   0.0000192900   -0.0000194600   -0.0185662000
  -0.0000079700    0.0000191300   -0.0185513800
   0.0000494300    0.0000137700   -0.0185370000
  -0.0000448200   -0.0000317200   -0.0185304500
   0.0000553800    0.0000298500   -0.0185750900
  -0.0000341300    0.0000073200   -0.0185476100
   0.0000011700   -0.0000182900   -0.0185367900
  -0.0000035000    0.0000216700   -0.0185179000
   0.0000024200   -0.0000364900   -0.0185485300
   0.0000131100    0.0000071100   -0.0185480200
  -0.0000206000    0.0000022000   -0.0185311800
   0.0000201900   -0.0000420900   -0.0185415500
   0.0001961000    0.0000624100   -0.0248728100
  -0.0002492500    0.0001983200   -0.0247734800
   0.0002267800    0.0002003400   -0.0248971200
  -0.0001609000    0.0002541900   -0.0248092000
   0.0000936200   -0.0001682100   -0.0247072700
  -0.0000124000   -0.0000892700   -0.0245341000
   0.0000908700   -0.0002957400   -0.0247002300
  -0.0001555000   -0.0001067800   -0.0246741600
   0.0001041200    0.0001373600   -0.0247531300
  -0.0001442100    0.0001660500   -0.0248334800
   0.0001245500    0.0001869900   -0.0248702200
  -0.0000723500    0.0001772900   -0.0247872900
   0.0000041300   -0.0002495500   -0.0247810700
   0.0000200700   -0.0000394100   -0.0245321400
   0.0000073000   -0.0003387600   -0.0247775100
  -0.0000161100   -0.0000752300   -0.0245905600
   0.0001986300    0.0000626100   -0.0067741100
  -0.0002481500    0.0002041400   -0.0068488700
   0.0002090300    0.0002010900   -0.0067652600
  -0.0001457700    0.0002525300   -0.0068808700
   0.0001021200   -0.0001679000   -0.0069145400
  -0.0000241400   -0.0000933100   -0.0071012500
   0.0000808300   -0.0002926100   -0.0069765700
  -0.0001428700   -0.0001209600   -0.0070074400
   0.0001003600    0.0001300100   -0.0068942000
  -0.0001495100    0.0001661300   -0.0068279700
   0.0001210400    0.0001957600   -0.0068020700
  -0.0000574800    0.0001765800   -0.0068744100
   0.0000083800   -0.0002488200   -0.0068761200
   0.0000160400   -0.0000310100   -0.0071167100
   0.0000053400   -0.0003310500   -0.0068792800
  -0.0000153200   -0.0000845800   -0.0070706400
   0.0021815100   -0.0000013200    0.0615547600
  -0.0026548500    0.0011514600    0.0011188200
   0.0002517500    0.0003169900    0.0024856000
   0.0008238700    0.0004031000    0.0036179800
  -0.0003320800   -0.0027165900    0.0012573000
  -0.0000830300   -0.0000075100    0.0023626300
   0.0002841700   -0.0002019100    0.0026570700
   0.0000610700   -0.0010691200    0.0034835200
   0.0003612800   -0.0000623000    0.0022900300
  -0.0000679300    0.0002129000    0.0025097400
  -0.0001871100   -0.0002522600    0.0026811800
  -0.0000672400   -0.0002417900    0.0025100500
   0.0014052100    0.0010419300    0.0025083100
  -0.0016772800    0.0011948500    0.0022354600
  -0.0001094500    0.0000251500    0.0023778200
   0.0003109800    0.0002195000    0.0026421900
  -0.0510081200   -0.0004268500   -0.0929442100
   0.0060223500   -0.0034374800    0.0080309300
   0.0009270500   -0.0006030100    0.0103790100
   0.0037722500   -0.0003419100    0.0096719700
  -0.0016064200    0.0065922300    0.0072473700
   0.0008416100    0.0003025600    0.0106551800
   0.0003690200   -0.0000268000    0.0109701700
   0.0005537500   -0.0027671800    0.0104504000
  -0.0009788700    0.0011011600    0.0099970800
   0.0003202500   -0.0002719200    0.0108128300
   0.0000667600   -0.0004956200    0.0107605200
   0.0003189800    0.0002515800    0.0108116400
  -0.0027156400    0.0015668800    0.0080688800
   0.0016618600   -0.0015997500    0.0096310600
   0.0008226000   -0.0002895600    0.0106396100
   0.0003888600    0.0000417300    0.0109849600
   0.0040795300    0.0024227200    0.0013084700
  -0.0000266800   -0.0002366400    0.0054420300
  -0.0005828800    0.0000635100    0.0046258800
  -0.0013861300    0.0007361700    0.0044643200
  -0.0001613400    0.0001856400    0.0054828300
  -0.0001644000    0.0000003500    0.0049168200
  -0.0002880200    0.0003845500    0.0045844300
   0.0005823100    0.0002857900    0.0051661900
  -0.0002636100   -0.0002910500    0.0050740600
   0.0001661800   -0.0001019000    0.0049922100
   0.0000926200    0.0001317400    0.0048616900
   0.0000212000   -0.0000880300    0.0049318800
  -0.0001139800   -0.0031528300    0.0028892900
   0.0003227600    0.0001513700    0.0055272800
  -0.0001337500   -0.0000405800    0.0048963700
  -0.0001726300   -0.0004349000    0.0048049200
   0.0410461500    0.0224548600    0.0696509400
  -0.0016521000    0.0003657000    0.0323259900
  -0.0001162000    0.0003586500    0.0319692900
  -0.0033574000    0.0032513800    0.0368428200
  -0.0003908100   -0.0019310200    0.0327129500
  -0.0003395300    0.0000004700    0.0315806100
  -0.0002494500    0.0002398200    0.0315848900
   0.0006782900   -0.0003566600    0.0320218200
   0.0010319800    0.0005413000    0.0325341700
  -0.0003631400    0.0004291400    0.0317634100
  -0.0000734800    0.0001100200    0.0316509600
   0.0000421700   -0.0001745900    0.0315056200
   0.0022140800   -0.0254029000    0.0530650800
  -0.0006130500    0.0007469900    0.0323720100
  -0.0002625700    0.0000670400    0.0315784100
  -0.0000014200   -0.0003913700    0.0316702600

65   
 -0.0058832012562187   0.0000000000000000  -0.0080862811587792
  -0.0000064400    0.0000338600   -0.0184566900
  -0.0000248000   -0.0000129100   -0.0184777400
  -0.0000220100   -0.0000273400   -0.0184728600
   0.0000200100    0.0000552900   -0.0185048000
   0.0000017900   -0.0000550400   -0.0184684900
  -0.0000202600    0.0000207800   -0.0184710900
   0.0000570700    0.0000138200   -0.0184832800
  -0.0000711600   -0.0000513400   -0.0184816500
   0.0000309800    0.0000142700   -0.0184592100
  -0.0000186100   -0.0000061400   -0.0184752200
  -0.0000180900   -0.0000145700   -0.0185030400
  -0.0000260600    0.0000488100   -0.0185158000
  -0.0000092500   -0.0000350000   -0.0184732200
   0.0000177200   -0.0000167900   -0.0184834700
  -0.0000121900   -0.0000164800   -0.0184914700
  -0.0000296600   -0.0000350200   -0.0184820700
   0.0001596100    0.0000869300   -0.0248630000
  -0.0002380400    0.0001808700   -0.0249281600
   0.0001798300    0.0002116100   -0.0249063700
  -0.0001344300    0.0002143400   -0.0247329000
   0.0000533100   -0.0001776500   -0.0248089800
  -0.0000045000   -0.0000584900   -0.0245782100
   0.0000158900   -0.0003114900   -0.0246955100
  -0.0000979100   -0.0001707600   -0.0246304100
   0.0001221800    0.0000708000   -0.0248006500
  -0.0002160000    0.0001283300   -0.0248517100
   0.0000971400    0.0002655100   -0.0248786800
  -0.0000365100    0.0002068600   -0.0248290300
   0.0000097100   -0.0002229100   -0.0248066100
   0.0000562200   -0.0000636100   -0.0245502000
  -0.0000301900   -0.0003597200   -0.0247627700
  -0.0000703100   -0.0000973900   -0.0245980000
   0.0001580900    0.0000875600   -0.0068444400
  -0.0002404300    0.0001770100   -0.0068089800
   0.0001994500    0.0002117400   -0.0067907500
  -0.0001500100    0.0002178000   -0.0069302200
   0.0000447800   -0.0001782800   -0.0069232800
   0.0000074200   -0.0000535500   -0.0071274000
   0.0000273700   -0.0003168400   -0.0069789100
  -0.0001115400   -0.0001579900   -0.0070292400
   0.0001276900    0.0000792800   -0.0069054500
  -0.0002135600    0.0001273100   -0.0068435400
   0.0001032100    0.0002584600   -0.0068052000
  -0.0000508100    0.0002077500   -0.0068643600
   0.0000040900   -0.0002260800   -0.0068906300
   0.0000598700   -0.0000735000   -0.0071474200
  -0.0000278700   -0.0003710000   -0.0069380700
  -0.0000689700   -0.0000892400   -0.0070816300
  -0.0019361700   -0.0000085800   -0.0570423000
   0.0026368500   -0.0011521300    0.0047236800
  -0.0002570500   -0.0003237700    0.0033575200
  -0.0008242000   -0.0004079400    0.0022092700
   0.0003268000    0.0026996100    0.0045822900
   0.0000779800    0.0000017700    0.0034801900
  -0.0002884900    0.0001979300    0.0031854900
  -0.0000649500    0.0010603800    0.0023548400
  -0.0003668000    0.0000569400    0.0035523000
   0.0000644800   -0.0002180000    0.0033326100
   0.0001822700    0.0002474900    0.0031625500
   0.0000630700    0.0002368700    0.0033323800
  -0.0014049200   -0.0010430000    0.0033263900
   0.0016673600   -0.0011943900    0.0036134800
   0.0001047800   -0.0000305100    0.0034638400
  -0.0003165900   -0.0002252500    0.0032009500
   0.0495805300    0.0003825900    0.1210206900
  -0.0059920800    0.0034146100    0.0145965800
  -0.0009337800    0.0005975000    0.0122650500
  -0.0037773500    0.0003276700    0.0129888600
   0.0015819300   -0.0065719800    0.0153747800
  -0.0008453100   -0.0003088500    0.0119891700
  -0.0003719100    0.0000240500    0.0116754200
  -0.0005520200    0.0027479600    0.0122054300
   0.0009702300   -0.0011057600    0.0126441200
  -0.0003202000    0.0002669600    0.0118325400
  -0.0000759800    0.0004890800    0.0118856000
  -0.0003210300   -0.0002543100    0.0118313300
   0.0027048900   -0.0015486900    0.0145719800
  -0.0016763800    0.0015998700    0.0130103900
  -0.0008230400    0.0002838200    0.0120033500
  -0.0003931400   -0.0000474800    0.0116605300
  -0.0040692900   -0.0024185800    0.0078445700
   0.0000211800    0.0002323300    0.0037339000
   0.0005806500   -0.0000694800    0.0045527400
   0.0013433500   -0.0007175300    0.0046531000
   0.0001565500   -0.0001934900    0.0036943400
   0.0001591700   -0.0000068400    0.0042592200
   0.0002842300   -0.0003917400    0.0045914800
  -0.0005871700   -0.0002947100    0.0040108700
   0.0002595400    0.0002877200    0.0041029400
  -0.0001717200    0.0000959900    0.0041814700
  -0.0000969500   -0.0001369800    0.0043148900
  -0.0000249900    0.0000836100    0.0042441100
   0.0001102200    0.0031205000    0.0062516100
  -0.0003287500   -0.0001549400    0.0036495500
   0.0001296900    0.0000347900    0.0042790100
   0.0001689900    0.0004301400    0.0043720400
  -0.0394785800   -0.0214322100   -0.0062656800
   0.0016476800   -0.0003704600    0.0300957100
   0.0001125900   -0.0003648300    0.0304464600
   0.0035777600   -0.0033721000    0.0253903900
   0.0003862300    0.0019188800    0.0297124800
   0.0003336700   -0.0000067900    0.0308357400
   0.0002435800   -0.0002423700    0.0308323700
  -0.0006805700    0.0003423300    0.0304018800
  -0.0010323000   -0.0005424800    0.0298877100
   0.0003597400   -0.0004384400    0.0306576800
   0.0000689200   -0.0001154800    0.0307680300
  -0.0000462500    0.0001699500    0.0309127000
  -0.0023113300    0.0250775300    0.0093851300
   0.0006070400   -0.0007491000    0.0300542000
   0.0002579100   -0.0000734800    0.0308407700
  -0.0000044000    0.0003839700    0.0307480900

81   
  0.0058832012562187   0.0000000000000000   0.0080862811587792
  -0.0000091200    0.0000216700   -0.0185172400
  -0.0000056800   -0.0000207900   -0.0185124000
  -0.0000468500   -0.0000062700   -0.0185189400
   0.0000210400    0.0000603200   -0.0185141000
  -0.0000012200   -0.0000231500   -0.0185164700
  -0.0000244500    0.0000051100   -0.0185091800
   0.0000446500    0.0000021500   -0.0185143200
  -0.0000560600   -0.0000339500   -0.0185110000
   0.0000133800    0.0000376600   -0.0185182100
  -0.0000356400    0.0000185200   -0.0185179000
  -0.0000065600    0.0000012000   -0.0185265900
  -0.0000082100    0.0000398700   -0.0185201000
  -0.0000109700   -0.0000404400   -0.0185118100
   0.0000219800    0.0000060900   -0.0185189600
  -0.0000310700    0.0000057900   -0.0185195600
  -0.0000176400   -0.0000521300   -0.0185102600
   0.0001829000    0.0001568800   -0.0249082200
  -0.0002375800    0.0001873000   -0.0249500200
   0.0001629400    0.0002970200   -0.0249356100
  -0.0001467600    0.0002622600   -0.0248870200
   0.0000038900   -0.0001900200   -0.0247784300
   0.0000565100   -0.0001431300   -0.0246240300
  -0.0000228500   -0.0003567700   -0.0247204000
  -0.0000748800   -0.0001803800   -0.0246757900
   0.0000644600    0.0001899600   -0.0248133000
  -0.0001702800    0.0001967500   -0.0249507400
   0.0001084400    0.0003197900   -0.0249033300
  -0.0000421600    0.0001932700   -0.0248841800
  -0.0000425400   -0.0002970700   -0.0247928500
   0.0000771200   -0.0001019300   -0.0245383200
  -0.0000841600   -0.0003736700   -0.0247765500
   0.0000113900   -0.0001465900   -0.0246302100
   0.0001745100    0.0001515500   -0.0068940000
  -0.0002280500    0.0001828100   -0.0068458200
   0.0001652400    0.0002991200   -0.0068338900
  -0.0001513100    0.0002624200   -0.0068787900
   0.0000048700   -0.0001794200   -0.0070197700
   0.0000623300   -0.0001408900   -0.0071439800
  -0.0000218200   -0.0003557800   -0.0070382300
  -0.0000817300   -0.0001767300   -0.0070966000
   0.0000672400    0.0001937800   -0.0069519100
  -0.0001693100    0.0001956600   -0.0068107200
   0.0001076400    0.0003191000   -0.0068600000
  -0.0000429400    0.0001953100   -0.0068863200
  -0.0000465900   -0.0003025900   -0.0069705500
   0.0000782200   -0.0001100800   -0.0072338100
  -0.0000845800   -0.0003767100   -0.0069946000
   0.0000143400   -0.0001477600   -0.0071231300
  -0.0037046000   -0.0034492400    0.0087664000
   0.0413568900   -0.0226381100    0.0411485400
  -0.0006587900    0.0000021700    0.0032849700
  -0.0011526400   -0.0015082000    0.0043999200
   0.0022094100    0.0257916500    0.0247763400
   0.0001687300   -0.0002884000    0.0034902000
  -0.0002810400    0.0001142700    0.0032727500
  -0.0008070100    0.0008498300    0.0039398000
  -0.0002106200   -0.0001208500    0.0033350600
   0.0000704400   -0.0002032600    0.0032308400
  -0.0001286000    0.0000878800    0.0033146900
   0.0008517000    0.0013025500    0.0043521400
  -0.0011077700   -0.0001635300    0.0038931600
   0.0006667100   -0.0005612400    0.0037147900
   0.0004472200    0.0004934500    0.0037953400
  -0.0003579800    0.0000002200    0.0032776300
  -0.0008410100   -0.0004102000    0.0116118700
   0.0035431100   -0.0021233300    0.0076524100
  -0.0008819200    0.0004410800    0.0115446200
   0.0002405900    0.0003335000    0.0119499900
  -0.0001326000    0.0025292700    0.0096338700
  -0.0004336400   -0.0005813900    0.0117012600
  -0.0001473000    0.0000558100    0.0116119800
   0.0005588600    0.0000085300    0.0120616700
  -0.0000077000   -0.0006771300    0.0115906200
   0.0000924000   -0.0001382800    0.0115861300
  -0.0000040300    0.0000829400    0.0116384100
  -0.0001167900   -0.0006818800    0.0119043900
   0.0003761100    0.0000947100    0.0117935500
   0.0005736000    0.0005735000    0.0118820600
  -0.0008563300    0.0004908500    0.0117020100
  -0.0001777900    0.0000001900    0.0116318200
  -0.0565709800    0.0002448800   -0.0522620800
   0.0040829500   -0.0001512200    0.0041240200
   0.0016643700    0.0001714000    0.0039631700
   0.0075002800    0.0013100900    0.0016386600
   0.0005141200    0.0017855100    0.0038683100
   0.0000671600    0.0000718500    0.0042654100
   0.0001365800   -0.0001109400    0.0041341700
   0.0012496300   -0.0053693700    0.0018933100
   0.0004583300    0.0006973900    0.0040712300
  -0.0000566000    0.0000397700    0.0041999100
   0.0001604300   -0.0008676100    0.0038537200
  -0.0000580100   -0.0001033400    0.0042003100
   0.0022431200    0.0033102500    0.0026249800
  -0.0005004000   -0.0008849100    0.0031353800
   0.0000098200   -0.0000395800    0.0042233500
   0.0001909800    0.0001433400    0.0041759300
  -0.0005850400    0.0000006200    0.0309174400
   0.0010958100    0.0006456100    0.0323716500
   0.0002697100   -0.0000771200    0.0308637700
  -0.0004718400    0.0001734500    0.0312275500
   0.0006403100    0.0004778500    0.0318271100
   0.0001597400    0.0001309100    0.0308365300
   0.0000308100   -0.0000560400    0.0307304900
  -0.0008517000    0.0004692600    0.0317700600
  -0.0000244000    0.0001702200    0.0309121800
  -0.0000669500   -0.0000740300    0.0307841600
   0.0001098600   -0.0000920700    0.0308137600
  -0.0000677700    0.0000843000    0.0307844400
  -0.0001423900   -0.0004067900    0.0312561600
  -0.0000676600   -0.0013617900    0.0323438300
   0.0001673900   -0.0001363100    0.0308334700
   0.0000225900    0.0000519000    0.0307365800

81   
 -0.0058832012562187   0.0000000000000000  -0.0080862811587792
   0.0000576300    0.0000086900   -0.0185663100
   0.0000369200    0.0000027500   -0.0185655200
   0.0000622000   -0.0000151300   -0.0185719500
   0.0000916700    0.0000330400   -0.0185630900
   0.0000913000   -0.0000447300   -0.0185677100
   0.0000480500    0.0000413900   -0.0185660500
   0.0001031400    0.0000267900   -0.0185589400
   0.0000035400   -0.0000379400   -0.0185533300
   0.0001255300   -0.0000011700   -0.0185664900
   0.0000424700   -0.0000095900   -0.0185563600
   0.0000477100   -0.0000116300   -0.0185603200
   0.0000369500    0.0000427200   -0.0185601200
   0.0000699800   -0.0000169000   -0.0185670800
   0.0000662900   -0.0000031600   -0.0185641500
   0.0000591400   -0.0000150000   -0.0185604100
   0.0000525800   -0.0000080500   -0.0185653200
   0.0002399100   -0.0000679700   -0.0248612000
  -0.0002021300    0.0001652200   -0.0247512200
   0.0003236500    0.0000324100   -0.0249038600
  -0.0001156600    0.0001403700   -0.0246772000
   0.0002282300   -0.0001244500   -0.0248255600
  -0.0000566900    0.0000688500   -0.0245597600
   0.0001985100   -0.0001839000   -0.0247995200
  -0.0001226800   -0.0000039500   -0.0247047800
   0.0002495700   -0.0000529100   -0.0248022700
  -0.0001530900    0.0000779700   -0.0247265500
   0.0002011200    0.0000585900   -0.0248722700
  -0.0000511200    0.0001632900   -0.0247321400
   0.0001635700   -0.0001236600   -0.0248697900
   0.0000119800    0.0000593900   -0.0245986000
   0.0001545200   -0.0002728600   -0.0248359300
  -0.0000837100    0.0000566000   -0.0246200100
   0.0002507500   -0.0000612600   -0.0067864400
  -0.0002129400    0.0001713900   -0.0069036700
   0.0003229000    0.0000310700   -0.0067801500
  -0.0001121600    0.0001423500   -0.0070028500
   0.0002273200   -0.0001359800   -0.0068264000
  -0.0000627500    0.0000674600   -0.0071070800
   0.0001990400   -0.0001873600   -0.0068866600
  -0.0001165400   -0.0000087400   -0.0069604900
   0.0002489200   -0.0000564800   -0.0068813800
  -0.0001565000    0.0000789900   -0.0069595400
   0.0002040800    0.0000609100   -0.0068142100
  -0.0000503800    0.0001621000   -0.0069459800
   0.0001667000   -0.0001213000   -0.0068169200
   0.0000105600    0.0000659600   -0.0070704800
   0.0001556300   -0.0002734500   -0.0068459100
  -0.0000854500    0.0000566900   -0.0070646100
   0.0039138500    0.0035239400   -0.0031387700
  -0.0397087200    0.0215946000   -0.0343836900
   0.0007128800   -0.0000060900    0.0025225200
   0.0012022500    0.0015130200    0.0013990300
  -0.0022486600   -0.0254008700   -0.0189364500
  -0.0001089400    0.0002958600    0.0023108000
   0.0003324000   -0.0001165500    0.0025256400
   0.0008514000   -0.0008533400    0.0018594900
   0.0002607500    0.0001210600    0.0024665700
  -0.0000203800    0.0002030400    0.0025676600
   0.0001792800   -0.0000887600    0.0024836500
  -0.0007952600   -0.0012983000    0.0014572100
   0.0011615000    0.0001629100    0.0019054500
  -0.0006238900    0.0005556600    0.0020848900
  -0.0003849000   -0.0004895100    0.0020195500
   0.0004111500   -0.0000004100    0.0025212600
   0.0008948000    0.0004146900    0.0110097600
  -0.0034460400    0.0020888000    0.0149639200
   0.0009294200   -0.0004409200    0.0110538200
  -0.0001927200   -0.0003367300    0.0106477500
   0.0001742300   -0.0025086500    0.0129886000
   0.0004862300    0.0005763900    0.0109011500
   0.0001989000   -0.0000567100    0.0109883300
  -0.0005047700   -0.0000051600    0.0105398900
   0.0000575400    0.0006775300    0.0110075000
  -0.0000398500    0.0001375000    0.0110146700
   0.0000577500   -0.0000816700    0.0109627300
   0.0001697000    0.0006824400    0.0106945500
  -0.0003287200   -0.0000960500    0.0108047200
  -0.0005127000   -0.0005722900    0.0107212500
   0.0009049400   -0.0004876800    0.0108979900
   0.0002284500   -0.0000003600    0.0109680000
   0.0491000300    0.0003253400    0.0705414600
  -0.0040100300    0.0001506000    0.0049920500
  -0.0016194900   -0.0001700400    0.0051648400
  -0.0074778900   -0.0013136600    0.0075167500
  -0.0004712600   -0.0017926300    0.0052583100
  -0.0000156600   -0.0000729400    0.0048648200
  -0.0000805500    0.0001111900    0.0049955000
  -0.0011690500    0.0053322000    0.0072497500
  -0.0004066500   -0.0006999400    0.0050583600
   0.0001109800   -0.0000386300    0.0049301300
  -0.0001149400    0.0008687900    0.0052697100
   0.0001102200    0.0001044500    0.0049301300
  -0.0021849000   -0.0033056300    0.0065199900
   0.0005234500    0.0009279800    0.0059867500
   0.0000404700    0.0000396200    0.0049047900
  -0.0001396400   -0.0001448400    0.0049550300
   0.0006340400   -0.0000002600    0.0314315600
  -0.0010320400   -0.0006360000    0.0300060800
  -0.0002158800    0.0000785300    0.0315023900
   0.0005255900   -0.0001736100    0.0311347900
  -0.0005837400   -0.0004774900    0.0305393200
  -0.0001084100   -0.0001305300    0.0315242300
   0.0000221800    0.0000554800    0.0316332900
   0.0008961900   -0.0004683900    0.0305999000
   0.0000780000   -0.0001697500    0.0314529900
   0.0001176000    0.0000751500    0.0315796400
  -0.0000585600    0.0000905600    0.0315504000
   0.0001206500   -0.0000831200    0.0315805700
   0.0001952900    0.0004075800    0.0311047900
   0.0001162700    0.0013436300    0.0300370400
  -0.0001141800    0.0001346100    0.0315311800
   0.0000297000   -0.0000530500    0.0316306200

97   
  0.0058832012562187   0.0000000000000000   0.0080862811587792
   0.0000241600    0.0000019700   -0.0184546400
  -0.0000011300   -0.0000699900   -0.0184747500
  -0.0000694100    0.0000121800   -0.0184578600
   0.0000583400    0.0001070400   -0.0184591700
   0.0000358100   -0.0000238400   -0.0184717300
   0.0000057700    0.0000420500   -0.0184876300
   0.0000934900    0.0000467500   -0.0184564000
  -0.0001186500   -0.0000347700   -0.0184576500
   0.0000495300    0.0000579400   -0.0184493500
  -0.0000364900   -0.0000311800   -0.0184564000
  -0.0000146500   -0.0000509900   -0.0184700500
   0.0000156400    0.0000441800   -0.0184702500
  -0.0000244200   -0.0000708200   -0.0184530600
   0.0000706300    0.0000521300   -0.0184643200
  -0.0000661400    0.0000351200   -0.0184635900
   0.0000359800   -0.0001047800   -0.0184643200
   0.0001935400   -0.0000908900   -0.0248227300
  -0.0002697900    0.0000156600   -0.0249326400
   0.0001054800    0.0002898900   -0.0248192100
  -0.0000159000    0.0001627300   -0.0247454800
   0.0000636600    0.0001243000   -0.0248242400
   0.0001601700   -0.0001087300   -0.0246674200
  -0.0000603000   -0.0002252600   -0.0245548600
  -0.0001475900   -0.0001162800   -0.0248159900
  -0.0001165500    0.0000026500   -0.0246201300
  -0.0000549300    0.0000385400   -0.0248586200
  -0.0000017200    0.0002228800   -0.0247926100
   0.0001873200    0.0000043400   -0.0247310800
  -0.0000447700   -0.0000825400   -0.0247711100
   0.0001364000    0.0000808500   -0.0245350000
  -0.0001202400   -0.0002304100   -0.0248020400
   0.0000426000   -0.0000792300   -0.0247396400
   0.0001619600   -0.0001034100   -0.0068616100
  -0.0002469600   -0.0000041200   -0.0068055900
   0.0001189800    0.0002896300   -0.0068288300
  -0.0000185300    0.0001649700   -0.0068803600
   0.0000525800    0.0001575000   -0.0068866900
   0.0001798800   -0.0000970800   -0.0069990600
  -0.0000552600   -0.0002258200   -0.0070667500
  -0.0001609400   -0.0001110500   -0.0068167100
  -0.0001148500    0.0000121400   -0.0070188800
  -0.0000524800    0.0000390700   -0.0067711900
  -0.0000002900    0.0002207700   -0.0068307200
   0.0001837900    0.0000087400   -0.0069019000
  -0.0000489700   -0.0000861900   -0.0068619100
   0.0001339200    0.0000624500   -0.0071150400
  -0.0001147100   -0.0002424700   -0.0068414400
   0.0000447700   -0.0000798000   -0.0068853300
   0.0035131100    0.0020891600   -0.0007186600
  -0.0008221400    0.0004117400    0.0032304900
   0.0002552000   -0.0003400900    0.0035947300
  -0.0008704200   -0.0004426700    0.0031933500
  -0.0001073000   -0.0025043600    0.0012540600
   0.0005719800   -0.0000069400    0.0037043400
  -0.0001353600   -0.0000575300    0.0032583900
  -0.0004227800    0.0005811400    0.0033483100
  -0.0001085600    0.0006837400    0.0035491700
   0.0000081800   -0.0000828000    0.0032831600
   0.0001083400    0.0001409800    0.0032330800
   0.0000079400    0.0006833900    0.0032382900
  -0.0008440200   -0.0004883600    0.0033481600
   0.0005839600   -0.0005733100    0.0035259000
   0.0003968900   -0.0000939300    0.0034388400
  -0.0001684600    0.0000002800    0.0032783800
   0.0397563100    0.0215892200    0.0486227300
  -0.0038342500    0.0035105300    0.0173695600
  -0.0011263300    0.0015109600    0.0128471100
  -0.0006428400   -0.0000075600    0.0117256300
   0.0023058000   -0.0253822300    0.0331716800
  -0.0007811700   -0.0008461500    0.0123827000
  -0.0002626200   -0.0001158600    0.0117195100
   0.0001685400    0.0002958100    0.0119369100
   0.0008599300   -0.0012898600    0.0127901600
  -0.0001140100   -0.0000856900    0.0117614400
   0.0000848900    0.0002008400    0.0116775900
  -0.0001949700    0.0001208600    0.0117801500
   0.0004469200   -0.0004857600    0.0122289200
   0.0006828800    0.0005502300    0.0121602600
  -0.0010926300    0.0001577000    0.0123403600
  -0.0003402500    0.0000002500    0.0117230400
  -0.0005693500    0.0000011000    0.0043977400
  -0.0004603400   -0.0001702600    0.0046942100
   0.0002815100    0.0000784200    0.0043264400
   0.0010972200   -0.0006333500    0.0058232200
  -0.0008286300   -0.0004687000    0.0052311000
   0.0000404500    0.0000552800    0.0041969600
   0.0001758100   -0.0001321500    0.0043021600
   0.0006469500   -0.0004788600    0.0052879200
   0.0001231000    0.0000920200    0.0042777800
  -0.0000544700    0.0000782400    0.0042497300
  -0.0000124000   -0.0001695100    0.0043758200
  -0.0000533300   -0.0000847000    0.0042491200
  -0.0000500700    0.0013420200    0.0057942300
  -0.0001320900    0.0004071300    0.0047222300
   0.0000339300   -0.0000507200    0.0042003500
   0.0001822000    0.0001355500    0.0042963700
  -0.0563585700    0.0002446200   -0.0315137500
   0.0075415000   -0.0013121100    0.0283158300
   0.0016824400   -0.0001697500    0.0306681400
   0.0040747800    0.0001506100    0.0308416800
   0.0012348000    0.0053300800    0.0285833400
   0.0001437400    0.0001102500    0.0308386600
   0.0000813500   -0.0000722200    0.0309686000
   0.0005358700   -0.0017912200    0.0305755600
   0.0001796200    0.0008684800    0.0305629800
  -0.0000459500   -0.0000364200    0.0309045500
   0.0004724500   -0.0006982800    0.0307746900
  -0.0000441100    0.0001032200    0.0309037600
  -0.0004576400    0.0009283700    0.0298468800
   0.0022505200   -0.0033054900    0.0293135500
   0.0002017800   -0.0001423300    0.0308801000
   0.0000254500    0.0000401100    0.0309282700

97   
 -0.0058832012562187   0.0000000000000000  -0.0080862811587792
   0.0000031600    0.0000159000   -0.0184257600
   0.0000121100    0.0000083400   -0.0183994000
  -0.0000167600    0.0000204300   -0.0184304000
   0.0000334800    0.0000369700   -0.0184195200
   0.0000144500   -0.0000264700   -0.0184088300
   0.0000013900   -0.0000058300   -0.0183891600
   0.0000405100   -0.0000061000   -0.0184127500
  -0.0000222400   -0.0000228800   -0.0184037400
   0.0000409400    0.0000211700   -0.0184245000
  -0.0000095200    0.0000252100   -0.0184185300
   0.0000143800    0.0000066200   -0.0184141700
  -0.0000086100    0.0000204400   -0.0184096500
   0.0000163100   -0.0000254200   -0.0184151000
   0.0000141800   -0.0000132300   -0.0184154500
  -0.0000113500   -0.0000133900   -0.0184081800
   0.0000143400   -0.0000270700   -0.0184119400
   0.0001203000    0.0001691000   -0.0247143300
  -0.0001323600    0.0002446300   -0.0245933900
   0.0001610000    0.0002351200   -0.0247551500
  -0.0001142900    0.0002870300   -0.0247064200
   0.0000630300   -0.0002270700   -0.0244726900
  -0.0000111300   -0.0001668800   -0.0243888100
   0.0000701800   -0.0003095000   -0.0245397400
  -0.0000867600   -0.0001873100   -0.0244713000
   0.0000929700    0.0002332400   -0.0246761400
  -0.0000979500    0.0002378200   -0.0247295600
   0.0001008100    0.0002461300   -0.0247490300
  -0.0000616700    0.0002393300   -0.0247102300
   0.0000016600   -0.0003151500   -0.0245782600
   0.0000123900   -0.0001624600   -0.0243911700
   0.0000081800   -0.0003470600   -0.0245688700
   0.0000118700   -0.0001718600   -0.0244385900
   0.0001536600    0.0001819000   -0.0066361600
  -0.0001561700    0.0002658300   -0.0067083000
   0.0001487100    0.0002377200   -0.0066341000
  -0.0001124400    0.0002871300   -0.0066990100
   0.0000743400   -0.0002597800   -0.0068509500
  -0.0000300100   -0.0001795600   -0.0069695100
   0.0000656200   -0.0003123900   -0.0068648500
  -0.0000745800   -0.0001939600   -0.0069211500
   0.0000915400    0.0002257700   -0.0067146300
  -0.0001025000    0.0002370500   -0.0066759700
   0.0001015900    0.0002500700   -0.0066616000
  -0.0000565800    0.0002348100   -0.0066917300
   0.0000038500   -0.0003146400   -0.0068206900
   0.0000147000   -0.0001452700   -0.0069871700
   0.0000025800   -0.0003383500   -0.0068239500
   0.0000119200   -0.0001728500   -0.0069607900
  -0.0035444700   -0.0021235800    0.0067019000
   0.0008335700   -0.0004074100    0.0027485700
  -0.0002387200    0.0003364500    0.0024077800
   0.0008863700    0.0004429400    0.0028079600
   0.0001307100    0.0025252300    0.0047233500
  -0.0005612300    0.0000098700    0.0022945300
   0.0001480600    0.0000564900    0.0027411800
   0.0004345200   -0.0005855400    0.0026484700
   0.0001196700   -0.0006830900    0.0024517200
   0.0000023600    0.0000833200    0.0027158100
  -0.0000954200   -0.0001411900    0.0027661000
   0.0000067600   -0.0006822600    0.0027633700
   0.0008593600    0.0004913400    0.0026516300
  -0.0005789500    0.0005751500    0.0024711700
  -0.0003794500    0.0000926600    0.0025631500
   0.0001812900   -0.0000002100    0.0027218900
  -0.0413361700   -0.0226312800   -0.0267885200
   0.0036883200   -0.0034355000    0.0056026600
   0.0011405500   -0.0015060200    0.0099542800
   0.0006523800    0.0000038000    0.0110674100
  -0.0022004400    0.0257703100   -0.0104117700
   0.0008013700    0.0008421300    0.0104179400
   0.0002753800    0.0001133400    0.0110822400
  -0.0001638500   -0.0002876800    0.0108629400
  -0.0008516300    0.0012933400    0.0100009400
   0.0001285200    0.0000842200    0.0110404800
  -0.0000704100   -0.0002001300    0.0111241200
   0.0002088000   -0.0001202900    0.0110184100
  -0.0004447900    0.0004895800    0.0105569400
  -0.0006594900   -0.0005560900    0.0106409100
   0.0011029100   -0.0001581700    0.0104613200
   0.0003504200   -0.0000002700    0.0110785100
   0.0005838900    0.0000003200    0.0049536700
   0.0004708800    0.0001700200    0.0046444700
  -0.0002701700   -0.0000767800    0.0050078400
  -0.0010959500    0.0006440200    0.0034989800
   0.0008473200    0.0004693400    0.0040998200
  -0.0000281500   -0.0000559700    0.0051395400
  -0.0001620000    0.0001321600    0.0050349800
  -0.0006397800    0.0004780200    0.0040445100
  -0.0001099100   -0.0000924000    0.0050572100
   0.0000677800   -0.0000774500    0.0050874600
   0.0000228700    0.0001690400    0.0049586400
   0.0000655900    0.0000858300    0.0050862700
   0.0000656200   -0.0013602200    0.0035257100
   0.0001437700   -0.0004062400    0.0046160200
  -0.0000221000    0.0000495400    0.0051323000
  -0.0001704100   -0.0001373200    0.0050391100
   0.0566597900    0.0002979300    0.0822385700
  -0.0074990400    0.0013071200    0.0342302900
  -0.0016621000    0.0001710700    0.0319063300
  -0.0040826100   -0.0001513100    0.0317453700
  -0.0012515900   -0.0053661000    0.0339749400
  -0.0001345200   -0.0001096200    0.0317319900
  -0.0000682100    0.0000715000    0.0316035500
  -0.0005153600    0.0017833500    0.0320014300
  -0.0001608400   -0.0008662900    0.0320163200
   0.0000552000    0.0000375600    0.0316687300
  -0.0004592300    0.0006948900    0.0317980200
   0.0000569600   -0.0001024300    0.0316678700
   0.0004983500   -0.0008855600    0.0327330500
  -0.0022436500    0.0033099200    0.0332447600
  -0.0001892700    0.0001411800    0.0316909400
  -0.0000106500   -0.0000398900    0.0316452100
