100  
4    

1    
  0.0070738098278134   0.0000000000000000   0.0070683247322071
  -0.0814820300   -0.0009341500   -0.0118234800
   0.0021500900    0.0026424300    0.0008305000
   0.0003606400    0.0007028500    0.0017281000
   0.0000128400    0.0003148500    0.0020761500
   0.0005735200    0.0007748400    0.0023861200
   0.0010993000    0.0001186100    0.0026919400
   0.0004439900    0.0000940400    0.0021524600
   0.0000110500   -0.0000605900    0.0022638700
   0.0007168400   -0.0002461700    0.0021181900
  -0.0026323000   -0.0004809400    0.0005300100
   0.0001905000    0.0000107300    0.0022531000
   0.0001460100   -0.0000746400    0.0022936600
   0.0002575500    0.0001456500    0.0022341700
  -0.0008602200   -0.0002086500    0.0015520000
   0.0002833800   -0.0000207500    0.0021338000
   0.0000126900    0.0000936200    0.0024285000
   0.0002859400    0.0001641000    0.0021341300
  -0.0006867400   -0.0008942500    0.0013788700
   0.0001730100    0.0000963600    0.0023197700
   0.0002324800   -0.0001253000    0.0022080900
   0.0003148300    0.0006452400    0.0034719800
  -0.0018564500   -0.0036755500   -0.0002458400
   0.0005624100   -0.0001583600    0.0022694700
   0.0000109700    0.0000364900    0.0022638900
   0.0006025300    0.0001870300    0.0019966600
   0.0232049000    0.0101067200   -0.0090004200
   0.0003265700   -0.0012909100    0.0009932300
  -0.0000476600   -0.0004916400    0.0005968700
  -0.0001205200   -0.0002477900    0.0004477700
   0.0461664400   -0.0232176700    0.0211450000
  -0.0001842200    0.0001856300    0.0000616500
  -0.0000933200   -0.0000105000    0.0003221900
  -0.0002879700    0.0001282000    0.0003994000
   0.0009290600    0.0009795500    0.0013790400
   0.0001159400    0.0004267500    0.0007140300
  -0.0000155000   -0.0000151200    0.0003381500
  -0.0000704800   -0.0001118200    0.0003617800
   0.0008401100    0.0005158900    0.0008542900
  -0.0000921000   -0.0001028500    0.0004053700
   0.0001051800    0.0001398600    0.0003630500
   0.0002564500   -0.0001021500   -0.0002131500
   0.0018100900    0.0004891900    0.0016495900
  -0.0000559600    0.0000565700    0.0003869700
  -0.0001181000    0.0000040700    0.0003316500
   0.0000162800   -0.0002363500    0.0003816900
   0.0058300900    0.0137359600    0.0062660600
  -0.0001868300    0.0001810800    0.0010964200
   0.0000339800   -0.0000289100    0.0003659200
  -0.0000907000    0.0001931900    0.0004031300
  -0.0009288600   -0.0005970400    0.0003381200
   0.0011244000    0.0008543500    0.0007318500
   0.0003295600   -0.0001646800   -0.0007683600
   0.0000167600   -0.0000092500   -0.0007358700
   0.0003400100    0.0000833500   -0.0008166500
  -0.0002950600   -0.0000251200   -0.0011293500
   0.0000788900    0.0002234100   -0.0007431000
   0.0004571500    0.0002821100   -0.0006033900
   0.0004227300   -0.0002545800   -0.0009864200
   0.0001625100   -0.0001835700   -0.0008433600
   0.0000221700    0.0001970200   -0.0006300700
   0.0001252000   -0.0000594100   -0.0007603500
  -0.0000248800   -0.0000145900   -0.0007955800
   0.0001465200    0.0000778400   -0.0007106000
   0.0001273300   -0.0000647000   -0.0007433500
  -0.0000237200   -0.0000741300   -0.0006297100
   0.0001241500    0.0000521300   -0.0007668000
   0.0001935800    0.0000086800   -0.0008189500
  -0.0000161900    0.0001617400   -0.0006530500
   0.0000472200    0.0000030600   -0.0006922300
   0.0000335700    0.0000478100   -0.0007194600
  -0.0003471000   -0.0008150900   -0.0002002000
   0.0005063900   -0.0002765700   -0.0007439400
  -0.0001237200   -0.0000148700   -0.0005960300
   0.0000773300   -0.0000374400   -0.0007757800
   0.0001668800    0.0000865600   -0.0005258900
  -0.0011764300   -0.0005266100   -0.0020275900
  -0.0000451500   -0.0001169100   -0.0019547900
  -0.0000801200    0.0000363600   -0.0019930700
  -0.0003835500    0.0000767100   -0.0012419000
   0.0003114900   -0.0002104800   -0.0019712700
  -0.0000696800   -0.0000440900   -0.0020016600
  -0.0005662000    0.0000010200   -0.0017638900
  -0.0000148300    0.0001255700   -0.0019462000
   0.0000601100   -0.0001925200   -0.0022156700
   0.0002726700    0.0002331600   -0.0020032300
   0.0000405100   -0.0000057200   -0.0020201600
   0.0001338300    0.0000214900   -0.0019268900
  -0.0001089700    0.0000039000   -0.0021616700
   0.0001256900    0.0000061000   -0.0020125600
   0.0000413500   -0.0000844600   -0.0020120800
  -0.0002575400    0.0004581200   -0.0016315200
  -0.0000690400   -0.0001980000   -0.0021467100
   0.0001788400   -0.0000274200   -0.0020106000
   0.0001743300    0.0000311200   -0.0020152500
   0.0000086800    0.0000014300   -0.0020716100
  -0.0007320200    0.0006040200   -0.0021621200
   0.0004082000    0.0002017200   -0.0020404000
  -0.0001105500    0.0000889200   -0.0020872600
   0.0002694400   -0.0000255000   -0.0021779000
  -0.0003484200   -0.0003794000   -0.0017812600

1    
 -0.0070738098278134   0.0000000000000000  -0.0070683247322071
   0.0783966200   -0.0011635300    0.0184167000
  -0.0020838200   -0.0026063300    0.0039600000
  -0.0003134400   -0.0006921000    0.0030716100
   0.0000346900   -0.0003070300    0.0027230300
  -0.0005738600   -0.0007694000    0.0024267400
  -0.0010271200   -0.0001343800    0.0021037000
  -0.0004013800   -0.0000888800    0.0026489600
   0.0000316600    0.0000700300    0.0025379400
  -0.0006764600    0.0002577200    0.0026903800
   0.0026714900    0.0005026500    0.0042885300
  -0.0001409400    0.0000009600    0.0025465200
  -0.0001034000    0.0000835500    0.0025084200
  -0.0002140700   -0.0001362300    0.0025675500
   0.0009068200    0.0002138000    0.0032489700
  -0.0002413400    0.0000251700    0.0026680400
   0.0000291800   -0.0000867900    0.0023734600
  -0.0002386100   -0.0001499300    0.0026683500
   0.0007322700    0.0009041800    0.0034242400
  -0.0001281000   -0.0000870100    0.0024825600
  -0.0001872600    0.0001311900    0.0025934500
  -0.0002679600   -0.0006398900    0.0013387200
   0.0019042800    0.0036860300    0.0050574500
  -0.0005192400    0.0001654400    0.0025294500
   0.0000315100   -0.0000297400    0.0025378800
  -0.0005546100   -0.0001758000    0.0028050800
  -0.0231054300   -0.0099394200    0.0091363600
  -0.0002710700    0.0012974500   -0.0006042100
   0.0000922200    0.0004980700   -0.0002119200
   0.0001689900    0.0002496800   -0.0000608200
  -0.0475392500    0.0241964900   -0.0211019300
   0.0002291200   -0.0001697700    0.0003311000
   0.0001407200    0.0000185500    0.0000614800
   0.0003375600   -0.0001223000   -0.0000172200
  -0.0008826300   -0.0009694500   -0.0009965100
  -0.0000807200   -0.0004209900   -0.0003393900
   0.0000580900    0.0000254100    0.0000463100
   0.0001172300    0.0001165100    0.0000230800
  -0.0007966000   -0.0005075500   -0.0004714000
   0.0001359600    0.0001096600   -0.0000212600
  -0.0000567100   -0.0001282400    0.0000187300
  -0.0002098100    0.0001102700    0.0006010000
  -0.0017682100   -0.0004912300   -0.0012704900
   0.0001006700   -0.0000488400   -0.0000009900
   0.0001617300    0.0000064200    0.0000530900
   0.0000300400    0.0002415100   -0.0000012300
  -0.0057651100   -0.0136233000   -0.0057907000
   0.0002381300   -0.0001753300   -0.0007088500
   0.0000140700    0.0000404300    0.0000191300
   0.0001364200   -0.0001792400   -0.0000209700
   0.0009681500    0.0006140000    0.0000364000
  -0.0010686400   -0.0008275700   -0.0022365200
  -0.0002801200    0.0001742000   -0.0007493400
   0.0000279200    0.0000168800   -0.0007827100
  -0.0002991400   -0.0000768100   -0.0007022000
   0.0003279400    0.0000354100   -0.0003944100
  -0.0000361400   -0.0002145100   -0.0007757400
  -0.0004116200   -0.0002694900   -0.0009136000
  -0.0003803000    0.0002635700   -0.0005311200
  -0.0001180900    0.0001973900   -0.0006773500
   0.0000260700   -0.0001865800   -0.0008790500
  -0.0000796500    0.0000676100   -0.0007564500
   0.0000656600    0.0000257500   -0.0007230700
  -0.0000996500   -0.0000684200   -0.0008081500
  -0.0000810300    0.0000760400   -0.0007760300
   0.0000692600    0.0000805900   -0.0008893800
  -0.0000803600   -0.0000417500   -0.0007517400
  -0.0001471500   -0.0000053000   -0.0007006800
   0.0000628400   -0.0001517700   -0.0008651400
  -0.0000025400    0.0000054200   -0.0008286200
   0.0000113800   -0.0000404300   -0.0007996500
   0.0003769700    0.0008131000   -0.0013169700
  -0.0004453400    0.0002774400   -0.0007807800
   0.0001665700    0.0000234500   -0.0009216100
  -0.0000349800    0.0000444100   -0.0007425900
  -0.0001161900   -0.0000768500   -0.0009866900
   0.0012152800    0.0005335800   -0.0016941500
   0.0000870800    0.0001218200   -0.0017639100
   0.0001280200   -0.0000261700   -0.0017266500
   0.0004352300   -0.0000707900   -0.0024822600
  -0.0002749400    0.0002232900   -0.0017571100
   0.0001176900    0.0000551100   -0.0017175800
   0.0006133400    0.0000033200   -0.0019538800
   0.0000619500   -0.0001205600   -0.0017729500
  -0.0000163000    0.0001937300   -0.0015066700
  -0.0002268200   -0.0002225000   -0.0017176800
   0.0000049400    0.0000085200   -0.0016982800
  -0.0000882900   -0.0000082500   -0.0017914200
   0.0001524000    0.0000056200   -0.0015566300
  -0.0000814100    0.0000024800   -0.0017040600
   0.0000043500    0.0000905600   -0.0017056300
   0.0003018400   -0.0004477500   -0.0020849000
   0.0001075700    0.0002013500   -0.0015754300
  -0.0001342800    0.0000361500   -0.0017069400
  -0.0001286800   -0.0000219300   -0.0017019600
   0.0000378600    0.0000100900   -0.0016484700
   0.0007480800   -0.0005867600   -0.0015738500
  -0.0003558800   -0.0001863800   -0.0016808300
   0.0001516700   -0.0000810500   -0.0016314900
  -0.0002189900    0.0000377900   -0.0015430000
   0.0003841300    0.0003845000   -0.0019412300

26   
  0.0070738098278134   0.0000000000000000   0.0070683247322071
   0.0199310900    0.0080965100   -0.0033045600
   0.0508332900   -0.0260826900    0.0204583100
  -0.0001701700   -0.0006823100    0.0027120500
  -0.0000485900   -0.0003014700    0.0028122700
   0.0003679200   -0.0011653000    0.0031569600
   0.0057878300    0.0173599300    0.0084007900
  -0.0009376800   -0.0006149900    0.0025694900
  -0.0000108300   -0.0001603800    0.0025404000
  -0.0000496700    0.0001223600    0.0026643700
  -0.0001870100    0.0001718200    0.0033090300
   0.0001006200    0.0002017600    0.0021545400
  -0.0000229300    0.0001243700    0.0026383600
  -0.0001194100   -0.0000049000    0.0025479200
  -0.0000204200   -0.0000865800    0.0025670400
   0.0019668100    0.0002401100    0.0037182200
   0.0001552100   -0.0001220700    0.0023853500
  -0.0000165800   -0.0001459200    0.0026998700
   0.0000268100    0.0001159000    0.0025047700
   0.0006702100    0.0004104000    0.0032411300
  -0.0000719900    0.0000405200    0.0025796000
  -0.0002867400    0.0000098000    0.0023762700
   0.0001191900    0.0004336700    0.0029380800
   0.0010339400    0.0013683800    0.0034947400
  -0.0001554800    0.0000432500    0.0024806700
  -0.0002318600   -0.0000974200    0.0026775800
  -0.0833037600    0.0010970700   -0.0183821000
   0.0005671700    0.0016537300    0.0009850400
   0.0003307500    0.0004312700   -0.0004498400
   0.0004431300    0.0005828600   -0.0005660200
   0.0036786500    0.0010142600   -0.0021652000
  -0.0010097200   -0.0003230600    0.0013483700
   0.0003477800   -0.0000210000    0.0000254700
   0.0001683000   -0.0000783900    0.0000539400
   0.0006337700   -0.0001537200    0.0000839600
  -0.0017625700   -0.0037460200   -0.0025520500
  -0.0000434900    0.0002536400   -0.0000346800
   0.0001193000    0.0000230400    0.0000024900
   0.0002473000    0.0000402100    0.0001044200
  -0.0008748600   -0.0008760400   -0.0009830100
   0.0003746400    0.0000288700    0.0000536800
   0.0000124400    0.0002003400   -0.0000929900
   0.0003757100    0.0001577800    0.0000540900
  -0.0009314600   -0.0006245900   -0.0009252800
   0.0002328300    0.0000324300    0.0001181700
   0.0001326000    0.0000149300   -0.0000109400
   0.0005490900    0.0030239900   -0.0002169800
  -0.0033298900   -0.0016618000   -0.0009663100
   0.0005222800   -0.0000896400    0.0001962600
   0.0001674500   -0.0000619100    0.0000542000
   0.0004593200    0.0000443100   -0.0000878600
  -0.0002535900   -0.0000046600   -0.0004593500
  -0.0003730000    0.0000396700   -0.0007454800
   0.0000797600   -0.0000249200   -0.0006507600
  -0.0000074700   -0.0000744900   -0.0007390300
  -0.0001031100    0.0000316300   -0.0004748200
   0.0000796800   -0.0003380800   -0.0006403400
  -0.0002539200   -0.0002161000   -0.0007665700
  -0.0002291100    0.0001482000   -0.0006397200
  -0.0001809500    0.0001638000   -0.0006925800
   0.0001424900    0.0000561800   -0.0005779100
   0.0000429300    0.0000663700   -0.0007110200
   0.0001656400   -0.0002323200   -0.0005061100
  -0.0000996400    0.0000703500   -0.0007724600
   0.0000765800    0.0000449600   -0.0006789100
   0.0000555300   -0.0000709200   -0.0010732700
  -0.0000437500   -0.0000343300   -0.0007551400
   0.0001117600    0.0000382800   -0.0007307000
   0.0000778900   -0.0000076300   -0.0006349600
  -0.0000138100   -0.0001136900   -0.0008370800
   0.0000629400    0.0000596300   -0.0007609600
   0.0002066200   -0.0001098600   -0.0005051500
   0.0000009600    0.0002934800   -0.0007137500
  -0.0001337300    0.0001044300   -0.0011325300
   0.0001745500    0.0000393400   -0.0007991400
  -0.0000173900   -0.0000468900   -0.0010143300
   0.0013414300    0.0009682900   -0.0005868600
   0.0003590000    0.0001216500   -0.0018927100
   0.0000155400   -0.0000341500   -0.0018272200
   0.0003122200   -0.0000433200   -0.0018757600
  -0.0005083000    0.0000934800   -0.0019998400
   0.0001711200   -0.0000086100   -0.0019264900
   0.0006309300    0.0003729700   -0.0018696800
   0.0002518100   -0.0001631800   -0.0019031100
   0.0000735600   -0.0000069400   -0.0018418800
   0.0000203900   -0.0001308800   -0.0017286900
   0.0001088800   -0.0000587600   -0.0018366200
  -0.0000230700   -0.0002254900   -0.0018862500
   0.0001593800    0.0000783100   -0.0018167300
  -0.0000064300    0.0000966600   -0.0017016000
   0.0001078300    0.0000341600   -0.0018523900
   0.0001839800    0.0001801600   -0.0019173800
   0.0001323800   -0.0002726300   -0.0018494300
   0.0000391600   -0.0000610800   -0.0018029800
   0.0000461900   -0.0000043800   -0.0017816900
  -0.0000248800   -0.0001189800   -0.0017523600
  -0.0003411400   -0.0010745000   -0.0012915700
   0.0002192500   -0.0001195200   -0.0015637800
   0.0000662600    0.0000489100   -0.0018785000
  -0.0001126400   -0.0000289500   -0.0016771500
   0.0004389800    0.0002370500   -0.0018973900

26   
 -0.0070738098278134   0.0000000000000000  -0.0070683247322071
  -0.0199143300   -0.0082305500    0.0083653000
  -0.0493522000    0.0250800300   -0.0153340600
   0.0002291500    0.0006718700    0.0020976300
   0.0001007700    0.0002910300    0.0019984800
  -0.0003212300    0.0011526700    0.0016554600
  -0.0057909000   -0.0174683500   -0.0036608500
   0.0009836700    0.0005984400    0.0022477800
   0.0000635700    0.0001418600    0.0022737700
   0.0001018900   -0.0001372600    0.0021501600
   0.0002317200   -0.0001821700    0.0015139300
  -0.0000464000   -0.0002181900    0.0026536600
   0.0000740800   -0.0001360300    0.0021765400
   0.0001701500   -0.0000089800    0.0022642400
   0.0000712900    0.0000734800    0.0022479200
  -0.0019118900   -0.0002455500    0.0011031000
  -0.0001002500    0.0001075400    0.0024272200
   0.0000670900    0.0001324600    0.0021143200
   0.0000279500   -0.0001291700    0.0023094300
  -0.0006185400   -0.0004239600    0.0015715300
   0.0001249800   -0.0000535200    0.0022358300
   0.0003448000   -0.0000255800    0.0024316500
  -0.0000683400   -0.0004380200    0.0018797700
  -0.0009773800   -0.0013871300    0.0013234600
   0.0002059000   -0.0000557800    0.0023331000
   0.0002853100    0.0000833900    0.0021378700
   0.0767717900    0.0014803400    0.0183354200
  -0.0004888700   -0.0016762800   -0.0005702300
  -0.0002721600   -0.0004475900    0.0008486500
  -0.0003925200   -0.0005987900    0.0009652000
  -0.0036582700   -0.0010339200    0.0025640100
   0.0010558400    0.0003241700   -0.0009625000
  -0.0002947000    0.0000062500    0.0003742500
  -0.0001132900    0.0000661300    0.0003435600
  -0.0005757100    0.0001382700    0.0003115800
   0.0018128100    0.0037235800    0.0029330600
   0.0000974500   -0.0002640400    0.0004328700
  -0.0000641400   -0.0000377000    0.0003932000
  -0.0001935000   -0.0000557400    0.0002929200
   0.0009269400    0.0008614100    0.0013793200
  -0.0003218400   -0.0000449400    0.0003418600
   0.0000369100   -0.0002161500    0.0004909300
  -0.0003209000   -0.0001736000    0.0003422000
   0.0009865900    0.0006083500    0.0013205000
  -0.0001802800   -0.0000476400    0.0002790100
  -0.0000784600   -0.0000298200    0.0004073000
  -0.0005256200   -0.0030490400    0.0006148600
   0.0033860000    0.0016485400    0.0013757900
  -0.0004644100    0.0000738500    0.0002007600
  -0.0001140600    0.0000506300    0.0003437000
  -0.0004064200   -0.0000575400    0.0004838300
   0.0002943900   -0.0000088000   -0.0010519400
   0.0004245500   -0.0000542300   -0.0007603000
  -0.0000275900    0.0000105800   -0.0008537300
   0.0000604100    0.0000590800   -0.0007667700
   0.0001522400   -0.0000448700   -0.0010322900
  -0.0000241200    0.0003260500   -0.0008610700
   0.0003062100    0.0002020300   -0.0007378300
   0.0002796600   -0.0001634800   -0.0008675200
   0.0002292100   -0.0001760000   -0.0008140600
  -0.0000918600   -0.0000655100   -0.0009295500
   0.0000092900   -0.0000799500   -0.0007934600
  -0.0001139500    0.0002187600   -0.0010003300
   0.0001535000   -0.0000814100   -0.0007337100
  -0.0000228700   -0.0000572300   -0.0008272400
  -0.0000033200    0.0000600600   -0.0004308000
   0.0000952900    0.0000202900   -0.0007499400
  -0.0000595800   -0.0000523700   -0.0007769900
  -0.0000241900   -0.0000071700   -0.0008708200
   0.0000671400    0.0000993300   -0.0006688300
  -0.0000088000   -0.0000734000   -0.0007454900
  -0.0001532800    0.0000933400   -0.0009971800
   0.0000527200   -0.0003063500   -0.0007939600
   0.0001874300   -0.0001189700   -0.0003730100
  -0.0001205200   -0.0000528800   -0.0007072200
   0.0000698500    0.0000334000   -0.0004888400
  -0.0012840100   -0.0009747800   -0.0031184000
  -0.0003036900   -0.0001327100   -0.0018163500
   0.0000363300    0.0000206400   -0.0018793000
  -0.0002552500    0.0000288700   -0.0018295100
   0.0005662000   -0.0001078100   -0.0017131200
  -0.0001167800   -0.0000072000   -0.0017821200
  -0.0005772700   -0.0003864100   -0.0018353600
  -0.0001921400    0.0001467600   -0.0018028600
  -0.0000160400   -0.0000119500   -0.0018636800
   0.0000334900    0.0001098300   -0.0019828800
  -0.0000562900    0.0000445400   -0.0018678400
   0.0000768900    0.0002117400   -0.0018190300
  -0.0001077000   -0.0000920200   -0.0018899400
   0.0000583500   -0.0001119500   -0.0020041600
  -0.0000540700   -0.0000482100   -0.0018530700
  -0.0001308200   -0.0001916000   -0.0017880300
  -0.0000794300    0.0002605600   -0.0018562400
   0.0000111700    0.0000469800   -0.0019042100
   0.0000058100   -0.0000085000   -0.0019233500
   0.0000786600    0.0001025100   -0.0019544400
   0.0003918400    0.0010576600   -0.0024140800
  -0.0001766000    0.0001124800   -0.0021526400
  -0.0000145500   -0.0000605500   -0.0018287900
   0.0001648500    0.0000174600   -0.0020301600
  -0.0003807900   -0.0002479100   -0.0018168600
