96   
12   

1    
  0.0055315350896746   0.0000000000000000   0.0083307934527090
  -0.1146215900   -0.0002040300   -0.2148514900
   0.0014945300    0.0048534500   -0.0069234100
   0.0013531600   -0.0000656300   -0.0012658100
   0.0010004800   -0.0051415200   -0.0068025600
   0.0017589800   -0.0050633100   -0.0070215400
   0.0003079800   -0.0003610100   -0.0021178300
   0.0003461300    0.0003316000   -0.0020838600
   0.0018431500    0.0055682000   -0.0067029600
  -0.0000375700    0.0008066900   -0.0013030700
   0.0009230400    0.0000209000   -0.0021008100
   0.0000645800   -0.0007474100   -0.0012262400
   0.0009181300    0.0000279200   -0.0021009500
   0.0015573700    0.0045982800   -0.0069596800
   0.0020415600   -0.0047536500   -0.0067634600
   0.0003569100    0.0003284800   -0.0020834500
   0.0002987200   -0.0003559900   -0.0021200500
   0.0001865000    0.0001433400   -0.0014156900
  -0.0000363400    0.0000658600   -0.0014292800
   0.0000626400    0.0000975000   -0.0013566600
  -0.0001335500    0.0000400200   -0.0016448300
   0.0000418700   -0.0000842900   -0.0014339800
   0.0000082900    0.0000006500   -0.0013182400
  -0.0000506100   -0.0000815100   -0.0013539900
   0.0000251900    0.0000467700   -0.0016733200
   0.0001156400    0.0000076000   -0.0013970300
  -0.0000763900   -0.0000072400   -0.0013897700
   0.0000169200    0.0000234300   -0.0014755300
   0.0000100600   -0.0000200000   -0.0013829800
  -0.0000625600   -0.0001862000   -0.0015312900
   0.0000837100   -0.0000357000   -0.0017092100
  -0.0000235600   -0.0000067700   -0.0014288400
   0.0000019600   -0.0000140300   -0.0016359300
  -0.0030726200   -0.0053275100    0.0032234600
  -0.0000569600   -0.0004754100   -0.0147845400
   0.0005888000    0.0007911100   -0.0152775700
   0.0458618100   -0.0229124800    0.0372063300
  -0.0000322800   -0.0000351900   -0.0147709700
  -0.0001266500   -0.0000003800   -0.0154140900
   0.0000165800   -0.0006886500   -0.0152828000
  -0.0019782000   -0.0014185000   -0.0135542300
   0.0006956000   -0.0000386000   -0.0150101600
   0.0000932700    0.0004397000   -0.0150368300
  -0.0000175400    0.0000357900   -0.0155748300
  -0.0000589600   -0.0000150800   -0.0156394600
   0.0061597400    0.0283548900    0.0203434700
  -0.0006753600   -0.0007541200   -0.0141840100
  -0.0000825600   -0.0000241000   -0.0156089700
   0.0017773300    0.0021587700   -0.0129319200
   0.0474068000    0.0238554200    0.0629769800
   0.0005255000   -0.0005990000    0.0087013300
  -0.0000389900    0.0004370400    0.0091177100
  -0.0027742700    0.0051319100    0.0269426900
   0.0000827400    0.0005686000    0.0087198600
  -0.0001069500   -0.0000005300    0.0084605300
  -0.0000600600   -0.0000048800    0.0090919800
  -0.0019841500    0.0014514100    0.0102458400
   0.0001190500   -0.0004024300    0.0089211900
   0.0005360800   -0.0000067000    0.0088847700
  -0.0000759800   -0.0000106000    0.0082410500
   0.0000377900   -0.0000587400    0.0083463400
   0.0060955200   -0.0288591900    0.0448210500
   0.0018593300   -0.0022206500    0.0108391900
  -0.0000612800    0.0000656900    0.0082953300
  -0.0006588800    0.0007557500    0.0096603600
   0.0002228400    0.0001213600    0.0079362600
   0.0000461000    0.0000396500    0.0072845500
  -0.0001139400    0.0000733200    0.0076537600
   0.0000364400   -0.0003257400    0.0069886100
   0.0000533600   -0.0000054100    0.0072613600
  -0.0000154600   -0.0000347200    0.0073104900
  -0.0000345000    0.0000051900    0.0073650300
   0.0000092700    0.0000239100    0.0074333300
   0.0000147700   -0.0001964100    0.0077957100
  -0.0000044300   -0.0000272600    0.0073680500
  -0.0000033300   -0.0000005700    0.0073499500
  -0.0000088800   -0.0000275400    0.0074294800
  -0.0003025000    0.0001946400    0.0069092500
   0.0000223200   -0.0000017700    0.0074001300
  -0.0000255800    0.0000201400    0.0073953800
   0.0002605600    0.0001285600    0.0070667500
   0.0000128300    0.0000065300    0.0036715000
   0.0000047600   -0.0000037700    0.0036264300
   0.0000027400   -0.0000003800    0.0036786900
  -0.0000016700    0.0000030300    0.0035892500
  -0.0000007800    0.0000016900    0.0036240400
   0.0000059800    0.0000012000    0.0036248800
   0.0000234100    0.0000028300    0.0036256800
  -0.0000130100    0.0000069900    0.0036382800
   0.0000035200   -0.0000080100    0.0036738300
   0.0000156100    0.0000125600    0.0036295000
   0.0000030300   -0.0000005800    0.0036250500
  -0.0000128500    0.0000114200    0.0036346000
   0.0000135200   -0.0000095100    0.0035703300
   0.0000005300   -0.0000198200    0.0036376500
   0.0000086300   -0.0000217300    0.0036284900
   0.0000071600    0.0000044700    0.0036083900

1    
 -0.0055315350896746   0.0000000000000000  -0.0083307934527090
   0.1145439400   -0.0002854100    0.2067078800
  -0.0012572900   -0.0048370200    0.0026581500
  -0.0013547400    0.0000670500   -0.0030547500
  -0.0012349400    0.0051571400    0.0024373500
  -0.0017085600    0.0051951500    0.0026481400
  -0.0003086600    0.0003518100   -0.0021983100
  -0.0003437600   -0.0003353500   -0.0022383100
  -0.0018948900   -0.0054359400    0.0024465900
   0.0000544300   -0.0008111000   -0.0030173600
  -0.0009221200   -0.0000191700   -0.0022181100
  -0.0000717100    0.0007417100   -0.0030914900
  -0.0009216900   -0.0000367400   -0.0022185600
  -0.0016508200   -0.0046839400    0.0025386000
  -0.0019502800    0.0046699600    0.0025572300
  -0.0003551200   -0.0003246100   -0.0022244300
  -0.0002978000    0.0003625000   -0.0022131300
  -0.0001806500   -0.0001399300   -0.0015577900
   0.0000367200   -0.0000666500   -0.0015487700
  -0.0000587100   -0.0000962100   -0.0016213800
   0.0001305400   -0.0000402700   -0.0013317500
  -0.0000423000    0.0000844400   -0.0015446200
  -0.0000051700   -0.0000003300   -0.0016588700
   0.0000521200    0.0000794800   -0.0016248500
  -0.0000225900   -0.0000477600   -0.0013084300
  -0.0001120000   -0.0000062500   -0.0015821300
   0.0000749600    0.0000073600   -0.0015880300
  -0.0000149000   -0.0000218800   -0.0015032900
  -0.0000084600    0.0000183700   -0.0015967600
   0.0000608300    0.0001789300   -0.0014463200
  -0.0000804200    0.0000348100   -0.0012759200
   0.0000219400    0.0000040500   -0.0015497200
   0.0000033500    0.0000144100   -0.0013421300
   0.0030703800    0.0053118400   -0.0343999400
   0.0000357600    0.0004651400   -0.0163500000
  -0.0005960400   -0.0007823000   -0.0158665800
  -0.0476986900    0.0240150400   -0.0701848600
   0.0000209000    0.0000290300   -0.0163464000
   0.0001270200    0.0000005800   -0.0157152600
  -0.0000207900    0.0006742200   -0.0158642800
   0.0019593500    0.0014184700   -0.0175771400
  -0.0006938400    0.0000367900   -0.0160998100
  -0.0001077800   -0.0004260600   -0.0161042300
   0.0000169100   -0.0000323200   -0.0155538100
   0.0000565500    0.0000128700   -0.0154869500
  -0.0061186100   -0.0291988100   -0.0521561900
   0.0006532700    0.0007513800   -0.0169525800
   0.0000758100    0.0000205400   -0.0155194200
  -0.0018114500   -0.0021814800   -0.0182045200
  -0.0455817500   -0.0227641600   -0.0444671600
  -0.0005182200    0.0006068900    0.0079549200
   0.0000594500   -0.0004483000    0.0075394600
   0.0027955200   -0.0051552500   -0.0102466700
  -0.0000767200   -0.0005795800    0.0079428000
   0.0001059800    0.0000005200    0.0081884400
   0.0000741300   -0.0000020100    0.0075461300
   0.0020004000   -0.0014520500    0.0064054400
  -0.0001068600    0.0004214400    0.0077305400
  -0.0005373700   -0.0000015500    0.0077525900
   0.0000787500    0.0000095700    0.0084033900
  -0.0000371100    0.0000605300    0.0083052100
  -0.0061451100    0.0280375100   -0.0274845700
  -0.0018184900    0.0022022600    0.0058217400
   0.0000647600   -0.0000690600    0.0083533700
   0.0006893000   -0.0007614400    0.0069928100
  -0.0002253600   -0.0001263600    0.0067879000
  -0.0000448600   -0.0000396700    0.0074422800
   0.0001195700   -0.0000748800    0.0070731200
  -0.0000353900    0.0003249100    0.0077352500
  -0.0000495200    0.0000062700    0.0074633300
   0.0000169300    0.0000343900    0.0074174900
   0.0000364800   -0.0000068600    0.0073652100
  -0.0000117900   -0.0000254100    0.0072942600
  -0.0000124700    0.0001999600    0.0069302800
   0.0000057200    0.0000278700    0.0073622200
   0.0000029800   -0.0000002400    0.0073788100
   0.0000114200    0.0000280800    0.0072978100
   0.0003010800   -0.0001948200    0.0078077700
  -0.0000232600   -0.0000007700    0.0073298800
   0.0000283900   -0.0000215900    0.0073317400
  -0.0002594900   -0.0001299500    0.0076612400
  -0.0000114200   -0.0000090200    0.0036210200
  -0.0000040100    0.0000030400    0.0036634400
   0.0000003500   -0.0000000600    0.0036099600
   0.0000005400   -0.0000016300    0.0036973300
   0.0000031700   -0.0000006900    0.0036679400
  -0.0000043100   -0.0000017100    0.0036624200
  -0.0000211100   -0.0000047200    0.0036606400
   0.0000106600   -0.0000083300    0.0036510900
  -0.0000021700    0.0000073600    0.0036148400
  -0.0000140400   -0.0000117700    0.0036561600
  -0.0000031300   -0.0000001500    0.0036626700
   0.0000143800   -0.0000116100    0.0036542500
  -0.0000114200    0.0000066000    0.0037164700
  -0.0000011600    0.0000173900    0.0036484100
  -0.0000068900    0.0000198600    0.0036609500
  -0.0000065300   -0.0000043200    0.0036785800

17   
  0.0055315350896746   0.0000000000000000   0.0083307934527090
   0.0001822600    0.0001467900   -0.0021195800
  -0.0001603600    0.0000464200   -0.0023244400
   0.0000521200   -0.0000271400   -0.0020501900
  -0.0000584300   -0.0000511000   -0.0021124900
  -0.0000762100   -0.0001986300   -0.0022219200
   0.0000790000    0.0000389300   -0.0023864000
  -0.0000357400    0.0000804700   -0.0021174500
  -0.0000282400    0.0000185300   -0.0023294300
   0.0000007800    0.0000764900   -0.0020189600
   0.0000680000   -0.0000612400   -0.0021200600
  -0.0000727500   -0.0000222600   -0.0021147800
   0.0000095500    0.0000551300   -0.0021436200
  -0.0000791200   -0.0000371800   -0.0020499100
   0.0000079200   -0.0000618900   -0.0023575900
   0.0000414900   -0.0000248800   -0.0021127100
  -0.0000077600   -0.0000004700   -0.0020069000
  -0.1128252100   -0.0001534100   -0.2123844100
   0.0010915000    0.0049678600   -0.0058622500
   0.0013336100    0.0000440700   -0.0006560400
   0.0012242200   -0.0049612300   -0.0061570500
   0.0016778900   -0.0053934600   -0.0059782500
   0.0003571100   -0.0003074600   -0.0014949900
   0.0002884200    0.0003398400   -0.0014701100
   0.0018167300    0.0052109700   -0.0060392000
   0.0000486700    0.0007422900   -0.0006321800
   0.0008823300   -0.0000403400   -0.0014828000
  -0.0000356300   -0.0007918300   -0.0006802400
   0.0008823700    0.0000183100   -0.0014825600
   0.0017887500    0.0047416700   -0.0061275000
   0.0017019500   -0.0045050900   -0.0058925200
   0.0003427700    0.0003118300   -0.0014973100
   0.0003030100   -0.0003347800   -0.0014640900
  -0.0000177900   -0.0000019200   -0.0156700100
  -0.0000095300    0.0000016200   -0.0155516900
  -0.0000140400   -0.0000187500   -0.0156127400
   0.0000082300   -0.0000069900   -0.0155685200
  -0.0000141200   -0.0000082500   -0.0155507900
  -0.0000139200   -0.0000056500   -0.0155874000
  -0.0000157100    0.0000038300   -0.0155887500
  -0.0000047500   -0.0000090200   -0.0155706300
  -0.0000383900    0.0000140700   -0.0156064700
  -0.0000067500   -0.0000036200   -0.0155890300
  -0.0000093700    0.0000021800   -0.0156139100
  -0.0000002000   -0.0000093400   -0.0156159500
  -0.0000076500    0.0000156700   -0.0155583200
  -0.0000107600   -0.0000031400   -0.0155630300
  -0.0000127600    0.0000046100   -0.0156177700
   0.0000032200   -0.0000008700   -0.0156097700
   0.0001330600   -0.0000016100    0.0079250600
  -0.0001015800    0.0001553300    0.0085304900
   0.0000017400   -0.0000110900    0.0082947100
   0.0000757000    0.0003245800    0.0085663400
   0.0001029900   -0.0002400300    0.0084615600
  -0.0000489700   -0.0000126200    0.0082270800
   0.0000623400   -0.0000544300    0.0082994000
  -0.0002284700   -0.0001587700    0.0086361300
   0.0000013700    0.0000003700    0.0082827200
  -0.0000296300    0.0000619100    0.0082645700
   0.0000166300    0.0000082300    0.0083015300
  -0.0000563400    0.0000080900    0.0082786300
   0.0003225100   -0.0000252700    0.0084792500
  -0.0001814500   -0.0000670200    0.0086199500
  -0.0000402300   -0.0000119900    0.0082856300
  -0.0000537300   -0.0000013900    0.0082669800
  -0.0028358800   -0.0051138700    0.0255102300
  -0.0000693500   -0.0005131500    0.0081887000
   0.0005143500    0.0006596500    0.0077274600
   0.0455035100   -0.0227849800    0.0593666200
  -0.0000989000    0.0000233600    0.0082017500
  -0.0001035000   -0.0000026300    0.0075268400
   0.0000639700   -0.0006084700    0.0077186500
  -0.0019835600   -0.0015647800    0.0091544100
   0.0005474500   -0.0000258700    0.0079735000
   0.0001262600    0.0004575800    0.0079504500
  -0.0000012600    0.0000564000    0.0073759600
  -0.0000745900   -0.0000159700    0.0072914000
   0.0060276800    0.0280123300    0.0425673200
  -0.0008392100   -0.0006644600    0.0084173300
  -0.0001004500   -0.0000440000    0.0073332200
   0.0018645300    0.0022148300    0.0098893100
   0.0477909000    0.0240465300    0.0584419600
   0.0005737900   -0.0007636900    0.0039094700
  -0.0000554800    0.0004790100    0.0043730800
  -0.0031610500    0.0053844500    0.0225153300
   0.0000109200    0.0006591100    0.0039167100
  -0.0001478800   -0.0000027700    0.0037809100
  -0.0000588500    0.0000212600    0.0043607000
  -0.0019571000    0.0013863200    0.0055956400
   0.0001005800   -0.0004247400    0.0041459600
   0.0006586500    0.0000219600    0.0041279100
  -0.0000661700    0.0000101100    0.0035434300
  -0.0000318300   -0.0000317300    0.0036215000
   0.0061504300   -0.0293050900    0.0403405700
   0.0017663500   -0.0021534000    0.0061963300
  -0.0000850800    0.0000181700    0.0035830000
  -0.0006418600    0.0007525800    0.0049970600

17   
 -0.0055315350896746   0.0000000000000000  -0.0083307934527090
  -0.0001875700   -0.0001477000   -0.0021894600
   0.0001520700   -0.0000449900   -0.0019778700
  -0.0000607100    0.0000278500   -0.0022550300
   0.0000536900    0.0000529800   -0.0021908000
   0.0000698300    0.0001989600   -0.0020869200
  -0.0000873400   -0.0000397900   -0.0019156400
   0.0000309300   -0.0000787700   -0.0021853500
   0.0000253900   -0.0000199100   -0.0019707300
  -0.0000085800   -0.0000744000   -0.0022856100
  -0.0000735700    0.0000642500   -0.0021844500
   0.0000679200    0.0000250300   -0.0021893200
  -0.0000136700   -0.0000512100   -0.0021597000
   0.0000744600    0.0000409800   -0.0022534600
  -0.0000150700    0.0000704000   -0.0019434000
  -0.0000459300    0.0000282100   -0.0021926300
   0.0000004100    0.0000024500   -0.0022974400
   0.1133844800   -0.0006103800    0.2089535900
  -0.0008597500   -0.0049459400    0.0028906200
  -0.0013397100   -0.0000368800   -0.0023548100
  -0.0014654100    0.0049780500    0.0030932800
  -0.0016288100    0.0055305700    0.0029045300
  -0.0003636600    0.0003026400   -0.0015194200
  -0.0002942100   -0.0003426500   -0.0015445900
  -0.0018716200   -0.0050739300    0.0030802900
  -0.0000438000   -0.0007420400   -0.0023794000
  -0.0008902600    0.0000444800   -0.0015291400
   0.0000215300    0.0007904700   -0.0023323300
  -0.0008874800   -0.0000240800   -0.0015300200
  -0.0018856500   -0.0048253700    0.0030014200
  -0.0016161400    0.0044255500    0.0029907000
  -0.0003498800   -0.0003063800   -0.0014993500
  -0.0003054600    0.0003414000   -0.0015543800
   0.0000087500    0.0000051100   -0.0154925000
   0.0000014200   -0.0000021600   -0.0156198800
   0.0000045500    0.0000209100   -0.0155628100
  -0.0000081200    0.0000048700   -0.0156049400
   0.0000047500    0.0000072200   -0.0156230600
   0.0000085100    0.0000090300   -0.0155878100
   0.0000057000    0.0000010800   -0.0155881800
   0.0000026600    0.0000101600   -0.0156029000
   0.0000331600   -0.0000129800   -0.0155693100
  -0.0000003300   -0.0000036600   -0.0155914300
   0.0000034700    0.0000007600   -0.0155575500
  -0.0000084900    0.0000098600   -0.0155625000
  -0.0000057600   -0.0000063700   -0.0156175000
   0.0000134800    0.0000093200   -0.0156149600
   0.0000020200   -0.0000028300   -0.0155560300
  -0.0000084200    0.0000017400   -0.0155700500
  -0.0001480200    0.0000059100    0.0086476900
   0.0000932400   -0.0001542900    0.0080630400
  -0.0000127200    0.0000134700    0.0082984700
  -0.0000683200   -0.0003212600    0.0080350000
  -0.0001111900    0.0002345500    0.0081340700
   0.0000428500    0.0000150300    0.0083666500
  -0.0000721000    0.0000584000    0.0082969600
   0.0002259700    0.0001528200    0.0079621600
  -0.0000070600   -0.0000002100    0.0083111500
   0.0000221400   -0.0000678700    0.0083340200
  -0.0000225500   -0.0000047600    0.0082878200
   0.0000480900   -0.0000085000    0.0083174200
  -0.0003272900    0.0000367500    0.0081196300
   0.0001810400    0.0000738700    0.0079796100
   0.0000282800    0.0000146600    0.0083087600
   0.0000491300    0.0000025000    0.0083325800
   0.0028237000    0.0050943800   -0.0108602100
   0.0000403900    0.0005083800    0.0065100300
  -0.0005288000   -0.0006495400    0.0069573600
  -0.0473334700    0.0238846200   -0.0465290200
   0.0000850200   -0.0000265700    0.0065079100
   0.0000940700    0.0000009100    0.0071663400
  -0.0000738000    0.0005954000    0.0069580900
   0.0019594800    0.0015686200    0.0055360000
  -0.0005568000    0.0000229700    0.0067323600
  -0.0001446500   -0.0004305400    0.0067363000
  -0.0000028000   -0.0000492100    0.0073157300
   0.0000669900    0.0000187100    0.0074094600
  -0.0059791500   -0.0288405000   -0.0285560800
   0.0008024300    0.0006652200    0.0062767400
   0.0000930700    0.0000442400    0.0073647500
  -0.0019136200   -0.0022335700    0.0047966100
  -0.0459532400   -0.0229430000   -0.0493611600
  -0.0005751300    0.0007794800    0.0033239600
   0.0000695500   -0.0004870600    0.0028618500
   0.0031551900   -0.0053924400   -0.0152387200
  -0.0000065000   -0.0006706600    0.0033252700
   0.0001369000    0.0000010600    0.0034474100
   0.0000674500   -0.0000279200    0.0028596800
   0.0019666900   -0.0013825000    0.0016361100
  -0.0000956300    0.0004432500    0.0030944400
  -0.0006660800   -0.0000155200    0.0030880200
   0.0000647900   -0.0000080000    0.0036851800
   0.0000281600    0.0000401900    0.0036041800
  -0.0061956300    0.0284626600   -0.0324296800
  -0.0017392400    0.0021361500    0.0010359200
   0.0000897500   -0.0000181700    0.0036423900
   0.0006556400   -0.0007540700    0.0022359900

33   
  0.0055315350896746   0.0000000000000000   0.0083307934527090
  -0.0044358800   -0.0060965800    0.0173450000
   0.0490581400   -0.0248107400    0.0514847700
  -0.0001301800    0.0000506100   -0.0015471700
   0.0005761200    0.0003677800   -0.0019687700
   0.0060991200    0.0307017100    0.0342431700
   0.0014355100    0.0019901400    0.0005348200
  -0.0001407900   -0.0000748900   -0.0023458100
  -0.0004155600   -0.0009357900   -0.0011209900
   0.0003657400    0.0001249000   -0.0015667500
  -0.0001427400   -0.0000087600   -0.0023575600
  -0.0000302900    0.0000493100   -0.0023293800
   0.0003314700   -0.0009937500   -0.0019586200
   0.0003140000   -0.0002791000   -0.0017751900
  -0.0020346200   -0.0010831800   -0.0002929900
  -0.0004249200    0.0006544100   -0.0017433100
  -0.0001772400   -0.0000098500   -0.0021469100
  -0.0000548300   -0.0000139000   -0.0015842200
  -0.0000506900    0.0000105400   -0.0014726400
  -0.0000501600   -0.0000021400   -0.0015264200
  -0.0000124800   -0.0000128800   -0.0014696600
  -0.0000443700   -0.0000352800   -0.0014642100
  -0.0000215800   -0.0000099800   -0.0015214400
  -0.0000461600    0.0000074000   -0.0015282800
  -0.0000510100   -0.0000260900   -0.0014740200
  -0.0000480900    0.0000013600   -0.0015378800
  -0.0000352100   -0.0000270300   -0.0015283400
  -0.0000591300   -0.0000304800   -0.0015159100
  -0.0000473400   -0.0000061200   -0.0015032500
  -0.0000318700    0.0000078700   -0.0014780700
  -0.0000677000   -0.0000109900   -0.0014730500
  -0.0000415600   -0.0000143200   -0.0015016200
  -0.0000424100   -0.0000181000   -0.0014996500
  -0.0567429000    0.0012937900   -0.1209438300
   0.0034340500   -0.0001065500   -0.0174235200
   0.0000088200   -0.0001093200   -0.0160847500
   0.0054616800    0.0002019200   -0.0187835500
   0.0002751100    0.0013413400   -0.0177322500
  -0.0001163300   -0.0000636800   -0.0157649500
  -0.0001293400    0.0000522700   -0.0156799400
   0.0012238000   -0.0032336800   -0.0184823600
  -0.0000895200    0.0000553300   -0.0161450100
  -0.0000217000   -0.0000215400   -0.0157195200
   0.0000725600    0.0000147000   -0.0160277900
  -0.0000384300    0.0000638700   -0.0157227000
   0.0013189800    0.0028364100   -0.0184035400
   0.0001656000   -0.0011182900   -0.0178110800
  -0.0000489800    0.0000057400   -0.0157314300
  -0.0001779600   -0.0001015800   -0.0157106700
  -0.0012850300   -0.0000110600    0.0212684800
   0.0017579500    0.0016965800    0.0090879500
  -0.0000092900   -0.0000611200    0.0081353600
  -0.0006086900    0.0004742800    0.0075970300
   0.0009913800    0.0005037600    0.0081065000
  -0.0000153200    0.0000084600    0.0079324400
   0.0000102400   -0.0000414000    0.0078614300
  -0.0020912000    0.0004180100    0.0085732500
  -0.0001665800    0.0000902400    0.0081673700
  -0.0000451600    0.0000017400    0.0078942900
  -0.0000888300   -0.0000678000    0.0081055000
  -0.0000435200    0.0000324200    0.0079003100
  -0.0001979400   -0.0003413900    0.0073575300
  -0.0009286900   -0.0028466100    0.0093338900
   0.0000359400   -0.0000458200    0.0079020000
  -0.0000383600   -0.0000179700    0.0078951900
  -0.0000342700   -0.0000303000    0.0071860300
  -0.0000745000   -0.0000070900    0.0071776800
  -0.0000312800   -0.0000066800    0.0071836300
  -0.0000313400   -0.0000001000    0.0072376300
  -0.0000418600   -0.0000416200    0.0071669500
  -0.0000523900   -0.0000180000    0.0072167400
  -0.0000342400   -0.0000039500    0.0072050700
  -0.0000667200   -0.0000083200    0.0071976700
  -0.0000254700    0.0000209000    0.0071841800
  -0.0000305300   -0.0000134900    0.0071814200
  -0.0000473800   -0.0000191000    0.0071974200
  -0.0000561300   -0.0000012400    0.0071881700
  -0.0000434700   -0.0000101900    0.0072140300
  -0.0000469700   -0.0000024300    0.0071734800
  -0.0000343200   -0.0000236300    0.0071845100
  -0.0000459300   -0.0000196300    0.0072284100
  -0.0000587600   -0.0000329900    0.0034865600
  -0.0000537500    0.0000009800    0.0034683500
  -0.0000414400   -0.0000051700    0.0034749000
  -0.0000290000   -0.0000128100    0.0034760500
  -0.0000271600   -0.0000180700    0.0034775400
  -0.0000517000   -0.0000177300    0.0034607200
  -0.0000430800   -0.0000061300    0.0034561400
  -0.0000573000   -0.0000034300    0.0034768700
  -0.0000388900    0.0000017000    0.0034661400
  -0.0000371400   -0.0000259500    0.0034731900
  -0.0000503000   -0.0000228900    0.0034683500
  -0.0000511300   -0.0000018100    0.0034649900
  -0.0000618200    0.0000054900    0.0034790100
  -0.0000389900   -0.0000018200    0.0034852000
  -0.0000308400   -0.0000189200    0.0034748700
  -0.0000475000   -0.0000247500    0.0034608400

33   
 -0.0055315350896746   0.0000000000000000  -0.0083307934527090
   0.0044543700    0.0060899400   -0.0219735900
  -0.0470985700    0.0236653800   -0.0540523300
   0.0001485900   -0.0000624300   -0.0029731100
  -0.0006233800   -0.0003925400   -0.0025510800
  -0.0061046400   -0.0299368800   -0.0381766400
  -0.0014731100   -0.0020037100   -0.0050367000
   0.0001148700    0.0000601000   -0.0021813700
   0.0003966600    0.0009166800   -0.0034332700
  -0.0003556100   -0.0001142900   -0.0029564600
   0.0001193900   -0.0000132800   -0.0021644500
   0.0000188200   -0.0000696500   -0.0021900000
  -0.0003642300    0.0009904900   -0.0025581900
  -0.0003453800    0.0002362400   -0.0027431100
   0.0019849500    0.0010806700   -0.0042328400
   0.0004244800   -0.0006930100   -0.0027714900
   0.0001546100   -0.0000087900   -0.0023742400
   0.0000291800   -0.0000072800   -0.0013429500
   0.0000306800   -0.0000134700   -0.0014670900
   0.0000304800   -0.0000130800   -0.0013990600
   0.0000206100   -0.0000174800   -0.0014483500
   0.0000202400    0.0000014900   -0.0014608300
   0.0000250800   -0.0000085800   -0.0014097700
   0.0000350100   -0.0000048200   -0.0013989000
   0.0000276600    0.0000102300   -0.0014553300
   0.0000413500    0.0000029600   -0.0013870400
   0.0000183700    0.0000001700   -0.0014043300
   0.0000548000   -0.0000068400   -0.0014158700
   0.0000199000   -0.0000035100   -0.0014300000
   0.0000124700   -0.0000169500   -0.0014500500
   0.0000335800   -0.0000013000   -0.0014584000
   0.0000423300   -0.0000170900   -0.0014304500
   0.0000395000   -0.0000026500   -0.0014256900
   0.0562506800    0.0007695300    0.1032955500
  -0.0034073200    0.0000802000   -0.0139468300
  -0.0000261700    0.0001000200   -0.0152598000
  -0.0055039300   -0.0002176700   -0.0125478000
  -0.0003145700   -0.0013703200   -0.0136360100
   0.0000996000    0.0000378300   -0.0155712600
   0.0001104600   -0.0000747400   -0.0156576900
  -0.0012269800    0.0032017200   -0.0128642600
   0.0000800600   -0.0000587000   -0.0151995900
   0.0000079800    0.0000038200   -0.0156261300
  -0.0000818600   -0.0000402000   -0.0153163600
   0.0000126800   -0.0000826900   -0.0156170100
  -0.0013402600   -0.0028399900   -0.0129291900
  -0.0001945700    0.0011133200   -0.0135654300
   0.0000345900   -0.0000217800   -0.0156086800
   0.0001729600    0.0000725000   -0.0156259500
   0.0012398400   -0.0000113400   -0.0047271300
  -0.0017660500   -0.0017212100    0.0072538300
  -0.0000102300    0.0000522600    0.0081989400
   0.0006226000   -0.0005080000    0.0087268200
  -0.0010366700   -0.0005332600    0.0082137000
   0.0000071800   -0.0000295000    0.0083902300
  -0.0000310700    0.0000206900    0.0084695300
   0.0020684100   -0.0004281000    0.0077582600
   0.0001565400   -0.0000929700    0.0081671000
   0.0000318500   -0.0000233200    0.0084417900
   0.0000775100    0.0000431100    0.0082225700
   0.0000190600   -0.0000467700    0.0084268000
   0.0001691900    0.0003487900    0.0089482100
   0.0009071500    0.0027925500    0.0070297100
  -0.0000483700    0.0000297700    0.0084235800
   0.0000286000   -0.0000147900    0.0084329600
   0.0000076500   -0.0000157800    0.0072514800
   0.0000426500    0.0000085700    0.0072551400
   0.0000280800    0.0000043100    0.0072437400
   0.0000358100   -0.0000128400    0.0072218100
   0.0000543600    0.0000103100    0.0072500300
   0.0000298600   -0.0000086700    0.0072354500
   0.0000238100   -0.0000116300    0.0072581200
   0.0000293500    0.0000001800    0.0072376400
   0.0000273100   -0.0000082500    0.0072585200
   0.0000259500   -0.0000313000    0.0072475400
   0.0000267800   -0.0000134600    0.0072459100
   0.0000225100    0.0000029200    0.0072504400
  -0.0000097100    0.0000090000    0.0072382700
   0.0000456700    0.0000025000    0.0072378800
   0.0000407200   -0.0000132700    0.0072421700
   0.0000365700   -0.0000212200    0.0072381800
   0.0000341800   -0.0000120600    0.0035221300
   0.0000222600    0.0000004700    0.0035418200
   0.0000367200    0.0000026900    0.0035452100
   0.0000324500    0.0000002900    0.0035114700
   0.0000392500   -0.0000135400    0.0035502800
   0.0000291700   -0.0000088600    0.0035315300
   0.0000321100   -0.0000087600    0.0035272700
   0.0000218400   -0.0000050700    0.0035330300
   0.0000399000    0.0000096600    0.0035375900
   0.0000325500   -0.0000185800    0.0035427400
   0.0000294700   -0.0000090700    0.0035329100
   0.0000183000    0.0000025700    0.0035408600
   0.0000110100   -0.0000081200    0.0035155300
   0.0000381000    0.0000023000    0.0035467900
   0.0000353800   -0.0000172400    0.0035421600
   0.0000379800   -0.0000155600    0.0035189200

49   
  0.0055315350896746   0.0000000000000000   0.0083307934527090
   0.0472817700    0.0237821600    0.0493769600
  -0.0046252500    0.0061965100    0.0176974200
   0.0005290200   -0.0003061600   -0.0017608400
  -0.0001248500    0.0000004000   -0.0013825100
   0.0060930700   -0.0301378700    0.0337026300
  -0.0003074500    0.0009781200   -0.0010556900
  -0.0000992700    0.0001011400   -0.0021779600
   0.0014419800   -0.0019794700    0.0005931000
   0.0003314700    0.0008358000   -0.0017179700
   0.0000273000   -0.0000785300   -0.0021402200
  -0.0001195900   -0.0000216600   -0.0022137900
   0.0002572500   -0.0001014900   -0.0014287700
  -0.0003194500   -0.0005951500   -0.0015213000
  -0.0020059800    0.0010220600   -0.0002257600
   0.0002829200    0.0001830300   -0.0016174200
  -0.0001332500    0.0000002100   -0.0020122000
   0.0001224300    0.0000000500   -0.0017220200
  -0.0000057800   -0.0000609600   -0.0010564400
  -0.0000110800   -0.0000142800   -0.0013531200
  -0.0000462000   -0.0002075900   -0.0011679900
  -0.0000515900    0.0001229200   -0.0009390900
  -0.0000683600   -0.0000009800   -0.0013822500
  -0.0000415000   -0.0000056000   -0.0013740300
   0.0001579200    0.0000579200   -0.0012799200
  -0.0000169300    0.0000169500   -0.0013618200
  -0.0000686400    0.0000185100   -0.0013818600
   0.0000147300    0.0000067400   -0.0013546600
  -0.0000468800    0.0000679500   -0.0013921700
  -0.0002096600   -0.0000047400   -0.0010024100
   0.0000470900    0.0001075900   -0.0012297700
   0.0000523800   -0.0000541900   -0.0013549200
  -0.0000549600   -0.0000091500   -0.0014269200
  -0.0012378500   -0.0000090600   -0.0026295600
  -0.0005470000   -0.0004570300   -0.0161198400
   0.0000027100    0.0000585000   -0.0155564200
   0.0017171600   -0.0016328200   -0.0145675900
  -0.0019877300   -0.0004020200   -0.0151086900
   0.0000164500    0.0000103800   -0.0158051500
   0.0000090700   -0.0000177300   -0.0157548300
   0.0009399900   -0.0004846200   -0.0155778400
  -0.0000692200    0.0000640700   -0.0155739900
  -0.0000104900   -0.0000060300   -0.0157992300
  -0.0001427600   -0.0000855500   -0.0155193200
  -0.0000399800   -0.0000669200   -0.0157889300
  -0.0008848300    0.0027239200   -0.0143240500
  -0.0001654800    0.0002681800   -0.0163660900
  -0.0000393700    0.0000007200   -0.0157819500
   0.0000920400    0.0000522500   -0.0157945900
  -0.0585650600   -0.0000614300   -0.1130196300
   0.0058364400   -0.0001743200    0.0052179500
   0.0000071800    0.0000916500    0.0079192000
   0.0037736400    0.0000669800    0.0066123400
   0.0013133600    0.0033075800    0.0055470900
  -0.0001336700   -0.0000880800    0.0082446300
  -0.0000668800    0.0000366900    0.0082021200
   0.0003965200   -0.0014856700    0.0062969200
   0.0000719600   -0.0000147000    0.0079553000
   0.0000087500    0.0000354100    0.0082430700
  -0.0000581900   -0.0000401300    0.0078626300
  -0.0000020300   -0.0000406200    0.0082303800
   0.0002771400    0.0013157200    0.0062289900
   0.0014190200   -0.0029967200    0.0056057800
  -0.0001386700    0.0000796500    0.0082526500
  -0.0000511300   -0.0000532300    0.0082050600
   0.0017721600    0.0011428200    0.0099687900
  -0.0000550100    0.0000282900    0.0072340300
   0.0000143900    0.0000065700    0.0073098600
  -0.0008922500    0.0003990200    0.0078714300
  -0.0000142500   -0.0000209400    0.0072589700
  -0.0000218900   -0.0000015900    0.0073633700
  -0.0000108900   -0.0000339700    0.0072920400
  -0.0000321500    0.0000473400    0.0071623400
  -0.0000088200    0.0000296100    0.0073037500
  -0.0000528400    0.0000180700    0.0072435600
   0.0000018000    0.0000072500    0.0072935000
  -0.0000377600    0.0000178500    0.0073209600
  -0.0002227300   -0.0015345300    0.0089154200
   0.0000379200   -0.0000276300    0.0071728500
  -0.0000073600   -0.0000250800    0.0072994900
  -0.0000343200   -0.0000083900    0.0071584000
  -0.0000539800   -0.0000303300    0.0036670600
  -0.0000545300   -0.0000021700    0.0036187500
  -0.0000208500    0.0000108400    0.0036379800
   0.0000155000   -0.0000094800    0.0035981800
  -0.0000342100   -0.0000155100    0.0036249700
  -0.0000236000   -0.0000017200    0.0036270700
  -0.0000254700    0.0000042300    0.0036245900
  -0.0000549000   -0.0000606400    0.0035795900
  -0.0000178600    0.0000201700    0.0036270900
  -0.0000206000    0.0000096100    0.0036252000
  -0.0000200800    0.0000012200    0.0036495900
  -0.0000342400    0.0000094400    0.0036422800
  -0.0000195900    0.0000424500    0.0036304300
  -0.0000953600    0.0000364800    0.0035870500
  -0.0000192000   -0.0000104500    0.0036528100
   0.0000192900    0.0000358700    0.0035658800

49   
 -0.0055315350896746   0.0000000000000000  -0.0083307934527090
  -0.0492515800   -0.0249373000   -0.0556058800
   0.0046113300   -0.0061839400   -0.0218338700
  -0.0004926700    0.0002964800   -0.0024897000
   0.0000994800   -0.0000162700   -0.0028690500
  -0.0060773900    0.0309155900   -0.0385468500
   0.0003343200   -0.0009953900   -0.0031714500
   0.0001128300   -0.0001036900   -0.0020661400
  -0.0014062800    0.0019874300   -0.0048669500
  -0.0003013900   -0.0008286500   -0.0025400400
  -0.0000146200    0.0000643900   -0.0021046800
   0.0001427900    0.0000088400   -0.0020285300
  -0.0002721700    0.0001261800   -0.0028187700
   0.0003171100    0.0005686100   -0.0027295800
   0.0020507700   -0.0010208000   -0.0040164500
  -0.0002471200   -0.0002199100   -0.0026299400
   0.0001547600   -0.0000066800   -0.0022315800
  -0.0001125900   -0.0000133200   -0.0009232700
   0.0000190300    0.0000664700   -0.0016022800
   0.0000185900    0.0000087600   -0.0012968700
   0.0000762400    0.0001867100   -0.0014716700
   0.0000638700   -0.0001403100   -0.0017077300
   0.0000937600   -0.0000090800   -0.0012713100
   0.0000576500    0.0000138700   -0.0012753600
  -0.0001528700   -0.0000628600   -0.0013694900
   0.0000375400   -0.0000084600   -0.0012914200
   0.0000813100   -0.0000330900   -0.0012707500
   0.0000084100   -0.0000313700   -0.0012936900
   0.0000482600   -0.0000668800   -0.0012639200
   0.0002161200    0.0000022200   -0.0016518600
  -0.0000495900   -0.0001128800   -0.0014318100
  -0.0000263600    0.0000331300   -0.0013013500
   0.0000776700   -0.0000017400   -0.0012241400
   0.0012820600   -0.0000043400   -0.0286367100
   0.0005251800    0.0004373400   -0.0149254100
   0.0000136600   -0.0000551200   -0.0155058100
  -0.0017106300    0.0016101800   -0.0165129000
   0.0020107700    0.0003842200   -0.0159567400
  -0.0000032800   -0.0000286100   -0.0152508600
  -0.0000134600    0.0000208200   -0.0152947300
  -0.0008873400    0.0004767300   -0.0154704900
   0.0000856400   -0.0000570100   -0.0154849700
   0.0000340700   -0.0000161100   -0.0152660000
   0.0001480500    0.0000725400   -0.0155343800
   0.0000431000    0.0000677100   -0.0152658200
   0.0008861100   -0.0027733600   -0.0167626000
   0.0001880000   -0.0002387300   -0.0146796900
   0.0000591500   -0.0000223400   -0.0152786600
  -0.0000746600   -0.0000702400   -0.0152452300
   0.0591375500    0.0012268800    0.1214585700
  -0.0057944300    0.0001719300    0.0113771300
   0.0000077600   -0.0000895100    0.0087021200
  -0.0037935700   -0.0000942500    0.0100498100
  -0.0013096000   -0.0033462800    0.0110782000
   0.0001448400    0.0000672700    0.0083642300
   0.0000705400   -0.0000383500    0.0084080500
  -0.0003469900    0.0014746900    0.0103508800
  -0.0000582900    0.0000219300    0.0086661100
   0.0000161800   -0.0000543700    0.0083790200
   0.0000620800    0.0000262200    0.0087477300
   0.0000071700    0.0000391100    0.0083845400
  -0.0002660800   -0.0013063400    0.0104204600
  -0.0014024000    0.0030143200    0.0110113800
   0.0001541400   -0.0000974300    0.0083632200
   0.0000696300    0.0000345200    0.0083956200
  -0.0017223400   -0.0011380300    0.0048233000
   0.0000567800   -0.0000164400    0.0074852000
   0.0000063800   -0.0000018300    0.0074024100
   0.0009197100   -0.0004021500    0.0068494100
   0.0000524000    0.0000011400    0.0074509000
   0.0000255800   -0.0000225900    0.0073675300
   0.0000272600    0.0000308700    0.0074541800
   0.0000283900   -0.0000516300    0.0075506700
   0.0000280900   -0.0000106500    0.0074164800
   0.0000823500   -0.0000421900    0.0074718700
   0.0000008700   -0.0000272400    0.0074323100
   0.0000410800   -0.0000082200    0.0074013100
   0.0002027200    0.0015118900    0.0058364400
  -0.0000157000    0.0000292200    0.0075250000
   0.0000384000    0.0000010700    0.0074156900
   0.0000511900   -0.0000209600    0.0075842600
   0.0000594300    0.0000030000    0.0036272200
   0.0000555100    0.0000126100    0.0036702300
   0.0000402200   -0.0000061800    0.0036626200
   0.0000121400    0.0000064800    0.0036790400
   0.0000702800   -0.0000045400    0.0036741800
   0.0000274100   -0.0000220600    0.0036517400
   0.0000409400   -0.0000065500    0.0036418700
   0.0000525500    0.0000553000    0.0037148400
   0.0000361200   -0.0000020800    0.0036631200
   0.0000504000   -0.0000337700    0.0036705800
   0.0000229000   -0.0000206400    0.0036340300
   0.0000376800   -0.0000002200    0.0036454200
   0.0000068200   -0.0000426200    0.0036467100
   0.0001162100   -0.0000332600    0.0037205000
   0.0000489100   -0.0000132700    0.0036408200
  -0.0000028100   -0.0000645800    0.0037004900

65   
  0.0055315350896746   0.0000000000000000   0.0083307934527090
   0.0002483100    0.0001338500   -0.0016088900
   0.0000263900   -0.0001402100   -0.0025204900
  -0.0001624100    0.0000823700   -0.0018328900
   0.0000474200   -0.0000600300   -0.0022222600
  -0.0001449300    0.0000822400   -0.0027040900
   0.0000904300    0.0000293900   -0.0023366600
  -0.0000106700    0.0000522700   -0.0021297100
  -0.0000034400    0.0000436600   -0.0020971400
   0.0000166300   -0.0002430300   -0.0017176700
   0.0000343600   -0.0000200400   -0.0021113200
  -0.0000160400   -0.0000065800   -0.0021594400
  -0.0000652100   -0.0000491600   -0.0021104600
  -0.0000240500    0.0000304700   -0.0021971800
   0.0000204100   -0.0000404900   -0.0020947300
  -0.0000670000   -0.0000307800   -0.0021254000
   0.0000538700    0.0000053700   -0.0022463500
  -0.0043483400   -0.0060014000    0.0178331500
   0.0489664900   -0.0248047400    0.0515702400
  -0.0000952400    0.0000286900   -0.0005250000
   0.0005684400    0.0003680600   -0.0008936000
   0.0060245900    0.0305992800    0.0345339400
   0.0016286900    0.0020758800    0.0013912900
  -0.0000945800   -0.0000844300   -0.0013449900
  -0.0005699100   -0.0008165900   -0.0004191800
   0.0003695100    0.0001176300   -0.0005767300
  -0.0000999900   -0.0000029500   -0.0013665200
   0.0000366700    0.0000690700   -0.0013222400
   0.0003343600   -0.0009218300   -0.0008423400
   0.0003414500   -0.0002660800   -0.0007672500
  -0.0019783900   -0.0012752300    0.0004756000
  -0.0003572400    0.0006238300   -0.0006639600
  -0.0000990900   -0.0000073600   -0.0011284800
  -0.0000293400   -0.0000358500   -0.0155457100
   0.0000375500   -0.0000165100   -0.0155618100
   0.0000069700   -0.0000099800   -0.0155659800
  -0.0000181900   -0.0000258800   -0.0155699500
   0.0000200800    0.0000215000   -0.0155583900
   0.0000060500    0.0000179000   -0.0155496900
   0.0000040200   -0.0000159700   -0.0155698500
  -0.0000323000   -0.0000076800   -0.0155624700
   0.0000199800    0.0000021100   -0.0155597200
  -0.0000179500   -0.0000101400   -0.0155597000
  -0.0000009700    0.0000015100   -0.0155735600
   0.0000076000    0.0000255800   -0.0155779700
  -0.0000210700   -0.0000167300   -0.0155660300
  -0.0000123100   -0.0000333000   -0.0155551900
   0.0000127900   -0.0000169500   -0.0155610900
  -0.0000052300   -0.0000122300   -0.0155275300
   0.0019814200    0.0012412700    0.0106885600
  -0.0011058400    0.0005256500    0.0089806300
   0.0000624300   -0.0000039900    0.0082329200
  -0.0000553000    0.0000216500    0.0081863200
  -0.0001821300   -0.0018019200    0.0098431400
  -0.0000098400    0.0000026500    0.0080707000
   0.0000128500    0.0000115600    0.0082480000
   0.0000446400   -0.0000460000    0.0081284200
   0.0000468000    0.0000351000    0.0082142700
   0.0000154100   -0.0000249300    0.0082278300
  -0.0000153700   -0.0000115400    0.0082608800
  -0.0000594400    0.0000476800    0.0082067400
  -0.0000143500   -0.0000582100    0.0081963700
  -0.0000005300    0.0000204600    0.0080991200
   0.0000201500   -0.0000829600    0.0082131100
   0.0000003400   -0.0000124500    0.0082733000
  -0.0618204000    0.0009710800   -0.1147047600
   0.0037947900   -0.0000518400    0.0056311600
   0.0000401500   -0.0000616500    0.0069375500
   0.0055471000    0.0002007400    0.0044672000
   0.0004177300    0.0015254200    0.0053897700
  -0.0000449200   -0.0000392100    0.0072314800
  -0.0001155300    0.0000780200    0.0073072800
   0.0011845100   -0.0031957900    0.0046937300
  -0.0000224300    0.0000195000    0.0069056100
   0.0000214900   -0.0000533900    0.0072784500
   0.0000536600   -0.0000026200    0.0069606600
   0.0000234200    0.0000456400    0.0072693300
   0.0013390300    0.0028441400    0.0048061300
   0.0002683200   -0.0013755600    0.0052785600
  -0.0000311800    0.0000280600    0.0072470200
  -0.0001309900   -0.0000868300    0.0072903900
  -0.0012225400   -0.0000096400    0.0166958600
   0.0017594900    0.0015959100    0.0046486500
   0.0000495100   -0.0000641000    0.0036031300
  -0.0005151800    0.0003741400    0.0031398200
   0.0009201600    0.0005303000    0.0036344400
   0.0000390800    0.0000210800    0.0034081000
   0.0000845100   -0.0000486700    0.0033657700
  -0.0019405000    0.0004240400    0.0041568400
  -0.0001154100    0.0000792600    0.0036303600
   0.0000013000    0.0000145200    0.0033781000
  -0.0000349400   -0.0000584500    0.0035816200
  -0.0000011600    0.0000672000    0.0033728900
  -0.0002112400   -0.0002355300    0.0028877100
  -0.0008215300   -0.0027578600    0.0049137600
   0.0001153400   -0.0000709600    0.0033623500
  -0.0000220400   -0.0000094700    0.0033861300

65   
 -0.0055315350896746   0.0000000000000000  -0.0083307934527090
  -0.0002719800   -0.0001680600   -0.0026042600
  -0.0000363500    0.0001148600   -0.0016778500
   0.0001609300   -0.0001191600   -0.0023744100
  -0.0000368000    0.0000223400   -0.0019767700
   0.0001360400   -0.0001179400   -0.0014908200
  -0.0000877200   -0.0000430800   -0.0018671000
   0.0000036500   -0.0000621800   -0.0020707100
   0.0000042700   -0.0000787400   -0.0021048400
  -0.0000047700    0.0002386100   -0.0024859300
  -0.0000379500    0.0000071600   -0.0020856800
  -0.0000010700   -0.0000105200   -0.0020376400
   0.0000569100    0.0000323200   -0.0020890000
   0.0000249900   -0.0000506100   -0.0019993200
  -0.0000414000    0.0000138400   -0.0020910000
   0.0000656800    0.0000093400   -0.0020719000
  -0.0000509200   -0.0000178700   -0.0019529300
   0.0043828700    0.0059838000   -0.0205790000
  -0.0469926800    0.0236447600   -0.0522426700
   0.0001234300   -0.0000509200   -0.0021138900
  -0.0006055400   -0.0003952900   -0.0017249400
  -0.0060120600   -0.0298367800   -0.0365691100
  -0.0016649900   -0.0020947800   -0.0040048300
   0.0000838100    0.0000602000   -0.0012971400
   0.0005695100    0.0007880200   -0.0022298400
  -0.0003512300   -0.0001101000   -0.0020554600
   0.0000875000   -0.0000175400   -0.0012673700
  -0.0000338000   -0.0000834100   -0.0013230600
  -0.0003537100    0.0009141500   -0.0017761000
  -0.0003620100    0.0002160300   -0.0018641300
   0.0019475700    0.0012777200   -0.0031215500
   0.0003578000   -0.0006629500   -0.0019702400
   0.0000887500   -0.0000175300   -0.0014834400
   0.0000100500    0.0000039400   -0.0155242900
  -0.0000409900    0.0000022200   -0.0155107900
  -0.0000097900   -0.0000238900   -0.0155111100
   0.0000222900    0.0000065100   -0.0154780900
  -0.0000160000   -0.0000551100   -0.0155204900
  -0.0000253700   -0.0000173100   -0.0155083800
   0.0000084800   -0.0000059200   -0.0155001700
   0.0000141200   -0.0000260600   -0.0155115700
   0.0000017800   -0.0000202700   -0.0154899800
  -0.0000052800   -0.0000186800   -0.0154851200
  -0.0000111900   -0.0000160100   -0.0155019200
  -0.0000149100   -0.0000242400   -0.0154922200
   0.0000113100   -0.0000014700   -0.0154744500
   0.0000067600    0.0000024200   -0.0155081100
  -0.0000088200   -0.0000169100   -0.0154967400
  -0.0000036400   -0.0000209400   -0.0155151300
  -0.0020384800   -0.0013029100    0.0058755500
   0.0011042600   -0.0005369800    0.0076586500
  -0.0000669800   -0.0000304200    0.0083980700
   0.0000606700   -0.0000410900    0.0084135600
   0.0001976000    0.0017868200    0.0067736400
  -0.0000115900   -0.0000030700    0.0085387400
   0.0000002200   -0.0000338300    0.0083740700
  -0.0000626800    0.0000117600    0.0085006600
  -0.0000247200   -0.0000533000    0.0083881900
  -0.0000384200   -0.0000050600    0.0083689600
   0.0000039500   -0.0000026100    0.0083665500
   0.0000522000   -0.0000461400    0.0084166500
   0.0000036600    0.0000406500    0.0083981100
  -0.0000035900   -0.0000493300    0.0085190400
  -0.0000169900    0.0000506600    0.0083956000
  -0.0000096500   -0.0000208200    0.0083213500
   0.0603876200    0.0015506600    0.1146039300
  -0.0037687700   -0.0000019400    0.0090677700
  -0.0000285900    0.0000324000    0.0078121900
  -0.0056022000   -0.0002361900    0.0102884900
  -0.0004679900   -0.0015447200    0.0093176400
   0.0000508500    0.0000304000    0.0074992500
   0.0001058000   -0.0000959600    0.0074260500
  -0.0011620100    0.0031638900    0.0100443700
   0.0000217700   -0.0000490200    0.0078374300
  -0.0000301900    0.0000225200    0.0074637000
  -0.0000480500   -0.0000271000    0.0077884300
  -0.0000322200   -0.0000888500    0.0074750600
  -0.0013421300   -0.0028503700    0.0099250900
  -0.0002814300    0.0013799200    0.0094314700
   0.0000143600   -0.0000430700    0.0074877600
   0.0001385700    0.0000851200    0.0074499100
   0.0012009000   -0.0000119100   -0.0091772800
  -0.0017639600   -0.0016455400    0.0026798000
  -0.0000400900    0.0000360300    0.0036980100
   0.0005189500   -0.0004239800    0.0041575300
  -0.0009738700   -0.0005482000    0.0036675500
  -0.0000252400   -0.0000256800    0.0039075800
  -0.0000964100    0.0000340300    0.0039552600
   0.0019392500   -0.0004344000    0.0031514100
   0.0001132700   -0.0001076700    0.0036765300
  -0.0000086800   -0.0000493000    0.0039306900
   0.0000365700    0.0000291100    0.0037157500
  -0.0000055800   -0.0001053800    0.0039310800
   0.0002039100    0.0002407600    0.0044162600
   0.0008156000    0.0027066200    0.0024200200
  -0.0001299300    0.0000557100    0.0039500800
   0.0000229500    0.0000038200    0.0039253100

81   
  0.0055315350896746   0.0000000000000000   0.0083307934527090
  -0.0000181200    0.0000090600   -0.0020718300
  -0.0000190200   -0.0000211400   -0.0021598000
   0.0000005200    0.0000019100   -0.0020817000
   0.0000001900    0.0000041400   -0.0021261400
  -0.0000358300    0.0000170500   -0.0021582600
   0.0000287800    0.0000433600   -0.0021637900
  -0.0000175300    0.0000271900   -0.0021144100
   0.0000002500    0.0000164100   -0.0021225300
   0.0000012600    0.0000303700   -0.0020730800
  -0.0000103100    0.0000115700   -0.0021294900
  -0.0000188500    0.0000177700   -0.0021232400
  -0.0000180200    0.0000073600   -0.0021093200
  -0.0000083100    0.0000165300   -0.0021282900
  -0.0000102700    0.0000159100   -0.0021228300
  -0.0000188200    0.0000161200   -0.0021041900
  -0.0000026700    0.0000207300   -0.0021243300
   0.0472358200    0.0237176400    0.0506649000
  -0.0045211400    0.0061856400    0.0184843200
   0.0006226300   -0.0003420600   -0.0010325900
  -0.0001196600   -0.0000281200   -0.0006089200
   0.0061734900   -0.0300338500    0.0347379700
  -0.0003498100    0.0009399300   -0.0001516900
  -0.0000884000    0.0000802600   -0.0013766200
   0.0014649600   -0.0019520000    0.0014159700
   0.0003951100    0.0009831600   -0.0010086300
   0.0000050900   -0.0000363900   -0.0013658200
  -0.0001038200    0.0000084100   -0.0013829300
   0.0003626300   -0.0001162900   -0.0006323300
  -0.0003772800   -0.0006677200   -0.0007975900
  -0.0019462600    0.0010637000    0.0006388100
   0.0003281600    0.0002575900   -0.0008439600
  -0.0001450400    0.0000140800   -0.0011629300
  -0.0000195000    0.0000079900   -0.0155142700
  -0.0000111700    0.0000178700   -0.0155145600
  -0.0000098000    0.0000091300   -0.0155349900
  -0.0000012800    0.0000100400   -0.0155218400
  -0.0000066700    0.0000100400   -0.0155194100
  -0.0000119500    0.0000304400   -0.0155199000
  -0.0000031000    0.0000141700   -0.0155276900
  -0.0000164200    0.0000088300   -0.0155330600
   0.0000032300    0.0000174100   -0.0155146700
  -0.0000207200    0.0000096300   -0.0155111500
  -0.0000128700    0.0000209500   -0.0155316700
  -0.0000058700    0.0000251800   -0.0155369500
  -0.0000164300    0.0000204400   -0.0155116400
  -0.0000092800    0.0000079800   -0.0155233300
  -0.0000065200    0.0000108400   -0.0155295900
  -0.0000059500    0.0000083600   -0.0155187200
   0.0000285500    0.0000291600    0.0082857800
  -0.0000482000    0.0000456900    0.0083460900
  -0.0000075700    0.0000115500    0.0083136400
  -0.0000289500   -0.0000015600    0.0082936900
   0.0000050400   -0.0000392500    0.0083216600
  -0.0000279600    0.0000333300    0.0082962500
  -0.0000097400    0.0000139400    0.0083272000
  -0.0000240500    0.0000007800    0.0082348000
   0.0000085100    0.0000331000    0.0082878900
  -0.0000218900    0.0000059100    0.0083118000
  -0.0000137500    0.0000244700    0.0083295400
  -0.0000081400    0.0000405800    0.0083146000
  -0.0000401100    0.0000009900    0.0082823100
  -0.0000296400    0.0000132800    0.0082632100
  -0.0000074500    0.0000091300    0.0083086900
  -0.0000021800    0.0000084600    0.0083052700
  -0.0012156300    0.0000165800    0.0202363500
  -0.0005159800   -0.0004997700    0.0068893600
   0.0000324000    0.0000529700    0.0073570100
   0.0017403300   -0.0016823900    0.0083898900
  -0.0020341900   -0.0003616500    0.0078463500
   0.0000589700    0.0000523100    0.0070604800
   0.0000202400    0.0000008300    0.0071632200
   0.0010114700   -0.0004624700    0.0074408500
  -0.0000550600    0.0000626200    0.0073321000
  -0.0000043300   -0.0000030600    0.0071174700
  -0.0001228300   -0.0000708500    0.0073850200
   0.0000028100   -0.0000217400    0.0071380500
  -0.0008881700    0.0027782700    0.0085936300
  -0.0001177200    0.0002876200    0.0066907300
   0.0000204900    0.0000010600    0.0071597300
   0.0000859300    0.0000648800    0.0071179300
  -0.0583805700   -0.0011945400   -0.1162111800
   0.0055518500   -0.0002011300    0.0005524200
   0.0000486700    0.0000947400    0.0032811600
   0.0034330500    0.0000896500    0.0019541000
   0.0012423700    0.0032275800    0.0008641500
  -0.0000968300   -0.0000486500    0.0036868300
  -0.0000633300    0.0000592900    0.0035949100
   0.0003443000   -0.0013439500    0.0016477600
   0.0000903200   -0.0000123600    0.0033269200
   0.0000137800    0.0000372000    0.0036353300
  -0.0000497200   -0.0000386900    0.0032334700
   0.0000168200   -0.0000614400    0.0036307700
   0.0002210500    0.0011419800    0.0015629500
   0.0013630900   -0.0028378900    0.0009401900
  -0.0001475300    0.0001062600    0.0036368600
  -0.0000139700   -0.0000004100    0.0036214600

81   
 -0.0055315350896746   0.0000000000000000  -0.0083307934527090
   0.0000249500   -0.0000091200   -0.0022027100
   0.0000319800    0.0000247800   -0.0021126700
   0.0000254100   -0.0000113400   -0.0021930100
   0.0000405800   -0.0000188700   -0.0021443200
   0.0000498000   -0.0000260000   -0.0021150300
   0.0000000900   -0.0000229400   -0.0021100200
   0.0000358800   -0.0000059700   -0.0021567100
   0.0000260300   -0.0000260400   -0.0021522800
   0.0000441000   -0.0000026800   -0.0021939300
   0.0000292800    0.0000090000   -0.0021424400
   0.0000234200   -0.0000053300   -0.0021461900
   0.0000346800    0.0000086900   -0.0021637000
   0.0000320000   -0.0000057300   -0.0021448900
   0.0000077400   -0.0000147600   -0.0021350400
   0.0000470400   -0.0000056200   -0.0021650700
   0.0000371400   -0.0000000400   -0.0021455400
  -0.0491896300   -0.0248546600   -0.0553623800
   0.0045148100   -0.0061730900   -0.0210943800
  -0.0005704600    0.0003424200   -0.0016855400
   0.0001040900    0.0000341000   -0.0021045000
  -0.0061608000    0.0308246400   -0.0380483700
   0.0003802700   -0.0009398100   -0.0025348000
   0.0001084100   -0.0000739800   -0.0013364100
  -0.0014108100    0.0019649700   -0.0041562900
  -0.0003551100   -0.0009570600   -0.0017076600
   0.0000148400    0.0000494400   -0.0013436500
   0.0001323200    0.0000096000   -0.0013230800
  -0.0003621600    0.0001546500   -0.0020688400
   0.0003961100    0.0006558400   -0.0019176500
   0.0019982800   -0.0010398700   -0.0033457100
  -0.0002907900   -0.0002734500   -0.0018661900
   0.0001697700   -0.0000052700   -0.0015203600
   0.0000227400   -0.0000116800   -0.0156055300
   0.0000335600   -0.0000050600   -0.0156155600
   0.0000383700   -0.0000157700   -0.0155908700
   0.0000300000   -0.0000080400   -0.0155733300
   0.0000349400   -0.0000113300   -0.0156150400
   0.0000210900    0.0000063600   -0.0155900500
   0.0000388500   -0.0000069600   -0.0156011400
   0.0000267200   -0.0000157000   -0.0156007600
   0.0000478300    0.0000025800   -0.0155730000
   0.0000173200   -0.0000113700   -0.0155864600
   0.0000253300   -0.0000019400   -0.0156027600
   0.0000290800    0.0000100800   -0.0155878500
   0.0000211200   -0.0000097500   -0.0155693600
   0.0000315200   -0.0000085900   -0.0155940300
   0.0000381000   -0.0000165900   -0.0155807900
   0.0000309400   -0.0000125900   -0.0155602800
  -0.0000252900   -0.0000328600    0.0082632500
   0.0000699200   -0.0000327200    0.0082154800
   0.0000360500   -0.0000191200    0.0082446000
   0.0000586600    0.0000039500    0.0082317300
   0.0000238800    0.0000371900    0.0082445100
   0.0000369000    0.0000036900    0.0082442700
   0.0000457800   -0.0000063500    0.0082324900
   0.0000338800   -0.0000085200    0.0083291000
   0.0000429100   -0.0000131500    0.0082312200
   0.0000187900   -0.0000088100    0.0082172100
   0.0000257700   -0.0000056000    0.0082352700
   0.0000313700   -0.0000046100    0.0082417000
   0.0000449600    0.0000103800    0.0082312800
   0.0000525200   -0.0000129300    0.0082865200
   0.0000390100   -0.0000143300    0.0082305600
   0.0000268500   -0.0000124200    0.0082051300
   0.0012494000   -0.0000018500   -0.0057701100
   0.0005274500    0.0004945700    0.0077904800
  -0.0000134200   -0.0000474700    0.0073143600
  -0.0017192800    0.0016773000    0.0062720600
   0.0020583500    0.0003683600    0.0068264800
  -0.0000382200   -0.0000427000    0.0076050500
  -0.0000028200    0.0000141800    0.0075087900
  -0.0009505200    0.0004551800    0.0072432800
   0.0000762900   -0.0000590700    0.0073415900
   0.0000293600    0.0000159200    0.0075639100
   0.0001346100    0.0000811800    0.0072808500
   0.0000248700    0.0000375900    0.0075361800
   0.0009256100   -0.0028055600    0.0060633300
   0.0001336900   -0.0002679500    0.0079980600
   0.0000067400    0.0000050000    0.0075186300
  -0.0000674200   -0.0000566300    0.0075634800
   0.0582061100    0.0008732100    0.1202102700
  -0.0054846300    0.0002141800    0.0066810100
  -0.0000326500   -0.0000903800    0.0039643000
  -0.0034469700   -0.0000962100    0.0053176100
  -0.0012379200   -0.0032431100    0.0063819500
   0.0001152900    0.0000555300    0.0035569600
   0.0000892700   -0.0000491600    0.0036495900
  -0.0002889500    0.0013371500    0.0056223600
  -0.0000718900    0.0000149700    0.0039204900
   0.0000117800   -0.0000207700    0.0035962400
   0.0000607000    0.0000491600    0.0040154900
   0.0000127300    0.0000737700    0.0036133500
  -0.0001755000   -0.0011195300    0.0056993000
  -0.0013540200    0.0028466200    0.0063013800
   0.0001702800   -0.0000963100    0.0035986700
   0.0000328900    0.0000089100    0.0036165100
