48   
3    

1    
  0.0057060396639799   0.0000000000000000   0.0082122537316554
  -0.0444306500   -0.0000441600   -0.1123642400
   0.0011184800   -0.0055065600   -0.0089861100
  -0.0043163400    0.0000261600   -0.0011742800
   0.0008902600    0.0053636900   -0.0088707500
   0.0040251400    0.0038843400   -0.0089488200
  -0.0071326700   -0.0010804000    0.0011107600
  -0.0070029400    0.0010545200    0.0010872900
   0.0039711700   -0.0035341000   -0.0089094800
  -0.0009465600   -0.0019932800   -0.0011689800
  -0.0052182300   -0.0000016000    0.0010991100
  -0.0009119700    0.0019198200   -0.0011800300
  -0.0052155700    0.0000599700    0.0010994800
   0.0039248000   -0.0071839800   -0.0088908100
   0.0040692900    0.0071465300   -0.0089666800
  -0.0070006000    0.0010433800    0.0011064600
  -0.0071349900   -0.0010945600    0.0010919200
  -0.0063000900   -0.0034480100    0.0150775400
   0.0015209900   -0.0006896400    0.0051918300
   0.0007909700   -0.0016301900    0.0068137000
   0.0241447400   -0.0141432500    0.0452490100
   0.0001968000    0.0011347900    0.0042500600
   0.0015365200   -0.0000017600    0.0047718800
   0.0018340300    0.0006287000    0.0077558700
   0.0017241000   -0.0008201200    0.0061152300
  -0.0007209100    0.0004966900    0.0050652600
   0.0016388300    0.0000356700    0.0069485500
   0.0013229400   -0.0006440200    0.0054550400
   0.0015561200    0.0005017900    0.0050636800
  -0.0003401200    0.0176263400    0.0303403400
   0.0012116700    0.0002980500    0.0057816200
   0.0024313600    0.0001174100    0.0052499900
   0.0025904200    0.0005029200    0.0064232700
   0.0254337500    0.0150479100    0.0359756100
   0.0007855400    0.0016421900   -0.0037884200
   0.0015132100    0.0006504100   -0.0054238800
  -0.0062618400    0.0032398400    0.0045211400
   0.0018584600   -0.0006392700   -0.0028571500
   0.0015467800   -0.0000017500   -0.0058960400
   0.0002304300   -0.0011662400   -0.0063550700
   0.0016962000    0.0006972400   -0.0045378900
   0.0016208600   -0.0000484800   -0.0036791200
  -0.0007430000   -0.0004627500   -0.0055410000
   0.0015649200   -0.0005089800   -0.0055732700
   0.0013036500    0.0006520400   -0.0051786400
  -0.0006400300   -0.0182427600    0.0200623200
   0.0025372300   -0.0004834500   -0.0041823000
   0.0024392700   -0.0001679700   -0.0053665500
   0.0012875700   -0.0002331400   -0.0048674600

17   
  0.0057060396639799   0.0000000000000000   0.0082122537316554
  -0.0127923700   -0.0070826300    0.0145797400
   0.0322474700   -0.0189486000    0.0368839700
   0.0024266500   -0.0024566300    0.0007122200
   0.0000528300   -0.0020521800    0.0012143400
  -0.0005479500    0.0259191100    0.0255850000
   0.0024469900    0.0003690200    0.0015058300
   0.0025303000   -0.0003227100    0.0002099700
   0.0015797700    0.0001728900    0.0005850600
  -0.0008323800    0.0020617000    0.0001416200
   0.0012518000    0.0007272300    0.0002980100
   0.0018443100   -0.0004064600    0.0001233600
   0.0018960100    0.0022455100    0.0017834400
  -0.0014091500    0.0006427400    0.0003937900
   0.0018434800   -0.0005167800    0.0010498800
   0.0036896100   -0.0004739700    0.0015332000
   0.0016460600   -0.0000157800   -0.0002910000
  -0.0489975100    0.0001522400   -0.0989364600
   0.0048189100    0.0012150200    0.0041217100
  -0.0001425700    0.0006516700    0.0052254500
   0.0059666100    0.0013495700    0.0033015600
   0.0021083000    0.0012822300    0.0046762000
  -0.0004438600   -0.0001315700    0.0055296300
  -0.0004002700    0.0001041200    0.0051496600
   0.0005077100   -0.0036121900    0.0027476700
   0.0002894200   -0.0002511800    0.0056184600
  -0.0002181600    0.0000266800    0.0053397600
  -0.0008370100   -0.0004033300    0.0048337000
  -0.0002156500   -0.0003205700    0.0053344000
   0.0026973800    0.0021642200    0.0042625700
  -0.0001192000   -0.0023955700    0.0031533600
  -0.0007021000    0.0002848500    0.0053461000
  -0.0001513200    0.0000406400    0.0053140600
   0.0013603000   -0.0000025000    0.0111635300
   0.0019434600    0.0024325300   -0.0035480800
  -0.0000207900    0.0001734500   -0.0050819600
   0.0003039700    0.0002205600   -0.0047186200
   0.0009718700   -0.0000585400   -0.0046458500
  -0.0007911700   -0.0000633300   -0.0049917700
   0.0000597200   -0.0004296200   -0.0044981700
  -0.0021351100    0.0001426200   -0.0036239600
  -0.0000675100    0.0000252200   -0.0051890000
  -0.0006831900    0.0004908200   -0.0047455300
  -0.0003644500   -0.0002007400   -0.0049757600
  -0.0006778500   -0.0004157500   -0.0047388500
   0.0001432500    0.0007033300   -0.0052257800
  -0.0013430500   -0.0034565400   -0.0030323600
  -0.0007249900    0.0000302600   -0.0050352900
  -0.0000085600    0.0003889300   -0.0044388300

17   
 -0.0057060396639799   0.0000000000000000  -0.0082122537316554
   0.0128618800    0.0072552800   -0.0145450900
  -0.0307979200    0.0178986700   -0.0354160700
  -0.0024108600    0.0023836200   -0.0004833600
  -0.0000885900    0.0020367700   -0.0009943500
   0.0002488300   -0.0253162100   -0.0251207200
  -0.0024928800   -0.0004269400   -0.0012899600
  -0.0025267100    0.0003206600    0.0000202100
  -0.0014775100   -0.0001746000   -0.0003851300
   0.0007911900   -0.0020457800    0.0000809800
  -0.0012280400   -0.0007481100   -0.0000632700
  -0.0017975500    0.0004235400    0.0001051800
  -0.0018933500   -0.0021680100   -0.0015599500
   0.0013996100   -0.0006489000   -0.0001734500
  -0.0017659400    0.0005918100   -0.0008332300
  -0.0036082600    0.0004485200   -0.0013035500
  -0.0016229600    0.0000066600    0.0005274300
   0.0475901300    0.0002464000    0.0968300200
  -0.0047233100   -0.0011502300    0.0067068400
   0.0001378600   -0.0006453200    0.0056432200
  -0.0060432200   -0.0013327900    0.0076046200
  -0.0020415500   -0.0012772100    0.0061712200
   0.0004487000    0.0001396400    0.0053370000
   0.0003942800   -0.0001075800    0.0057155500
  -0.0005113000    0.0036058600    0.0081310600
  -0.0002917200    0.0002465000    0.0052563400
   0.0002073900   -0.0000312700    0.0055269700
   0.0008212700    0.0003928100    0.0060253700
   0.0002083000    0.0003091800    0.0055157900
  -0.0026864400   -0.0022206800    0.0066246500
   0.0000975500    0.0023597900    0.0076861300
   0.0006856300   -0.0002786100    0.0055014300
   0.0001470800   -0.0000386900    0.0055377700
  -0.0013689200   -0.0000053600   -0.0211994000
  -0.0019299600   -0.0023822500   -0.0067924400
   0.0000149100   -0.0001706500   -0.0053075500
  -0.0002743100   -0.0002570000   -0.0056754300
  -0.0009626000    0.0000394800   -0.0057252400
   0.0007905700    0.0000733800   -0.0054030000
  -0.0000756700    0.0004280900   -0.0058927900
   0.0021547600   -0.0001648100   -0.0067361600
   0.0000624400   -0.0000289400   -0.0052080400
   0.0006646400   -0.0005019100   -0.0056489500
   0.0003547000    0.0001942900   -0.0054019600
   0.0006685300    0.0004010200   -0.0056366100
  -0.0001440200   -0.0006879700   -0.0051694800
   0.0013015600    0.0034184700   -0.0072967700
   0.0007042500   -0.0000246100   -0.0053443900
   0.0000075200   -0.0003860200   -0.0059414300
