96   
12   

1    
  0.0057454019263357   0.0000000000000000   0.0081847636926705
  -0.0892692840   -0.0003044284   -0.1739523766
  -0.0014015717    0.0049164000   -0.0010181359
   0.0018753428   -0.0000827400    0.0019343676
  -0.0019292816   -0.0053085100   -0.0007870952
   0.0004092058   -0.0060514097   -0.0011237482
   0.0003931522   -0.0003059899    0.0014967951
   0.0004491329    0.0002597973    0.0015524040
   0.0005564432    0.0066773389   -0.0006944729
   0.0000156179    0.0010962198    0.0018831977
   0.0008882888    0.0000310267    0.0015231796
   0.0001628579   -0.0010133598    0.0019832177
   0.0009080888    0.0000482533    0.0015197596
   0.0001792232    0.0037827411   -0.0009996429
   0.0007875358   -0.0039358403   -0.0007954382
   0.0004604022    0.0002714499    0.0015421051
   0.0003786829   -0.0003150273    0.0015047640
   0.0001225735    0.0001039707    0.0004537906
  -0.0000176563    0.0000526670    0.0005662454
   0.0000206451    0.0000500301    0.0006060520
  -0.0001078986    0.0000252220    0.0003040305
   0.0000511583   -0.0000486829    0.0005498289
  -0.0000007259   -0.0000044095    0.0006474051
  -0.0000309084   -0.0000403494    0.0006261948
  -0.0000389396    0.0000488777    0.0002841505
   0.0000648801   -0.0000105464    0.0005787013
  -0.0000479204   -0.0000106661    0.0006020206
   0.0000286194    0.0000355086    0.0004495920
  -0.0000285272    0.0000063341    0.0005532706
  -0.0000623106   -0.0001295319    0.0003799578
   0.0000611712   -0.0000547520    0.0002669513
  -0.0000245872   -0.0000312741    0.0004954925
  -0.0000368030    0.0000080821    0.0003099868
  -0.0025849487   -0.0040556757    0.0094365686
  -0.0003496867   -0.0005142092   -0.0020875988
   0.0002374796    0.0009548439   -0.0030976775
   0.0409078616   -0.0210658527    0.0434246501
   0.0000712794   -0.0000772161   -0.0021984942
  -0.0001224357   -0.0000009591   -0.0027354919
  -0.0000411033   -0.0006481443   -0.0030122687
  -0.0015458037   -0.0008681988   -0.0013429770
   0.0007094862   -0.0003736922   -0.0026376313
   0.0000266539    0.0006518669   -0.0025582357
  -0.0001201203    0.0000528968   -0.0028522858
  -0.0000887692   -0.0000942716   -0.0027923983
   0.0043290370    0.0252135107    0.0265504588
  -0.0003703165   -0.0006141236   -0.0018693791
  -0.0002323182    0.0000342963   -0.0028327173
   0.0011639011    0.0015109554   -0.0008107245
   0.0422608803    0.0219250089    0.0392337354
   0.0000481476   -0.0006962838   -0.0087370528
  -0.0001718924    0.0004474707   -0.0078546796
  -0.0024520922    0.0038827973    0.0034973397
  -0.0000216998    0.0003722551   -0.0085795642
  -0.0000891885   -0.0000013390   -0.0084786390
   0.0000599488   -0.0000531290   -0.0079860395
  -0.0015200859    0.0009712222   -0.0072041131
   0.0001290186   -0.0004412124   -0.0082043912
   0.0004484347    0.0003650991   -0.0083747396
  -0.0000544185    0.0000736649   -0.0085584026
  -0.0001135661   -0.0000638713   -0.0085739313
   0.0041778682   -0.0257035956    0.0212376881
   0.0012737543   -0.0015478884   -0.0067855022
  -0.0002046445   -0.0000178224   -0.0085555267
  -0.0003775067    0.0006050496   -0.0076279632
   0.0003512141    0.0002161554    0.0098803052
   0.0000371732    0.0000666815    0.0092672897
  -0.0001769658    0.0000917050    0.0095994607
   0.0000066256   -0.0004151076    0.0089188385
   0.0000469036    0.0000038024    0.0092825085
  -0.0000652629   -0.0000546883    0.0092734632
  -0.0000812870    0.0000070868    0.0093354586
   0.0000364085    0.0000291319    0.0094201745
  -0.0000218922   -0.0003333622    0.0097336154
  -0.0000315958   -0.0000256533    0.0093563633
   0.0000033839    0.0000097580    0.0093706799
   0.0000062700   -0.0000901136    0.0094185294
  -0.0003661044    0.0002357219    0.0088092030
   0.0000142410    0.0000054397    0.0094021251
  -0.0000825673    0.0000622943    0.0093751753
   0.0003082341    0.0001970137    0.0089994238
   0.0000002864    0.0000251227    0.0001039775
  -0.0000069560    0.0000385313    0.0000055416
   0.0000310287   -0.0000387205    0.0000435365
  -0.0000752501   -0.0000039706   -0.0000252046
   0.0000097023   -0.0000017269   -0.0000266813
  -0.0000527836   -0.0000231840    0.0000198440
   0.0000222916   -0.0000019378    0.0000289530
  -0.0000246703    0.0000050838    0.0000211028
  -0.0000437908   -0.0000072519    0.0000804815
   0.0000029599    0.0000558226    0.0000073123
  -0.0000018177    0.0000093199   -0.0000075657
  -0.0000140417   -0.0000117625    0.0000252537
   0.0000305013   -0.0000419378   -0.0000150713
  -0.0000358749   -0.0000419699    0.0000014525
  -0.0000226749   -0.0000172366    0.0000279041
  -0.0000034103    0.0000600884   -0.0000079973

1    
 -0.0057454019263357   0.0000000000000000  -0.0081847636926705
   0.0901387324   -0.0003268611    0.1781906095
   0.0015427416   -0.0048919600    0.0042420552
  -0.0018800828    0.0000791400    0.0012481024
   0.0017818517    0.0053606800    0.0039341059
  -0.0004045632    0.0061477389    0.0042644229
  -0.0003904229    0.0003115973    0.0016929560
  -0.0004518022   -0.0002722199    0.0016336749
  -0.0006013658   -0.0066136997    0.0039085282
  -0.0000103879   -0.0010929698    0.0012958623
  -0.0009095088   -0.0000309933    0.0016595404
  -0.0001687479    0.0010102598    0.0012028323
  -0.0009192688   -0.0000533167    0.0016612404
  -0.0002344058   -0.0038336703    0.0041149882
  -0.0007634432    0.0038894311    0.0040593429
  -0.0004665629   -0.0002659173    0.0016471860
  -0.0003877422    0.0003194699    0.0016722749
  -0.0001261561   -0.0000992509    0.0004172632
   0.0000093627   -0.0000551808    0.0003000473
  -0.0000235938   -0.0000552898    0.0002580264
   0.0000918238   -0.0000271798    0.0005640776
  -0.0000544078    0.0000560919    0.0003106746
  -0.0000200506   -0.0000032495    0.0002278277
   0.0000357145    0.0000279603    0.0002474054
   0.0000276093   -0.0000498117    0.0005790286
  -0.0000731349    0.0000161616    0.0002919033
   0.0000319115    0.0000227290    0.0002736950
  -0.0000333562   -0.0000288726    0.0004205731
   0.0000193778   -0.0000154804    0.0003185310
   0.0000419015    0.0001226215    0.0004865477
  -0.0000651289    0.0000551651    0.0006023994
   0.0000050157    0.0000377517    0.0003628732
   0.0000370709    0.0000057645    0.0005560250
   0.0025240317    0.0040199739   -0.0151954616
   0.0003604820    0.0005322018   -0.0036169916
  -0.0002551280   -0.0009648150   -0.0026180434
  -0.0424769399    0.0220527235   -0.0507286080
  -0.0000595972    0.0000806277   -0.0034834474
   0.0000855634    0.0000133209   -0.0029469555
   0.0000683278    0.0005911866   -0.0027136262
   0.0014908592    0.0008636418   -0.0043468053
  -0.0007096688    0.0003584765   -0.0030352148
  -0.0000872864   -0.0006150579   -0.0031514517
   0.0001347113   -0.0000035080   -0.0028487760
   0.0000873614    0.0000886230   -0.0029012963
  -0.0042615454   -0.0259044249   -0.0328166854
   0.0003602902    0.0005683967   -0.0038262591
   0.0001904414   -0.0000344237   -0.0028290113
  -0.0012012538   -0.0015244751   -0.0049093920
  -0.0407481521   -0.0209800601   -0.0547516986
  -0.0000247602    0.0007269824   -0.0084598568
   0.0001647973   -0.0004704580   -0.0093426198
   0.0024904092   -0.0038987892   -0.0207139171
   0.0000409549   -0.0003768322   -0.0086267597
   0.0000508108    0.0000126809   -0.0087408435
  -0.0000275709    0.0000107218   -0.0092126273
   0.0014841905   -0.0009754382   -0.0100104339
  -0.0001243557    0.0004426004   -0.0090175198
  -0.0004994822   -0.0003493643   -0.0088315145
   0.0000706062   -0.0000312735   -0.0086453028
   0.0001131951    0.0000620200   -0.0086333369
  -0.0042415500    0.0250366417   -0.0378712223
  -0.0012386098    0.0014909479   -0.0104190792
   0.0001730012    0.0000174750   -0.0086840146
   0.0003875028   -0.0006041865   -0.0095593887
  -0.0003265643   -0.0001873410    0.0088077419
  -0.0000454946   -0.0000731741    0.0094351314
   0.0001906744   -0.0001184879    0.0091240627
  -0.0000732874    0.0004285962    0.0097818805
  -0.0000719632    0.0000097822    0.0094467089
   0.0000519655    0.0000554275    0.0094047463
   0.0000925014   -0.0000033268    0.0093767577
  -0.0000461154   -0.0000631339    0.0092898122
  -0.0000075512    0.0003319269    0.0089817101
   0.0000316429    0.0000451893    0.0093617542
  -0.0000342136    0.0000060381    0.0093191734
   0.0000169349    0.0000783090    0.0092603152
   0.0003662280   -0.0002761150    0.0098625908
  -0.0000349659   -0.0000123592    0.0093267702
   0.0000562047   -0.0000534824    0.0093192767
  -0.0003021533   -0.0001587633    0.0097136007
   0.0000282687    0.0000053715   -0.0000072938
  -0.0000032723   -0.0000500506    0.0000805601
  -0.0000209518    0.0000170618    0.0000170742
   0.0000077864    0.0000225268    0.0001080716
  -0.0000380015    0.0000149077    0.0000904931
   0.0000436936    0.0000255232    0.0000877466
  -0.0000132626    0.0000032094    0.0000439285
   0.0000165306   -0.0000379703    0.0000551612
   0.0000159692    0.0000045070   -0.0000103453
  -0.0000032378   -0.0000379362    0.0000647935
  -0.0000291714    0.0000070099    0.0001043667
   0.0000355904    0.0000011017    0.0000823765
  -0.0000275586   -0.0000039963    0.0001180069
   0.0000192097    0.0000366887    0.0000576651
  -0.0000040956    0.0000254063    0.0000617555
   0.0000080233   -0.0000252006    0.0000771269

17   
  0.0057454019263357   0.0000000000000000   0.0081847636926705
   0.0001321661    0.0001021909    0.0016243968
  -0.0000807138    0.0000185998    0.0014689024
   0.0000210338   -0.0000190102    0.0017671736
  -0.0000340527   -0.0000489292    0.0017438127
  -0.0000474415   -0.0001236515    0.0015446223
   0.0000469191    0.0000371955    0.0014270950
  -0.0000144757    0.0000868983    0.0016718768
  -0.0000137011   -0.0000037851    0.0014944106
   0.0000045749    0.0000272784    0.0017960567
   0.0000760722   -0.0000535096    0.0016542190
  -0.0000706038   -0.0000357674    0.0016859569
   0.0000358385    0.0000598110    0.0017167750
  -0.0000337222   -0.0000165919    0.0017845854
  -0.0000225093   -0.0000323783    0.0014618914
   0.0000517555   -0.0000015003    0.0017294446
   0.0000033306   -0.0000033505    0.0018136123
  -0.0895150170   -0.0002380527   -0.1770914164
  -0.0019065517    0.0050539000   -0.0015781659
   0.0018831728    0.0000120200    0.0007557676
  -0.0015822116   -0.0050210200   -0.0019580052
   0.0003638958   -0.0064722297   -0.0016936082
   0.0004773222   -0.0002253099    0.0003158651
   0.0003746929    0.0002670173    0.0003555240
   0.0005678532    0.0061466789   -0.0018162629
   0.0001345279    0.0010005198    0.0007664677
   0.0008562588   -0.0000606133    0.0003367796
   0.0001186479   -0.0010153998    0.0007476977
   0.0008524188    0.0000358033    0.0003329196
   0.0005542332    0.0039478811   -0.0018839629
   0.0003747258   -0.0035806003   -0.0016357482
   0.0004559922    0.0002240099    0.0002989351
   0.0003955629   -0.0002609273    0.0003576940
   0.0000045183   -0.0000173900   -0.0029179954
  -0.0000248892   -0.0000082400   -0.0028057559
  -0.0000072775   -0.0000121400   -0.0028731374
   0.0000162669    0.0000100300   -0.0028081209
   0.0000003849   -0.0000015114   -0.0028262892
  -0.0000060458   -0.0000053761   -0.0028469885
  -0.0000043119   -0.0000172510   -0.0028552133
  -0.0000114669   -0.0000005706   -0.0028050167
  -0.0000276372    0.0000128911   -0.0028472170
  -0.0000148729    0.0000055775   -0.0028689107
   0.0000246728    0.0000146989   -0.0028831970
  -0.0000105429   -0.0000215475   -0.0028711807
  -0.0000000269    0.0000107706   -0.0028153267
   0.0000015349    0.0000192614   -0.0027952792
  -0.0000174558   -0.0000007339   -0.0028923385
   0.0000155181    0.0000044910   -0.0028746833
   0.0002002892   -0.0000167200   -0.0092064570
  -0.0002000122    0.0002028800   -0.0083009742
   0.0000018396    0.0000053800   -0.0085567889
   0.0002373809    0.0004388200   -0.0082608835
   0.0001155354   -0.0003572525   -0.0084027806
  -0.0000457387   -0.0000092703   -0.0086494817
   0.0000714675   -0.0000792275   -0.0085630643
  -0.0002518473   -0.0003097130   -0.0081418603
   0.0000194498   -0.0000086311   -0.0085702728
  -0.0000461971    0.0000722872   -0.0085874465
   0.0000416298    0.0000187811   -0.0085575928
  -0.0000561271   -0.0000115372   -0.0085877065
   0.0004709227    0.0000539830   -0.0083925103
  -0.0002815046   -0.0000006175   -0.0081698306
  -0.0000549887   -0.0000048997   -0.0085305117
  -0.0000371725   -0.0000014425   -0.0086194743
  -0.0024199588   -0.0038305358    0.0208625588
  -0.0002204265   -0.0005321891    0.0101751411
   0.0001692796    0.0007700839    0.0092367223
   0.0403921919   -0.0208922128    0.0543811506
   0.0000177095    0.0000159141    0.0100959657
  -0.0000826357   -0.0000143991    0.0095392481
  -0.0000172833   -0.0004588243    0.0093062010
  -0.0014504236   -0.0010570285    0.0106070530
   0.0005319761   -0.0003859723    0.0095948285
   0.0001575039    0.0006074367    0.0097977041
  -0.0001395503    0.0000253467    0.0094365642
  -0.0000773292   -0.0000829216    0.0094818016
   0.0042645570    0.0248144209    0.0377479792
  -0.0006070066   -0.0005160735    0.0099174810
  -0.0002040081    0.0000438363    0.0094447726
   0.0012525705    0.0015906151    0.0113066752
   0.0427321862    0.0221571080    0.0483225863
   0.0002314078   -0.0008987142   -0.0001886202
  -0.0002659624    0.0004919052    0.0007606889
  -0.0027408180    0.0040957919    0.0124661203
  -0.0000515650    0.0005483257   -0.0001015639
  -0.0001388505   -0.0000131891    0.0001949728
   0.0000314401    0.0000962058    0.0006832513
  -0.0014614273    0.0008486962    0.0015128743
   0.0000794877   -0.0006045567    0.0004004321
   0.0007027104    0.0003807440    0.0001888583
  -0.0000703297    0.0000504981    0.0000903710
  -0.0001553382   -0.0000198740    0.0000614516
   0.0044016630   -0.0261483892    0.0302609888
   0.0010875264   -0.0014965692    0.0020294996
  -0.0001766213   -0.0000420329    0.0000881165
  -0.0003559460    0.0006635865    0.0009871097

17   
 -0.0057454019263357   0.0000000000000000  -0.0081847636926705
  -0.0001275635   -0.0001090307    0.0016077094
   0.0000929686   -0.0000253220    0.0017762195
  -0.0000319551    0.0000185199    0.0014699080
   0.0000438063    0.0000442630    0.0014977746
   0.0000547106    0.0001277819    0.0016838922
  -0.0000462570   -0.0000481121    0.0018168732
   0.0000198272   -0.0000917059    0.0015788475
   0.0000261988    0.0000024720    0.0017555787
  -0.0000049801   -0.0000239336    0.0014475487
  -0.0000756928    0.0000538659    0.0015910094
   0.0000849006    0.0000363714    0.0015584280
  -0.0000236896   -0.0000543839    0.0015251394
   0.0000362317    0.0000170729    0.0014602511
   0.0000332796    0.0000476523    0.0017908895
  -0.0000506216    0.0000080494    0.0015139352
   0.0000033559   -0.0000069605    0.0014327749
   0.0889640698   -0.0002619668    0.1752884357
   0.0020749816   -0.0050199400    0.0025389152
  -0.0018677228   -0.0000176000    0.0001787324
   0.0014330817    0.0050566300    0.0028305059
  -0.0003160632    0.0065690189    0.0025817929
  -0.0004685729    0.0002100973    0.0006253560
  -0.0003683222   -0.0002927599    0.0005804949
  -0.0006007758   -0.0060683497    0.0027794482
  -0.0001384079   -0.0010050398    0.0001731523
  -0.0008500588    0.0000573767    0.0006056904
  -0.0001036779    0.0010264998    0.0001917623
  -0.0008511788   -0.0000353467    0.0006020704
  -0.0006048658   -0.0039870703    0.0027338282
  -0.0003095532    0.0035216611    0.0026404629
  -0.0004507529   -0.0002321073    0.0006369260
  -0.0003941022    0.0002746499    0.0005669349
   0.0000388967   -0.0000372900   -0.0027688788
  -0.0000139366    0.0000013800   -0.0028346053
   0.0000201753    0.0000213400   -0.0028082048
  -0.0000119237    0.0000060400   -0.0028521176
   0.0000429490    0.0000344850   -0.0028583354
   0.0000113060   -0.0000178235   -0.0028234712
   0.0000149790   -0.0000180970   -0.0028222712
  -0.0000257044    0.0000297673   -0.0028667166
   0.0000026770   -0.0000000822   -0.0028062944
   0.0000124131    0.0000083309   -0.0028492010
   0.0000203970    0.0000077022   -0.0027797244
   0.0000146231   -0.0000111809   -0.0027745210
  -0.0000127244   -0.0000209073   -0.0028541566
   0.0000241490    0.0000124450   -0.0028283554
  -0.0000010940   -0.0000139765   -0.0027926812
   0.0000120990   -0.0000064030   -0.0027979212
  -0.0001656343   -0.0000377600   -0.0079525981
   0.0001618818   -0.0002104600   -0.0088946341
   0.0000084205    0.0000047200   -0.0085998476
  -0.0002249593   -0.0004176300   -0.0089140999
  -0.0000708523    0.0003870727   -0.0087507620
   0.0000479593   -0.0000148833   -0.0085181892
  -0.0000599319    0.0000441070   -0.0085956500
   0.0002149731    0.0003319478   -0.0090200048
  -0.0000460050    0.0000206511   -0.0086139415
   0.0000451926   -0.0000568242   -0.0085300080
   0.0000014850    0.0000026889   -0.0086167815
   0.0000596926   -0.0000215558   -0.0086060180
  -0.0004760769   -0.0000601778   -0.0087707548
   0.0003045777    0.0000340673   -0.0090387720
   0.0000342493   -0.0000081367   -0.0086193292
   0.0000667081   -0.0000020770   -0.0085472500
   0.0023915418    0.0038034139   -0.0022326118
   0.0002268218    0.0005641018    0.0085263085
  -0.0001300780   -0.0008009750    0.0094681968
  -0.0419792302    0.0218236836   -0.0373174485
   0.0000158927   -0.0000310425    0.0086310828
   0.0000458034   -0.0000122191    0.0091411545
   0.0000282379    0.0004609266    0.0093560541
   0.0014475792    0.0010823215    0.0080804248
  -0.0005428388    0.0003709965    0.0090718454
  -0.0001433464   -0.0005529677    0.0089056585
   0.0001560613   -0.0000344380    0.0092703241
   0.0000674514    0.0000721829    0.0092263438
  -0.0041447655   -0.0255165051   -0.0196402657
   0.0005658803    0.0004844567    0.0087735108
   0.0002039013   -0.0000433337    0.0092416587
  -0.0012945932   -0.0015585748    0.0073927282
  -0.0411494478   -0.0211789391   -0.0464953190
  -0.0002144100    0.0009411430    0.0003278608
   0.0003174072   -0.0005311925   -0.0006348084
   0.0027148950   -0.0041419138   -0.0123129876
   0.0000865902   -0.0005771726    0.0002342001
   0.0001083128   -0.0000112791   -0.0000455154
  -0.0000141323   -0.0000874530   -0.0005318182
   0.0014771818   -0.0008226925   -0.0013715016
  -0.0000785251    0.0006130958   -0.0002216445
  -0.0006853979   -0.0003481994   -0.0000704623
   0.0000886074   -0.0000624768    0.0000333936
   0.0001508472    0.0000146527    0.0000635302
  -0.0044229147    0.0254227952   -0.0295301428
  -0.0010770826    0.0014515491   -0.0018909918
   0.0001863580    0.0000426355    0.0000530621
   0.0003638322   -0.0006203834   -0.0008569515

33   
  0.0057454019263357   0.0000000000000000   0.0081847636926705
  -0.0051461717   -0.0055091239    0.0155903116
   0.0451898099   -0.0235726035    0.0475761980
  -0.0007035020    0.0000156750    0.0019152734
   0.0006887880    0.0005503582    0.0015362216
   0.0043798354    0.0289091749    0.0314232654
   0.0011584738    0.0015102251    0.0035107920
  -0.0001747814    0.0000440537    0.0014889313
  -0.0003321902   -0.0006453167    0.0024243891
   0.0003295288   -0.0002763865    0.0019627448
  -0.0000414414   -0.0000738230    0.0015142663
  -0.0001191113    0.0000315880    0.0014760560
   0.0005317364   -0.0012238521    0.0014955717
   0.0006313572   -0.0002832577    0.0017712074
  -0.0014561492   -0.0008599118    0.0029647953
  -0.0005671978    0.0012191534    0.0016849962
  -0.0000862834    0.0000034791    0.0015870655
   0.0000281633   -0.0000001300    0.0001728288
   0.0000236437    0.0000059200    0.0002994476
   0.0000243947    0.0000154600    0.0002263348
   0.0000547566   -0.0000081800    0.0002789653
   0.0000343044   -0.0000063627    0.0002956266
   0.0000345610    0.0000119930    0.0002274812
   0.0000218440    0.0000070165    0.0002230612
   0.0000498710   -0.0000084050    0.0002826854
   0.0000379530   -0.0000092178    0.0002194044
   0.0000226669   -0.0000055391    0.0002264810
   0.0000096530   -0.0000046122    0.0002398644
   0.0000457469   -0.0000013409    0.0002524910
   0.0000436310    0.0000107050    0.0002853954
   0.0000271544    0.0000066327    0.0002918466
   0.0000233610    0.0000077270    0.0002548812
   0.0000259440   -0.0000141465    0.0002473912
  -0.0602213214    0.0001353276   -0.0891157143
   0.0048014156   -0.0002573700   -0.0040388005
   0.0002905377   -0.0000714800   -0.0032021067
   0.0061891304   -0.0000332900   -0.0050323514
   0.0005313563    0.0021238704   -0.0043758983
   0.0000416529   -0.0000108773   -0.0030650817
   0.0001199455   -0.0000257380   -0.0029356912
   0.0015258766   -0.0032457141   -0.0047031738
   0.0000147490    0.0001629466   -0.0032545866
   0.0000680585    0.0000466058   -0.0029890513
   0.0001308890   -0.0000895766   -0.0031484966
   0.0000608985    0.0001084142   -0.0030076113
   0.0012775666    0.0031691641   -0.0048644738
   0.0007887063   -0.0017685704   -0.0041983583
   0.0001705729   -0.0000633027   -0.0029655517
  -0.0000099045   -0.0000414220   -0.0030326212
  -0.0014593618    0.0000027400    0.0008156254
   0.0015384891    0.0014083900   -0.0073155284
   0.0000823897    0.0000293800   -0.0087921203
  -0.0006188575    0.0005360400   -0.0087709470
   0.0009426068    0.0005211790   -0.0082619328
   0.0000796685    0.0000403998   -0.0089153431
   0.0002325751   -0.0001201180   -0.0089374861
  -0.0018149000    0.0003662225   -0.0078245173
  -0.0000083602    0.0000561201   -0.0088059032
   0.0000174267    0.0000905297   -0.0089361266
  -0.0000671802   -0.0000834901   -0.0087782232
   0.0000416967   -0.0000236597   -0.0089054666
  -0.0001244800   -0.0004726625   -0.0089945073
  -0.0007426032   -0.0023825290   -0.0071016328
   0.0001304185   -0.0000510898   -0.0089661331
   0.0001785951    0.0000783280   -0.0088602961
   0.0000428904   -0.0000030129    0.0092951117
   0.0000051245   -0.0000159836    0.0092658920
   0.0000390370   -0.0000178136    0.0092667453
   0.0000444718    0.0000079745    0.0093255220
   0.0000039901   -0.0000200714    0.0092719932
   0.0000208814    0.0000009305    0.0092886998
   0.0000556158    0.0000082686    0.0092657506
   0.0000272558    0.0000030896    0.0092906106
   0.0000307107    0.0000295760    0.0092751341
   0.0000439816    0.0000241061    0.0092646780
   0.0000357306    0.0000077716    0.0092847039
   0.0000340992    0.0000004908    0.0092840774
   0.0000500861   -0.0000014806    0.0093134388
   0.0000315229   -0.0000034528    0.0092897269
   0.0000284315   -0.0000040537    0.0092878767
   0.0000236743   -0.0000071590    0.0092939013
   0.0000099344   -0.0000127990   -0.0000863415
   0.0000292253   -0.0000109238   -0.0000826428
   0.0000269719   -0.0000135199   -0.0000678782
   0.0000575886   -0.0000084226   -0.0000746544
   0.0000211200    0.0000059683   -0.0000843778
   0.0000266600    0.0000009301   -0.0000513413
   0.0000459150    0.0000082740   -0.0000697730
   0.0000323684   -0.0000072856   -0.0000772546
   0.0000190384    0.0000070100   -0.0000783154
   0.0000423068    0.0000108018   -0.0000768552
   0.0000313771    0.0000004998   -0.0000700226
   0.0000348176    0.0000042066   -0.0000861744
   0.0000351414    0.0000246616   -0.0000846379
   0.0000226367    0.0000044155   -0.0000836487
   0.0000361985   -0.0000004867   -0.0000816286
   0.0000326030   -0.0000042400   -0.0000744609

33   
 -0.0057454019263357   0.0000000000000000  -0.0081847636926705
   0.0051958587    0.0055011057   -0.0125917386
  -0.0434554016    0.0225664527   -0.0427917401
   0.0007436304    0.0000028461    0.0011232175
  -0.0006981333   -0.0005491408    0.0015209488
  -0.0043528370   -0.0282327207   -0.0278489288
  -0.0011677211   -0.0015296354   -0.0004609955
   0.0002052582   -0.0000300363    0.0015503773
   0.0003359565    0.0006536536    0.0005982691
  -0.0002711562    0.0003039722    0.0010840513
   0.0000735192    0.0000752416    0.0015254283
   0.0001306603   -0.0000461668    0.0015728058
  -0.0005268239    0.0012299231    0.0015577057
  -0.0006212894    0.0002536261    0.0012814942
   0.0014734437    0.0008842088    0.0000650970
   0.0005731333   -0.0012207457    0.0013587687
   0.0001165957   -0.0000016609    0.0014580419
   0.0000044117    0.0000012700    0.0004997654
  -0.0000229469   -0.0000015200    0.0003804209
  -0.0000075925   -0.0000187200    0.0004485574
  -0.0000034808    0.0000028300    0.0004026359
  -0.0000132031   -0.0000027406    0.0003778767
  -0.0000293381   -0.0000082910    0.0004606633
   0.0000032358   -0.0000049961    0.0004685285
   0.0000004451   -0.0000044514    0.0003949192
  -0.0000180228    0.0000034089    0.0004642570
  -0.0000095971    0.0000192175    0.0004663407
   0.0000193272    0.0000159111    0.0004384770
  -0.0000066971   -0.0000056975    0.0004315607
  -0.0000059349    0.0000000914    0.0003930292
  -0.0000128131    0.0000116906    0.0003947567
  -0.0000049981   -0.0000057690    0.0004275333
   0.0000017058    0.0000024761    0.0004257885
   0.0562050978    0.0001323468    0.0957886756
  -0.0047353704    0.0002289400   -0.0018302086
  -0.0002598077    0.0000751500   -0.0026499633
  -0.0061892056    0.0000260300   -0.0008166995
  -0.0005602066   -0.0021439841   -0.0014940962
  -0.0000137355    0.0000178520   -0.0027838488
  -0.0000997829    0.0000403727   -0.0029055083
  -0.0014566063    0.0032066404   -0.0011583817
   0.0000202510   -0.0001661866   -0.0026077434
  -0.0000377785   -0.0000506342   -0.0028367887
  -0.0001185290    0.0000844766   -0.0026996134
  -0.0000337385   -0.0000928358   -0.0028451787
  -0.0012297563   -0.0031308204   -0.0009908617
  -0.0007752066    0.0018022041   -0.0016618862
  -0.0001410655    0.0000607880   -0.0028688688
   0.0000223671    0.0000392773   -0.0028120983
   0.0014731084    0.0000044300   -0.0180618266
  -0.0015231145   -0.0014269100   -0.0100444972
  -0.0000577338   -0.0000262700   -0.0085676872
   0.0006700806   -0.0005570300   -0.0085993915
  -0.0009668171   -0.0005409469   -0.0091151850
  -0.0000427575   -0.0000277629   -0.0084466945
  -0.0002130306    0.0001353636   -0.0084262525
   0.0018557537   -0.0003802448   -0.0095303320
   0.0000408630   -0.0000611778   -0.0085410400
   0.0000130198   -0.0000985096   -0.0084433853
   0.0000757730    0.0000804278   -0.0085871200
  -0.0000125602    0.0000425696   -0.0084531853
   0.0001577537    0.0005115548   -0.0083866420
   0.0007603029    0.0023708069   -0.0102529350
  -0.0000997975    0.0000497129   -0.0084127945
  -0.0001706706   -0.0000839336   -0.0085020125
  -0.0000212261   -0.0000062329    0.0093290106
   0.0000167405   -0.0000023705    0.0093346089
  -0.0000233258    0.0000089839    0.0093192732
  -0.0000026105   -0.0000052903    0.0092840796
   0.0000089799    0.0000287293    0.0093234890
   0.0000050319    0.0000020905    0.0092798027
  -0.0000160195    0.0000015423    0.0093316896
  -0.0000041456   -0.0000116238    0.0093127190
  -0.0000150552   -0.0000212007    0.0093238303
  -0.0000054105   -0.0000214621    0.0093305767
  -0.0000212676   -0.0000125853    0.0093113908
  -0.0000006687    0.0000134726    0.0093242940
  -0.0000268556    0.0000145441    0.0093012871
  -0.0000121305    0.0000166261    0.0093134138
   0.0000119763    0.0000075814    0.0093230685
  -0.0000047662   -0.0000068945    0.0093145112
   0.0000131790    0.0000057604    0.0000215099
  -0.0000062544   -0.0000072058    0.0000436840
  -0.0000120543    0.0000052306    0.0000440442
  -0.0000170805    0.0000120947    0.0000259839
  -0.0000071191    0.0000026626    0.0000518384
   0.0000001915    0.0000025999    0.0000494523
  -0.0000080363    0.0000025080    0.0000349200
  -0.0000085779   -0.0000024313    0.0000362323
  -0.0000028088    0.0000008479    0.0000419835
  -0.0000031962   -0.0000106131    0.0000453850
  -0.0000176469   -0.0000052495    0.0000384425
  -0.0000018780    0.0000095731    0.0000427234
  -0.0000133401   -0.0000142851    0.0000287520
  -0.0000019846    0.0000093633    0.0000431501
   0.0000034708    0.0000046962    0.0000351879
  -0.0000124458   -0.0000087621    0.0000258042

49   
  0.0057454019263357   0.0000000000000000   0.0081847636926705
   0.0434736321    0.0226381701    0.0456604586
  -0.0053635292    0.0055360892    0.0157393171
   0.0005838527   -0.0003724520    0.0018042898
  -0.0006792098    0.0000574576    0.0019863368
   0.0042435600   -0.0283390917    0.0308599423
  -0.0001683728    0.0007505465    0.0024218087
  -0.0001923812    0.0000055750    0.0016312146
   0.0010241098   -0.0014474579    0.0035647692
   0.0004810057    0.0009806696    0.0017746498
  -0.0000949651   -0.0000594000    0.0016219269
  -0.0001007662    0.0000485235    0.0016401028
   0.0001145922    0.0002783343    0.0020154345
  -0.0004442149   -0.0010464678    0.0018687897
  -0.0014777205    0.0007037982    0.0029965939
   0.0004593309    0.0001175182    0.0019223173
  -0.0000922908   -0.0000014809    0.0017109035
   0.0001811143   -0.0000017800   -0.0001839819
   0.0000338693   -0.0001363500    0.0008907099
  -0.0000019605    0.0000026400    0.0004641476
   0.0000032182   -0.0002923200    0.0006029341
  -0.0000875931    0.0001940878    0.0010161048
  -0.0001222681   -0.0000308230    0.0004542500
   0.0000111307   -0.0000392633    0.0004398392
   0.0002703623    0.0000582527    0.0004711020
   0.0000173050   -0.0000153911    0.0004656015
  -0.0000617526    0.0000755958    0.0004453380
   0.0000170850    0.0000104711    0.0004650515
  -0.0000387726    0.0000557742    0.0004162980
  -0.0002638877    0.0000330573    0.0008677220
   0.0001214669    0.0001460122    0.0006234648
   0.0000507719   -0.0000591370    0.0004603100
  -0.0000473193   -0.0000113467    0.0003623192
  -0.0014897784    0.0000030300    0.0065603666
  -0.0006364506   -0.0005312000   -0.0029417285
   0.0000400238   -0.0000383200   -0.0029378928
   0.0014548245   -0.0013895200   -0.0014191228
  -0.0018244337   -0.0003524748   -0.0019711880
   0.0001813606    0.0001112336   -0.0030317775
   0.0000435775   -0.0000233829   -0.0030727055
   0.0008907771   -0.0005128869   -0.0023886350
  -0.0001039130    0.0000800378   -0.0029213500
  -0.0000041998   -0.0000821396   -0.0030471347
  -0.0000483430   -0.0000495078   -0.0029566800
  -0.0000291598   -0.0000081604   -0.0030652747
  -0.0007694729    0.0023143269   -0.0012146650
  -0.0001671437    0.0004459548   -0.0031514280
   0.0001051006   -0.0000789036   -0.0030054775
   0.0001214075    0.0000909929   -0.0031184155
  -0.0565642750    0.0002041522   -0.1078873593
   0.0065205456    0.0001217300   -0.0107260805
   0.0001737577    0.0000606500   -0.0088579667
   0.0051515604    0.0002035000   -0.0097704714
   0.0015570963    0.0032569704   -0.0103772483
   0.0000147529   -0.0000060473   -0.0086859117
   0.0000258655    0.0000085120   -0.0087511112
   0.0006390466   -0.0023043441   -0.0101092038
   0.0000703090    0.0000560666   -0.0088187366
   0.0000325885    0.0000025458   -0.0087245213
  -0.0000460410   -0.0001261866   -0.0088939466
   0.0000368185   -0.0000522358   -0.0087196913
   0.0009194866    0.0020479441   -0.0099005738
   0.0012721863   -0.0033382804   -0.0105908083
  -0.0000266771    0.0000352973   -0.0087216817
   0.0000652655    0.0000200080   -0.0087259112
   0.0021589885    0.0014176375    0.0122689321
  -0.0000181525   -0.0000199323    0.0092717022
  -0.0000463757    0.0000007628    0.0093047446
  -0.0009837189    0.0003997623    0.0097695856
  -0.0000359465    0.0000211200    0.0092916454
   0.0000031640    0.0000001958    0.0092871157
  -0.0000317960    0.0000059701    0.0092850018
   0.0000084223    0.0001013860    0.0091669278
  -0.0000424569   -0.0000093007    0.0093129948
  -0.0000182995   -0.0000093258    0.0092601186
   0.0000127245    0.0000128793    0.0092730916
  -0.0000079582    0.0000090058    0.0092970054
  -0.0003067898   -0.0018098179    0.0110066640
   0.0001544144   -0.0000753834    0.0092467611
  -0.0000003418   -0.0000158544    0.0092905974
  -0.0000356370   -0.0000313694    0.0090860326
  -0.0000620361   -0.0000430882    0.0000865341
  -0.0000104087   -0.0000203742    0.0000565988
  -0.0000431821    0.0000116862    0.0000778750
   0.0000388004   -0.0000148490    0.0000469851
  -0.0000182616    0.0000083563    0.0000609505
   0.0000064711    0.0000006305    0.0000995795
  -0.0000262331    0.0000175878    0.0000733098
  -0.0000499333   -0.0000613754    0.0000148747
  -0.0000150385   -0.0000158325    0.0000649528
   0.0000022411   -0.0000129114    0.0000721358
  -0.0000205798   -0.0000030882    0.0001031033
  -0.0000047607    0.0000044503    0.0000941571
  -0.0000010813    0.0000601281    0.0000716465
  -0.0000734923    0.0000236007    0.0000175981
  -0.0000055792    0.0000055166    0.0000931563
   0.0000169676    0.0000326725    0.0000118485

49   
 -0.0057454019263357   0.0000000000000000  -0.0081847636926705
  -0.0451955503   -0.0236633689   -0.0442639854
   0.0053447522   -0.0055401173   -0.0125250297
  -0.0005316076    0.0003740793    0.0013591596
   0.0006930024   -0.0000455662    0.0011943328
  -0.0042340682    0.0290277756   -0.0282237081
   0.0002064467   -0.0007445896    0.0007710932
   0.0002143745    0.0000086624    0.0015508567
  -0.0009710543    0.0014276084   -0.0004078678
  -0.0004492486   -0.0009747676    0.0013872912
   0.0001264461    0.0000528113    0.0015624313
   0.0001098685   -0.0000581249    0.0015457826
  -0.0001302847   -0.0002627091    0.0011657696
   0.0004781698    0.0010540049    0.0013027542
   0.0014966159   -0.0006815322    0.0001872231
  -0.0004299488   -0.0001548010    0.0012494695
   0.0001131285    0.0000027690    0.0014678990
  -0.0001601792   -0.0000013600    0.0009986670
  -0.0000390309    0.0001431100   -0.0000597565
   0.0000115704    0.0000000400    0.0003589589
   0.0000430922    0.0002898200    0.0002323842
   0.0001029373   -0.0001984630   -0.0001839197
   0.0001150625    0.0000388825    0.0003858943
   0.0000084987    0.0000371997    0.0003797917
  -0.0002306854   -0.0000721725    0.0003538106
   0.0000033702   -0.0000024689    0.0003617428
   0.0000636471   -0.0000624928    0.0003877265
   0.0000065902    0.0000013289    0.0003635328
   0.0000531471   -0.0000684572    0.0004164865
   0.0002993346   -0.0000244475   -0.0000377894
  -0.0001178227   -0.0001341070    0.0002114103
  -0.0000492575    0.0000473875    0.0003691743
   0.0000666487    0.0000028403    0.0004576517
   0.0015155918   -0.0000005100   -0.0123657854
   0.0006259975    0.0005149700   -0.0027443330
  -0.0000293297    0.0000368900   -0.0027744597
  -0.0014235891    0.0013746200   -0.0042739316
   0.0018315300    0.0003381125   -0.0037299327
  -0.0001690951   -0.0001013280   -0.0026673539
  -0.0000338385    0.0000314098   -0.0026274869
  -0.0008310268    0.0004862990   -0.0032901572
   0.0001300302   -0.0000899301   -0.0027833468
   0.0000128533    0.0000783697   -0.0026364334
   0.0000562402    0.0000520001   -0.0027589768
   0.0000485233    0.0000249803   -0.0026376134
   0.0007992832   -0.0023251590   -0.0044891072
   0.0001759200   -0.0004131525   -0.0025210727
  -0.0000763651    0.0000707780   -0.0026901739
  -0.0001164385   -0.0000958798   -0.0025735369
   0.0566432324    0.0002113928    0.0934003892
  -0.0064760604   -0.0001209400   -0.0064949886
  -0.0001663377   -0.0000636900   -0.0083399733
  -0.0051617256   -0.0002274400   -0.0074236195
  -0.0015755166   -0.0032993941   -0.0068261162
  -0.0000060155    0.0000137820   -0.0085276988
  -0.0000050429   -0.0000067173   -0.0084548083
  -0.0005755263    0.0022741204   -0.0070802317
  -0.0000475190   -0.0000677066   -0.0083834634
  -0.0000240585   -0.0000002742   -0.0085021687
   0.0000535310    0.0001287266   -0.0083005634
  -0.0000188885    0.0000645142   -0.0084843687
  -0.0008783863   -0.0020055804   -0.0073011917
  -0.0012797266    0.0033685541   -0.0066260762
   0.0000497445   -0.0000413120   -0.0084934088
  -0.0000602929   -0.0000247827   -0.0084878383
  -0.0020961063   -0.0013859968    0.0065816186
   0.0000352920   -0.0000045006    0.0094700796
   0.0000513481    0.0000011430    0.0094482251
   0.0010139723   -0.0004018308    0.0089716626
   0.0000336294   -0.0000102465    0.0094489835
   0.0000302266   -0.0000002143    0.0094393948
   0.0000488868   -0.0000024830    0.0094780921
   0.0000043852   -0.0001089503    0.0095836941
   0.0000506906    0.0000141502    0.0094388193
   0.0000468969    0.0000043800    0.0094860425
  -0.0000087008   -0.0000133090    0.0094841580
   0.0000286762   -0.0000053267    0.0094564669
   0.0003061781    0.0017951190    0.0077715669
  -0.0001324644    0.0000783154    0.0095014321
   0.0000182786    0.0000179266    0.0094708064
   0.0000525704    0.0000228068    0.0096631066
   0.0000733204    0.0000368123    0.0000146679
   0.0000260736   -0.0000057199    0.0000756921
   0.0000470733   -0.0000082759    0.0000406935
  -0.0000091891    0.0000144632    0.0000631064
   0.0000150116    0.0000024916    0.0000734117
   0.0000272021   -0.0000001495    0.0000486330
   0.0000415894   -0.0000145369    0.0000361805
   0.0000644936    0.0000527111    0.0001039248
   0.0000231440    0.0000198079    0.0000555016
   0.0000262600    0.0000079254    0.0000561289
   0.0000250028    0.0000030345    0.0000142813
   0.0000256412   -0.0000009170    0.0000277543
   0.0000081919   -0.0000502646    0.0000362392
   0.0000940547   -0.0000178673    0.0001029325
   0.0000232870   -0.0000027788    0.0000203589
  -0.0000006395   -0.0000421759    0.0001069240

65   
  0.0057454019263357   0.0000000000000000   0.0081847636926705
   0.0003664243    0.0001693810    0.0023083881
   0.0001354974   -0.0001404162    0.0012780395
  -0.0000981644    0.0001022779    0.0019166373
   0.0001032946   -0.0000306059    0.0016409086
  -0.0000980980    0.0001355550    0.0010360292
   0.0001483333    0.0000073633    0.0015216693
   0.0000722853    0.0000561424    0.0017255933
   0.0000482759    0.0000554092    0.0017921198
   0.0000754812   -0.0002692569    0.0021143799
   0.0001062851   -0.0000010190    0.0017734748
   0.0000667336    0.0000000419    0.0017357566
  -0.0000004029   -0.0000327893    0.0017427658
   0.0000446832    0.0000344378    0.0016618211
   0.0000838054   -0.0000385861    0.0018062178
   0.0000008986   -0.0000368232    0.0017096023
   0.0000995445   -0.0000015875    0.0016189237
  -0.0049626218   -0.0053414239    0.0138795818
   0.0447582102   -0.0233833436    0.0453918985
  -0.0006309420   -0.0000166050    0.0009838932
   0.0006881282    0.0005026082    0.0007374515
   0.0042747655    0.0285586851    0.0294740257
   0.0013697732    0.0015981148    0.0024284718
  -0.0001511913    0.0000282637    0.0006041813
  -0.0005513303   -0.0004821767    0.0011048192
   0.0002968388   -0.0002437465    0.0009906846
  -0.0000156614   -0.0000769629    0.0006347362
  -0.0000646013    0.0000511080    0.0005746459
   0.0005302664   -0.0011460823    0.0007304315
   0.0005961673   -0.0002356275    0.0008659072
  -0.0013915492   -0.0011079415    0.0017636852
  -0.0004877679    0.0011434834    0.0008523759
   0.0000071366    0.0000009491    0.0006948255
   0.0000483861   -0.0000129771   -0.0026502206
   0.0000941105   -0.0000190797   -0.0026825696
   0.0000737758    0.0000179161   -0.0026677232
   0.0000382895   -0.0000162795   -0.0027042989
   0.0000658056    0.0000289959   -0.0026719971
   0.0000780862    0.0000113145   -0.0026781712
   0.0000446937   -0.0000169814   -0.0026910485
   0.0000683105    0.0000028439   -0.0026645538
   0.0000824952    0.0000097207   -0.0026814303
   0.0000460787   -0.0000009226   -0.0026940840
   0.0000830776    0.0000202853   -0.0026769008
   0.0000556805    0.0000177421   -0.0026896167
   0.0000458601   -0.0000163593   -0.0026978790
   0.0000644156   -0.0000033562   -0.0026660990
   0.0000578995   -0.0000140923   -0.0026711596
   0.0000633481    0.0000019995   -0.0026331227
   0.0023693463    0.0014978268   -0.0057639286
  -0.0011008723    0.0004977308   -0.0078911326
   0.0000694719    0.0000304770   -0.0085499651
   0.0000170180    0.0000259506   -0.0085255896
  -0.0002318081   -0.0020035390   -0.0068178469
   0.0000264496   -0.0000358768   -0.0087174966
   0.0000546314    0.0000043034   -0.0085277564
   0.0002634344   -0.0000927954   -0.0085929121
   0.0000834894    0.0000139898   -0.0085475893
   0.0000770538   -0.0000131233   -0.0085383669
   0.0000765308    0.0000108390   -0.0085284380
   0.0000002331    0.0000015300   -0.0085288425
   0.0000493406   -0.0000378535   -0.0085368535
   0.0000942048    0.0001387003   -0.0086600041
   0.0000224332   -0.0000354070   -0.0085408921
   0.0000702534    0.0000015943   -0.0085463148
  -0.0642438662    0.0001189463   -0.1019916702
   0.0052787156   -0.0000676400    0.0083905695
   0.0002346677   -0.0000273600    0.0092442433
   0.0062565904   -0.0000224800    0.0077034986
   0.0007645663    0.0023095004    0.0081892717
   0.0000828629   -0.0000219073    0.0093573683
   0.0001062155    0.0000063320    0.0094858988
   0.0013660366   -0.0031546941    0.0078969362
   0.0000480890    0.0001074966    0.0092328734
   0.0001189185    0.0000139858    0.0094184687
   0.0001073990   -0.0000772166    0.0092586634
   0.0001261085    0.0000966442    0.0094264387
   0.0012895766    0.0031682941    0.0078483762
   0.0008472163   -0.0022195304    0.0082404517
   0.0001793429   -0.0000304327    0.0094263183
   0.0000094155   -0.0000706720    0.0094184388
  -0.0014100345   -0.0000055400    0.0096813811
   0.0015504440    0.0013419100    0.0016286215
   0.0001232922    0.0000294700    0.0000567611
  -0.0005359810    0.0004626200    0.0001957326
   0.0009036383    0.0005494490    0.0006657718
   0.0001008461    0.0000267219   -0.0000561954
   0.0003365729   -0.0001647160   -0.0000385712
  -0.0017122925    0.0003684468    0.0011602572
   0.0000318187    0.0000531063    0.0000304682
   0.0000528979    0.0001374756   -0.0000434853
  -0.0000077713   -0.0000792163    0.0000793382
   0.0000538879    0.0000318944   -0.0000686753
  -0.0001501325   -0.0003966268   -0.0000495028
  -0.0006684117   -0.0023228890    0.0018808218
   0.0002222961   -0.0000963419   -0.0001331354
   0.0001650629    0.0000610160    0.0000051088

65   
 -0.0057454019263357   0.0000000000000000  -0.0081847636926705
  -0.0003387241   -0.0001895054    0.0009425648
  -0.0000843656    0.0001420176    0.0019922515
   0.0001701958   -0.0001013750    0.0013419093
  -0.0000432732    0.0000295085    0.0016334503
   0.0001559644   -0.0001393419    0.0022437270
  -0.0000883641   -0.0000053337    0.0017437962
  -0.0000121527   -0.0000577243    0.0015387447
  -0.0000041010   -0.0000619497    0.0014740249
  -0.0000116278    0.0002910222    0.0011441746
  -0.0000536500    0.0000123736    0.0014923106
  -0.0000171439   -0.0000035780    0.0015299701
   0.0000532358    0.0000316233    0.0015246167
   0.0000140064   -0.0000343324    0.0016210615
  -0.0000445685    0.0000342281    0.0014618855
   0.0000503570    0.0000334232    0.0015574014
  -0.0000263171    0.0000077383    0.0016479468
   0.0050173688    0.0053223258   -0.0130751388
  -0.0429735119    0.0223645928   -0.0427650406
   0.0007105304    0.0000260861   -0.0001429123
  -0.0006562835   -0.0005079309    0.0001219489
  -0.0042195770   -0.0278470409   -0.0280779092
  -0.0013590305   -0.0016030351   -0.0015694552
   0.0002069381   -0.0000359963    0.0002342774
   0.0005988666    0.0004713535   -0.0002814810
  -0.0002156661    0.0002644023   -0.0001512285
   0.0000585092    0.0000847216    0.0002021884
   0.0001183103   -0.0000522367    0.0002647258
  -0.0004835239    0.0011559933    0.0001230159
  -0.0005562195    0.0002156259   -0.0000168757
   0.0014181336    0.0011380085   -0.0009267930
   0.0005417633   -0.0011516257   -0.0000076710
   0.0000514457   -0.0000031509    0.0001477519
   0.0000207796    0.0000139429   -0.0029180117
  -0.0000471918    0.0000166455   -0.0028748120
   0.0000000530   -0.0000224464   -0.0028733153
  -0.0000100845    0.0000111836   -0.0028486820
  -0.0000107261   -0.0000353594   -0.0029009388
  -0.0000192543   -0.0000128110   -0.0028836513
   0.0000044985    0.0000032837   -0.0028845367
  -0.0000137229    0.0000003328   -0.0029038269
  -0.0000211707    0.0000330540   -0.0028480441
  -0.0000021692    0.0000107792   -0.0028767274
  -0.0000155706   -0.0000139516   -0.0028985639
  -0.0000096516   -0.0000127461   -0.0028744280
  -0.0000215201   -0.0000166986   -0.0028278432
  -0.0000125558    0.0000066304   -0.0028837406
  -0.0000019758    0.0000093914   -0.0028875006
   0.0000231486   -0.0000031105   -0.0028649798
  -0.0023463185   -0.0015337175   -0.0114217521
   0.0011505989   -0.0004964523   -0.0092201456
   0.0000023457   -0.0000355528   -0.0085999446
   0.0000108425   -0.0000328577   -0.0086106622
   0.0003006098    0.0020200679   -0.0103119040
   0.0000306270    0.0000338894   -0.0084122526
  -0.0000051782   -0.0000173156   -0.0085872174
  -0.0002109944    0.0000964434   -0.0085253611
  -0.0000225931    0.0000280907   -0.0086111448
  -0.0000329618    0.0000228942   -0.0085795454
  -0.0000109445   -0.0000059693   -0.0085863816
   0.0000467295    0.0000043558   -0.0085962586
  -0.0000253735    0.0000049100   -0.0086238654
  -0.0000439423   -0.0001367060   -0.0084773678
   0.0000334660    0.0000320799   -0.0085898718
   0.0000156460   -0.0000035658   -0.0086428157
   0.0574639545    0.0002343782    0.1119340530
  -0.0051796204    0.0000441900    0.0104699114
  -0.0001739577    0.0000285300    0.0096396567
  -0.0062320756    0.0000254700    0.0112010405
  -0.0007388566   -0.0022958741    0.0106741638
  -0.0000261055    0.0000100420    0.0095075412
  -0.0000459729   -0.0000230373    0.0093930817
  -0.0013005563    0.0031282704    0.0109783783
  -0.0000133590   -0.0001043366    0.0096445766
  -0.0000642885   -0.0000010842    0.0094369513
  -0.0000384590    0.0000732766    0.0096027866
  -0.0000617385   -0.0001222158    0.0094554713
  -0.0012296863   -0.0031408504    0.0110366583
  -0.0008086266    0.0022498941    0.0106162438
  -0.0001317755    0.0000403280    0.0094380512
   0.0000646371    0.0000789873    0.0094558117
   0.0014446208   -0.0000098400   -0.0094404661
  -0.0014975070   -0.0013549500   -0.0015175545
  -0.0000679263   -0.0000283200    0.0000556715
   0.0006160638   -0.0004706500   -0.0001110711
  -0.0008730278   -0.0005359155   -0.0005743580
  -0.0000332652   -0.0000329151    0.0001836678
  -0.0002775884    0.0001505217    0.0001580427
   0.0017458759   -0.0003693188   -0.0010435062
   0.0000003542   -0.0000501842    0.0000890087
   0.0000034086   -0.0001298155    0.0001859334
   0.0000726142    0.0000762542    0.0000545787
   0.0000111186   -0.0000520845    0.0001812834
   0.0001997159    0.0004283188    0.0001369538
   0.0007116622    0.0023031255   -0.0017452180
  -0.0001741952    0.0001073151    0.0002588978
  -0.0000983684   -0.0000571017    0.0001206027

81   
  0.0057454019263357   0.0000000000000000   0.0081847636926705
  -0.0000070687    0.0000068785    0.0016661138
  -0.0000145864   -0.0000192668    0.0015891884
   0.0000072018   -0.0000013118    0.0016676058
  -0.0000046377    0.0000008806    0.0016114199
  -0.0000170914    0.0000020563    0.0015966431
   0.0000256067    0.0000234006    0.0015870131
  -0.0000020644    0.0000137437    0.0016259845
  -0.0000099097    0.0000086413    0.0016051849
  -0.0000070292    0.0000047330    0.0016656053
   0.0000048796   -0.0000144817    0.0016089435
  -0.0000106786   -0.0000063199    0.0016003533
  -0.0000138522   -0.0000048438    0.0016209465
  -0.0000163385    0.0000059523    0.0016126769
   0.0000076394   -0.0000002697    0.0016016888
  -0.0000128174   -0.0000052294    0.0016281315
   0.0000024564    0.0000041868    0.0016081834
   0.0436794478    0.0226537991    0.0451187090
  -0.0053243450    0.0056121538    0.0146626776
   0.0006647128   -0.0004949575    0.0004452084
  -0.0007262400    0.0000039070    0.0008234592
   0.0044221947   -0.0284336952    0.0300466228
  -0.0003384522    0.0006497334    0.0013636515
  -0.0001969380   -0.0000187855    0.0004320179
   0.0011064126   -0.0014821791    0.0023610018
   0.0005183951    0.0011988542    0.0004126545
  -0.0001290272   -0.0000427727    0.0004143698
  -0.0000899274    0.0000629768    0.0004575364
   0.0002519879    0.0002643494    0.0008524423
  -0.0005773802   -0.0011948774    0.0006050099
  -0.0014561418    0.0008482425    0.0018700016
   0.0005489023    0.0002423330    0.0006685982
  -0.0001185028   -0.0000067609    0.0005461454
  -0.0000031990   -0.0000149704   -0.0027835399
  -0.0000163395    0.0000107753   -0.0027646939
   0.0000222443    0.0000074394   -0.0027712242
  -0.0000188756   -0.0000029642   -0.0027663740
   0.0000123001    0.0000087051   -0.0027746520
   0.0000046758   -0.0000019979   -0.0027648142
  -0.0000070708   -0.0000050262   -0.0027610779
  -0.0000232454   -0.0000025333   -0.0027989001
  -0.0000035312    0.0000032721   -0.0027833535
  -0.0000034020    0.0000009069   -0.0027754334
  -0.0000116631    0.0000029295   -0.0027847925
   0.0000065462    0.0000347531   -0.0027664150
  -0.0000059409   -0.0000020026   -0.0027852084
  -0.0000071521    0.0000001213   -0.0027793923
   0.0000247963   -0.0000248280   -0.0027705600
  -0.0000246615    0.0000021201   -0.0027380723
   0.0000276696   -0.0000037923   -0.0086012579
  -0.0000537209    0.0000392868   -0.0085280464
   0.0000295567    0.0000000259   -0.0085902335
  -0.0000498236   -0.0000205901   -0.0085801921
   0.0000243481   -0.0000318154   -0.0085631392
  -0.0000143405    0.0000076459   -0.0085999040
  -0.0000105870    0.0000019088   -0.0085569389
  -0.0000329347   -0.0000170227   -0.0086397625
  -0.0000003840    0.0000237121   -0.0085774516
   0.0000006988   -0.0000036230   -0.0085408443
  -0.0000186828    0.0000006855   -0.0085339113
   0.0000100700    0.0000591746   -0.0085820689
  -0.0000320516   -0.0000222816   -0.0085672517
  -0.0000425436    0.0000046589   -0.0086216648
   0.0000371606   -0.0000256031   -0.0085853805
  -0.0000197421    0.0000020195   -0.0085844430
  -0.0014739108   -0.0000179600    0.0188295661
  -0.0005876438   -0.0005455400    0.0094687411
   0.0000657563   -0.0000156600    0.0093408285
   0.0014567870   -0.0014251800    0.0109533145
  -0.0018042459   -0.0002968888    0.0103803762
   0.0002259384    0.0001189817    0.0092055673
   0.0000109352   -0.0000418451    0.0092341622
   0.0008918178   -0.0004418755    0.0100298580
  -0.0000927242    0.0000819242    0.0093389013
  -0.0000215986   -0.0001024455    0.0091898866
   0.0000005458   -0.0000342342    0.0093280613
  -0.0000184186   -0.0000035445    0.0092402466
  -0.0008013922    0.0023292155    0.0111209580
  -0.0000961559    0.0004129988    0.0092987962
   0.0001414584   -0.0001063117    0.0093098373
   0.0001424552    0.0000919551    0.0091399722
  -0.0555477079    0.0000541590   -0.0991002039
   0.0062085356    0.0000622000   -0.0020478205
   0.0002737377    0.0000806200   -0.0001816467
   0.0047240404    0.0002153600   -0.0010271514
   0.0014952363    0.0032266604   -0.0017019583
   0.0000863329    0.0000130527    0.0000544483
  -0.0000068645   -0.0000056780   -0.0000485612
   0.0005242966   -0.0020896541   -0.0013534838
   0.0000871690    0.0000978966   -0.0001249266
   0.0000229485   -0.0000334842    0.0000336087
   0.0000131990   -0.0001475666   -0.0002248866
   0.0000197285   -0.0001200858   -0.0000003513
   0.0007633966    0.0018094641   -0.0011928338
   0.0012518063   -0.0031799904   -0.0018783483
  -0.0000622871    0.0000333773   -0.0000168317
   0.0001398555    0.0000678880    0.0000470888

81   
 -0.0057454019263357   0.0000000000000000  -0.0081847636926705
  -0.0000245664   -0.0000143027    0.0015499925
  -0.0000031899    0.0000160106    0.0016266946
  -0.0000038687    0.0000013405    0.0015509135
  -0.0000103940    0.0000017587    0.0016137084
  -0.0000023213   -0.0000018722    0.0016234113
  -0.0000305297   -0.0000176784    0.0016294573
  -0.0000035051   -0.0000096934    0.0015951659
  -0.0000231451   -0.0000129801    0.0016088875
  -0.0000014392    0.0000102819    0.0015508085
  -0.0000149883    0.0000128425    0.0016059663
  -0.0000127023   -0.0000021999    0.0016197157
  -0.0000068999    0.0000105074    0.0015954777
  -0.0000050223   -0.0000042031    0.0016056613
  -0.0000290197   -0.0000063538    0.0016143672
  -0.0000012316   -0.0000032822    0.0015895270
  -0.0000087264   -0.0000004960    0.0016208960
  -0.0454351662   -0.0236851080   -0.0460962563
   0.0053034080   -0.0056298919   -0.0138259503
  -0.0006498476    0.0004936848    0.0003293211
   0.0006902222    0.0000061342   -0.0000271598
  -0.0044294330    0.0291436992   -0.0297940588
   0.0003402860   -0.0006433565   -0.0005535997
   0.0001764413    0.0000123029    0.0003602535
  -0.0010905164    0.0014709292   -0.0015810496
  -0.0005201677   -0.0011873233    0.0003656379
   0.0001080982    0.0000375340    0.0003832884
   0.0000849997   -0.0000543681    0.0003397890
  -0.0002905504   -0.0002351140   -0.0000636783
   0.0005629350    0.0011855043    0.0001865039
   0.0014572773   -0.0008279262   -0.0010631043
  -0.0005456501   -0.0002725258    0.0001162787
   0.0001040305   -0.0000014709    0.0002452572
  -0.0000021244   -0.0000004410   -0.0028313185
  -0.0000181386   -0.0000036674   -0.0028414256
  -0.0000078619   -0.0000031001   -0.0028158018
  -0.0000185053   -0.0000009362   -0.0028149672
  -0.0000129614   -0.0000069816   -0.0028439221
  -0.0000174230   -0.0000029900   -0.0028284991
  -0.0000112585   -0.0000062833   -0.0028359914
  -0.0000080367    0.0000022745   -0.0028190613
  -0.0000075384    0.0000021400   -0.0028173146
  -0.0000183676   -0.0000000866   -0.0028336656
  -0.0000034971   -0.0000006098   -0.0028303674
  -0.0000208968   -0.0000014318   -0.0028152648
  -0.0000148000   -0.0000052383   -0.0028169722
  -0.0000090284    0.0000093056   -0.0028202654
  -0.0000130350   -0.0000037340   -0.0028167570
  -0.0000123000    0.0000012099   -0.0028097287
  -0.0000340739   -0.0000122018   -0.0085617441
   0.0000197696   -0.0000324510   -0.0086392751
  -0.0000155579    0.0000032138   -0.0085968750
   0.0000116187    0.0000171742   -0.0086129988
  -0.0000246187    0.0000334419   -0.0085926065
   0.0000013024   -0.0000115925   -0.0085818485
  -0.0000080108   -0.0000118666   -0.0086196963
   0.0000005923    0.0000162693   -0.0085183681
  -0.0000100515   -0.0000186275   -0.0085965728
  -0.0000225593    0.0000041097   -0.0086229271
   0.0000018298    0.0000006782   -0.0086248133
  -0.0000256911   -0.0000258986   -0.0086112958
   0.0000128116    0.0000137737   -0.0086043605
   0.0000242233    0.0000031154   -0.0085530947
  -0.0000260969   -0.0000026578   -0.0086020498
  -0.0000166911    0.0000009395   -0.0086397295
   0.0014589845   -0.0000050000   -0.0001303911
   0.0005476910    0.0005510300    0.0093807474
  -0.0000776422    0.0000352700    0.0094919389
  -0.0014565740    0.0014041100    0.0078871785
   0.0018192825    0.0003015068    0.0084523728
  -0.0002414029   -0.0001420260    0.0096330212
  -0.0000528661    0.0000234719    0.0095846054
  -0.0008853983    0.0004663790    0.0088221082
   0.0000639413   -0.0000847063    0.0094769518
  -0.0000038179    0.0001092956    0.0096022653
   0.0000177513    0.0000510363    0.0095151818
  -0.0000093779   -0.0000248056    0.0096009953
   0.0007900717   -0.0023353690    0.0077004882
   0.0001030025   -0.0003950068    0.0095632728
  -0.0001834529    0.0000959360    0.0095151612
  -0.0001459361   -0.0000847819    0.0096744054
   0.0586585445    0.0003034460    0.0992748577
  -0.0061989004   -0.0000423800    0.0021079914
  -0.0002906777   -0.0000626100    0.0002505067
  -0.0047754956   -0.0002459400    0.0011078205
  -0.0015086266   -0.0032486241    0.0017770438
  -0.0001035955   -0.0000373680    0.0000016512
  -0.0000229529   -0.0000189573    0.0001311317
  -0.0005144163    0.0021146304    0.0014426883
  -0.0001192990   -0.0001025066    0.0002108666
  -0.0000473185    0.0000459158    0.0000723113
   0.0000044510    0.0001655966    0.0002829966
  -0.0000469985    0.0000877642    0.0000611613
  -0.0007694763   -0.0017704904    0.0012777383
  -0.0012615666    0.0031980141    0.0019440438
   0.0000161545   -0.0000410520    0.0000911212
  -0.0001419529   -0.0000610427    0.0000432217
