150  
12   

1    
  0.0063155149003714  -0.0000000000000000   0.0077533393801115
  -0.1302504017   -0.0003200949   -0.1844687433
   0.0034365899    0.0062987700   -0.0012100001
   0.0010383990   -0.0000816400    0.0034997156
   0.0009488283    0.0000123700    0.0034490600
   0.0031200588   -0.0066460800   -0.0011221753
   0.0018998547   -0.0055810552   -0.0013618614
  -0.0004536178   -0.0009169721    0.0029938056
   0.0000598674    0.0004821345    0.0033500782
   0.0009334936    0.0001077500    0.0030073030
   0.0021775971    0.0059304216   -0.0009725740
  -0.0000382036    0.0006918679    0.0034593493
   0.0004583051   -0.0002308086    0.0033207071
  -0.0003749081   -0.0002505825    0.0033806995
  -0.0000250575   -0.0005857848    0.0034895265
   0.0011237529   -0.0006332596    0.0028834844
  -0.0000809175    0.0005259948    0.0034336965
   0.0011285129    0.0007972396    0.0030004744
   0.0000143864   -0.0005673479    0.0035151493
   0.0005902051    0.0003041686    0.0032200771
  -0.0005079881    0.0003296425    0.0032185395
   0.0018147071    0.0072319084   -0.0013176540
   0.0022597947   -0.0071421148   -0.0010159414
  -0.0003051078    0.0008294921    0.0029048656
   0.0000611374   -0.0006357845    0.0032183482
   0.0007838736   -0.0001953800    0.0028601730
   0.0053820850   -0.0013274005    0.0251525621
  -0.0016909381    0.0026550982    0.0058925728
   0.0000487645    0.0017968364    0.0156782633
   0.0022988070    0.0039363339    0.0054078993
   0.0416754175   -0.0196207082    0.0605870960
   0.0019306994   -0.0029549948    0.0058037548
  -0.0038366225   -0.0021931741    0.0113844205
   0.0037263366   -0.0021731583    0.0114067717
  -0.0017822038   -0.0038021845    0.0054995385
  -0.0022673846   -0.0035364379    0.0168239767
   0.0015803610   -0.0008837872    0.0157344303
  -0.0000373003    0.0043660183    0.0113956293
  -0.0015311659   -0.0009128244    0.0156198217
   0.0006041096    0.0010545334    0.0156991096
  -0.0005949707    0.0009928054    0.0156720126
   0.0042299815   -0.0002525560    0.0055666685
  -0.0034773859    0.0004163086    0.0057458855
   0.0010690217    0.0000416242    0.0157327746
  -0.0000467806    0.0000001079    0.0205320920
  -0.0013029273   -0.0000267540    0.0156368676
   0.0076883033    0.0210784854    0.0430193039
  -0.0026889112    0.0002352159    0.0164756464
   0.0004739157   -0.0009260951    0.0157212915
  -0.0006987952   -0.0011348052    0.0156493015
   0.0034379493    0.0032879355    0.0171642053
   0.0479007886    0.0232551634    0.0455021290
  -0.0016314633    0.0042062921   -0.0031645484
   0.0000262945    0.0029946769   -0.0023642543
   0.0021862905    0.0052539029   -0.0027432555
   0.0008557000    0.0039152535    0.0080989393
   0.0032300697   -0.0036559767   -0.0030173335
  -0.0005673160   -0.0003230996   -0.0046342428
   0.0004558246   -0.0002678556   -0.0046743840
  -0.0030542392   -0.0043853265   -0.0028924708
  -0.0022421512   -0.0012846249   -0.0012350056
   0.0026010488   -0.0014860330   -0.0024213420
  -0.0000075520    0.0005904113   -0.0046541465
  -0.0025849665   -0.0015083391   -0.0023057222
  -0.0010066055   -0.0007812553    0.0013030916
   0.0010278791   -0.0008726616    0.0013389031
   0.0053721601   -0.0009919180   -0.0028114272
  -0.0047327312   -0.0004294786   -0.0031076674
  -0.0013334847   -0.0004513182    0.0012477747
  -0.0000433871    0.0000002079    0.0149258215
   0.0011166126   -0.0004839307    0.0013957298
   0.0076309029   -0.0270250100    0.0266387194
  -0.0006898914   -0.0009035494   -0.0009574786
  -0.0003102006    0.0014135802    0.0012644951
   0.0001052096    0.0011764041    0.0013784086
   0.0015365664    0.0021756490   -0.0015057797
   0.0062712020    0.0035996290   -0.0072258808
   0.0042647797    0.0077635551   -0.0065341928
  -0.0042351969    0.0077741614   -0.0065387023
  -0.0061485914    0.0035705264   -0.0075325567
   0.0000470600   -0.0024302688   -0.0058552619
   0.0088621920   -0.0001902521   -0.0065486038
  -0.0000032978   -0.0000002894   -0.0083377989
  -0.0088436165   -0.0002178570   -0.0065245953
  -0.0101032577   -0.0006814408   -0.0081837411
   0.0100645393   -0.0006597009   -0.0081176880
   0.0046077023   -0.0075698141   -0.0065521405
  -0.0045984453   -0.0075599253   -0.0065221425
  -0.0067153887   -0.0038746966   -0.0080845945
  -0.0000066056    0.0013871000   -0.0061402165
   0.0067157686   -0.0038795888   -0.0080788933
   0.0000363173   -0.0071701190   -0.0073798664
  -0.0056439089   -0.0084013858   -0.0081915739
   0.0011968087   -0.0006950793   -0.0061399432
  -0.0012054454   -0.0006922040   -0.0061404166
   0.0056012713   -0.0083940069   -0.0081092614
  -0.0021365345    0.0012605652   -0.0059630757
   0.0044531064    0.0090661584   -0.0081608358
  -0.0000039800    0.0077543742   -0.0080828372
  -0.0044687992    0.0090700374   -0.0081412764
   0.0020728418    0.0011691396   -0.0057492084
   0.0049810480    0.0028783977   -0.0077055697
   0.0025510454    0.0054991469   -0.0132558349
  -0.0025524041    0.0054977901   -0.0132628522
  -0.0049761071    0.0028706332   -0.0076969748
  -0.0000066735   -0.0031190395   -0.0089178744
   0.0060346053   -0.0005401785   -0.0132594131
  -0.0000008528   -0.0000002599   -0.0118607965
  -0.0060409356   -0.0005386159   -0.0132590244
  -0.0082708446   -0.0001718362   -0.0059539828
   0.0082745977   -0.0001617528   -0.0059388773
   0.0034837891   -0.0049560208   -0.0132613719
  -0.0034877625   -0.0049618214   -0.0132556759
  -0.0045506277   -0.0026254995   -0.0076519449
  -0.0000014782    0.0027244612   -0.0078331026
   0.0045456792   -0.0026260215   -0.0076692520
  -0.0000041436   -0.0057490806   -0.0077008780
  -0.0042835248   -0.0070785954   -0.0059517961
   0.0023596240   -0.0013635353   -0.0078255337
  -0.0023589587   -0.0013613061   -0.0078408611
   0.0042778827   -0.0070838411   -0.0059422534
  -0.0026967290    0.0015530653   -0.0089364537
   0.0039937804    0.0072479570   -0.0059421579
  -0.0000031474    0.0052518009   -0.0076595382
  -0.0039903549    0.0072472579   -0.0059505408
   0.0027056426    0.0015659342   -0.0088990942
  -0.0006356014   -0.0003187612    0.0028895124
   0.0003576485   -0.0007996615    0.0027520782
   0.0000130910    0.0002296576    0.0028512175
  -0.0003408376   -0.0007944211    0.0028008906
   0.0006831306   -0.0004436046    0.0026145089
  -0.0005166138    0.0006890673    0.0027282986
   0.0006278594    0.0003546014    0.0033935275
  -0.0006199356    0.0003643745    0.0033975436
   0.0005139005    0.0007131746    0.0028245134
   0.0000004205   -0.0004457714    0.0026628691
   0.0001942900   -0.0001055948    0.0028709910
   0.0000121589   -0.0007206844    0.0033964596
  -0.0002010042   -0.0001227923    0.0028303216
   0.0003717988    0.0005929934    0.0021677339
  -0.0003591235    0.0005759010    0.0022201146
  -0.0008479316    0.0001087690    0.0027509678
   0.0008830327    0.0000838059    0.0028008701
   0.0006840321    0.0000280430    0.0021670607
   0.0000001439   -0.0000005204    0.0011235057
  -0.0006926438    0.0000216194    0.0022197498
  -0.0000831200    0.0007610673    0.0027512854
  -0.0003535051    0.0002036428    0.0026304767
   0.0003132737   -0.0005983743    0.0021924720
  -0.0003304317   -0.0006192255    0.0021938804
   0.0004173794    0.0002425642    0.0026931663

1    
 -0.0063155149003714   0.0000000000000000  -0.0077533393801115
   0.1310657055   -0.0003116945    0.1895221444
  -0.0033173688   -0.0062847200    0.0066138453
  -0.0009068683    0.0000912100    0.0027421000
  -0.0010930590    0.0000002400    0.0027693644
  -0.0032512199    0.0066633300    0.0063921901
  -0.0019643271    0.0055854116    0.0066425340
  -0.0008962236    0.0001299600    0.0027090670
  -0.0000694474    0.0004853745    0.0033507018
   0.0004079978   -0.0008919521    0.0026922444
  -0.0021253547   -0.0059281352    0.0063637214
   0.0001140875   -0.0005869648    0.0027768635
   0.0003733881   -0.0002550425    0.0033797905
  -0.0004674151   -0.0002308486    0.0033213129
  -0.0000558964    0.0006949879    0.0027346407
  -0.0011339129   -0.0006536896    0.0025833356
   0.0000260936   -0.0006464879    0.0027919007
  -0.0011308929    0.0007524596    0.0027013956
   0.0000324375    0.0004448048    0.0027204835
   0.0004292781    0.0002846925    0.0032188105
  -0.0005266951    0.0002638186    0.0032183529
  -0.0018556047   -0.0071627548    0.0065322814
  -0.0022324471    0.0072161684    0.0064747140
  -0.0008072736   -0.0001833800    0.0025741370
  -0.0000707774   -0.0005524545    0.0032175818
   0.0003203078    0.0008377921    0.0025915544
   0.0014448225    0.0052627990   -0.0028506981
  -0.0015615505    0.0036739267    0.0045361770
  -0.0000551810    0.0017780470    0.0156713230
   0.0009124350    0.0024135575    0.0050125706
  -0.0503334650    0.0246408509   -0.0400427217
   0.0019254744   -0.0030171534    0.0046413059
  -0.0037559905   -0.0021862831    0.0113478833
   0.0038584380   -0.0022084909    0.0113251903
  -0.0021077166   -0.0021750329    0.0049114324
   0.0022405219   -0.0010640217    0.0138197850
   0.0015110573   -0.0009032275    0.0156127810
   0.0000312017    0.0043950400    0.0113366150
  -0.0015682383   -0.0008748747    0.0157308306
   0.0004320098    0.0012139882    0.0157350526
  -0.0004553444    0.0012774001    0.0157632950
   0.0028678164   -0.0001280963    0.0048829628
  -0.0036471689   -0.0007700265    0.0046782058
   0.0014108040   -0.0002687183    0.0156980480
   0.0000435977    0.0000007379    0.0205742680
  -0.0011891426   -0.0002071443    0.0158011198
  -0.0076594054   -0.0297603130   -0.0212877051
  -0.0013354665    0.0020565424    0.0141588206
   0.0009603725   -0.0011135597    0.0157157596
  -0.0007534124   -0.0009019776    0.0157848889
   0.0005069147   -0.0010051062    0.0134752968
  -0.0434233819   -0.0206418608   -0.0551368847
  -0.0028300599    0.0053336991   -0.0037290023
  -0.0000324681    0.0030054466   -0.0024029520
   0.0023012682    0.0042632121   -0.0041572240
  -0.0035255975   -0.0023893751   -0.0195069339
   0.0027893501   -0.0049896712   -0.0038673078
  -0.0004511586   -0.0002619596   -0.0047401992
   0.0005491783   -0.0003147815   -0.0046995798
  -0.0029552445   -0.0042568917   -0.0040228896
   0.0022600741   -0.0038716536   -0.0040714152
   0.0025886854   -0.0015121962   -0.0023465003
   0.0000023706    0.0005766770   -0.0047201177
  -0.0026159518   -0.0014931856   -0.0024597091
  -0.0008374494   -0.0010530992    0.0013863008
   0.0008051414   -0.0009603068    0.0013523148
   0.0051201648    0.0001144403   -0.0040849339
  -0.0057618469   -0.0004673332   -0.0038133441
  -0.0011786255   -0.0002248000    0.0014435078
   0.0000379400    0.0000006879    0.0149060385
   0.0013873016   -0.0001897035    0.0012951877
  -0.0076640611    0.0231624227   -0.0374718392
  -0.0037476610    0.0034606781   -0.0043466411
  -0.0003620219    0.0010958870    0.0014222144
   0.0005604721    0.0013315111    0.0013144903
   0.0029569710    0.0003981592   -0.0037901074
   0.0057853825    0.0033640328   -0.0083867199
   0.0042034497    0.0077424753   -0.0064558598
  -0.0042429564    0.0077319778   -0.0064461297
  -0.0059204558    0.0033927216   -0.0080780881
  -0.0000515253   -0.0017692168   -0.0050906750
   0.0087968817   -0.0002245090   -0.0064384851
  -0.0000016398   -0.0000010594   -0.0083498006
  -0.0088267305   -0.0001982665   -0.0064636283
  -0.0100345596   -0.0007180514   -0.0081763489
   0.0100621198   -0.0007383262   -0.0082388821
   0.0045782561   -0.0075221349   -0.0064397220
  -0.0045981358   -0.0075297750   -0.0064664753
  -0.0067050492   -0.0038687089   -0.0081071149
   0.0000026250    0.0014269612   -0.0061421840
   0.0066921925   -0.0038654368   -0.0081104169
  -0.0000396829   -0.0067570584   -0.0082347912
  -0.0056386907   -0.0083349395   -0.0081606375
   0.0012335327   -0.0007122492   -0.0061412104
  -0.0012357414   -0.0007150952   -0.0061410144
   0.0056695073   -0.0083399245   -0.0082503399
  -0.0015076356    0.0008398798   -0.0049892435
   0.0043957570    0.0090667067   -0.0081973677
  -0.0000012597    0.0077347746   -0.0081101392
  -0.0043894525    0.0090644965   -0.0082154369
   0.0015548571    0.0009281328   -0.0051910557
   0.0049538272    0.0028610972   -0.0077455438
   0.0025562772    0.0055016140   -0.0132306121
  -0.0025643454    0.0055025799   -0.0132278381
  -0.0049700359    0.0028673476   -0.0077586646
   0.0000004682   -0.0031276341   -0.0088403461
   0.0060423560   -0.0005325297   -0.0132292647
  -0.0000043368   -0.0000010299   -0.0118201633
  -0.0060479945   -0.0005349542   -0.0132284359
  -0.0083196270   -0.0001730521   -0.0059174860
   0.0083055823   -0.0001813331   -0.0059367579
   0.0034802106   -0.0049718895   -0.0132222878
  -0.0034868076   -0.0049650900   -0.0132311731
  -0.0045585220   -0.0026286212   -0.0076203845
  -0.0000027618    0.0027254893   -0.0078060871
   0.0045510209   -0.0026299478   -0.0076057478
   0.0000002412   -0.0057287745   -0.0077502749
  -0.0043119330   -0.0071127191   -0.0059278468
   0.0023533173   -0.0013619657   -0.0078155848
  -0.0023652510   -0.0013642039   -0.0077993791
   0.0043058159   -0.0071070896   -0.0059312666
  -0.0027178193    0.0015689702   -0.0088230662
   0.0039950251    0.0072854816   -0.0059317624
  -0.0000019912    0.0052594490   -0.0076112009
  -0.0040092358    0.0072882120   -0.0059256102
   0.0026974495    0.0015579538   -0.0088598952
  -0.0009980943   -0.0006204048    0.0026912975
   0.0003951749   -0.0010132176    0.0026520787
  -0.0000163246    0.0002688031    0.0027612657
  -0.0004223018   -0.0010184294    0.0026040117
   0.0009390741   -0.0005004211    0.0029605476
  -0.0006801800    0.0008760846    0.0026748308
   0.0005946672    0.0003533533    0.0032896481
  -0.0006112927    0.0003413352    0.0032837956
   0.0006696339    0.0008485065    0.0025807729
  -0.0000041097   -0.0005414506    0.0030048410
   0.0002290913   -0.0001442919    0.0027418503
  -0.0000182191   -0.0006971070    0.0032867310
  -0.0002350053   -0.0001236107    0.0027809289
   0.0003384699    0.0005593973    0.0021633762
  -0.0003596269    0.0005769355    0.0021131786
  -0.0011074073    0.0001415831    0.0026510253
   0.0010640772    0.0001664569    0.0026054644
   0.0006634549    0.0000165874    0.0021644182
  -0.0000041521   -0.0000004504    0.0011637951
  -0.0006689057    0.0000218119    0.0021117684
   0.0000762088    0.0011187174    0.0028252774
  -0.0005055156    0.0002888130    0.0030338484
   0.0003194105   -0.0005989507    0.0021390305
  -0.0003129152   -0.0005749544    0.0021376181
   0.0004314852    0.0002530732    0.0029770282

26   
  0.0063155149003714  -0.0000000000000000   0.0077533393801115
   0.0017694475   -0.0034300690    0.0158204081
   0.0471692150   -0.0228413809    0.0538070117
   0.0001212450   -0.0002458375    0.0039339494
   0.0000044710    0.0000905730    0.0031896270
   0.0006881805    0.0003005433    0.0028750130
   0.0076574854    0.0259872230    0.0351401751
   0.0001428053    0.0013853662    0.0053093232
  -0.0001358776    0.0004005476    0.0034990311
   0.0006254375   -0.0003957103    0.0027792804
   0.0000372265   -0.0013388824    0.0033549194
   0.0003316536    0.0003928863    0.0038687972
   0.0002559526   -0.0003552857    0.0034352102
  -0.0004460077   -0.0002385579    0.0033999620
  -0.0000726840    0.0001421983    0.0031070420
   0.0005121189   -0.0014971435    0.0030072642
   0.0000891827   -0.0000827225    0.0031964290
   0.0000077244    0.0008798899    0.0028249250
   0.0000700102   -0.0000319282    0.0032161974
   0.0004850783    0.0002438947    0.0032871794
  -0.0005286517    0.0003144600    0.0033200350
   0.0002891156   -0.0001933366    0.0031131941
  -0.0022693919   -0.0004015083    0.0042350750
  -0.0006263034    0.0010546829    0.0033108076
  -0.0000231580   -0.0005854191    0.0033090697
   0.0005045505    0.0003029831    0.0028445467
  -0.0656325859    0.0018369836   -0.0997864890
   0.0025913641    0.0031121000    0.0034848927
   0.0000365572    0.0017410700    0.0155975454
   0.0016727490    0.0030846700    0.0051233585
   0.0021444179    0.0022298200    0.0082934916
   0.0024059673   -0.0011188109    0.0032574172
  -0.0038569598   -0.0022181620    0.0113782116
   0.0038726220   -0.0021852075    0.0113960823
  -0.0020081067   -0.0029446415    0.0054033136
   0.0010512006   -0.0055054552    0.0126570567
   0.0015163169   -0.0008791881    0.0155443537
   0.0000516993    0.0044010671    0.0113889916
  -0.0015017324   -0.0009085322    0.0157123930
   0.0006218612    0.0011702467    0.0156738403
  -0.0005322740    0.0012549156    0.0158171778
   0.0035331212   -0.0001152967    0.0050804503
  -0.0035622040   -0.0001918056    0.0053190978
   0.0013295569   -0.0000959519    0.0156834937
   0.0000590393   -0.0000072771    0.0205798316
  -0.0012045124   -0.0000898978    0.0157475730
   0.0012075106   -0.0011504948    0.0086435067
  -0.0016740127   -0.0005057191    0.0132348872
   0.0007596702   -0.0010447580    0.0158123816
  -0.0006442380   -0.0010281425    0.0157478723
   0.0018236033    0.0010616015    0.0154285436
  -0.0004682603    0.0007911900    0.0049444809
  -0.0003723743    0.0063089500   -0.0020308075
   0.0000523212    0.0030755500   -0.0023071135
   0.0022732346    0.0046457900   -0.0033926402
  -0.0019420271    0.0011991000   -0.0062405163
   0.0038806142   -0.0036017755   -0.0031800499
  -0.0004062793   -0.0002307807   -0.0047587271
   0.0005318280   -0.0002916269   -0.0046097318
  -0.0028651127   -0.0043982194   -0.0036205503
  -0.0020361572   -0.0021517799   -0.0020224145
   0.0025555480   -0.0015336308   -0.0022954372
   0.0000256813    0.0005887731   -0.0045997075
  -0.0025695219   -0.0014946629   -0.0023163683
  -0.0009241126   -0.0008447503    0.0013938595
   0.0009463446   -0.0008737811    0.0012342382
   0.0051933074   -0.0003039297   -0.0033734505
  -0.0052453254   -0.0004198789   -0.0035743918
  -0.0012579720   -0.0004637692    0.0014019928
   0.0000452813    0.0000125569    0.0149935725
   0.0012764481   -0.0003306171    0.0014217717
  -0.0003451772   -0.0018563501   -0.0064169745
  -0.0030590258   -0.0015349345   -0.0010503299
  -0.0001920793    0.0011904807    0.0012246629
   0.0003636580    0.0012443869    0.0014207782
   0.0023023373    0.0013162494   -0.0027553503
   0.0060808527    0.0034954050   -0.0077061189
   0.0042392091    0.0077533767   -0.0064366388
  -0.0042225607    0.0077486085   -0.0064116178
  -0.0060015554    0.0034879984   -0.0077417125
   0.0000100809   -0.0020842668   -0.0053536250
   0.0088425028   -0.0002276552   -0.0064386361
   0.0000074054   -0.0000058671   -0.0082668758
  -0.0088051459   -0.0002063535   -0.0064117077
  -0.0100419228   -0.0006987681   -0.0081144987
   0.0100750136   -0.0006929185   -0.0080910432
   0.0046087748   -0.0075424525   -0.0064099206
  -0.0045719550   -0.0075327187   -0.0064143522
  -0.0066841724   -0.0038636156   -0.0080149355
   0.0000260615    0.0014066205   -0.0060690023
   0.0067242418   -0.0038726774   -0.0080265249
   0.0000351744   -0.0069451476   -0.0077473990
  -0.0056168297   -0.0083574721   -0.0081166378
   0.0012378436   -0.0006948011   -0.0060657097
  -0.0011956625   -0.0006997002   -0.0060658566
   0.0056592162   -0.0083623975   -0.0081148766
  -0.0017883902    0.0010295528   -0.0053617505
   0.0044482432    0.0090630701   -0.0080960839
   0.0000168412    0.0077449562   -0.0080209655
  -0.0044049975    0.0090672179   -0.0081104798
   0.0018342165    0.0010551760   -0.0053775645
   0.0049828568    0.0028683980   -0.0076497364
   0.0025740684    0.0055031907   -0.0131780719
  -0.0025363121    0.0055011820   -0.0131741308
  -0.0049498206    0.0028713249   -0.0076612271
   0.0000243474   -0.0031242463   -0.0087988503
   0.0060602518   -0.0005351216   -0.0131803027
   0.0000185319    0.0000022530   -0.0117714173
  -0.0060207673   -0.0005330719   -0.0131744831
  -0.0082720111   -0.0001696277   -0.0058675864
   0.0083119346   -0.0001666049   -0.0058675857
   0.0035043066   -0.0049611604   -0.0131723294
  -0.0034641879   -0.0049614110   -0.0131745753
  -0.0045311969   -0.0026237816   -0.0075675122
   0.0000198610    0.0027262967   -0.0077501425
   0.0045696271   -0.0026269132   -0.0075688074
   0.0000197300   -0.0057333229   -0.0076626853
  -0.0042748540   -0.0070926933   -0.0058689038
   0.0023792179   -0.0013587732   -0.0077515292
  -0.0023389659   -0.0013588800   -0.0077516826
   0.0043170420   -0.0070936390   -0.0058662506
  -0.0026878789    0.0015707383   -0.0088013034
   0.0040205824    0.0072682535   -0.0058696663
   0.0000195257    0.0052559822   -0.0075696967
  -0.0039786264    0.0072725463   -0.0058682431
   0.0027262271    0.0015644614   -0.0088067550
  -0.0007983608   -0.0004691000    0.0028211113
   0.0003970805   -0.0008989100    0.0028052501
   0.0000217308    0.0002640700    0.0028712999
  -0.0003625882   -0.0009090600    0.0027608268
   0.0008557253   -0.0004746200    0.0028813820
  -0.0005765746    0.0007758986    0.0028064997
   0.0006448683    0.0003579024    0.0034184406
  -0.0005954931    0.0003567400    0.0033963438
   0.0006128620    0.0007905757    0.0027597333
   0.0000296181   -0.0005000814    0.0029294307
   0.0002378404   -0.0001202955    0.0028641937
   0.0000179712   -0.0007064678    0.0033955819
  -0.0001992780   -0.0001207020    0.0028621053
   0.0003703561    0.0005754415    0.0022316722
  -0.0003308098    0.0005768577    0.0022436814
  -0.0009640539    0.0001281285    0.0027563822
   0.0010047202    0.0001195523    0.0027698814
   0.0006829704    0.0000159355    0.0022356237
   0.0000239012    0.0000025278    0.0012199319
  -0.0006572980    0.0000254420    0.0022266353
   0.0000280881    0.0009610514    0.0028861507
  -0.0004103346    0.0002527814    0.0029337397
   0.0003326383   -0.0005874624    0.0022417306
  -0.0002973231   -0.0005946500    0.0022331838
   0.0004431720    0.0002447443    0.0029126633

26   
 -0.0063155149003714   0.0000000000000000  -0.0077533393801115
  -0.0016015650    0.0034866605   -0.0126565621
  -0.0453755875    0.0217471282   -0.0464195060
   0.0001017730    0.0002768361    0.0024087207
  -0.0000768845   -0.0000620064    0.0031511667
  -0.0005096419   -0.0003328682    0.0025828972
  -0.0076728733   -0.0254699654   -0.0291998539
  -0.0014684893   -0.0021483355    0.0005286847
   0.0001912852    0.0005764652    0.0033099585
   0.0007753243   -0.0003626649    0.0030306785
   0.0001154512    0.0012445841    0.0020624936
  -0.0001770215   -0.0002420140    0.0024737615
   0.0006290773   -0.0001079660    0.0033730824
  -0.0003339494   -0.0002260779    0.0034108480
   0.0000533283   -0.0000165942    0.0032312454
  -0.0004662841    0.0002503114    0.0025841845
  -0.0000849810   -0.0000177028    0.0031443397
   0.0000492507    0.0006944346    0.0029833174
   0.0000408004   -0.0000664534    0.0031206904
   0.0005972559    0.0003668744    0.0032616983
  -0.0004386297    0.0002971317    0.0032270607
  -0.0002091994    0.0003457548    0.0023344952
   0.0022630046    0.0005861779    0.0011989233
  -0.0004183962   -0.0004096255    0.0022711815
   0.0000805934   -0.0005801617    0.0032369683
   0.0006593425    0.0003539241    0.0027321095
   0.0620379471   -0.0000662270    0.1050147604
  -0.0056872679    0.0032317200    0.0070192984
   0.0000229810    0.0018527200    0.0158594615
   0.0016153028    0.0032724500    0.0054222446
  -0.0090281341    0.0017751600    0.0141849773
   0.0015002994   -0.0048147952    0.0072539333
  -0.0036753233   -0.0021469415    0.0114574664
   0.0037759180   -0.0021778675    0.0114488477
  -0.0018104002   -0.0030012120    0.0051426184
  -0.0009892573    0.0009029491    0.0180853428
   0.0016350788   -0.0008903633    0.0159123397
   0.0000078824    0.0043828878    0.0114577070
  -0.0015371893   -0.0008609029    0.0157457084
   0.0004810331    0.0011127419    0.0158677163
  -0.0004520960    0.0010266256    0.0157255322
   0.0036282631   -0.0002435519    0.0054659663
  -0.0034833960   -0.0001674356    0.0052278022
   0.0012138688   -0.0001196767    0.0158585497
  -0.0000021076    0.0000256822    0.0206348370
  -0.0012225593   -0.0001224471    0.0157963784
  -0.0011433473   -0.0067784491    0.0138191528
  -0.0022669506    0.0028199852    0.0174866433
   0.0007400467   -0.0009742885    0.0157297764
  -0.0007407520   -0.0009919825    0.0157982677
   0.0022212498    0.0012589720    0.0153297484
   0.0032298924    0.0008044900   -0.0161527711
  -0.0040303933    0.0032258000   -0.0047485315
   0.0000085370    0.0029438500   -0.0023518918
   0.0022529174    0.0049003000   -0.0034070885
  -0.0007144142    0.0003817000   -0.0051318341
   0.0021581365   -0.0050110642   -0.0036305395
  -0.0005395233   -0.0003312805   -0.0045056431
   0.0005402491   -0.0002748404   -0.0046613464
  -0.0030959802   -0.0042172540   -0.0031734116
   0.0020834278   -0.0029868421   -0.0031795306
   0.0026959392   -0.0014459896   -0.0023634779
   0.0000339218    0.0006011518   -0.0046719726
  -0.0025690972   -0.0014870981   -0.0023442623
  -0.0008568930   -0.0009713897    0.0014014937
   0.0009529591   -0.0009435952    0.0015617597
   0.0053496370   -0.0005748703   -0.0034255063
  -0.0051837709   -0.0004612648   -0.0032237503
  -0.0011935008   -0.0001980404    0.0013951121
   0.0000115818    0.0000051082    0.0149431874
   0.0012908028   -0.0003258419    0.0013743777
   0.0003999978   -0.0012601979   -0.0049546906
  -0.0013604035    0.0040875742   -0.0041225095
  -0.0004195433    0.0013385805    0.0015708469
   0.0003644391    0.0012835004    0.0013732736
   0.0022177998    0.0012777040   -0.0024484216
   0.0060396944    0.0034860352   -0.0077897116
   0.0042907330    0.0077709188   -0.0064392522
  -0.0041909461    0.0077727619   -0.0064625006
  -0.0060087743    0.0034964813   -0.0077542612
   0.0000509282   -0.0020968929   -0.0054751140
   0.0088805856   -0.0001687086   -0.0064367738
   0.0000481378    0.0000236094   -0.0083096015
  -0.0087995832   -0.0001898767   -0.0064634827
  -0.0100339300   -0.0006816813   -0.0081316531
   0.0101143165   -0.0006840105   -0.0081545238
   0.0046397465   -0.0075293257   -0.0064652381
  -0.0045599651   -0.0075406420   -0.0064615975
  -0.0066732973   -0.0038627658   -0.0080613542
   0.0000335679    0.0014211999   -0.0061016677
   0.0067451981   -0.0038554494   -0.0080485936
   0.0000214311   -0.0069668665   -0.0077505593
  -0.0056016503   -0.0083614217   -0.0081285196
   0.0012534298   -0.0006909436   -0.0061045260
  -0.0011807266   -0.0006867002   -0.0061042530
   0.0056760741   -0.0083559419   -0.0081305744
  -0.0017915689    0.0010894987   -0.0054640362
   0.0044668146    0.0090878057   -0.0081485922
   0.0000409458    0.0077600213   -0.0080542784
  -0.0043937810    0.0090859422   -0.0081313109
   0.0018594052    0.0010599325   -0.0054512975
   0.0050129038    0.0028861026   -0.0076955405
   0.0025953026    0.0055167296   -0.0132011162
  -0.0025160478    0.0055149980   -0.0132064491
  -0.0049355201    0.0028866153   -0.0076866541
   0.0000369315   -0.0031067132   -0.0088492401
   0.0060815887   -0.0005193176   -0.0131991060
   0.0000367184    0.0000153172   -0.0117989722
  -0.0060018429   -0.0005209480   -0.0132049971
  -0.0082571594   -0.0001558017   -0.0058968843
   0.0083312052   -0.0001555339   -0.0058978037
   0.0035228734   -0.0049473495   -0.0132058705
  -0.0034462521   -0.0049486092   -0.0132035847
  -0.0045148832   -0.0026132185   -0.0075987378
   0.0000396990    0.0027373736   -0.0077802576
   0.0045886229   -0.0026123564   -0.0075992924
   0.0000372597   -0.0057254678   -0.0076827450
  -0.0042565959   -0.0070826177   -0.0058971354
   0.0023942824   -0.0013452472   -0.0077790602
  -0.0023203640   -0.0013458300   -0.0077786274
   0.0043317278   -0.0070811713   -0.0058993798
  -0.0026669814    0.0015734006   -0.0088494453
   0.0040346585    0.0072840358   -0.0058957612
   0.0000380647    0.0052710176   -0.0075980826
  -0.0039604638    0.0072819435   -0.0059015273
   0.0027431520    0.0015759281   -0.0088414961
  -0.0007767172   -0.0004568000    0.0028781304
   0.0004182377   -0.0008960300    0.0027220955
   0.0000386329    0.0002509400    0.0028615144
  -0.0003385513   -0.0008863900    0.0027651028
   0.0008340001   -0.0004520300    0.0028162494
  -0.0005565247    0.0008067498    0.0027220682
   0.0006394755    0.0003674706    0.0033864760
  -0.0005705258    0.0003660404    0.0034074469
   0.0006334875    0.0007908244    0.0027663459
   0.0000280268   -0.0004684048    0.0028651751
   0.0002506503   -0.0001109521    0.0028686186
   0.0000379893   -0.0006911717    0.0034086588
  -0.0001737819   -0.0001074884    0.0028710847
   0.0004010735    0.0005935685    0.0022215478
  -0.0003238110    0.0005949446    0.0022122405
  -0.0009294965    0.0001395615    0.0027683678
   0.0010050890    0.0001478354    0.0027576305
   0.0007279203    0.0000444821    0.0022189686
   0.0000362993    0.0000148217    0.0011913188
  -0.0006405419    0.0000353884    0.0022269947
   0.0000313668    0.0009426948    0.0028112351
  -0.0003860647    0.0002591202    0.0028609082
   0.0003650255   -0.0005900406    0.0022125260
  -0.0002846458   -0.0005789204    0.0022200669
   0.0004669075    0.0002677656    0.0028797359

51   
  0.0063155149003714  -0.0000000000000000   0.0077533393801115
   0.0453943419    0.0218062508    0.0503551547
   0.0013819475    0.0035489651    0.0170672339
   0.0006166518   -0.0001983621    0.0033182140
  -0.0000295419   -0.0000671066    0.0031153720
   0.0000763799    0.0002971509    0.0034098923
   0.0075774111   -0.0256118927    0.0344519092
  -0.0005897010    0.0009600908    0.0033476574
  -0.0000260121    0.0005360989    0.0032050997
   0.0005104319   -0.0002985970    0.0029123356
   0.0008286110   -0.0017825081    0.0049622911
   0.0005388952    0.0007682397    0.0034270439
   0.0004080484   -0.0003192665    0.0032853423
  -0.0004517000   -0.0002330179    0.0033431015
  -0.0002264345    0.0002026400    0.0030963322
   0.0001405369   -0.0009197568    0.0033656941
  -0.0000816254   -0.0000015738    0.0031119703
   0.0000395986    0.0007456368    0.0028895652
   0.0000221394   -0.0001936908    0.0029933992
   0.0005980618    0.0003334056    0.0032229891
  -0.0005113306    0.0002747730    0.0032329977
   0.0000219499   -0.0005912288    0.0032496078
  -0.0022526841    0.0004837436    0.0040685552
  -0.0003697455    0.0004886717    0.0030974996
  -0.0000732183   -0.0005418585    0.0032380898
   0.0005306286    0.0003157796    0.0027432592
   0.0016255776    0.0019966300    0.0216216911
  -0.0021734758    0.0027963800    0.0046003041
   0.0000224526    0.0019114400    0.0156544985
   0.0016519330    0.0031053300    0.0052054518
  -0.0016520567    0.0005097400    0.0125370315
  -0.0000418478   -0.0033896821    0.0057832406
  -0.0036893098   -0.0021312640    0.0111428316
   0.0038075809   -0.0021831304    0.0113618964
  -0.0018617667   -0.0030084405    0.0050519731
   0.0008148335   -0.0029817142    0.0155068695
   0.0015219130   -0.0009584697    0.0156395263
   0.0000205372    0.0043881419    0.0113513423
  -0.0015271818   -0.0008839282    0.0156788626
   0.0004676408    0.0011799404    0.0157211779
  -0.0005375891    0.0010736048    0.0155126003
   0.0035380608   -0.0000507204    0.0051877279
  -0.0035391391   -0.0001955648    0.0050225603
   0.0011844130   -0.0002450303    0.0157150763
  -0.0000003128    0.0000022381    0.0205500623
  -0.0012163118   -0.0001177018    0.0157115726
  -0.0007944965   -0.0012471758    0.0127237695
  -0.0023576178    0.0013861321    0.0145138306
   0.0007698102   -0.0010490460    0.0155309516
  -0.0007115191   -0.0009955696    0.0157135664
   0.0021582933    0.0012644505    0.0150993231
  -0.0657774785   -0.0001797497   -0.1051411622
   0.0038505441    0.0045753300   -0.0064163373
   0.0000188672    0.0030750500   -0.0025608246
   0.0022607890    0.0048192600   -0.0036352015
   0.0032062779    0.0007942900   -0.0074876584
   0.0041276073   -0.0009491309   -0.0061797228
  -0.0006158898   -0.0003521420   -0.0046409484
   0.0005617820   -0.0002860375   -0.0047646977
  -0.0030539667   -0.0042793715   -0.0035402364
   0.0005851706   -0.0045837752   -0.0046396233
   0.0026631369   -0.0015291381   -0.0025210563
   0.0000274693    0.0006116071   -0.0047648084
  -0.0025678024   -0.0015090722   -0.0024597470
  -0.0009484088   -0.0009348633    0.0011228103
   0.0009235060   -0.0010090144    0.0013244478
   0.0053125912   -0.0004560467   -0.0035942497
  -0.0052397140   -0.0004028056   -0.0034735622
  -0.0012858631   -0.0003651419    0.0011275037
   0.0000287193   -0.0000077571    0.0148417216
   0.0012817576   -0.0003135078    0.0012676530
   0.0004053606    0.0003404852   -0.0078551533
  -0.0009415827   -0.0017641991   -0.0052468328
  -0.0004980798    0.0013583720    0.0013488116
   0.0003911820    0.0012614475    0.0012688623
   0.0022406833    0.0013004415   -0.0027016164
   0.0077386375    0.0046203210   -0.0052456286
   0.0042605332    0.0077901606   -0.0065828960
  -0.0042223779    0.0077574273   -0.0065248041
  -0.0059881915    0.0034786468   -0.0078344699
  -0.0007337069   -0.0018076514   -0.0053248040
   0.0088543631   -0.0001924984   -0.0065481923
   0.0000175668    0.0000165072   -0.0083678859
  -0.0088236906   -0.0002018047   -0.0065137952
  -0.0100482555   -0.0007252665   -0.0082434042
   0.0100572592   -0.0005935641   -0.0083394302
   0.0045972590   -0.0075300379   -0.0065259041
  -0.0045913810   -0.0075441458   -0.0065160179
  -0.0067014433   -0.0038684573   -0.0081274284
   0.0000131350    0.0014198969   -0.0061820802
   0.0067064179   -0.0038625275   -0.0081266723
   0.0000045520   -0.0069384661   -0.0078315072
  -0.0056588896   -0.0083678205   -0.0082713954
   0.0012430045   -0.0006920206   -0.0061880894
  -0.0012084581   -0.0006943210   -0.0061762556
   0.0056510947   -0.0083563842   -0.0082059163
  -0.0020661157   -0.0003493066   -0.0041255074
   0.0045759535    0.0089842158   -0.0082784185
   0.0000129924    0.0077345874   -0.0081374222
  -0.0044168362    0.0090777281   -0.0082081871
   0.0017977724    0.0010505542   -0.0056915857
   0.0049407126    0.0028505979   -0.0076880499
   0.0025512724    0.0054946066   -0.0132752273
  -0.0025469455    0.0055094180   -0.0132543186
  -0.0049835822    0.0028807069   -0.0077370421
   0.0000481966   -0.0031338643   -0.0089082792
   0.0060280986   -0.0005352899   -0.0132791064
   0.0000162195    0.0000128594   -0.0118499691
  -0.0060379261   -0.0005246133   -0.0132543464
  -0.0083010169   -0.0001449096   -0.0059413864
   0.0082744583   -0.0002214280   -0.0059897834
   0.0034937831   -0.0049555947   -0.0132477423
  -0.0034756548   -0.0049649054   -0.0132536932
  -0.0045466227   -0.0026213731   -0.0076508360
   0.0000136235    0.0027252862   -0.0078183040
   0.0045547409   -0.0026359759   -0.0076462289
   0.0000022077   -0.0057265260   -0.0077500148
  -0.0042788563   -0.0070929760   -0.0059543300
   0.0023551861   -0.0013421927   -0.0078254965
  -0.0023538738   -0.0013533302   -0.0078355067
   0.0043069383   -0.0070813870   -0.0059377255
  -0.0026901467    0.0016141975   -0.0088752830
   0.0039430685    0.0072967018   -0.0059843734
  -0.0000105214    0.0052694701   -0.0076480635
  -0.0039861675    0.0072727179   -0.0059352876
   0.0027520721    0.0016070038   -0.0089364056
  -0.0006395420   -0.0004640600    0.0023610827
   0.0004274336   -0.0009614000    0.0030419574
   0.0000147121    0.0002061100    0.0027972908
  -0.0003734134   -0.0008677100    0.0026672884
   0.0007851595   -0.0006915800    0.0029523884
  -0.0005973516    0.0009468638    0.0031751555
   0.0005576781    0.0003569027    0.0032716250
  -0.0006218539    0.0003579799    0.0033440127
   0.0005922605    0.0007619997    0.0026481418
   0.0002095120   -0.0004270143    0.0028685511
   0.0002153618   -0.0000938571    0.0027876002
  -0.0000016099   -0.0007058816    0.0033396093
  -0.0002146725   -0.0001083759    0.0028136440
   0.0003738501    0.0005777640    0.0021402890
  -0.0003664889    0.0006507899    0.0021115132
  -0.0009560499    0.0001075060    0.0026706190
   0.0009303711    0.0001653101    0.0026410132
   0.0007186218    0.0000605971    0.0021533202
   0.0000024201    0.0000030316    0.0011392293
  -0.0006731025    0.0000302059    0.0021620440
  -0.0002004680    0.0009249243    0.0031721111
  -0.0003379716    0.0003563762    0.0029551855
   0.0004106281   -0.0006502327    0.0021546150
  -0.0003114739   -0.0005856399    0.0021620627
   0.0004048505    0.0002507403    0.0027374718

51   
 -0.0063155149003714   0.0000000000000000  -0.0077533393801115
  -0.0472807486   -0.0228733134   -0.0491624590
  -0.0016379800   -0.0035346335   -0.0116354293
  -0.0004441105    0.0002194171    0.0028750955
  -0.0000834345    0.0000960431    0.0030876643
   0.0000565233   -0.0003215621    0.0018951684
  -0.0077126729    0.0261336900   -0.0296436494
  -0.0007228764   -0.0017201990    0.0023474697
   0.0000428304    0.0004453859    0.0034707714
   0.0008554506   -0.0004692002    0.0027647149
  -0.0006659786    0.0016848194    0.0003118686
  -0.0004430701   -0.0006330820    0.0027639772
   0.0004428074   -0.0001443193    0.0033909302
  -0.0003664929   -0.0002330179    0.0033349785
   0.0001726647   -0.0000815818    0.0031091753
  -0.0001491788   -0.0003166814    0.0020714274
   0.0000412412   -0.0001002570    0.0030922320
  -0.0000262691    0.0008281816    0.0027880969
   0.0000454555    0.0000945953    0.0032118684
   0.0004407065    0.0002738991    0.0031876122
  -0.0004992880    0.0003330387    0.0031773465
   0.0000256303    0.0007530067    0.0020515435
   0.0022540512   -0.0003016851    0.0012429056
  -0.0007096208    0.0001465065    0.0023383708
   0.0000864154   -0.0006262544    0.0031726940
   0.0005926960    0.0003419096    0.0026971128
   0.0053058703    0.0019978400    0.0005675991
  -0.0010582029    0.0035456200    0.0058277163
  -0.0000099546    0.0016809900    0.0156753602
   0.0015834888    0.0032498900    0.0052093335
  -0.0052322257    0.0034742800    0.0097833575
   0.0039430072   -0.0025584999    0.0046302945
  -0.0038874273   -0.0022356794    0.0115672703
   0.0037921520   -0.0021808969    0.0113528918
  -0.0020100007   -0.0029303407    0.0053624271
  -0.0007641442   -0.0016028555    0.0151328999
   0.0015866326   -0.0008126403    0.0156900005
  -0.0000065081    0.0043926771    0.0113635383
  -0.0015564913   -0.0008884869    0.0156518575
   0.0005882520    0.0011064392    0.0156928772
  -0.0004926246    0.0012115689    0.0159041318
   0.0035790820   -0.0003146992    0.0052281872
  -0.0035503246   -0.0001669289    0.0053914818
   0.0013157326    0.0000318703    0.0156980405
   0.0000133119    0.0000152029    0.0205365783
  -0.0012568013   -0.0000984531    0.0157049975
   0.0008216558   -0.0067352645    0.0095809299
  -0.0016109028    0.0009512499    0.0161289245
   0.0006882027   -0.0009747206    0.0158839503
  -0.0007202880   -0.0010252531    0.0157042018
   0.0018392993    0.0010542307    0.0155300171
   0.0683391806   -0.0002250865    0.1009270560
  -0.0082423979    0.0049798800   -0.0005271416
  -0.0000099890    0.0029427800   -0.0022306885
   0.0022184228    0.0047246600   -0.0032944154
  -0.0059921141    0.0007868800   -0.0039556327
   0.0018993594   -0.0076863952   -0.0007392367
  -0.0003849033   -0.0002192615   -0.0047601636
   0.0004615980   -0.0002814075   -0.0046372123
  -0.0029503602   -0.0043363220   -0.0033840016
  -0.0005402473   -0.0005507409   -0.0006583272
   0.0025440088   -0.0014571633   -0.0022679903
  -0.0000134676    0.0005753878   -0.0046375230
  -0.0026152293   -0.0014752929   -0.0023348516
  -0.0008780669   -0.0008836981    0.0015433863
   0.0009303440   -0.0008114744    0.0013421422
   0.0051870331   -0.0004265519   -0.0033343637
  -0.0052330760   -0.0004766856   -0.0034564178
  -0.0012102012   -0.0002915067    0.0015399797
  -0.0000162076    0.0000249822    0.0149647770
   0.0012396407   -0.0003466271    0.0013971184
  -0.0003747973   -0.0034767291   -0.0035937772
  -0.0035136006    0.0043625952   -0.0000860767
  -0.0001607833    0.0011688615    0.0013142464
   0.0002897580    0.0012646075    0.0013946577
   0.0022373098    0.0012942220   -0.0026320516
   0.0043829287    0.0023930224   -0.0103086510
   0.0042262328    0.0077328496   -0.0064270119
  -0.0042365391    0.0077623645   -0.0064829124
  -0.0060657105    0.0035035611   -0.0077941512
   0.0007541410   -0.0023761280   -0.0056541983
   0.0088248219   -0.0002052941   -0.0064607264
  -0.0000061502   -0.0000001545   -0.0083432902
  -0.0088256750   -0.0001957459   -0.0064944942
  -0.0100706715   -0.0006563591   -0.0081335867
   0.0100873234   -0.0007852242   -0.0080415094
   0.0046068740   -0.0075432947   -0.0064830067
  -0.0045849400   -0.0075310029   -0.0064932445
  -0.0066999452   -0.0038595877   -0.0080815726
   0.0000017443    0.0014064558   -0.0061208966
   0.0067194094   -0.0038672317   -0.0080819713
   0.0000082274   -0.0069750830   -0.0077997291
  -0.0056040191   -0.0083523495   -0.0081061199
   0.0012041173   -0.0006949909   -0.0061157244
  -0.0012126393   -0.0006938210   -0.0061264443
   0.0056402732   -0.0083636500   -0.0081722968
  -0.0015635072    0.0024476481   -0.0068218795
   0.0042959861    0.0091640499   -0.0081025958
   0.0000001899    0.0077691743   -0.0080720535
  -0.0044255649    0.0090734627   -0.0081670012
   0.0018509420    0.0010633490   -0.0052718746
   0.0050112838    0.0029023814   -0.0077855647
   0.0025733893    0.0055220088   -0.0132340042
  -0.0025504514    0.0055051423   -0.0132561098
  -0.0049456675    0.0028756228   -0.0077407416
  -0.0000313065   -0.0030980156   -0.0088702705
   0.0060677595   -0.0005206543   -0.0132306238
  -0.0000047863    0.0000034729   -0.0118495082
  -0.0060288931   -0.0005308469   -0.0132553640
  -0.0082722859   -0.0001818798   -0.0059541553
   0.0083240920   -0.0001033516   -0.0059061440
   0.0034890075   -0.0049543436   -0.0132609570
  -0.0034791653   -0.0049468453   -0.0132550465
  -0.0045432970   -0.0026175384   -0.0076459938
   0.0000012059    0.0027370842   -0.0078430160
   0.0045596789   -0.0026049209   -0.0076521995
   0.0000103679   -0.0057336980   -0.0077257535
  -0.0042968836   -0.0070832976   -0.0059422776
   0.0023743172   -0.0013633519   -0.0078356592
  -0.0023497053   -0.0013529702   -0.0078254830
   0.0042976719   -0.0070948824   -0.0059585654
  -0.0027083716    0.0015282252   -0.0089047360
   0.0040672385    0.0072545147   -0.0059111141
   0.0000236583    0.0052563975   -0.0076497905
  -0.0039968010    0.0072796222   -0.0059641131
   0.0026725997    0.0015322646   -0.0088422963
  -0.0009757030   -0.0004629900    0.0032048516
   0.0003463645   -0.0008327600    0.0023589984
   0.0000020440    0.0003083000    0.0028039071
  -0.0003715770   -0.0009289200    0.0027267586
   0.0008606259   -0.0002380700    0.0026126570
  -0.0005769066    0.0006387698    0.0022301461
   0.0006822091    0.0003667183    0.0034013035
  -0.0005880990    0.0003628224    0.0033275597
   0.0006109399    0.0008175537    0.0027448751
  -0.0001955805   -0.0005436197    0.0027922204
   0.0002288747   -0.0001393892    0.0028131200
   0.0000139829   -0.0006934242    0.0033323218
  -0.0002028066   -0.0001210958    0.0027873855
   0.0003540603    0.0005904614    0.0021810358
  -0.0003336322    0.0005209396    0.0022113192
  -0.0009816597    0.0001581486    0.0027218558
   0.0010369278    0.0001018704    0.0027534692
   0.0006483747   -0.0000012608    0.0021682100
   0.0000134929    0.0000118942    0.0011390818
  -0.0006704666    0.0000293558    0.0021587255
   0.0002138595    0.0009758297    0.0023978104
  -0.0005038066    0.0001515802    0.0027069661
   0.0002432291   -0.0005311283    0.0021676935
  -0.0003142290   -0.0005908724    0.0021590297
   0.0004602299    0.0002613263    0.0029212651

76   
  0.0063155149003714  -0.0000000000000000   0.0077533393801115
   0.0002634975    0.0001174272    0.0021525999
  -0.0000152147   -0.0001686132    0.0022888350
  -0.0000449442    0.0000964184    0.0033965581
  -0.0000413036   -0.0000260678    0.0030643997
   0.0001123503   -0.0000316153    0.0026392198
  -0.0002010744    0.0000550902    0.0020578835
  -0.0005561971   -0.0003663028    0.0027025257
   0.0000180525    0.0005280435    0.0033533769
   0.0006848397   -0.0003871646    0.0028665292
   0.0000546030   -0.0000007367    0.0027244077
   0.0000880529   -0.0001620716    0.0035412112
   0.0004668427   -0.0002496855    0.0033688899
  -0.0004083386   -0.0002410648    0.0033684044
  -0.0000234027    0.0000500692    0.0031055004
  -0.0000599293   -0.0006668605    0.0027773075
  -0.0000213661   -0.0000448251    0.0030819620
   0.0000181475    0.0007697268    0.0028734269
   0.0000338950   -0.0000634212    0.0031184440
   0.0005292892    0.0002904289    0.0032280649
  -0.0004777142    0.0002891950    0.0031723853
   0.0000340083    0.0000826890    0.0026439351
   0.0000136902    0.0000427362    0.0027114021
  -0.0005956104    0.0002778614    0.0027495189
   0.0000399005   -0.0005805335    0.0031615583
   0.0005643898    0.0003158394    0.0027432906
   0.0034573756    0.0019784948    0.0112418316
  -0.0015755582    0.0031575429    0.0052463940
   0.0000147643    0.0017921687    0.0156890612
   0.0016191461    0.0031698181    0.0052340606
  -0.0034326630    0.0019735012    0.0111653622
   0.0019622689   -0.0029725487    0.0052581262
  -0.0037708052   -0.0021846025    0.0113926375
   0.0038034710   -0.0022003422    0.0113799709
  -0.0019168558   -0.0029926413    0.0052219784
   0.0000050754   -0.0023024757    0.0153552022
   0.0015720389   -0.0008952235    0.0156752893
   0.0000087159    0.0043776419    0.0113765044
  -0.0015332234   -0.0008960998    0.0156863130
   0.0005482802    0.0011321436    0.0157267060
  -0.0004994497    0.0011419917    0.0157113196
   0.0035680235   -0.0001944843    0.0052353981
  -0.0035370581   -0.0001845806    0.0052248436
   0.0012633221   -0.0001140399    0.0157268077
   0.0000125073   -0.0000013842    0.0205786442
  -0.0012267549   -0.0001167280    0.0157350575
   0.0000057644   -0.0039828314    0.0111734838
  -0.0019891865    0.0011398205    0.0153479838
   0.0007420300   -0.0010176987    0.0157222231
  -0.0007073868   -0.0010197233    0.0157414327
   0.0020043422    0.0011397306    0.0153316315
   0.0032844613    0.0020251676   -0.0034119090
  -0.0032046010    0.0051853380   -0.0030680917
   0.0000756705    0.0030145889   -0.0024152788
   0.0022548591    0.0047624355   -0.0034578676
  -0.0013566628    0.0008280204   -0.0057756881
   0.0027771572   -0.0059919481   -0.0020917405
  -0.0005068820   -0.0002973490   -0.0048932854
   0.0005313749   -0.0002802227   -0.0047048388
  -0.0029934999   -0.0043180443   -0.0034638965
   0.0001457139   -0.0026635999   -0.0027257642
   0.0026427626   -0.0014816070   -0.0024062909
   0.0000397068    0.0005888900   -0.0047091532
  -0.0025823207   -0.0015024090   -0.0023941757
  -0.0009000673   -0.0009242491    0.0013361944
   0.0008745791   -0.0009060005    0.0012967899
   0.0052565960   -0.0004440253   -0.0034647533
  -0.0052232194   -0.0004678283   -0.0034727087
  -0.0012437743   -0.0003473758    0.0013378266
   0.0000129252   -0.0000090423    0.0149070426
   0.0012642500   -0.0003397071    0.0013468145
   0.0000331381   -0.0015963359   -0.0057676836
  -0.0022338434    0.0013737142   -0.0027887106
  -0.0003107485    0.0011818691    0.0013068467
   0.0003573850    0.0012451659    0.0013430142
   0.0022541802    0.0012877445   -0.0026465598
  -0.0690289202    0.0041811701   -0.1197665285
   0.0090965041    0.0076897700   -0.0079193973
  -0.0041710528    0.0077649100   -0.0066830346
  -0.0059780410    0.0034122000   -0.0079831815
   0.0065629979   -0.0018456800   -0.0083073584
   0.0094807973    0.0018362391   -0.0082021028
  -0.0000398298   -0.0000466920   -0.0083984184
  -0.0087821880   -0.0002067975   -0.0065540077
  -0.0101523667   -0.0006328515   -0.0080984964
   0.0114483006   -0.0043913352   -0.0107388333
   0.0045970669   -0.0075493981   -0.0067007763
  -0.0045594907   -0.0075400329   -0.0065566584
  -0.0066774224   -0.0038871722   -0.0081522870
   0.0000418612    0.0014408067   -0.0063041897
   0.0067425060   -0.0037842044   -0.0080803422
  -0.0000043088   -0.0068974767   -0.0080057897
  -0.0056037840   -0.0083972056   -0.0081637622
   0.0012658769   -0.0007615219   -0.0063107663
  -0.0011811807   -0.0007133371   -0.0062044184
   0.0056671876   -0.0083582778   -0.0082374170
  -0.0002665194    0.0043211352   -0.0078846933
   0.0049097173    0.0072311709   -0.0100339528
   0.0000159702    0.0077529620   -0.0081002684
  -0.0043772280    0.0090593275   -0.0082390377
   0.0016749133    0.0009439715   -0.0054359364
   0.0035048929    0.0028671600    0.0034793839
   0.0044099850    0.0071427100   -0.0119671959
  -0.0025342605    0.0055907600   -0.0132304611
  -0.0049236737    0.0027457300   -0.0077113928
  -0.0004283773   -0.0028198700   -0.0094567272
   0.0068755706    0.0000510957   -0.0131920368
   0.0000757663    0.0000242345   -0.0120301450
  -0.0060303926   -0.0005405475   -0.0132189485
  -0.0081429445   -0.0002449912   -0.0062277207
   0.0062952921    0.0002331037   -0.0053005226
   0.0034292085   -0.0050337691   -0.0132214060
  -0.0034673722   -0.0049702510   -0.0132077846
  -0.0045314344   -0.0026256583   -0.0076225546
  -0.0000186105    0.0027819206   -0.0078112218
   0.0045701190   -0.0025181772   -0.0078914057
  -0.0000445905   -0.0055777006   -0.0077036418
  -0.0042673010   -0.0070543328   -0.0061791557
   0.0023262385   -0.0014949909   -0.0078120760
  -0.0023215622   -0.0013484490   -0.0078005246
   0.0042943656   -0.0070931417   -0.0059083746
  -0.0030173779    0.0014801363   -0.0097456826
   0.0031232606    0.0043660043   -0.0043646968
   0.0001964663    0.0051498555   -0.0079060350
  -0.0039885626    0.0072426175   -0.0059137285
   0.0027070355    0.0015494012   -0.0091168607
  -0.0005346413   -0.0042016966    0.0173020629
   0.0518178425   -0.0267299705    0.0567193363
  -0.0000515181    0.0001078454    0.0035792033
  -0.0002833520   -0.0008425258    0.0027250547
   0.0015168132   -0.0001045151    0.0030408972
   0.0061315856    0.0300860647    0.0367347388
   0.0024315889    0.0027247806    0.0060672599
  -0.0006978865    0.0003111302    0.0034618673
   0.0006022064    0.0007413050    0.0026025243
  -0.0004693512   -0.0015421941    0.0035551725
   0.0005524585    0.0000937891    0.0035093404
  -0.0001104555   -0.0008276850    0.0033803906
  -0.0002139046   -0.0001267776    0.0028038688
   0.0003589194    0.0006474544    0.0021465709
   0.0001552278   -0.0004295322    0.0024897983
  -0.0008842320    0.0001248353    0.0027310334
   0.0010034198    0.0002417235    0.0026302687
   0.0007234057    0.0000168780    0.0022563121
  -0.0000260341   -0.0000734450    0.0011586799
  -0.0006850672    0.0000522114    0.0022461690
   0.0003576328    0.0006947471    0.0032306501
  -0.0027146117   -0.0010731122    0.0045545594
   0.0000917195    0.0001942964    0.0027494443
  -0.0003280196   -0.0005982165    0.0022343180
   0.0003593172    0.0002109072    0.0029270271

76   
 -0.0063155149003714   0.0000000000000000  -0.0077533393801115
  -0.0002485320   -0.0001379890    0.0009954508
  -0.0001197200    0.0001197588    0.0030410019
   0.0001937114   -0.0000991764    0.0028220167
  -0.0000742831    0.0000242286    0.0031589023
   0.0000624603   -0.0000235751    0.0026898328
   0.0001060445   -0.0001892552    0.0032776457
  -0.0007661318   -0.0004326796    0.0029875384
  -0.0000022108    0.0004234126    0.0033407364
   0.0006809700   -0.0004020242    0.0028278772
   0.0000802336   -0.0001235784    0.0026011458
   0.0000052527    0.0002627190    0.0026750964
   0.0003903787   -0.0002446531    0.0033267514
  -0.0004095846   -0.0002525360    0.0033264366
  -0.0000297287    0.0000440893    0.0031177632
   0.0000745989   -0.0006241842    0.0026838439
  -0.0000077523   -0.0000883559    0.0031420505
  -0.0000013786    0.0007701488    0.0028206233
   0.0000362056   -0.0000717000    0.0031036465
   0.0005192687    0.0002826866    0.0032024645
  -0.0005327747    0.0002904553    0.0032571825
   0.0000308080    0.0000550721    0.0026822438
  -0.0000395093    0.0000997709    0.0026139080
  -0.0004903223    0.0003514208    0.0027100911
  -0.0000208135   -0.0006165530    0.0032679653
   0.0005591678    0.0003079994    0.0027173389
   0.0034510373    0.0019851950    0.0111286589
  -0.0016283309    0.0031628868    0.0052018850
   0.0000015954    0.0017706816    0.0156778925
   0.0016217507    0.0031559615    0.0052078978
  -0.0034345291    0.0019950733    0.0112039188
   0.0019315602   -0.0030059828    0.0051816205
  -0.0037948365   -0.0022103560    0.0113542345
   0.0038018575   -0.0021951379    0.0113691798
  -0.0019380412   -0.0029877662    0.0052245555
   0.0000111468   -0.0023088901    0.0153097039
   0.0015470856   -0.0009054824    0.0156808490
   0.0000104038    0.0043717575    0.0113713666
  -0.0015466375   -0.0009042398    0.0156736866
   0.0005186164    0.0011211211    0.0157205997
  -0.0005311403    0.0011149221    0.0157384578
   0.0035523252   -0.0001939575    0.0052140906
  -0.0035442918   -0.0002047926    0.0052256949
   0.0012403685   -0.0001337105    0.0157165423
   0.0000096124   -0.0000114144    0.0205405855
  -0.0012429450   -0.0001292913    0.0157125822
   0.0000115872   -0.0039863148    0.0111997361
  -0.0019790936    0.0011465085    0.0153087332
   0.0007236028   -0.0010301919    0.0157258387
  -0.0007176341   -0.0010318965    0.0157046077
   0.0020014746    0.0011418671    0.0153238258
  -0.0005668875   -0.0004900610   -0.0080932714
  -0.0012443831    0.0043304514   -0.0038067460
  -0.0000616985    0.0029731632   -0.0023449601
   0.0022298179    0.0047527927   -0.0034297159
  -0.0013549132    0.0007399494   -0.0056717740
   0.0032693657   -0.0026433234   -0.0048042026
  -0.0004846224   -0.0003018742   -0.0044722443
   0.0004975362   -0.0003182881   -0.0046622729
  -0.0030030124   -0.0043335774   -0.0034276678
  -0.0001292135   -0.0025026458   -0.0025739215
   0.0025761580   -0.0015315739   -0.0023436028
  -0.0000209447    0.0005670642   -0.0046570837
  -0.0025965019   -0.0015105990   -0.0023599544
  -0.0009151545   -0.0009251494    0.0013657494
   0.0009775996   -0.0009392095    0.0014030954
   0.0052473410   -0.0004631721   -0.0034299159
  -0.0052431179   -0.0004406325   -0.0034231077
  -0.0012458250   -0.0003448369    0.0013680302
   0.0000088933   -0.0000036827    0.0149354584
   0.0012604210   -0.0003507942    0.0013547379
  -0.0000163831   -0.0015737716   -0.0056838177
  -0.0022146092    0.0011916041   -0.0025050598
  -0.0003360445    0.0013186965    0.0013947642
   0.0003298406    0.0012499947    0.0013595852
   0.0022315232    0.0012713428   -0.0026476841
   0.0762515571    0.0053605643    0.1022135107
  -0.0005443279    0.0077849300   -0.0051019616
  -0.0042822690    0.0077268100   -0.0063003485
  -0.0060614372    0.0035394400   -0.0076230054
  -0.0066114041   -0.0023625600   -0.0026101527
   0.0081681294   -0.0022656452   -0.0048080167
   0.0000593667    0.0000320085   -0.0082914636
  -0.0088621020   -0.0002216675   -0.0064291023
  -0.0099593902   -0.0007816320   -0.0082544716
   0.0087198227    0.0029583191   -0.0056184272
   0.0046117688   -0.0075557333   -0.0062862203
  -0.0046117576   -0.0075637822   -0.0064253630
  -0.0067180793   -0.0038718829   -0.0080331316
  -0.0000199769    0.0013539219   -0.0059753637
   0.0066913040   -0.0039783744   -0.0081045478
   0.0000243631   -0.0070445819   -0.0076022237
  -0.0056542960   -0.0083517156   -0.0081878178
   0.0011891788   -0.0006587167   -0.0059697403
  -0.0012352276   -0.0007066478   -0.0060742030
   0.0056286207   -0.0083903471   -0.0081173116
  -0.0033467173   -0.0022296291   -0.0030497972
   0.0039487194    0.0109062452   -0.0063527867
   0.0000009467    0.0077238515   -0.0080871636
  -0.0044573920    0.0090604075   -0.0081140223
   0.0019828998    0.0011427420   -0.0054990916
   0.0064290748    0.0028585500   -0.0187506616
   0.0007270860    0.0038313400   -0.0144849531
  -0.0025571020    0.0053969800   -0.0132374042
  -0.0049952544    0.0029798300   -0.0077258061
   0.0004655534   -0.0034542100   -0.0082947842
   0.0051875819   -0.0011401548   -0.0132942685
  -0.0000474504   -0.0000339667   -0.0116281952
  -0.0060319703   -0.0005450798   -0.0132507797
  -0.0084235688   -0.0001117720   -0.0056243513
   0.0102974250   -0.0005897511   -0.0065537688
   0.0035579686   -0.0049058115   -0.0132443291
  -0.0034819747   -0.0049706042   -0.0132615755
  -0.0045524147   -0.0026442828   -0.0076334260
   0.0000373248    0.0026517295   -0.0078103950
   0.0045546449   -0.0027508888   -0.0073666460
   0.0000636748   -0.0059129295   -0.0077306650
  -0.0043029851   -0.0071536212   -0.0056769560
   0.0024096786   -0.0012459885   -0.0078081491
  -0.0023773447   -0.0013904858   -0.0078214155
   0.0043143653   -0.0071113472   -0.0059487760
  -0.0023745750    0.0016492211   -0.0080089188
   0.0048805819    0.0101085648   -0.0074581085
  -0.0001794904    0.0053498667   -0.0073509552
  -0.0039858703    0.0072783898   -0.0059441897
   0.0027205512    0.0015577320   -0.0086211213
  -0.0009681048    0.0032887732   -0.0118617094
  -0.0489701158    0.0237112852   -0.0491665523
   0.0001107176    0.0003771795    0.0020420526
  -0.0004581393   -0.0009868981    0.0026905994
   0.0000993706   -0.0008559651    0.0025525126
  -0.0072854389   -0.0278484206   -0.0307719568
  -0.0012084708   -0.0020156806    0.0006512100
  -0.0005119592    0.0003768454    0.0032287916
   0.0006051067    0.0008084800    0.0028107063
   0.0004762827    0.0005346917    0.0021022751
  -0.0000819323   -0.0003300178    0.0021120545
   0.0001241172   -0.0006034527    0.0033102508
  -0.0001990321   -0.0001344177    0.0028167411
   0.0003730868    0.0004915587    0.0021930071
  -0.0008652583    0.0015804085    0.0018607679
  -0.0010473761    0.0001102700    0.0026823951
   0.0009671659   -0.0000044663    0.0027816527
   0.0006504037    0.0000137206    0.0020820043
   0.0000465288    0.0000613827    0.0011396975
  -0.0006502643   -0.0000234107    0.0020948562
  -0.0003544687    0.0011557520    0.0023568977
   0.0018415682    0.0015664030    0.0011192716
   0.0005731397   -0.0014189071    0.0015956408
  -0.0002929521   -0.0006061767    0.0021054497
   0.0005100963    0.0002695597    0.0027534899

101  
  0.0063155149003714  -0.0000000000000000   0.0077533393801115
   0.0000327228   -0.0000041972    0.0016556038
  -0.0000507282   -0.0000469959    0.0026672061
   0.0001048159   -0.0000038176    0.0031723746
  -0.0000396946    0.0000025301    0.0031412281
   0.0001132528   -0.0000290340    0.0026875821
  -0.0000431707   -0.0000550602    0.0026697962
  -0.0006116395   -0.0003759738    0.0028474352
   0.0000273358    0.0004825980    0.0033842902
   0.0007034612   -0.0004016590    0.0028656109
   0.0000963049   -0.0000419216    0.0026914624
   0.0000659588    0.0000588745    0.0031784949
   0.0004538141   -0.0002493304    0.0033680066
  -0.0003951690   -0.0002470861    0.0033754591
   0.0000071827    0.0000441157    0.0031400648
   0.0000216030   -0.0006525409    0.0027754768
   0.0000027594   -0.0000644605    0.0031391378
   0.0000192391    0.0007797778    0.0028624878
   0.0000559818   -0.0000523193    0.0031393871
   0.0005555720    0.0002957012    0.0032366545
  -0.0004800424    0.0002914400    0.0032402931
   0.0000521040    0.0000793497    0.0026868447
   0.0000221477    0.0000746931    0.0026790179
  -0.0005282230    0.0003196321    0.0027789460
   0.0000299845   -0.0005915558    0.0032438459
   0.0005835768    0.0003164699    0.0027510633
   0.0034748362    0.0019856074    0.0112302005
  -0.0015794615    0.0031634032    0.0052776801
   0.0000311001    0.0017824647    0.0157216341
   0.0016412878    0.0031679520    0.0052616191
  -0.0034121226    0.0019852104    0.0112186762
   0.0019681714   -0.0029839406    0.0052693453
  -0.0037569820   -0.0021909781    0.0114129161
   0.0038265238   -0.0021920135    0.0114139473
  -0.0019067247   -0.0029861576    0.0052641026
   0.0000296315   -0.0023014658    0.0153741612
   0.0015795603   -0.0008947322    0.0157142950
   0.0000348522    0.0043806613    0.0114136698
  -0.0015168460   -0.0008962500    0.0157179674
   0.0005557476    0.0011305572    0.0157640302
  -0.0004904141    0.0011352377    0.0157615554
   0.0035839666   -0.0001906805    0.0052657505
  -0.0035191629   -0.0001934536    0.0052657124
   0.0012734510   -0.0001206336    0.0157603876
   0.0000333032   -0.0000018315    0.0206004378
  -0.0012125879   -0.0001168708    0.0157632547
   0.0000274613   -0.0039801624    0.0112222460
  -0.0019630352    0.0011449139    0.0153689937
   0.0007587194   -0.0010185683    0.0157617543
  -0.0006885171   -0.0010223220    0.0157629571
   0.0020239216    0.0011427928    0.0153682622
   0.0014442062    0.0008067086   -0.0056975353
  -0.0022401435    0.0047875156   -0.0033581495
   0.0000294075    0.0029987272   -0.0023491584
   0.0022658914    0.0047685577   -0.0033984102
  -0.0013627993    0.0007623412   -0.0056856058
   0.0030501616   -0.0043696152   -0.0033846840
  -0.0004900097   -0.0002906446   -0.0046389337
   0.0005397910   -0.0002969522   -0.0046225969
  -0.0029906383   -0.0043231375   -0.0034047895
   0.0000258215   -0.0025910647   -0.0026930459
   0.0026305121   -0.0014856720   -0.0023453465
   0.0000323681    0.0005837124   -0.0046255046
  -0.0025683847   -0.0015025998   -0.0023381870
  -0.0008906172   -0.0009055681    0.0013954592
   0.0009545536   -0.0008980224    0.0013890576
   0.0052810125   -0.0004514964   -0.0034011530
  -0.0052146489   -0.0004564491   -0.0034003005
  -0.0012147059   -0.0003495742    0.0014083860
   0.0000282670   -0.0000062416    0.0149651338
   0.0012863353   -0.0003401247    0.0013943965
  -0.0000042795   -0.0015952757   -0.0056941562
  -0.0022277920    0.0012939516   -0.0026464060
  -0.0002990141    0.0012557498    0.0013874753
   0.0003702231    0.0012506369    0.0013885740
   0.0022683163    0.0012831071   -0.0025985218
   0.0046092452    0.0034803400    0.0032650016
   0.0038204366    0.0073256900   -0.0070428958
  -0.0041852456    0.0078639500   -0.0064400039
  -0.0059855480    0.0033854600   -0.0077732158
   0.0018505840   -0.0038114100   -0.0041719069
   0.0067794550   -0.0005787211   -0.0058924412
   0.0001357788    0.0000561680   -0.0086513987
  -0.0088075397   -0.0002033598   -0.0064412803
  -0.0099719596   -0.0007377467   -0.0083267048
   0.0109941981   -0.0012319248   -0.0080211215
   0.0045830652   -0.0076171205   -0.0064565850
  -0.0045543653   -0.0075573628   -0.0064565340
  -0.0066784853   -0.0038726142   -0.0080270645
  -0.0000305286    0.0014670885   -0.0060943509
   0.0067501851   -0.0039463488   -0.0083079240
  -0.0000118086   -0.0068290085   -0.0077780709
  -0.0056053849   -0.0083929212   -0.0084039640
   0.0011914652   -0.0008593295   -0.0060841050
  -0.0011961153   -0.0007089572   -0.0060866540
   0.0056864747   -0.0083827858   -0.0081264745
  -0.0027177519    0.0039387348   -0.0039525215
   0.0042294850    0.0091781711   -0.0089526212
   0.0000652088    0.0077286220   -0.0082783387
  -0.0044001497    0.0090797898   -0.0081248903
   0.0020063604    0.0011304567   -0.0057157848
  -0.0695289248    0.0035261435   -0.1201920165
   0.0091154041    0.0052402400   -0.0162838873
  -0.0024568128    0.0055775100   -0.0133741446
  -0.0048788810    0.0028723500   -0.0078475615
   0.0044774579   -0.0030122900   -0.0102466084
   0.0075030773    0.0031423991   -0.0159084228
  -0.0000501498   -0.0000541120   -0.0116849884
  -0.0059612980   -0.0005465775   -0.0132426377
  -0.0083287967   -0.0001327315   -0.0059186464
   0.0088881006   -0.0020499352   -0.0076728933
   0.0035713469   -0.0049949081   -0.0133391863
  -0.0034383207   -0.0049468729   -0.0132310484
  -0.0044921324   -0.0026422222   -0.0076474170
   0.0000089112    0.0027137367   -0.0079721797
   0.0045893660   -0.0027311544   -0.0075526122
   0.0000833012   -0.0057025267   -0.0078182197
  -0.0042577240   -0.0070905856   -0.0058528822
   0.0023723869   -0.0014554519   -0.0079775963
  -0.0023198807   -0.0013887071   -0.0078124584
   0.0043619176   -0.0070908978   -0.0059413770
  -0.0022361894    0.0031303652   -0.0107071033
   0.0055848273    0.0040242409   -0.0085085628
  -0.0001309898    0.0053502620   -0.0075469984
  -0.0039171780    0.0072806175   -0.0059362677
   0.0027476633    0.0015617715   -0.0087994464
   0.0488345602    0.0241800582    0.0556907576
   0.0004353364    0.0030632102    0.0178782187
   0.0007667770   -0.0001067021    0.0029553513
  -0.0002417419   -0.0009835280    0.0027378810
   0.0007629963   -0.0003337103    0.0035359148
   0.0063477053   -0.0280590407    0.0369553991
   0.0003906180    0.0015179689    0.0043995876
  -0.0006093707    0.0003526488    0.0032580243
   0.0005565370    0.0008369561    0.0028373203
   0.0016696427   -0.0027501799    0.0056007300
   0.0007964679    0.0009144881    0.0029900305
  -0.0000009989   -0.0007765337    0.0033327137
  -0.0002157581   -0.0001267477    0.0028181190
   0.0002827319    0.0006442386    0.0022256110
  -0.0000013126    0.0003333867    0.0028781484
  -0.0009705590    0.0001985521    0.0027344330
   0.0010486967    0.0001268405    0.0028037071
   0.0007161141   -0.0000520045    0.0021170984
   0.0001322758   -0.0000059794    0.0011814553
  -0.0006951356    0.0000043089    0.0022573843
  -0.0002207743    0.0001042354    0.0032723944
  -0.0026666699    0.0013397451    0.0047514198
   0.0006836530   -0.0003542778    0.0025804085
  -0.0003676877   -0.0005813495    0.0022621504
   0.0004027314    0.0002413729    0.0029234811

101  
 -0.0063155149003714   0.0000000000000000  -0.0077533393801115
   0.0000069120    0.0000206023    0.0015535597
  -0.0000692565    0.0000280995    0.0027063244
   0.0000582371    0.0000348368    0.0030972448
  -0.0000631859    0.0000285399    0.0031274522
   0.0000766346    0.0000061931    0.0026881849
  -0.0000406710   -0.0000428253    0.0027039137
  -0.0006957426   -0.0003892542    0.0028922742
   0.0000029949    0.0004988121    0.0033557008
   0.0006780974   -0.0003543009    0.0028747082
   0.0000521596   -0.0000455070    0.0026801779
   0.0000419136    0.0000702206    0.0030902180
   0.0004185173   -0.0002121989    0.0033714734
  -0.0004082313   -0.0002126839    0.0033652011
  -0.0000433140    0.0000817153    0.0031296237
   0.0000054448   -0.0006060146    0.0027316661
  -0.0000160891   -0.0000344092    0.0031308919
   0.0000127908    0.0007948315    0.0028773020
   0.0000268782   -0.0000496112    0.0031285426
   0.0005092977    0.0003076695    0.0032400749
  -0.0005161175    0.0003197014    0.0032355159
   0.0000282347    0.0000891385    0.0026855031
  -0.0000335277    0.0000983128    0.0026908973
  -0.0005429454    0.0003444862    0.0027270228
   0.0000039756   -0.0005711841    0.0032320844
   0.0005546428    0.0003406499    0.0027553665
   0.0034502432    0.0020116120    0.0111826064
  -0.0016079274    0.0031901263    0.0052165103
  -0.0000005894    0.0018131351    0.0156912271
   0.0016127021    0.0031908880    0.0052234608
  -0.0034407284    0.0020193093    0.0111937219
   0.0019420089   -0.0029625483    0.0052153034
  -0.0037942471   -0.0021721214    0.0113792950
   0.0037930564   -0.0021718663    0.0113783731
  -0.0019320957   -0.0029618922    0.0052292767
   0.0000000176   -0.0022765735    0.0153386563
   0.0015545800   -0.0008734571    0.0156838153
  -0.0000014720    0.0044040590    0.0113782306
  -0.0015467441   -0.0008711600    0.0156851726
   0.0005270621    0.0011540732    0.0157293192
  -0.0005267860    0.0011544933    0.0157337938
   0.0035533134   -0.0001639696    0.0052305994
  -0.0035488671   -0.0001634168    0.0052316474
   0.0012448090   -0.0000943567    0.0157253025
   0.0000043469    0.0000219616    0.0205621822
  -0.0012434521   -0.0000953790    0.0157286753
   0.0000040282   -0.0039591084    0.0111959727
  -0.0019917646    0.0011742749    0.0153330857
   0.0007218311   -0.0009949123    0.0157315264
  -0.0007205227   -0.0009964581    0.0157282831
   0.0019971181    0.0011690170    0.0153331973
   0.0013256474    0.0007908721   -0.0057091901
  -0.0021908366    0.0047566843   -0.0034939508
   0.0000006522    0.0030212631   -0.0023714179
   0.0022315455    0.0047800220   -0.0034457614
  -0.0013343324    0.0008428534   -0.0057200127
   0.0030023467   -0.0042489475   -0.0034585270
  -0.0004853921   -0.0002756238   -0.0046845844
   0.0005031975   -0.0002699779   -0.0047012424
  -0.0029903186   -0.0042957801   -0.0034474665
   0.0000040615   -0.0025426018   -0.0025728766
   0.0026035923   -0.0014950640   -0.0023603852
   0.0000006117    0.0006075170   -0.0046978145
  -0.0025944362   -0.0014774798   -0.0023726833
  -0.0009089961   -0.0009123973    0.0013462365
   0.0009102263   -0.0009142340    0.0013501400
   0.0052401569   -0.0004222553   -0.0034538877
  -0.0052383009   -0.0004198041   -0.0034555311
  -0.0012605035   -0.0003098462    0.0013411540
   0.0000090927    0.0000265031    0.0149204560
   0.0012519548   -0.0003165646    0.0013491232
   0.0000365014   -0.0015449101   -0.0057167636
  -0.0022078883    0.0013036580   -0.0026075966
  -0.0003320031    0.0012779496    0.0013543264
   0.0003329261    0.0012775033    0.0013556664
   0.0022326805    0.0013062006   -0.0026555909
   0.0075151471    0.0035051900   -0.0189921939
   0.0046668273    0.0081809500   -0.0058851028
  -0.0042557063    0.0076600300   -0.0064967872
  -0.0060470695    0.0036002300   -0.0077914789
  -0.0018218850   -0.0003773000   -0.0067395941
   0.0109267679    0.0001839637   -0.0070514374
  -0.0001006955   -0.0000362012   -0.0079946193
  -0.0088236074   -0.0001922875   -0.0064986415
  -0.0101352663   -0.0006380655   -0.0079871250
   0.0092107194   -0.0001513443   -0.0082719032
   0.0046414805   -0.0074556094   -0.0064842982
  -0.0046030056   -0.0075139883   -0.0064825854
  -0.0067032778   -0.0038532610   -0.0081153754
   0.0000654315    0.0013667309   -0.0061420240
   0.0066959710   -0.0037792072   -0.0078324143
   0.0000474615   -0.0070852809   -0.0077864040
  -0.0056391490   -0.0083258828   -0.0079055343
   0.0012795405   -0.0005271606   -0.0061516482
  -0.0012060256   -0.0006779717   -0.0061472754
   0.0056233222   -0.0083335490   -0.0081829554
  -0.0008724306   -0.0018664357   -0.0069747832
   0.0046614079    0.0089971263   -0.0073410174
  -0.0000311955    0.0077778212   -0.0078663493
  -0.0044207974    0.0090734775   -0.0081833815
   0.0016627337    0.0009882755   -0.0051754850
   0.0764632020   -0.0001149877    0.1016939731
  -0.0039072379    0.0057799000   -0.0101632016
  -0.0026281490    0.0054413300   -0.0130545985
  -0.0050280772    0.0028862500   -0.0075447654
  -0.0045078341   -0.0032288100   -0.0074159627
   0.0045968494   -0.0042162952   -0.0105141067
   0.0000836667    0.0000716185   -0.0119332436
  -0.0060883020   -0.0005065375   -0.0131848623
  -0.0082218302   -0.0001935420   -0.0058894516
   0.0077633427    0.0017256791   -0.0041163572
   0.0034288388   -0.0049183633   -0.0130842003
  -0.0034975976   -0.0049612422   -0.0131958830
  -0.0045778993   -0.0025940929   -0.0075668516
   0.0000261131    0.0027537019   -0.0076045137
   0.0045482940   -0.0025099644   -0.0076620378
  -0.0000478769   -0.0057567219   -0.0075717637
  -0.0042992360   -0.0070812456   -0.0059626178
   0.0023792688   -0.0012472667   -0.0076012303
  -0.0023648876   -0.0013167778   -0.0077661330
   0.0042613707   -0.0070812671   -0.0058724816
  -0.0031237773    0.0000243909   -0.0069576872
   0.0024401194    0.0105402552   -0.0033073167
   0.0001595467    0.0051836015   -0.0076676836
  -0.0040438720    0.0072729875   -0.0058786623
   0.0026977498    0.0015815320   -0.0088981816
  -0.0525036470   -0.0263017136   -0.0522078119
   0.0002456197   -0.0048077236   -0.0122828924
  -0.0006965107    0.0006193319    0.0026931289
  -0.0004805268   -0.0008136659    0.0027143848
   0.0008627238   -0.0005879348    0.0020866192
  -0.0075164321    0.0303319449   -0.0320450713
   0.0008864404   -0.0007962613    0.0023552347
  -0.0005813025    0.0003735663    0.0034724151
   0.0006698387    0.0007401595    0.0026161607
  -0.0016137802    0.0017946097    0.0000917807
  -0.0003177173   -0.0011314618    0.0026576033
   0.0000364128   -0.0006210232    0.0033984783
  -0.0001780652   -0.0001020276    0.0028424710
   0.0004715263    0.0005272737    0.0021545076
  -0.0006999436    0.0008642648    0.0014998867
  -0.0009480858    0.0000726056    0.0027148097
   0.0009377440    0.0001439581    0.0026503665
   0.0006727903    0.0001156117    0.0022634302
  -0.0000979878    0.0000235748    0.0011532562
  -0.0006257929    0.0000577519    0.0021210905
   0.0002502550    0.0017843137    0.0023461305
   0.0018790034   -0.0008167341    0.0009736394
   0.0000074329   -0.0008427031    0.0017942238
  -0.0002342358   -0.0005935436    0.0021186427
   0.0004859902    0.0002743139    0.0027958112

126  
  0.0063155149003714  -0.0000000000000000   0.0077533393801115
   0.0001948343    0.0001625448    0.0016720125
  -0.0002163741    0.0000211111    0.0025063424
   0.0001052518   -0.0000213306    0.0032153783
  -0.0000527354    0.0000394369    0.0031609643
   0.0000582051   -0.0000828324    0.0027200413
  -0.0001398088   -0.0002447274    0.0026295526
  -0.0005993052   -0.0003471832    0.0026476018
  -0.0000072648    0.0005228444    0.0033782719
   0.0006686095   -0.0003462693    0.0028825295
   0.0000566356   -0.0000465430    0.0025327116
   0.0000274973    0.0001103969    0.0032807247
   0.0004497257   -0.0002658119    0.0033710816
  -0.0004162379   -0.0002333396    0.0033330949
  -0.0000679449    0.0000540326    0.0031541918
   0.0000468528   -0.0005793869    0.0027210056
  -0.0000000513   -0.0000576481    0.0031483097
   0.0000386269    0.0007680145    0.0028729814
   0.0000012901   -0.0000756773    0.0031511738
   0.0004923153    0.0002760107    0.0032779211
  -0.0004996909    0.0003061070    0.0032750890
  -0.0000341000    0.0000815354    0.0028076492
  -0.0000205203    0.0000417506    0.0024974590
  -0.0004913039    0.0003265235    0.0027436571
   0.0000103927   -0.0005818152    0.0032668044
   0.0005548228    0.0003172867    0.0027986919
   0.0034455972    0.0019950500    0.0111390796
  -0.0016045701    0.0031789100    0.0052565806
  -0.0000051587    0.0017843000    0.0156707872
   0.0016159871    0.0031699300    0.0052103256
  -0.0034267477    0.0020007800    0.0111995445
   0.0019425832   -0.0029845448    0.0052475549
  -0.0037941975   -0.0021903656    0.0113766341
   0.0037984358   -0.0021953396    0.0113676131
  -0.0019398155   -0.0029719394    0.0052256240
   0.0000009947   -0.0022988102    0.0153541418
   0.0015324465   -0.0008909115    0.0156670422
  -0.0000047881    0.0043942416    0.0113663353
  -0.0015368793   -0.0008826717    0.0156734012
   0.0005250897    0.0011413079    0.0157088114
  -0.0005143190    0.0011279946    0.0157190995
   0.0035475797   -0.0001638779    0.0052177014
  -0.0035430190   -0.0001836046    0.0052287895
   0.0012460265   -0.0001122185    0.0157052222
   0.0000040519    0.0000079584    0.0205394853
  -0.0012467193   -0.0001106183    0.0157061012
   0.0000115947   -0.0039627998    0.0112054518
  -0.0019933268    0.0011505848    0.0153563649
   0.0007188625   -0.0010013744    0.0157133741
  -0.0007237642   -0.0010143504    0.0157040931
   0.0020136045    0.0011573594    0.0153259740
   0.0015344930    0.0007957500   -0.0061388616
  -0.0023329259    0.0049134800   -0.0032120470
  -0.0000142830    0.0029867200   -0.0023902886
   0.0022516560    0.0047822400   -0.0034471071
  -0.0012523445    0.0011502700   -0.0054227184
   0.0031104105   -0.0045731797   -0.0032936404
  -0.0005266199   -0.0002905763   -0.0047662951
   0.0005085090   -0.0002864476   -0.0046718397
  -0.0029245391   -0.0043704017   -0.0034409235
  -0.0002234934   -0.0027449102   -0.0022669361
   0.0026149497   -0.0014772186   -0.0023894758
  -0.0000005734    0.0005938642   -0.0046693955
  -0.0026001829   -0.0014960742   -0.0023672418
  -0.0008785947   -0.0009531392    0.0013542500
   0.0008633322   -0.0008983604    0.0013023508
   0.0052518353   -0.0004659108   -0.0034614100
  -0.0052583378   -0.0003810396   -0.0034877392
  -0.0012562103   -0.0002756414    0.0013535942
   0.0000043366    0.0000155858    0.0149411545
   0.0012421971   -0.0003355558    0.0013677882
   0.0003673966   -0.0015782598   -0.0055431661
  -0.0024035695    0.0012358997   -0.0022928904
  -0.0003572599    0.0012470763    0.0013248349
   0.0003195490    0.0012541176    0.0013699303
   0.0021912609    0.0012964817   -0.0027154135
   0.0077476748    0.0006019968    0.0055181794
   0.0042133694    0.0071719351   -0.0056655426
  -0.0041538307    0.0077679981   -0.0064717394
  -0.0054035076    0.0042464705   -0.0076237826
   0.0478826858   -0.0258434652    0.0477200723
   0.0087918687   -0.0001235220   -0.0057347677
  -0.0000344963   -0.0000011797   -0.0082902199
  -0.0088966479   -0.0001767833   -0.0063926897
  -0.0099288297   -0.0014268329   -0.0079212908
   0.0077764518   -0.0020991030   -0.0064604516
   0.0046234761   -0.0075078900   -0.0064262751
  -0.0046176157   -0.0075570393   -0.0064160262
  -0.0066956588   -0.0039085727   -0.0081218575
   0.0001231763    0.0013584194   -0.0061251143
   0.0066305541   -0.0040090137   -0.0080937527
   0.0006460523   -0.0070380822   -0.0073673245
  -0.0054724317   -0.0078017085   -0.0075932979
   0.0011172932   -0.0005698487   -0.0060882071
  -0.0012283579   -0.0006972823   -0.0061433511
   0.0056073628   -0.0082172573   -0.0082148408
   0.0049148489    0.0278447206    0.0279556968
   0.0038659773    0.0080703083   -0.0073978951
  -0.0001874667    0.0078175500   -0.0080498163
  -0.0043441908    0.0089318346   -0.0082072316
   0.0036833508    0.0034501806   -0.0028224100
   0.0551523670    0.0278825236    0.0483966719
   0.0032528662    0.0046404048   -0.0131300992
  -0.0024504632    0.0055030759   -0.0132370448
  -0.0049952593    0.0034184681   -0.0069798089
   0.0015518703   -0.0000236364    0.0050387724
   0.0061246550    0.0002698563   -0.0130431005
  -0.0000715902   -0.0000081939   -0.0117645612
  -0.0061044042   -0.0005208764   -0.0131884327
  -0.0082903829   -0.0001853669   -0.0052840638
   0.0060162566    0.0010608941   -0.0040505494
   0.0035211758   -0.0049177056   -0.0132875497
  -0.0035321371   -0.0049533419   -0.0131782305
  -0.0045102522   -0.0026599248   -0.0075772062
  -0.0000655603    0.0028454283   -0.0078359702
   0.0046698960   -0.0025332381   -0.0076253465
   0.0001272173   -0.0062674382   -0.0072115933
  -0.0035346064   -0.0070160348   -0.0056050867
   0.0023326937   -0.0014707237   -0.0078545176
  -0.0023915848   -0.0013565424   -0.0078350010
   0.0041836772   -0.0072358668   -0.0059078983
   0.0041861921   -0.0263502349    0.0259462413
   0.0057654102    0.0049337203   -0.0032761007
   0.0000874413    0.0053722805   -0.0076570607
  -0.0041779475    0.0072206037   -0.0059217151
   0.0023403196    0.0026672213   -0.0077591947
  -0.1355512439   -0.0017234056   -0.1985658768
   0.0021281971    0.0050378100   -0.0009977832
   0.0010903103    0.0000725500    0.0032215667
   0.0006466941   -0.0006711600    0.0031513150
   0.0026270578   -0.0063743900   -0.0012411214
   0.0015142787   -0.0054456224   -0.0011282127
   0.0010558798    0.0000090108    0.0032456640
  -0.0006394945    0.0003704757    0.0033389762
   0.0009832908    0.0011626478    0.0026613670
   0.0022350701    0.0055739736   -0.0010634918
   0.0003045186    0.0006775514    0.0032460914
   0.0000478877   -0.0007453475    0.0033595047
  -0.0001873462   -0.0000863912    0.0027844578
   0.0003755717   -0.0001938176    0.0025891205
   0.0006863100    0.0006185806    0.0020989055
  -0.0009123283    0.0004682576    0.0031574605
   0.0020196300    0.0001001894    0.0026345055
   0.0007222686   -0.0003820514    0.0025721214
   0.0000143377    0.0000284675    0.0011340747
  -0.0006154062   -0.0000241288    0.0021730878
   0.0022135601    0.0067594764   -0.0012075718
   0.0016993887   -0.0053279276   -0.0009006427
   0.0007700798   -0.0002482708    0.0020838040
  -0.0003451045   -0.0005629757    0.0021650062
   0.0008074008   -0.0001274678    0.0027831770

126  
 -0.0063155149003714   0.0000000000000000  -0.0077533393801115
  -0.0001975586   -0.0001660288    0.0014816076
   0.0000576294   -0.0000596654    0.0028189411
   0.0000170876    0.0000339111    0.0030060594
  -0.0000903810   -0.0000278376    0.0030588725
   0.0000900615    0.0000409715    0.0026073318
   0.0000150500    0.0001289127    0.0026909346
  -0.0007494394   -0.0004394842    0.0030460037
  -0.0000022483    0.0004386355    0.0033136696
   0.0006746963   -0.0004295657    0.0028093080
   0.0000531451   -0.0000613528    0.0027958933
   0.0000393816    0.0000008810    0.0029411322
   0.0003821838   -0.0002140294    0.0033202602
  -0.0004270539   -0.0002452496    0.0033596443
  -0.0000079321    0.0000509070    0.0030675093
  -0.0000585227   -0.0006974959    0.0027387799
  -0.0000548200   -0.0000586052    0.0030735090
  -0.0000474365    0.0007889190    0.0028182954
   0.0000410512   -0.0000451534    0.0030687361
   0.0005341942    0.0003089823    0.0031490884
  -0.0005358689    0.0002873444    0.0031524204
   0.0000729538    0.0000670127    0.0025158914
  -0.0000315505    0.0001159414    0.0028285009
  -0.0006201805    0.0003205854    0.0027134666
  -0.0000149544   -0.0005997045    0.0031606464
   0.0005430506    0.0003195486    0.0026597525
   0.0034398308    0.0019827200    0.0112241887
  -0.0016233853    0.0031552200    0.0051912380
  -0.0000047818    0.0017920700    0.0156948732
   0.0015977192    0.0031706100    0.0052273401
  -0.0034663505    0.0019857000    0.0111656899
   0.0019276019   -0.0029809214    0.0051890793
  -0.0037971320   -0.0021917043    0.0113671767
   0.0037814031   -0.0021864600    0.0113783662
  -0.0019393083   -0.0029952276    0.0052206694
  -0.0000121554   -0.0022980414    0.0153118703
   0.0015617539   -0.0008950785    0.0156832078
  -0.0000006820    0.0043708180    0.0113781447
  -0.0015677412   -0.0009036878    0.0156830881
   0.0005177196    0.0011235545    0.0157359163
  -0.0005439002    0.0011439577    0.0157294186
   0.0035486896   -0.0002099545    0.0052311863
  -0.0035647302   -0.0001920777    0.0052208986
   0.0012309839   -0.0001212415    0.0157325178
  -0.0000049120   -0.0000068280    0.0205762947
  -0.0012495512   -0.0001214322    0.0157401381
  -0.0000198854   -0.0039960186    0.0111652003
  -0.0020017081    0.0011501814    0.0152990093
   0.0007216480   -0.0010308257    0.0157330967
  -0.0007258069   -0.0010232100    0.0157396262
   0.0019672517    0.0011355876    0.0153268494
   0.0011878320    0.0007835000   -0.0053212127
  -0.0021383095    0.0046114600   -0.0036874484
   0.0000039534    0.0030141000   -0.0023770184
   0.0022052879    0.0047483200   -0.0034435708
  -0.0014772236    0.0004414600   -0.0060215574
   0.0029022380   -0.0040682143   -0.0035939711
  -0.0004890505   -0.0002945103   -0.0046030818
   0.0004948339   -0.0002987101   -0.0046991127
  -0.0030962381   -0.0042682873   -0.0034578550
   0.0002127416   -0.0024141762   -0.0030392755
   0.0025792899   -0.0015209060   -0.0023626590
  -0.0000056375    0.0005775841   -0.0047005240
  -0.0026036401   -0.0015031416   -0.0023908293
  -0.0009609118   -0.0008841271    0.0013421998
   0.0009605289   -0.0009322201    0.0013905968
   0.0052284882   -0.0004268429   -0.0034403802
  -0.0052347811   -0.0005122699   -0.0034138032
  -0.0012598001   -0.0004019340    0.0013499110
  -0.0000056975   -0.0000145241    0.0148976160
   0.0012559599   -0.0003412384    0.0013272707
  -0.0003676184   -0.0015787938   -0.0059076555
  -0.0020743620    0.0013434543   -0.0030040911
  -0.0003150505    0.0012680203    0.0013706082
   0.0003430039    0.0012554601    0.0013277273
   0.0022707719    0.0012741473   -0.0025844150
   0.0042276113    0.0063060166   -0.0211373229
   0.0042322168    0.0083199751   -0.0073283272
  -0.0043271780    0.0077370058   -0.0065113047
  -0.0066756019    0.0027291346   -0.0079977933
  -0.0497983325    0.0228019905   -0.0606738163
   0.0088503272   -0.0002949771   -0.0072396701
   0.0000317728    0.0000036528   -0.0083990971
  -0.0087743604   -0.0002373735   -0.0065946180
  -0.0102158695    0.0000126936   -0.0084531443
   0.0123328317    0.0006978822   -0.0099006594
   0.0045606120   -0.0075833453   -0.0065620234
  -0.0045798728   -0.0075357914   -0.0065716590
  -0.0067242159   -0.0038363050   -0.0080658199
  -0.0001299957    0.0014570820   -0.0061565621
   0.0067763202   -0.0037362335   -0.0080942387
  -0.0006530085   -0.0068963391   -0.0082281204
  -0.0058264078   -0.0089114378   -0.0087689983
   0.0013139106   -0.0008342344   -0.0061949609
  -0.0012134554   -0.0007089724   -0.0061359788
   0.0056619455   -0.0085184050   -0.0081398106
  -0.0085003556   -0.0265180447   -0.0395530188
   0.0049507212    0.0100626641   -0.0089702525
   0.0001783836    0.0076719550   -0.0081416843
  -0.0045189235    0.0092025898   -0.0081479973
  -0.0000971489   -0.0013747106   -0.0081301099
  -0.0432966702   -0.0209810182   -0.0618265976
   0.0018616237    0.0063698203   -0.0133246848
  -0.0026686581    0.0054965280   -0.0132373710
  -0.0049291770    0.0023094121   -0.0084491913
  -0.0014850664   -0.0062733902   -0.0227688087
   0.0059557743   -0.0013579654   -0.0134068344
   0.0000669186    0.0000081171   -0.0118971511
  -0.0059869523   -0.0005484205   -0.0132819304
  -0.0082872530   -0.0001643122   -0.0065845185
   0.0105803299   -0.0014057051   -0.0078050898
   0.0034397490   -0.0050083921   -0.0131852230
  -0.0034419844   -0.0049765289   -0.0132912643
  -0.0045997058   -0.0025970606   -0.0076798153
   0.0000609559    0.0026048545   -0.0077883984
   0.0044286833   -0.0027211905   -0.0076324271
  -0.0001171779   -0.0051886281   -0.0082125905
  -0.0050649774   -0.0071775667   -0.0062687584
   0.0023822881   -0.0012557886   -0.0077716710
  -0.0023343219   -0.0013682823   -0.0077902790
   0.0044005889   -0.0069523463   -0.0059502637
  -0.0096536453    0.0286884407   -0.0430316991
   0.0022626473    0.0095788299   -0.0085699700
  -0.0000898770    0.0051417539   -0.0076006903
  -0.0038196293    0.0073124912   -0.0059366943
   0.0030907820    0.0004535111   -0.0099741476
   0.1348427828    0.0000115444    0.2053497917
  -0.0010937878   -0.0068084300    0.0064476614
  -0.0010853241    0.0004247100    0.0024033550
  -0.0014224803   -0.0011444600    0.0022478933
  -0.0012807871    0.0054720600    0.0067649432
  -0.0026533301    0.0071304736    0.0064665618
   0.0001629792    0.0006899478    0.0034418730
  -0.0005928555    0.0003370057    0.0033448438
   0.0002033202    0.0003928008    0.0027404960
  -0.0022959387   -0.0064429724    0.0067938927
   0.0001205083   -0.0009270476    0.0023718395
  -0.0000529638   -0.0006716112    0.0033249322
  -0.0002499677   -0.0001612875    0.0028300053
   0.0003288814    0.0013451914    0.0017409286
  -0.0014063400    0.0005232906    0.0022365945
  -0.0010434886   -0.0002193514    0.0022411386
  -0.0000730500    0.0001541094    0.0027722345
   0.0006228383    0.0004232176    0.0017672595
  -0.0000182238   -0.0000285288    0.0011554522
  -0.0007464377    0.0000670175    0.0021630353
  -0.0022944787   -0.0049469176    0.0066670827
  -0.0024853301    0.0057481864    0.0066772918
  -0.0001394008   -0.0009428378    0.0022678430
  -0.0002986755   -0.0006313257    0.0021712238
   0.0000426502    0.0006278692    0.0028760660
