   3   48
1 1
    26.938514648720208    -0.000000000000003     0.000000000000000
    -0.000000000000003    26.938514648720211     0.000000000000000
     0.000000000000000     0.000000000000000    29.246183744122831
1 2
    -1.067043606802383    -0.975229535513366     0.000000000000000
     0.975229535513317    -0.426314291327487     0.000000000000000
     0.000000000000000     0.000000000000000     0.668545268079250
1 3
    -0.286920729921178    -0.000000000000006     0.000000000000000
    -0.000000000000006     0.082770209170478     0.000000000000000
     0.000000000000000     0.000000000000000    -0.142607375627523
1 4
    -1.067043606802383     0.975229535513317     0.000000000000000
    -0.975229535513366    -0.426314291327487     0.000000000000000
     0.000000000000000     0.000000000000000     0.668545268079250
1 5
    -0.586496620196190     0.697785603437989     0.000000000000000
    -1.252673467588695    -0.906861277933684     0.000000000000000
     0.000000000000000     0.000000000000000     0.668545268079249
1 6
    -0.069105675741058     0.075781241928116     0.000000000000000
     0.075781241928116    -0.156610316594510     0.000000000000000
     0.000000000000000     0.000000000000000    -0.020050946061360
1 7
    -0.069105675741061    -0.075781241928119     0.000000000000000
    -0.075781241928119    -0.156610316594512     0.000000000000000
     0.000000000000000     0.000000000000000    -0.020050946061360
1 8
    -0.586496620196227    -0.697785603437950     0.000000000000000
     1.252673467588734    -0.906861277933644     0.000000000000000
     0.000000000000000     0.000000000000000     0.668545268079249
1 9
    -0.009652525602435    -0.160080872401150     0.000000000000000
    -0.160080872401150    -0.194497995148275     0.000000000000000
     0.000000000000000     0.000000000000000    -0.142607375627523
1 10
    -0.200362637021244     0.000000000000001     0.000000000000000
     0.000000000000001    -0.025353355314338     0.000000000000000
     0.000000000000000     0.000000000000000    -0.020050946061360
1 11
    -0.009652525602449     0.160080872401158     0.000000000000000
     0.160080872401158    -0.194497995148267     0.000000000000000
     0.000000000000000     0.000000000000000    -0.142607375627523
1 12
    -0.200362637021244     0.000000000000001     0.000000000000000
     0.000000000000001    -0.025353355314338     0.000000000000000
     0.000000000000000     0.000000000000000    -0.020050946061360
1 13
    -0.586496620196190    -1.252673467588695     0.000000000000000
     0.697785603437989    -0.906861277933684     0.000000000000000
     0.000000000000000     0.000000000000000     0.668545268079249
1 14
    -0.586496620196227     1.252673467588734     0.000000000000000
    -0.697785603437950    -0.906861277933644     0.000000000000000
     0.000000000000000     0.000000000000000     0.668545268079249
1 15
    -0.069105675741061    -0.075781241928119     0.000000000000000
    -0.075781241928119    -0.156610316594512     0.000000000000000
     0.000000000000000     0.000000000000000    -0.020050946061360
1 16
    -0.069105675741058     0.075781241928116     0.000000000000000
     0.075781241928116    -0.156610316594510     0.000000000000000
     0.000000000000000     0.000000000000000    -0.020050946061360
1 17
    -4.573781566711869    -1.780594403510759     3.352741871493851
    -1.780594403510761    -2.517728250343491     1.935706422030475
     3.360440840015808     1.940151423579110    -5.008504659173248
1 18
    -0.074830974663617     0.102807354613378    -0.003392236084602
    -0.026628996441017    -0.025995088673546    -0.011402465998194
     0.051574219489649    -0.014593102201324    -0.077688975170387
1 19
    -0.074830974663617    -0.102807354613382     0.003392236084601
     0.026628996441014    -0.025995088673549    -0.011402465998194
    -0.051574219489649    -0.014593102201326    -0.077688975170387
1 20
    -4.573781566711959     1.780594403510555    -3.352741871493885
     1.780594403510555    -2.517728250343306     1.935706422030315
    -3.360440840015842     1.940151423578949    -5.008504659173243
1 21
    -0.005217863473136    -0.066820144925968    -0.011570943262525
     0.062616206128427    -0.095608199864035     0.002763470374198
     0.013149112518455     0.051961135359056    -0.077688975170387
1 22
     0.025874231296351     0.000000000000000     0.000000000000000
     0.000000000000000     0.025874231296353     0.000000000000000
     0.000000000000000     0.000000000000000    -0.028599152825718
1 23
    -0.005217863473136     0.066820144925969     0.011570943262525
    -0.062616206128426    -0.095608199864035     0.002763470374198
    -0.013149112518455     0.051961135359055    -0.077688975170387
1 24
     0.444258400454654     0.000000000000010     0.000000000000000
     0.000000000000010    -0.319287044049217     0.174425538960505
     0.000000000000000     0.213204065836465    -0.287524195859202
1 25
    -0.071190256868993     0.024527027042243    -0.008178707177923
    -0.104909324012152    -0.029635806468175     0.008638995623996
    -0.038425106971195    -0.037368033157730    -0.077688975170387
1 26
    -0.071190256868994    -0.024527027042244     0.008178707177923
     0.104909324012152    -0.029635806468173     0.008638995623996
     0.038425106971196    -0.037368033157730    -0.077688975170387
1 27
    -0.006044165854439    -0.004047542441464    -0.015340170574277
    -0.004047542441464    -0.001370466418168    -0.008856651610474
    -0.007958903812941    -0.004595075258856     0.009385264757193
1 28
    -0.006044165854439     0.004047542441464     0.015340170574277
     0.004047542441464    -0.001370466418167    -0.008856651610474
     0.007958903812941    -0.004595075258856     0.009385264757193
1 29
    -1.489701592158880     0.000000000000045     0.000000000000042
     0.000000000000045    -5.601808224896615    -3.871412844060744
     0.000000000000042    -3.880302847158012    -5.008504659173244
1 30
    -0.128400682923230     0.330624875942116     0.151056947808584
     0.330624875942116     0.253372039328728    -0.087212769480249
     0.184640137204501    -0.106602032918228    -0.287524195859202
1 31
     0.000966383299968     0.000000000000000    -0.000000000000000
     0.000000000000000    -0.008381015572575     0.017713303220948
    -0.000000000000000     0.009190150517712     0.009385264757193
1 32
    -0.128400682923219    -0.330624875942123    -0.151056947808583
    -0.330624875942123     0.253372039328708    -0.087212769480251
    -0.184640137204500    -0.106602032918231    -0.287524195859202
1 33
    -4.573781566712143    -1.780594403510675    -3.352741871493947
    -1.780594403510675    -2.517728250343273    -1.935706422030365
    -3.360440840015904    -1.940151423578999    -5.008504659173244
1 34
    -0.074830974663623     0.102807354613379     0.003392236084601
    -0.026628996441016    -0.025995088673545     0.011402465998194
    -0.051574219489651     0.014593102201324    -0.077688975170387
1 35
    -0.074830974663621    -0.102807354613380    -0.003392236084602
     0.026628996441015    -0.025995088673547     0.011402465998194
     0.051574219489651     0.014593102201325    -0.077688975170387
1 36
    -4.573781566712322     1.780594403510640     3.352741871494025
     1.780594403510640    -2.517728250343172    -1.935706422030288
     3.360440840015982    -1.940151423578922    -5.008504659173244
1 37
    -0.005217863473136    -0.066820144925967     0.011570943262525
     0.062616206128428    -0.095608199864028    -0.002763470374198
    -0.013149112518455    -0.051961135359054    -0.077688975170387
1 38
     0.025874231296353    -0.000000000000000     0.000000000000000
    -0.000000000000000     0.025874231296351     0.000000000000000
     0.000000000000000     0.000000000000000    -0.028599152825718
1 39
    -0.005217863473136     0.066820144925970    -0.011570943262525
    -0.062616206128425    -0.095608199864028    -0.002763470374198
     0.013149112518456    -0.051961135359054    -0.077688975170387
1 40
     0.444258400454685     0.000000000000008     0.000000000000002
     0.000000000000008    -0.319287044049195    -0.174425538960499
     0.000000000000002    -0.213204065836458    -0.287524195859202
1 41
    -0.071190256868997     0.024527027042244     0.008178707177924
    -0.104909324012151    -0.029635806468172    -0.008638995623996
     0.038425106971196     0.037368033157729    -0.077688975170387
1 42
    -0.071190256869000    -0.024527027042242    -0.008178707177923
     0.104909324012153    -0.029635806468172    -0.008638995623996
    -0.038425106971197     0.037368033157729    -0.077688975170387
1 43
    -0.006044165854439    -0.004047542441464     0.015340170574277
    -0.004047542441464    -0.001370466418167     0.008856651610474
     0.007958903812941     0.004595075258856     0.009385264757193
1 44
    -0.006044165854439     0.004047542441464    -0.015340170574278
     0.004047542441464    -0.001370466418167     0.008856651610473
    -0.007958903812942     0.004595075258856     0.009385264757193
1 45
    -1.489701592158984     0.000000000000130    -0.000000000000088
     0.000000000000130    -5.601808224896225     3.871412844060609
    -0.000000000000089     3.880302847157877    -5.008504659173244
1 46
    -0.128400682923247     0.330624875942114    -0.151056947808590
     0.330624875942114     0.253372039328702     0.087212769480248
    -0.184640137204509     0.106602032918227    -0.287524195859202
1 47
     0.000966383299969     0.000000000000000     0.000000000000000
     0.000000000000000    -0.008381015572574    -0.017713303220947
     0.000000000000000    -0.009190150517712     0.009385264757193
1 48
    -0.128400682923220    -0.330624875942125     0.151056947808587
    -0.330624875942125     0.253372039328698     0.087212769480247
     0.184640137204505     0.106602032918225    -0.287524195859202
17 1
    -4.573781566711869    -1.780594403510761     3.360440840015808
    -1.780594403510759    -2.517728250343491     1.940151423579110
     3.352741871493851     1.935706422030475    -5.008504659173248
17 2
    -4.573781566711959     1.780594403510555    -3.360440840015842
     1.780594403510555    -2.517728250343306     1.940151423578949
    -3.352741871493885     1.935706422030315    -5.008504659173243
17 3
    -0.074830974663617     0.026628996441014    -0.051574219489649
    -0.102807354613382    -0.025995088673549    -0.014593102201326
     0.003392236084601    -0.011402465998194    -0.077688975170387
17 4
    -0.074830974663617    -0.026628996441017     0.051574219489649
     0.102807354613378    -0.025995088673546    -0.014593102201324
    -0.003392236084602    -0.011402465998194    -0.077688975170387
17 5
    -1.489701592158880     0.000000000000045     0.000000000000042
     0.000000000000045    -5.601808224896615    -3.880302847158012
     0.000000000000042    -3.871412844060744    -5.008504659173244
17 6
    -0.128400682923219    -0.330624875942123    -0.184640137204500
    -0.330624875942123     0.253372039328708    -0.106602032918231
    -0.151056947808583    -0.087212769480251    -0.287524195859202
17 7
     0.000966383299968     0.000000000000000    -0.000000000000000
     0.000000000000000    -0.008381015572575     0.009190150517712
    -0.000000000000000     0.017713303220948     0.009385264757193
17 8
    -0.128400682923230     0.330624875942116     0.184640137204501
     0.330624875942116     0.253372039328728    -0.106602032918228
     0.151056947808584    -0.087212769480249    -0.287524195859202
17 9
    -0.071190256868993    -0.104909324012152    -0.038425106971195
     0.024527027042243    -0.029635806468175    -0.037368033157730
    -0.008178707177923     0.008638995623996    -0.077688975170387
17 10
    -0.006044165854439     0.004047542441464     0.007958903812941
     0.004047542441464    -0.001370466418167    -0.004595075258856
     0.015340170574277    -0.008856651610474     0.009385264757193
17 11
    -0.006044165854439    -0.004047542441464    -0.007958903812941
    -0.004047542441464    -0.001370466418168    -0.004595075258856
    -0.015340170574277    -0.008856651610474     0.009385264757193
17 12
    -0.071190256868994     0.104909324012152     0.038425106971196
    -0.024527027042244    -0.029635806468173    -0.037368033157730
     0.008178707177923     0.008638995623996    -0.077688975170387
17 13
    -0.005217863473136     0.062616206128427     0.013149112518455
    -0.066820144925968    -0.095608199864035     0.051961135359056
    -0.011570943262525     0.002763470374198    -0.077688975170387
17 14
     0.444258400454654     0.000000000000010     0.000000000000000
     0.000000000000010    -0.319287044049217     0.213204065836465
     0.000000000000000     0.174425538960505    -0.287524195859202
17 15
    -0.005217863473136    -0.062616206128426    -0.013149112518455
     0.066820144925969    -0.095608199864035     0.051961135359055
     0.011570943262525     0.002763470374198    -0.077688975170387
17 16
     0.025874231296351     0.000000000000000     0.000000000000000
     0.000000000000000     0.025874231296353     0.000000000000000
     0.000000000000000     0.000000000000000    -0.028599152825718
17 17
    12.499362668429233     0.000000000000145     0.000000000000000
     0.000000000000145    12.499362668430109     0.000000000000000
     0.000000000000000     0.000000000000000    15.711003095974299
17 18
    -0.803338945765429     0.041906256249034    -0.158147168932357
    -0.041906256249071     0.071999820447260    -0.023241765718662
     0.158147168932357    -0.023241765718655     0.367019382726784
17 19
     0.000715622210926     0.000000000000000     0.000000000000000
     0.000000000000000    -0.006912489672407     0.008404424645769
     0.000000000000000     0.008404424645769     0.063574043178162
17 20
    -0.803338945765429    -0.041906256249071     0.158147168932357
     0.041906256249034     0.071999820447260    -0.023241765718655
    -0.158147168932357    -0.023241765718662     0.367019382726784
17 21
    -0.146834871105913    -0.420939060477826    -0.099201544007341
    -0.337126547979721    -0.584504254212321    -0.125338582972689
     0.058945624925015     0.148580348691346     0.367019382726784
17 22
     0.020455054617289     0.013937049060776     0.006930356531529
     0.013937049060776     0.004361936563396     0.004001243209059
    -0.002435942772312    -0.001406392215325     0.001016570150056
17 23
     0.020455054617290    -0.013937049060775    -0.006930356531529
    -0.013937049060775     0.004361936563395     0.004001243209058
     0.002435942772312    -0.001406392215325     0.001016570150056
17 24
    -0.146834871105930     0.420939060477834     0.099201544007344
     0.337126547979729    -0.584504254212292    -0.125338582972686
    -0.058945624925019     0.148580348691343     0.367019382726784
17 25
    -0.005005461701573     0.003303069336938     0.007278445247427
     0.003303069336938    -0.001191405759907    -0.004202212322884
     0.007278445247427    -0.004202212322884     0.063574043178162
17 26
    -0.003684622463552    -0.000000000000000     0.000000000000000
    -0.000000000000000     0.028501613644238    -0.008002486418117
    -0.000000000000000     0.002812784430650     0.001016570150056
17 27
    -0.005005461701573    -0.003303069336938    -0.007278445247427
    -0.003303069336938    -0.001191405759907    -0.004202212322884
    -0.007278445247427    -0.004202212322884     0.063574043178162
17 28
    -0.003684622463552    -0.000000000000000    -0.000000000000000
    -0.000000000000000     0.028501613644238     0.002812784430650
     0.000000000000000    -0.008002486418117     0.001016570150056
17 29
    -0.146834871105913    -0.337126547979721     0.058945624925015
    -0.420939060477826    -0.584504254212321     0.148580348691346
    -0.099201544007341    -0.125338582972689     0.367019382726784
17 30
    -0.146834871105930     0.337126547979729    -0.058945624925019
     0.420939060477834    -0.584504254212292     0.148580348691343
     0.099201544007344    -0.125338582972686     0.367019382726784
17 31
     0.020455054617290    -0.013937049060775     0.002435942772312
    -0.013937049060775     0.004361936563395    -0.001406392215325
    -0.006930356531529     0.004001243209058     0.001016570150056
17 32
     0.020455054617289     0.013937049060776    -0.002435942772312
     0.013937049060776     0.004361936563396    -0.001406392215325
     0.006930356531529     0.004001243209059     0.001016570150056
17 33
     0.223966726504129     0.000000000000000     0.000000000000000
     0.000000000000000     0.223966726504129     0.000000000000000
     0.000000000000000     0.000000000000000    -1.840646362911446
17 34
    -0.167984004257481    -0.161517345504041    -0.163767061670055
     0.161517345504034     0.215851191276165     0.162802114879078
    -0.163767061670055    -0.162802114879086    -0.019871014943864
17 35
    -0.011861886783559    -0.000000000000000    -0.000000000000000
    -0.000000000000000     0.032544175184974    -0.004656678788101
     0.000000000000000     0.004656678788101    -0.009712854728335
17 36
    -0.167984004257481     0.161517345504034     0.163767061670055
    -0.161517345504041     0.215851191276165     0.162802114879086
     0.163767061670055    -0.162802114879078    -0.019871014943864
17 37
     0.119892392392750    -0.004688169595312     0.059107236440089
    -0.327722860603387    -0.072025205374079    -0.223227493148944
    -0.222874298110143    -0.060425378269866    -0.019871014943864
17 38
    -0.007167151570058    -0.003303547009736    -0.014820361825205
    -0.003303547009736    -0.003352544059356    -0.008556539889271
     0.001770093761457     0.001021964109668     0.038955641443935
17 39
    -0.007167151570058     0.003303547009736     0.014820361825205
     0.003303547009736    -0.003352544059356    -0.008556539889270
    -0.001770093761457     0.001021964109668     0.038955641443935
17 40
     0.119892392392741     0.004688169595315    -0.059107236440082
     0.327722860603390    -0.072025205374074    -0.223227493148944
     0.222874298110147    -0.060425378269863    -0.019871014943864
17 41
     0.021442659692840    -0.019228388873387    -0.004032802127760
    -0.019228388873387    -0.000760371291427     0.002328339394050
     0.004032802127760    -0.002328339394050    -0.009712854728335
17 42
    -0.001445240304004     0.000000000000000    -0.000000000000000
     0.000000000000000    -0.009074455325410     0.017113079778540
     0.000000000000000    -0.002043928219336     0.038955641443935
17 43
     0.021442659692839     0.019228388873387     0.004032802127760
     0.019228388873387    -0.000760371291427     0.002328339394050
    -0.004032802127760    -0.002328339394050    -0.009712854728335
17 44
    -0.001445240304004     0.000000000000000    -0.000000000000000
     0.000000000000000    -0.009074455325410     0.002043928219336
     0.000000000000000    -0.017113079778540     0.038955641443935
17 45
     0.119892392392753    -0.327722860603387     0.222874298110145
    -0.004688169595312    -0.072025205374078     0.060425378269865
    -0.059107236440089     0.223227493148939    -0.019871014943864
17 46
     0.119892392392740     0.327722860603390    -0.222874298110149
     0.004688169595314    -0.072025205374077     0.060425378269865
     0.059107236440079     0.223227493148936    -0.019871014943864
17 47
    -0.007167151570059     0.003303547009736     0.001770093761457
     0.003303547009736    -0.003352544059355    -0.001021964109668
    -0.014820361825206     0.008556539889270     0.038955641443935
17 48
    -0.007167151570059    -0.003303547009736    -0.001770093761457
    -0.003303547009736    -0.003352544059355    -0.001021964109668
     0.014820361825206     0.008556539889270     0.038955641443935
33 1
    -4.573781566712143    -1.780594403510675    -3.360440840015904
    -1.780594403510675    -2.517728250343273    -1.940151423578999
    -3.352741871493947    -1.935706422030365    -5.008504659173244
33 2
    -4.573781566712322     1.780594403510640     3.360440840015982
     1.780594403510640    -2.517728250343172    -1.940151423578922
     3.352741871494025    -1.935706422030288    -5.008504659173244
33 3
    -0.074830974663621     0.026628996441015     0.051574219489651
    -0.102807354613380    -0.025995088673547     0.014593102201325
    -0.003392236084602     0.011402465998194    -0.077688975170387
33 4
    -0.074830974663623    -0.026628996441016    -0.051574219489651
     0.102807354613379    -0.025995088673545     0.014593102201324
     0.003392236084601     0.011402465998194    -0.077688975170387
33 5
    -1.489701592158984     0.000000000000130    -0.000000000000089
     0.000000000000130    -5.601808224896225     3.880302847157877
    -0.000000000000088     3.871412844060609    -5.008504659173244
33 6
    -0.128400682923220    -0.330624875942125     0.184640137204505
    -0.330624875942125     0.253372039328698     0.106602032918225
     0.151056947808587     0.087212769480247    -0.287524195859202
33 7
     0.000966383299969     0.000000000000000     0.000000000000000
     0.000000000000000    -0.008381015572574    -0.009190150517712
     0.000000000000000    -0.017713303220947     0.009385264757193
33 8
    -0.128400682923247     0.330624875942114    -0.184640137204509
     0.330624875942114     0.253372039328702     0.106602032918227
    -0.151056947808590     0.087212769480248    -0.287524195859202
33 9
    -0.071190256868997    -0.104909324012151     0.038425106971196
     0.024527027042244    -0.029635806468172     0.037368033157729
     0.008178707177924    -0.008638995623996    -0.077688975170387
33 10
    -0.006044165854439     0.004047542441464    -0.007958903812942
     0.004047542441464    -0.001370466418167     0.004595075258856
    -0.015340170574278     0.008856651610473     0.009385264757193
33 11
    -0.006044165854439    -0.004047542441464     0.007958903812941
    -0.004047542441464    -0.001370466418167     0.004595075258856
     0.015340170574277     0.008856651610474     0.009385264757193
33 12
    -0.071190256869000     0.104909324012153    -0.038425106971197
    -0.024527027042242    -0.029635806468172     0.037368033157729
    -0.008178707177923    -0.008638995623996    -0.077688975170387
33 13
    -0.005217863473136     0.062616206128428    -0.013149112518455
    -0.066820144925967    -0.095608199864028    -0.051961135359054
     0.011570943262525    -0.002763470374198    -0.077688975170387
33 14
     0.444258400454685     0.000000000000008     0.000000000000002
     0.000000000000008    -0.319287044049195    -0.213204065836458
     0.000000000000002    -0.174425538960499    -0.287524195859202
33 15
    -0.005217863473136    -0.062616206128425     0.013149112518456
     0.066820144925970    -0.095608199864028    -0.051961135359054
    -0.011570943262525    -0.002763470374198    -0.077688975170387
33 16
     0.025874231296353    -0.000000000000000     0.000000000000000
    -0.000000000000000     0.025874231296351     0.000000000000000
     0.000000000000000     0.000000000000000    -0.028599152825718
33 17
     0.223966726504129     0.000000000000000     0.000000000000000
     0.000000000000000     0.223966726504129     0.000000000000000
     0.000000000000000     0.000000000000000    -1.840646362911446
33 18
    -0.167984004257481    -0.161517345504041     0.163767061670055
     0.161517345504034     0.215851191276165    -0.162802114879078
     0.163767061670055     0.162802114879086    -0.019871014943864
33 19
    -0.011861886783559    -0.000000000000000     0.000000000000000
    -0.000000000000000     0.032544175184974     0.004656678788101
    -0.000000000000000    -0.004656678788101    -0.009712854728335
33 20
    -0.167984004257481     0.161517345504034    -0.163767061670055
    -0.161517345504041     0.215851191276165    -0.162802114879086
    -0.163767061670055     0.162802114879078    -0.019871014943864
33 21
     0.119892392392753    -0.004688169595312    -0.059107236440089
    -0.327722860603387    -0.072025205374078     0.223227493148939
     0.222874298110145     0.060425378269865    -0.019871014943864
33 22
    -0.007167151570059    -0.003303547009736     0.014820361825206
    -0.003303547009736    -0.003352544059355     0.008556539889270
    -0.001770093761457    -0.001021964109668     0.038955641443935
33 23
    -0.007167151570059     0.003303547009736    -0.014820361825206
     0.003303547009736    -0.003352544059355     0.008556539889270
     0.001770093761457    -0.001021964109668     0.038955641443935
33 24
     0.119892392392740     0.004688169595314     0.059107236440079
     0.327722860603390    -0.072025205374077     0.223227493148936
    -0.222874298110149     0.060425378269865    -0.019871014943864
33 25
     0.021442659692840    -0.019228388873387     0.004032802127760
    -0.019228388873387    -0.000760371291427    -0.002328339394050
    -0.004032802127760     0.002328339394050    -0.009712854728335
33 26
    -0.001445240304004     0.000000000000000     0.000000000000000
     0.000000000000000    -0.009074455325410    -0.017113079778540
    -0.000000000000000     0.002043928219336     0.038955641443935
33 27
     0.021442659692839     0.019228388873387    -0.004032802127760
     0.019228388873387    -0.000760371291427    -0.002328339394050
     0.004032802127760     0.002328339394050    -0.009712854728335
33 28
    -0.001445240304004     0.000000000000000     0.000000000000000
     0.000000000000000    -0.009074455325410    -0.002043928219336
    -0.000000000000000     0.017113079778540     0.038955641443935
33 29
     0.119892392392750    -0.327722860603387    -0.222874298110143
    -0.004688169595312    -0.072025205374079    -0.060425378269866
     0.059107236440089    -0.223227493148944    -0.019871014943864
33 30
     0.119892392392741     0.327722860603390     0.222874298110147
     0.004688169595315    -0.072025205374074    -0.060425378269863
    -0.059107236440082    -0.223227493148944    -0.019871014943864
33 31
    -0.007167151570058     0.003303547009736    -0.001770093761457
     0.003303547009736    -0.003352544059356     0.001021964109668
     0.014820361825205    -0.008556539889270     0.038955641443935
33 32
    -0.007167151570058    -0.003303547009736     0.001770093761457
    -0.003303547009736    -0.003352544059356     0.001021964109668
    -0.014820361825205    -0.008556539889271     0.038955641443935
33 33
    12.499362668430109    -0.000000000000149     0.000000000000000
    -0.000000000000149    12.499362668429237     0.000000000000000
     0.000000000000000     0.000000000000000    15.711003095974299
33 34
    -0.803338945765485     0.041906256249043     0.158147168932362
    -0.041906256249062     0.071999820447255     0.023241765718659
    -0.158147168932362     0.023241765718656     0.367019382726784
33 35
     0.000715622210927     0.000000000000000     0.000000000000000
     0.000000000000000    -0.006912489672406    -0.008404424645768
     0.000000000000000    -0.008404424645768     0.063574043178162
33 36
    -0.803338945765485    -0.041906256249062    -0.158147168932362
     0.041906256249043     0.071999820447255     0.023241765718656
     0.158147168932362     0.023241765718659     0.367019382726784
33 37
    -0.146834871105915    -0.420939060477817     0.099201544007343
    -0.337126547979712    -0.584504254212271     0.125338582972683
    -0.058945624925015    -0.148580348691340     0.367019382726784
33 38
     0.020455054617290     0.013937049060775    -0.006930356531529
     0.013937049060775     0.004361936563396    -0.004001243209059
     0.002435942772312     0.001406392215325     0.001016570150056
33 39
     0.020455054617291    -0.013937049060775     0.006930356531529
    -0.013937049060775     0.004361936563395    -0.004001243209058
    -0.002435942772313     0.001406392215325     0.001016570150056
33 40
    -0.146834871105949     0.420939060477843    -0.099201544007349
     0.337126547979738    -0.584504254212260     0.125338582972682
     0.058945624925023    -0.148580348691338     0.367019382726784
33 41
    -0.005005461701573     0.003303069336938    -0.007278445247428
     0.003303069336938    -0.001191405759907     0.004202212322884
    -0.007278445247428     0.004202212322884     0.063574043178162
33 42
    -0.003684622463552    -0.000000000000001    -0.000000000000000
    -0.000000000000001     0.028501613644236     0.008002486418117
     0.000000000000000    -0.002812784430650     0.001016570150056
33 43
    -0.005005461701573    -0.003303069336938     0.007278445247428
    -0.003303069336938    -0.001191405759907     0.004202212322884
     0.007278445247428     0.004202212322884     0.063574043178162
33 44
    -0.003684622463552    -0.000000000000001     0.000000000000000
    -0.000000000000001     0.028501613644236    -0.002812784430650
    -0.000000000000000     0.008002486418117     0.001016570150056
33 45
    -0.146834871105915    -0.337126547979712    -0.058945624925015
    -0.420939060477817    -0.584504254212271    -0.148580348691340
     0.099201544007343     0.125338582972683     0.367019382726784
33 46
    -0.146834871105949     0.337126547979738     0.058945624925023
     0.420939060477843    -0.584504254212260    -0.148580348691338
    -0.099201544007349     0.125338582972682     0.367019382726784
33 47
     0.020455054617291    -0.013937049060775    -0.002435942772313
    -0.013937049060775     0.004361936563395     0.001406392215325
     0.006930356531529    -0.004001243209058     0.001016570150056
33 48
     0.020455054617290     0.013937049060775     0.002435942772312
     0.013937049060775     0.004361936563396     0.001406392215325
    -0.006930356531529    -0.004001243209059     0.001016570150056