96   
12   

1    
  0.0055264221495793   0.0000000000000000   0.0083341861165107
  -0.1154905100   -0.0002681300   -0.1972781000
   0.0024790300    0.0041031900   -0.0070474300
   0.0000225800   -0.0000180200    0.0010619300
   0.0019154100   -0.0041846100   -0.0069428300
   0.0021139500   -0.0038157000   -0.0070971100
   0.0002670600   -0.0001392300    0.0003789700
   0.0004254800    0.0000489100    0.0003495100
   0.0019702000    0.0042963300   -0.0068861300
  -0.0001676800    0.0001169300    0.0010526400
   0.0005085900    0.0000900300    0.0003626800
  -0.0001485400   -0.0000973000    0.0010770000
   0.0005039800   -0.0000354900    0.0003607800
   0.0018648100    0.0040678800   -0.0070460400
   0.0022194900   -0.0043978700   -0.0069357900
   0.0003201200    0.0001092800    0.0004206600
   0.0003781200   -0.0000754100    0.0003092500
   0.0000679400    0.0000399000   -0.0001771300
  -0.0000548500   -0.0000534600   -0.0001752000
   0.0000144700   -0.0000444200   -0.0001072200
  -0.0000583200    0.0000352200   -0.0004420100
  -0.0000291900   -0.0000416400   -0.0001884600
  -0.0000911600    0.0000106200   -0.0001600400
   0.0000756000    0.0000296400   -0.0000957300
  -0.0000594200    0.0000488400   -0.0002906400
   0.0000275500    0.0000409800   -0.0001552000
   0.0000408000    0.0000782500   -0.0001281500
   0.0000161500    0.0000229200   -0.0002055100
  -0.0000119100    0.0000144200   -0.0002199700
  -0.0000014800   -0.0000935400   -0.0003138000
   0.0000557100   -0.0000684700   -0.0003092000
  -0.0000108600   -0.0000205900   -0.0002130300
  -0.0000379000    0.0000015700   -0.0002805400
  -0.0013317700   -0.0055390700    0.0166631300
  -0.0001413400   -0.0005873500   -0.0036544400
   0.0006091000    0.0003917600   -0.0032993900
   0.0439043500   -0.0205765800    0.0461620900
  -0.0004100100   -0.0000268800   -0.0034069800
  -0.0001736300   -0.0000054700   -0.0042493100
   0.0001383700   -0.0005520000   -0.0035511400
  -0.0019943000   -0.0019365800   -0.0024975600
   0.0003521500    0.0003225300   -0.0032344100
   0.0001370300    0.0004421100   -0.0037278900
   0.0000236800    0.0000321200   -0.0044329800
  -0.0000048800   -0.0000199500   -0.0046530000
   0.0082719000    0.0262357200    0.0315375900
  -0.0013133100   -0.0004044200   -0.0029272500
  -0.0000390900   -0.0000047900   -0.0045371800
   0.0020392300    0.0023252500   -0.0020732600
   0.0442356500    0.0208231900    0.0540868400
   0.0006008400   -0.0002446700    0.0045793400
  -0.0002034300    0.0005976300    0.0042750900
  -0.0006158100    0.0050755000    0.0235681800
   0.0002541300    0.0005122500    0.0043529400
  -0.0001185200   -0.0000055200    0.0036768700
  -0.0004512500   -0.0000170100    0.0045065000
  -0.0020425000    0.0020538900    0.0052586500
   0.0001398100   -0.0005178300    0.0042040400
   0.0002292200   -0.0003389800    0.0046590600
  -0.0000297500    0.0000104600    0.0032641300
   0.0000878700   -0.0000820100    0.0035101000
   0.0081800900   -0.0257699400    0.0386961100
   0.0021357000   -0.0024233100    0.0057805000
  -0.0000541400    0.0000795300    0.0033833400
  -0.0014239600    0.0003531800    0.0047443600
   0.0000667900   -0.0000033600   -0.0085295200
   0.0001349600   -0.0000799200   -0.0083027400
   0.0000326100   -0.0000278600   -0.0086956800
  -0.0001126200   -0.0000224900   -0.0085280300
   0.0000063200    0.0001068500   -0.0082918800
   0.0000242100    0.0000247300   -0.0087048800
   0.0000054700   -0.0000062600   -0.0087140600
  -0.0000237600    0.0001655000   -0.0085194500
  -0.0000178400    0.0000357000   -0.0087149100
  -0.0000217200   -0.0000103300   -0.0087036400
   0.0000004200   -0.0000245900   -0.0086902200
  -0.0000256600    0.0000303100   -0.0086787100
  -0.0000506700   -0.0000721200   -0.0083999900
   0.0001523700   -0.0000948400   -0.0084141300
   0.0000122700   -0.0000084200   -0.0086980300
  -0.0000718300   -0.0000144000   -0.0086449000
  -0.0000091100   -0.0000034700    0.0096146500
  -0.0000277500    0.0000403600    0.0096167200
  -0.0000010100    0.0000046700    0.0096025400
   0.0000052900    0.0000137500    0.0096284000
  -0.0000040400   -0.0000332300    0.0096145100
   0.0000000400    0.0000127100    0.0096316600
  -0.0000225700    0.0000078300    0.0096374500
  -0.0000276100   -0.0000141600    0.0096116900
   0.0000083000    0.0000013300    0.0096162700
  -0.0000259300   -0.0000122800    0.0096285300
  -0.0000312100   -0.0000237400    0.0096024000
  -0.0000150300   -0.0000182600    0.0096249800
   0.0000193300    0.0000076200    0.0096136300
  -0.0000538300   -0.0000104800    0.0096120500
  -0.0000195700    0.0000169300    0.0096239800
  -0.0000232900    0.0000081400    0.0096090400

1    
 -0.0055264221495793   0.0000000000000000  -0.0083341861165107
   0.1176375400   -0.0002747100    0.2041165600
  -0.0022078900   -0.0040922200    0.0071830500
  -0.0000489900    0.0000321300   -0.0010017400
  -0.0022394800    0.0042082900    0.0069318000
  -0.0020451900    0.0040140400    0.0070971300
  -0.0002991200    0.0001337600   -0.0003145100
  -0.0004351100   -0.0000532500   -0.0002956900
  -0.0020951400   -0.0040867600    0.0070227300
   0.0001708600   -0.0001219500   -0.0009827200
  -0.0005320800   -0.0000765200   -0.0003068300
   0.0001035800    0.0000878800   -0.0010209900
  -0.0005250400    0.0000114500   -0.0003050400
  -0.0020198200   -0.0042237500    0.0069706200
  -0.0021036100    0.0042480400    0.0071443500
  -0.0003575900   -0.0000939500   -0.0003469600
  -0.0003848800    0.0000827800   -0.0002657700
  -0.0001089900   -0.0000463800   -0.0003695400
   0.0000239100    0.0000390400   -0.0003888500
  -0.0000328500    0.0000160300   -0.0004545700
   0.0000667200   -0.0000497700   -0.0001243000
  -0.0000068600    0.0000445900   -0.0003752400
   0.0000723400    0.0000054000   -0.0003991700
  -0.0000871800   -0.0000201200   -0.0004690900
   0.0000416400   -0.0000645300   -0.0002658700
  -0.0000518100   -0.0000072400   -0.0004080100
  -0.0000817300   -0.0000646700   -0.0004328100
  -0.0000227700   -0.0000114600   -0.0003571600
  -0.0000050100    0.0000104700   -0.0003466800
  -0.0000246700    0.0000907700   -0.0002496700
  -0.0000903600    0.0000731700   -0.0002517300
   0.0000026200    0.0000041900   -0.0003513600
   0.0000198200   -0.0000209900   -0.0002841800
   0.0012534300    0.0055046500   -0.0255500700
   0.0001121300    0.0005838500   -0.0052443400
  -0.0006490200   -0.0003784900   -0.0055942000
  -0.0457470000    0.0216344500   -0.0566584300
   0.0003766700    0.0000033700   -0.0054786700
   0.0001475500   -0.0000067000   -0.0046505800
  -0.0001768600    0.0005328000   -0.0053603600
   0.0019411600    0.0019360700   -0.0063971800
  -0.0003711400   -0.0003214500   -0.0056595500
  -0.0001734000   -0.0004289200   -0.0051948600
  -0.0000429800   -0.0000232100   -0.0044719300
  -0.0000323800    0.0000286600   -0.0042539200
  -0.0082777700   -0.0270054700   -0.0409760600
   0.0012669900    0.0003857800   -0.0059689700
   0.0000062700    0.0000065700   -0.0043515700
  -0.0021064000   -0.0023410700   -0.0068281000
  -0.0424404200   -0.0197660000   -0.0454224100
  -0.0006050400    0.0002551100    0.0024324400
   0.0001968700   -0.0006059400    0.0027401200
   0.0006431800   -0.0051081700   -0.0165596900
  -0.0002646300   -0.0005354000    0.0026799600
   0.0000926800   -0.0000062100    0.0033456200
   0.0004455800   -0.0000010800    0.0024940600
   0.0020531000   -0.0020603500    0.0017609300
  -0.0001492900    0.0005338900    0.0028372400
  -0.0002485300    0.0003460000    0.0023462000
   0.0000154300   -0.0000031000    0.0037574900
  -0.0001183500    0.0000916800    0.0035163700
  -0.0082052400    0.0249926200   -0.0311105200
  -0.0021201800    0.0024061500    0.0012379400
   0.0000297600   -0.0000772800    0.0036270600
   0.0014279900   -0.0003661000    0.0022831500
  -0.0000767700   -0.0000029200   -0.0087057200
  -0.0001761400    0.0000907900   -0.0089909900
  -0.0000570200    0.0000024800   -0.0085774300
   0.0000940600    0.0000154200   -0.0087685600
  -0.0000420100   -0.0001213800   -0.0089853300
  -0.0000385500   -0.0000200300   -0.0085826700
  -0.0000236900    0.0000206100   -0.0085641700
   0.0000004900   -0.0001582700   -0.0087565500
  -0.0000020300   -0.0000299800   -0.0085717800
  -0.0000010400    0.0000073100   -0.0085714200
  -0.0000303700    0.0000111800   -0.0085905600
   0.0000091600   -0.0000403200   -0.0086057800
   0.0000370000    0.0000780600   -0.0088730600
  -0.0001962900    0.0000999900   -0.0088725000
  -0.0000108200    0.0000221900   -0.0085798500
   0.0000338800    0.0000249500   -0.0086155200
  -0.0000013300   -0.0000030800    0.0096035100
  -0.0000043300   -0.0000317900    0.0096198600
  -0.0000253100   -0.0000308400    0.0096236900
  -0.0000273800   -0.0000217300    0.0096185000
  -0.0000295300    0.0000269200    0.0096082200
  -0.0000172700   -0.0000105300    0.0096103800
   0.0000047700    0.0000071600    0.0095951200
   0.0000059100    0.0000282800    0.0096115600
  -0.0000280500    0.0000034800    0.0096223000
   0.0000035100    0.0000114800    0.0096002900
  -0.0000004600    0.0000097400    0.0096322900
  -0.0000009200    0.0000059400    0.0096126100
  -0.0000346500   -0.0000071600    0.0096047300
   0.0000166500    0.0000107400    0.0096161400
   0.0000218500   -0.0000015200    0.0096044700
  -0.0000163700    0.0000023700    0.0096032700

17   
  0.0055264221495793   0.0000000000000000   0.0083341861165107
   0.0001886500    0.0001094600    0.0000517700
  -0.0001928100    0.0001052000   -0.0000518700
   0.0000239300   -0.0000440800    0.0001974300
  -0.0000733100   -0.0000521100    0.0001535400
  -0.0000003300   -0.0002169800    0.0000032500
   0.0000259400    0.0000569900   -0.0000142300
  -0.0000166100   -0.0000146500    0.0001089200
  -0.0000248500   -0.0000289800    0.0000579600
   0.0000183000    0.0000472800    0.0001738000
  -0.0000232600    0.0000004900    0.0001035600
   0.0000018300    0.0000158000    0.0001180700
   0.0000573000    0.0000892400    0.0001886100
  -0.0000521500   -0.0000596300    0.0001483200
  -0.0000620700   -0.0000276600    0.0000245800
   0.0000818600    0.0000213200    0.0002081900
  -0.0000917900   -0.0000018300    0.0001512500
  -0.0922049400    0.0002598100   -0.1963238600
  -0.0002608100   -0.0053883500   -0.0003151600
   0.0029886300    0.0000036200    0.0002825000
   0.0001426200    0.0054529800   -0.0007202700
   0.0008559400    0.0045553200   -0.0003689400
   0.0004389500   -0.0001119700   -0.0010168000
   0.0004064800    0.0001505000   -0.0009927200
   0.0010444700   -0.0051176200   -0.0006621400
   0.0011382600    0.0010838600    0.0002904000
   0.0006408900   -0.0000162100   -0.0010041100
   0.0011129300   -0.0010758600    0.0002760900
   0.0006532800    0.0000321900   -0.0010069900
   0.0011395700   -0.0058012500   -0.0005693300
   0.0007628300    0.0062111500   -0.0004643400
   0.0004400700    0.0001228400   -0.0010257000
   0.0004015400   -0.0001484600   -0.0009918900
  -0.0000098100    0.0000003500   -0.0045197300
  -0.0000026800    0.0000113900   -0.0043409900
  -0.0000144800    0.0000123600   -0.0043800600
  -0.0000303300    0.0000317300   -0.0043053900
  -0.0000022900   -0.0000068500   -0.0043342300
  -0.0000211100   -0.0000060000   -0.0043691700
  -0.0000246800   -0.0000011500   -0.0043450000
  -0.0000496400   -0.0000017600   -0.0043161900
  -0.0000123800    0.0000028200   -0.0043965900
  -0.0000145000   -0.0000003900   -0.0043624100
  -0.0000338400   -0.0000084500   -0.0043783100
  -0.0000228500    0.0000092400   -0.0043904600
  -0.0000012500   -0.0000168000   -0.0043143600
  -0.0000243800   -0.0000274000   -0.0043309600
  -0.0000169000   -0.0000017200   -0.0043835800
  -0.0000280500   -0.0000064500   -0.0043796300
   0.0002630500   -0.0000004800    0.0026885800
  -0.0001062700   -0.0000843800    0.0037244400
  -0.0000029800    0.0000218300    0.0034605500
   0.0002007400   -0.0001545500    0.0037447100
  -0.0001221000   -0.0000410200    0.0038587400
  -0.0000449800   -0.0000219100    0.0035033900
  -0.0000360300    0.0000069200    0.0033398300
   0.0002427900   -0.0001151100    0.0036139500
  -0.0000021400    0.0000031400    0.0034540700
  -0.0000106900    0.0000074500    0.0034256100
  -0.0000388100   -0.0000167700    0.0034765900
  -0.0000377600   -0.0000444300    0.0033972900
  -0.0000377100    0.0001820600    0.0038695400
   0.0000166800    0.0002042600    0.0035988100
  -0.0000520000    0.0000089500    0.0033275200
   0.0000305100    0.0000359500    0.0034615500
   0.0410926600    0.0220325100    0.0391544300
  -0.0052327400    0.0046851700    0.0042476500
  -0.0004716700    0.0006716800   -0.0078544500
   0.0007562700   -0.0008933500   -0.0093101000
   0.0029033000   -0.0268159200    0.0218187400
   0.0001804400    0.0010355700   -0.0082134600
  -0.0001762000   -0.0001029300   -0.0084262000
   0.0008612400   -0.0014194200   -0.0057549800
  -0.0000443500   -0.0011408000   -0.0081927500
  -0.0001552700   -0.0000157700   -0.0085330900
   0.0000292300    0.0001149000   -0.0083210500
   0.0007581000    0.0001761300   -0.0089637800
   0.0003572700    0.0011250800   -0.0089157000
  -0.0016089100    0.0003975500   -0.0069760300
  -0.0000693700    0.0000535900   -0.0082371300
  -0.0001439200    0.0000044600   -0.0081214500
  -0.0052890200   -0.0047881900    0.0233731300
   0.0433426300   -0.0233204600    0.0602700300
   0.0009923700    0.0009199300    0.0089167600
  -0.0006399300   -0.0006539600    0.0103873200
   0.0029731900    0.0279994900    0.0416948100
   0.0007600800    0.0014020400    0.0126087400
  -0.0001516100    0.0001139100    0.0098413400
   0.0002829300   -0.0011174700    0.0105054700
   0.0009414100   -0.0000028600    0.0092367700
   0.0000270000   -0.0001069200    0.0099148400
  -0.0001635400   -0.0000110600    0.0097703700
  -0.0001088400    0.0012707900    0.0100584000
  -0.0001218600   -0.0002658200    0.0099678300
  -0.0016657100   -0.0002713800    0.0115482900
   0.0004595300   -0.0012763900    0.0093231700
  -0.0001891500    0.0000047100    0.0100740900

17   
 -0.0055264221495793   0.0000000000000000  -0.0083341861165107
  -0.0001904100   -0.0001133400    0.0000513400
   0.0002002600   -0.0001185900    0.0001617100
  -0.0000309100    0.0000418300   -0.0000783900
   0.0000756200    0.0000628500   -0.0000393300
   0.0000043800    0.0002260700    0.0001084500
  -0.0000334800   -0.0000567800    0.0001242700
   0.0000325500    0.0000081100    0.0000116700
   0.0000103800    0.0000280300    0.0000546000
  -0.0000143600   -0.0000456700   -0.0000444000
   0.0000163900    0.0000076400    0.0000178400
   0.0000001700   -0.0000164600    0.0000052100
  -0.0000550100   -0.0001001100   -0.0000697700
   0.0000502100    0.0000444700   -0.0000285800
   0.0000694200    0.0000231100    0.0000911000
  -0.0000976500   -0.0000159900   -0.0000889200
   0.0001024500   -0.0000048900   -0.0000400200
   0.0922252400    0.0004338900    0.1949345100
   0.0004468300    0.0053549000   -0.0001619400
  -0.0029941900   -0.0000141300   -0.0007755900
  -0.0003181600   -0.0054848600    0.0002039500
  -0.0008360700   -0.0045650300   -0.0000778500
  -0.0004508400    0.0001164400    0.0005337700
  -0.0003876700   -0.0001435200    0.0004956600
  -0.0010627500    0.0051036600    0.0001221700
  -0.0011292300   -0.0010663100   -0.0007794200
  -0.0006473700    0.0000368300    0.0005151400
  -0.0011226000    0.0010846300   -0.0007706100
  -0.0006471700   -0.0000300300    0.0005144800
  -0.0011352900    0.0057548100    0.0001040100
  -0.0007666800   -0.0062516400   -0.0000601900
  -0.0004492400   -0.0001161100    0.0005337400
  -0.0003891300    0.0001473300    0.0004936000
   0.0000048300   -0.0000023300   -0.0042324400
   0.0000040500   -0.0000156600   -0.0044055400
   0.0000162200   -0.0000121800   -0.0043656900
   0.0000272300   -0.0000341900   -0.0044455000
   0.0000008300   -0.0000094100   -0.0044209800
   0.0000166500   -0.0000034800   -0.0043881200
   0.0000223800   -0.0000103500   -0.0044018000
   0.0000525700   -0.0000005500   -0.0044370400
   0.0000144400    0.0000006500   -0.0043670800
   0.0000155900    0.0000013600   -0.0043983200
   0.0000301100    0.0000060700   -0.0043786600
   0.0000189100   -0.0000044700   -0.0043723100
   0.0000018300    0.0000189000   -0.0044413800
   0.0000284500    0.0000242900   -0.0044154900
   0.0000142200    0.0000041000   -0.0043617800
   0.0000202200   -0.0000014400   -0.0043732100
  -0.0002771600   -0.0000025500    0.0043945100
   0.0001042400    0.0000796500    0.0033522800
   0.0000058000   -0.0000198100    0.0036128800
  -0.0001976000    0.0001538400    0.0033348700
   0.0001173000    0.0000231500    0.0032259400
   0.0000408900    0.0000123400    0.0035862900
   0.0000364200   -0.0000199400    0.0037375900
  -0.0002373400    0.0001082100    0.0034688700
   0.0000042500   -0.0000000500    0.0036290100
   0.0000135800   -0.0000045300    0.0036646600
   0.0000348900    0.0000153900    0.0036080300
   0.0000353100    0.0000483200    0.0036859900
   0.0000416700   -0.0001754100    0.0032162900
  -0.0000132400   -0.0002044200    0.0034744000
   0.0000489000   -0.0000069800    0.0037485000
  -0.0000362200   -0.0000437600    0.0036179900
  -0.0427479700   -0.0230737300   -0.0583145000
   0.0052795100   -0.0046864100   -0.0215654700
   0.0004458600   -0.0006809800   -0.0093447600
  -0.0007420300    0.0008745900   -0.0079136200
  -0.0028139500    0.0276494700   -0.0398136100
  -0.0002050000   -0.0010393100   -0.0089925600
   0.0001709600    0.0001145000   -0.0087700700
  -0.0009044100    0.0014463700   -0.0114724200
   0.0000235400    0.0011054800   -0.0090162500
   0.0001594200    0.0000023100   -0.0086705200
  -0.0000398900   -0.0001261000   -0.0088741900
  -0.0007405900   -0.0001882200   -0.0082373800
  -0.0003498400   -0.0010927500   -0.0082994400
   0.0015952100   -0.0004033700   -0.0102276500
   0.0000727600   -0.0000340300   -0.0089565600
   0.0001335700    0.0000010300   -0.0090741400
   0.0052354600    0.0047705200   -0.0039462000
  -0.0416589100    0.0222758900   -0.0389859100
  -0.0010136000   -0.0009462400    0.0103950200
   0.0006616800    0.0006529400    0.0089319000
  -0.0030557300   -0.0271489400   -0.0215845400
  -0.0007280600   -0.0013844400    0.0067178500
   0.0001640000   -0.0001022700    0.0094560000
  -0.0002651300    0.0011203200    0.0088035100
  -0.0009592500   -0.0000114000    0.0100631900
  -0.0000182300    0.0001008500    0.0093844000
   0.0001576000   -0.0000083000    0.0095331900
   0.0001303400   -0.0013086800    0.0092579900
   0.0001314600    0.0002817300    0.0093297900
   0.0016689600    0.0002671400    0.0077553500
  -0.0004564100    0.0013149000    0.0099923600
   0.0001827800    0.0000012100    0.0092242400

33   
  0.0055264221495793   0.0000000000000000   0.0083341861165107
  -0.0010573500   -0.0053783500    0.0209309300
   0.0456019300   -0.0215313000    0.0524992300
   0.0005395200    0.0002185800    0.0012886900
  -0.0000309200    0.0003211400    0.0007854000
   0.0082833800    0.0267515600    0.0365465800
   0.0010187700    0.0017476800    0.0031424400
  -0.0000181600   -0.0001796500   -0.0000293000
  -0.0002657400   -0.0009811400    0.0008844200
   0.0006278100    0.0006083600    0.0011041900
  -0.0001484300    0.0000836300   -0.0000305400
   0.0001838900    0.0001254200   -0.0000260600
  -0.0001115600   -0.0003645000    0.0009736900
  -0.0000345400   -0.0006391300    0.0008492800
  -0.0019861300   -0.0007293300    0.0020100400
  -0.0002080900   -0.0000945300    0.0012223300
  -0.0001638700    0.0000109500    0.0002625300
   0.0000133700    0.0000155500   -0.0003899500
   0.0000279800    0.0000258300   -0.0002045100
  -0.0000095300    0.0000089200   -0.0002543400
  -0.0000356300    0.0000145200   -0.0001858300
   0.0000214400    0.0000368200   -0.0001850800
  -0.0000019700    0.0000074600   -0.0002571600
  -0.0000196600    0.0000114900   -0.0002502500
  -0.0000167600    0.0000240500   -0.0002019800
  -0.0000193300    0.0000076300   -0.0002471700
  -0.0000062600   -0.0000063700   -0.0002539700
  -0.0000036800    0.0000075400   -0.0002584000
  -0.0000011100    0.0000179300   -0.0002269500
  -0.0000219800   -0.0000213300   -0.0001804800
   0.0000017300   -0.0000113500   -0.0002105900
   0.0000008300    0.0000107600   -0.0002329300
  -0.0000238600   -0.0000003100   -0.0002265400
  -0.0580836100   -0.0006462200   -0.1245547200
   0.0022229400    0.0001322800   -0.0066191000
  -0.0000027800   -0.0000306400   -0.0049217700
   0.0040866400    0.0003902600   -0.0078625800
   0.0000375200    0.0008327900   -0.0067911300
  -0.0000245000   -0.0000132900   -0.0043861500
  -0.0001660100    0.0001092300   -0.0042992400
   0.0005588900   -0.0027178600   -0.0077036600
  -0.0000310700    0.0000284300   -0.0049465000
   0.0000115800   -0.0000749300   -0.0043456300
   0.0000355000    0.0000324800   -0.0049041700
   0.0000103400    0.0000758200   -0.0043444700
   0.0009938000    0.0022271200   -0.0074103600
  -0.0003934800   -0.0008165400   -0.0070779900
  -0.0000374600    0.0000367500   -0.0043890400
  -0.0001515600   -0.0000862100   -0.0042910500
  -0.0010563300    0.0000065600    0.0242760700
   0.0021897800    0.0020132600    0.0041730900
   0.0000832700   -0.0001552400    0.0034590700
  -0.0000784000    0.0001043500    0.0027038400
   0.0009432900    0.0004121700    0.0032545800
   0.0000374000    0.0000028000    0.0032553300
  -0.0000300400    0.0000507700    0.0031406500
  -0.0020088600    0.0005167200    0.0036159100
  -0.0002251300    0.0001903700    0.0035636800
   0.0000465400   -0.0000311600    0.0031994100
   0.0000582500   -0.0000028800    0.0033565500
   0.0000454300    0.0000566300    0.0031808400
  -0.0001746100    0.0003685700    0.0025252300
  -0.0008662100   -0.0033892200    0.0043553600
   0.0000485600    0.0000067000    0.0032003000
  -0.0000319300   -0.0000376700    0.0031548000
   0.0000225800    0.0000061800   -0.0087565100
  -0.0000085700    0.0000266900   -0.0087420400
  -0.0000589500    0.0000195400   -0.0086498100
   0.0000215200    0.0000179200   -0.0086519100
   0.0000196300   -0.0000050800   -0.0087416000
  -0.0000646400   -0.0000191200   -0.0087225700
  -0.0000093400    0.0000343700   -0.0086383300
   0.0000306600   -0.0000106900   -0.0086535800
  -0.0000134200   -0.0000316400   -0.0086471500
   0.0000148600   -0.0000081300   -0.0086400600
  -0.0000253200   -0.0000030200   -0.0086465500
   0.0000020100   -0.0000433400   -0.0086580800
   0.0000141800    0.0000283100   -0.0086429400
  -0.0000143800    0.0000653000   -0.0086948500
  -0.0000454000    0.0000529200   -0.0086577000
  -0.0000055300    0.0000146400   -0.0086682200
   0.0000056100    0.0000117100    0.0096792300
  -0.0000116300    0.0000136700    0.0096845700
  -0.0000052200   -0.0000031300    0.0096556500
  -0.0000014300    0.0000065500    0.0096670100
  -0.0000067500    0.0000028000    0.0096740500
  -0.0000131100    0.0000095000    0.0096553100
  -0.0000038600    0.0000134300    0.0096502500
   0.0000000800    0.0000080500    0.0096567500
  -0.0000046600    0.0000053200    0.0096598900
  -0.0000028200    0.0000053200    0.0096564100
  -0.0000070800    0.0000042700    0.0096539600
   0.0000016500    0.0000029900    0.0096663300
  -0.0000010700    0.0000129300    0.0096599900
  -0.0000128400    0.0000174000    0.0096620800
   0.0000078100    0.0000188100    0.0096613600
  -0.0000084100    0.0000147700    0.0096542000

33   
 -0.0055264221495793   0.0000000000000000  -0.0083341861165107
   0.0011092500    0.0054161200   -0.0210430000
  -0.0436386500    0.0204173100   -0.0506343200
  -0.0004985000   -0.0002126000   -0.0011920000
  -0.0000035800   -0.0003209500   -0.0006902100
  -0.0082735100   -0.0260325600   -0.0359973300
  -0.0010510000   -0.0017383800   -0.0030192000
   0.0000100400    0.0001753200    0.0001193100
   0.0002497300    0.0009780200   -0.0008194700
  -0.0006121200   -0.0005763800   -0.0010092200
   0.0001309000   -0.0000793800    0.0001170100
  -0.0001882300   -0.0001214200    0.0001095100
   0.0000816800    0.0003838000   -0.0008703500
   0.0000134700    0.0006180100   -0.0007610300
   0.0019527400    0.0007418800   -0.0019230900
   0.0002086300    0.0000576300   -0.0011260900
   0.0001515600   -0.0000093700   -0.0001667900
  -0.0000121800   -0.0000046200   -0.0001457900
  -0.0000327800   -0.0000114200   -0.0003343800
  -0.0000082600    0.0000087300   -0.0002847600
   0.0000207300   -0.0000022200   -0.0003531500
  -0.0000217100   -0.0000421900   -0.0003499000
  -0.0000076900   -0.0000158100   -0.0002824100
   0.0000010200   -0.0000106700   -0.0002870500
   0.0000077800   -0.0000240900   -0.0003333200
   0.0000110500   -0.0000240900   -0.0002910800
   0.0000014900   -0.0000058900   -0.0002830000
  -0.0000123500   -0.0000123600   -0.0002799800
  -0.0000066000   -0.0000274000   -0.0003120100
   0.0000186500    0.0000207100   -0.0003593200
  -0.0000057900    0.0000128800   -0.0003248500
  -0.0000163900   -0.0000021500   -0.0003082000
   0.0000109800    0.0000036700   -0.0003134500
   0.0570559100    0.0010315000    0.1157192100
  -0.0021897800   -0.0001431200   -0.0021379700
  -0.0000043100    0.0000329300   -0.0038040400
  -0.0041395100   -0.0003855900   -0.0008459500
  -0.0000691900   -0.0008218200   -0.0019670400
   0.0000126000    0.0000036900   -0.0043486900
   0.0001555500   -0.0001108500   -0.0044203000
  -0.0005759000    0.0027047800   -0.0010368800
   0.0000203300   -0.0000225100   -0.0037914800
  -0.0000139700    0.0000756600   -0.0043878500
  -0.0000517300   -0.0000358900   -0.0038337100
  -0.0000200000   -0.0000744800   -0.0043887300
  -0.0010174600   -0.0022289900   -0.0013174300
   0.0003727200    0.0008096800   -0.0016776500
   0.0000273000   -0.0000337700   -0.0043320800
   0.0001454600    0.0000872400   -0.0044331900
   0.0010057100   -0.0000085800   -0.0169256600
  -0.0021859100   -0.0020268800    0.0028783200
  -0.0000911200    0.0001570300    0.0035637000
   0.0000914400   -0.0001207300    0.0043126900
  -0.0009874000   -0.0004134400    0.0037729600
  -0.0000456300   -0.0000103600    0.0037723600
   0.0000182800   -0.0000504100    0.0038821300
   0.0019946000   -0.0005225300    0.0034182700
   0.0002123900   -0.0001827200    0.0034707800
  -0.0000465800    0.0000317000    0.0038291100
  -0.0000741100    0.0000021800    0.0036682000
  -0.0000528600   -0.0000516900    0.0038457300
   0.0001614700   -0.0003490100    0.0044941000
   0.0008498900    0.0033442400    0.0027047100
  -0.0000555000   -0.0000050700    0.0038151100
   0.0000235900    0.0000353700    0.0038668100
  -0.0000229600   -0.0000113500   -0.0084667600
  -0.0000038800   -0.0000184700   -0.0084818500
   0.0000455500   -0.0000329200   -0.0085603900
  -0.0000316100   -0.0000198700   -0.0085818500
  -0.0000290700    0.0000045900   -0.0084693300
   0.0000568600    0.0000230800   -0.0084882200
   0.0000026300   -0.0000243700   -0.0085705200
  -0.0000440400    0.0000219700   -0.0085598000
   0.0000073400    0.0000256000   -0.0085754400
  -0.0000229700    0.0000034300   -0.0085769300
   0.0000094200   -0.0000066000   -0.0085689800
  -0.0000097400    0.0000338200   -0.0085697500
  -0.0000177100   -0.0000250300   -0.0085781000
  -0.0000031400   -0.0000658700   -0.0085284300
   0.0000503700   -0.0000425200   -0.0085623400
  -0.0000164000   -0.0000042700   -0.0085482300
  -0.0000068400   -0.0000176000    0.0095516000
  -0.0000010300   -0.0000042800    0.0095512700
  -0.0000083500   -0.0000112200    0.0095656600
  -0.0000088900   -0.0000086900    0.0095786700
  -0.0000028500   -0.0000030500    0.0095465600
   0.0000050000   -0.0000059100    0.0095658700
  -0.0000028600   -0.0000032500    0.0095696500
  -0.0000134700    0.0000032900    0.0095674400
  -0.0000014200   -0.0000111900    0.0095742700
  -0.0000051200   -0.0000099600    0.0095707500
  -0.0000092300   -0.0000144300    0.0095729300
  -0.0000089800   -0.0000126800    0.0095727800
  -0.0000023900   -0.0000096100    0.0095718600
  -0.0000060700   -0.0000184400    0.0095708000
  -0.0000007200   -0.0000080100    0.0095690700
  -0.0000140600   -0.0000038700    0.0095711300

49   
  0.0055264221495793   0.0000000000000000   0.0083341861165107
   0.0427636800    0.0199652000    0.0486403700
  -0.0010618900    0.0053401700    0.0204834700
  -0.0000163700   -0.0003811100    0.0007075200
   0.0004119600   -0.0001841700    0.0012308500
   0.0081835300   -0.0254955500    0.0347183900
  -0.0004341000    0.0009222800    0.0006319000
  -0.0000317800    0.0002029100   -0.0000723500
   0.0011494700   -0.0018409100    0.0029594200
  -0.0001483000    0.0003741600    0.0009334900
   0.0002207700   -0.0001543100   -0.0000334800
  -0.0001393900   -0.0000659000   -0.0001213800
   0.0005420100   -0.0004885000    0.0009988400
  -0.0002205100    0.0000563300    0.0011968400
  -0.0020331800    0.0009081500    0.0017975500
   0.0000368900    0.0005809300    0.0007384500
  -0.0000982400   -0.0000068000    0.0002133200
   0.0002972300   -0.0000031000   -0.0010913900
   0.0000843400    0.0001765700    0.0000657500
   0.0000120200   -0.0000152400   -0.0003124900
   0.0000504900    0.0002705100   -0.0001397300
   0.0002114900   -0.0001105800   -0.0000560400
   0.0001117700    0.0000653700   -0.0003508700
  -0.0000944200    0.0000350700   -0.0004057700
  -0.0001950700   -0.0001048200   -0.0000177200
  -0.0000150600    0.0000039000   -0.0003008200
  -0.0000159600   -0.0001284000   -0.0003791000
   0.0000114300   -0.0000092800   -0.0003218400
   0.0000075800   -0.0001485800   -0.0003542900
   0.0002700100   -0.0001011100   -0.0001597100
  -0.0001058100   -0.0001617500    0.0000861600
  -0.0001427000    0.0000813300   -0.0003532700
   0.0000976400    0.0000477500   -0.0003560100
  -0.0010117100   -0.0000076400    0.0160856200
  -0.0000566000   -0.0000023600   -0.0051890100
   0.0000849300    0.0001710700   -0.0044162900
   0.0021451700   -0.0019133600   -0.0036941900
  -0.0018780000   -0.0005388400   -0.0042127000
  -0.0000185700   -0.0000450900   -0.0047231000
   0.0000489900   -0.0000089300   -0.0046621500
   0.0008692600   -0.0004358100   -0.0046645600
   0.0000794500   -0.0000022100   -0.0045104300
   0.0000488800    0.0000319600   -0.0046940800
  -0.0002296000   -0.0001889400   -0.0043261700
   0.0000471800   -0.0001035100   -0.0046759700
  -0.0007815300    0.0032542700   -0.0034708700
  -0.0002489300   -0.0004350600   -0.0054174800
  -0.0000747100    0.0000663500   -0.0046995500
   0.0000933200    0.0000180000   -0.0046500100
  -0.0573643500    0.0008346200   -0.1153432200
   0.0041307900   -0.0004296700    0.0005142300
  -0.0000081600   -0.0000127700    0.0030173700
   0.0026415800   -0.0002162000    0.0015099300
   0.0004390800    0.0026322400    0.0005933700
  -0.0001460900   -0.0001102600    0.0035918900
   0.0000264800   -0.0000061900    0.0035522000
   0.0002671600   -0.0010769000    0.0014434800
  -0.0000085700   -0.0000053200    0.0030175000
   0.0000330400    0.0000924100    0.0035727600
   0.0000019600   -0.0000020000    0.0030233300
   0.0000331800   -0.0000400300    0.0035721100
  -0.0002803600    0.0011685500    0.0010886300
   0.0009882000   -0.0021241900    0.0009435300
  -0.0000914400    0.0000677700    0.0036276000
  -0.0000322800   -0.0000468300    0.0035130200
  -0.0009909500   -0.0005272600   -0.0081192800
   0.0017886500   -0.0010943500   -0.0063977600
  -0.0000800000    0.0000739900   -0.0085239700
   0.0000718700    0.0000783200   -0.0084885100
  -0.0000954300    0.0015988900   -0.0072570000
   0.0000237100    0.0000507300   -0.0086687600
  -0.0000001200   -0.0000040600   -0.0084805100
  -0.0000673800   -0.0000072500   -0.0087130100
   0.0000385500   -0.0001210700   -0.0085034600
   0.0000074800   -0.0000141600   -0.0084618100
   0.0000074400   -0.0000047600   -0.0085082000
  -0.0000334900   -0.0001130800   -0.0085107000
   0.0001156100    0.0000143500   -0.0084830900
  -0.0000745000   -0.0000576000   -0.0086968800
  -0.0001041300    0.0000219100   -0.0085297500
  -0.0000055300   -0.0000036500   -0.0085245500
   0.0000454200    0.0000214800    0.0095834300
  -0.0000596800    0.0000248500    0.0095168800
   0.0000181400   -0.0000095400    0.0095457100
  -0.0000356300   -0.0000082500    0.0095911700
  -0.0000076600   -0.0000654100    0.0095451800
  -0.0000669800   -0.0000371300    0.0095044500
  -0.0000023900   -0.0000201000    0.0095803000
   0.0000535300   -0.0000421500    0.0095392200
   0.0000162800    0.0000108100    0.0095669200
  -0.0000149200   -0.0000025600    0.0095747600
   0.0000127500   -0.0000007200    0.0095952600
  -0.0000115800    0.0000177800    0.0095715400
  -0.0000133200   -0.0000354600    0.0095869000
  -0.0000140400    0.0000645900    0.0095275600
   0.0000170600   -0.0000213000    0.0095495700
   0.0000039100   -0.0000034500    0.0095955700

49   
 -0.0055264221495793   0.0000000000000000  -0.0083341861165107
  -0.0447184000   -0.0210681200   -0.0503287300
   0.0010161100   -0.0052998400   -0.0201625700
   0.0000578800    0.0003843200   -0.0005948600
  -0.0004418400    0.0001910000   -0.0011301100
  -0.0081968700    0.0262223100   -0.0350819500
   0.0004591200   -0.0009206400   -0.0004988000
   0.0000495300   -0.0001975600    0.0001862300
  -0.0011028300    0.0018514000   -0.0028871000
   0.0001865800   -0.0003501600   -0.0008297800
  -0.0002050900    0.0001572700    0.0001413400
   0.0001579200    0.0000772700    0.0002307900
  -0.0005422400    0.0005269700   -0.0008903400
   0.0002256300   -0.0000832700   -0.0011038200
   0.0020822700   -0.0008859400   -0.0016917000
  -0.0000058500   -0.0005969500   -0.0006238100
   0.0001179800    0.0000143900   -0.0001070400
  -0.0002645700    0.0000159800    0.0005824800
  -0.0000577000   -0.0001540000   -0.0005614200
   0.0000007300    0.0000354700   -0.0001930600
  -0.0000316900   -0.0002489700   -0.0003639000
  -0.0001820400    0.0001097400   -0.0004450600
  -0.0000908300   -0.0000652800   -0.0001537700
   0.0001042700   -0.0000274500   -0.0000974600
   0.0002078200    0.0001056800   -0.0004787000
   0.0000342200   -0.0000108400   -0.0002039100
   0.0000377200    0.0001215300   -0.0001247000
   0.0000034500    0.0000100900   -0.0001826100
   0.0000127600    0.0001436200   -0.0001510500
  -0.0002407900    0.0001064500   -0.0003468200
   0.0001240800    0.0001618600   -0.0005773000
   0.0001538500   -0.0000691800   -0.0001533200
  -0.0000786200   -0.0000396800   -0.0001508600
   0.0010663000    0.0000104900   -0.0251051800
   0.0000536500   -0.0000103800   -0.0035180000
  -0.0000756400   -0.0001670200   -0.0042979700
  -0.0021374500    0.0019124800   -0.0050322700
   0.0018986100    0.0005387600   -0.0045035300
   0.0000400900    0.0000500300   -0.0039963100
  -0.0000326200    0.0000107000   -0.0040465100
  -0.0008184100    0.0004347100   -0.0040413500
  -0.0000630900    0.0000079900   -0.0042084100
  -0.0000276900   -0.0000304900   -0.0040250200
   0.0002462700    0.0002007300   -0.0043963600
  -0.0000340900    0.0001068800   -0.0040397700
   0.0008064500   -0.0032941400   -0.0052679300
   0.0002645600    0.0004581400   -0.0032876600
   0.0000893000   -0.0000578100   -0.0040108900
  -0.0000731700   -0.0000120600   -0.0040603200
   0.0575239700   -0.0009367100    0.1241646200
  -0.0040694100    0.0004295000    0.0065303200
   0.0000170100    0.0000173800    0.0040456600
  -0.0026460700    0.0002113400    0.0055881200
  -0.0004269600   -0.0026403100    0.0064806700
   0.0001648700    0.0001133000    0.0034721000
  -0.0000062600    0.0000032800    0.0035102800
  -0.0002192600    0.0010817500    0.0056503800
   0.0000256500    0.0000105900    0.0040577400
  -0.0000128900   -0.0000878300    0.0034935900
   0.0000146800    0.0000141300    0.0040459400
  -0.0000176400    0.0000422300    0.0034927100
   0.0003088400   -0.0011512600    0.0060082200
  -0.0009580000    0.0021341600    0.0061169900
   0.0001027800   -0.0000561100    0.0034286000
   0.0000553300    0.0000518500    0.0035472800
   0.0010088700    0.0005250000   -0.0090947500
  -0.0017314900    0.0010764500   -0.0107435500
   0.0000951200   -0.0000773200   -0.0086603400
  -0.0000522400   -0.0000748900   -0.0087161700
   0.0001096000   -0.0015684800   -0.0099165400
  -0.0000043000   -0.0000408000   -0.0085204700
   0.0000218100    0.0000176000   -0.0087020000
   0.0000792800    0.0000222400   -0.0084741200
  -0.0000176700    0.0001200100   -0.0086905900
   0.0000126700    0.0000160600   -0.0087279600
   0.0000053000    0.0000018100   -0.0086789500
   0.0000531100    0.0001109200   -0.0086884500
  -0.0000928800   -0.0000048400   -0.0087113900
   0.0000861100    0.0000605200   -0.0085015500
   0.0001320700   -0.0000096200   -0.0086624900
   0.0000153400    0.0000170200   -0.0086654900
  -0.0000208100   -0.0000206800    0.0096887300
   0.0000756500   -0.0000128900    0.0097570300
  -0.0000039700    0.0000049900    0.0097172100
   0.0000525100    0.0000112100    0.0096915100
   0.0000268600    0.0000704800    0.0097171000
   0.0000831800    0.0000438900    0.0097568400
   0.0000243900    0.0000331200    0.0096806600
  -0.0000396000    0.0000564200    0.0097252000
   0.0000045800   -0.0000113500    0.0097056200
   0.0000345100    0.0000051000    0.0096941500
   0.0000002600   -0.0000028000    0.0096711700
   0.0000308000   -0.0000191000    0.0097059300
   0.0000351700    0.0000433300    0.0096856800
   0.0000256900   -0.0000590300    0.0097445000
   0.0000124300    0.0000345600    0.0097202100
   0.0000053700    0.0000172900    0.0096712400

65   
  0.0055264221495793   0.0000000000000000   0.0083341861165107
   0.0000509600   -0.0000004400    0.0000941400
  -0.0001620800    0.0001354000    0.0001562600
   0.0000232500   -0.0000190200   -0.0000443600
   0.0001723300    0.0000718100    0.0003274400
   0.0000519000   -0.0001854100    0.0001712100
  -0.0000111000    0.0000187300   -0.0000435800
  -0.0000707500    0.0000197900   -0.0000024000
   0.0000361800   -0.0002072100    0.0003087900
  -0.0000307700    0.0000344700   -0.0000521300
  -0.0000413700   -0.0000343100   -0.0000239900
  -0.0000004800   -0.0000144400   -0.0000376900
  -0.0000316100   -0.0000115300   -0.0000546400
   0.0001597300    0.0000668900    0.0002566100
  -0.0001862500    0.0001169200    0.0002283500
  -0.0000110200   -0.0000115400   -0.0000608400
   0.0000137300    0.0000235900   -0.0000493000
   0.0462552600    0.0250744900    0.0472410300
  -0.0009250700    0.0005795500    0.0001621200
   0.0012047700   -0.0004793100   -0.0006302000
  -0.0087195400    0.0066954900    0.0149494100
  -0.0003597000   -0.0017316400   -0.0000962800
  -0.0001476000   -0.0000017200    0.0002143400
   0.0006332800   -0.0001683500   -0.0003745300
  -0.0016242600    0.0021326800    0.0013497000
   0.0009262100    0.0015611400   -0.0004954300
  -0.0002140300    0.0002436400    0.0000205000
   0.0000828600    0.0001503000   -0.0000297300
  -0.0002207100    0.0000146000   -0.0001524300
   0.0028524500   -0.0316055400    0.0309269700
   0.0023794800   -0.0023108200    0.0015902400
  -0.0001874200   -0.0001729700   -0.0000890800
  -0.0013189100    0.0001762400    0.0011127800
  -0.0000221600   -0.0000147700   -0.0044974100
  -0.0000292700   -0.0000046500   -0.0043790400
  -0.0000405800    0.0000226300   -0.0044327400
  -0.0000030600    0.0000027500   -0.0045111300
  -0.0000257900    0.0000006600   -0.0043854100
  -0.0000175200    0.0000001700   -0.0044294100
  -0.0000488700    0.0000006900   -0.0044251700
  -0.0000301900    0.0000631700   -0.0044508100
  -0.0000203600   -0.0000148100   -0.0044103900
  -0.0000296800   -0.0000082500   -0.0044026800
  -0.0000285600   -0.0000006700   -0.0044160400
  -0.0000148700   -0.0000084700   -0.0043915600
   0.0000006300    0.0000118700   -0.0045051900
   0.0000222300   -0.0000279000   -0.0044125600
  -0.0000302500    0.0000076800   -0.0044033900
  -0.0000873100   -0.0000349000   -0.0044830900
  -0.0009010300   -0.0004549300    0.0039103700
   0.0000050200    0.0000223300    0.0036273100
  -0.0000593100    0.0000235700    0.0035276100
   0.0016098200   -0.0009933700    0.0056985300
   0.0000175900    0.0000161800    0.0036512800
  -0.0000268500    0.0000003600    0.0035626900
  -0.0000561800    0.0000179400    0.0035023000
  -0.0000979400   -0.0000376900    0.0033915000
  -0.0000190800   -0.0000467200    0.0035987900
  -0.0000253900   -0.0000362200    0.0035561700
  -0.0000511800   -0.0000158100    0.0035993100
   0.0000223100   -0.0000280600    0.0035953200
  -0.0001139900    0.0014525300    0.0048101900
  -0.0000762200   -0.0000099500    0.0033555600
  -0.0000268900    0.0000424800    0.0035974200
  -0.0000110500    0.0000484400    0.0034198500
  -0.0638304000   -0.0001655500   -0.1129127000
   0.0086862300   -0.0000542200   -0.0097542600
   0.0002039500   -0.0001687100   -0.0088496700
   0.0093278000   -0.0000540300   -0.0101854000
   0.0015172800    0.0038912100   -0.0098964500
   0.0000980400    0.0000071400   -0.0085123800
   0.0000163900    0.0000427200   -0.0087555600
   0.0019940800   -0.0044810500   -0.0100384900
  -0.0001376500    0.0001954400   -0.0089451700
   0.0000899800   -0.0000478600   -0.0086382300
   0.0001532700   -0.0000289600   -0.0087513500
   0.0000931400   -0.0002146400   -0.0086425000
   0.0019012600    0.0045370100   -0.0101176600
   0.0016106500   -0.0038381800   -0.0098256500
  -0.0001270900    0.0001272800   -0.0086746800
   0.0002424100    0.0000861300   -0.0086128700
  -0.0016413300    0.0000007000    0.0159376900
   0.0013652200   -0.0011597300    0.0118585300
   0.0000177900   -0.0002525900    0.0093362900
  -0.0011603900   -0.0006836600    0.0101583400
  -0.0005346100    0.0020780800    0.0120026700
   0.0002166700    0.0001508800    0.0087869000
   0.0002313200   -0.0001582700    0.0094506300
  -0.0001988300    0.0010413800    0.0100109700
  -0.0002763300    0.0001678300    0.0094872000
  -0.0000419000    0.0000068400    0.0091220900
   0.0001601400    0.0000823800    0.0091823500
  -0.0000583000   -0.0006250600    0.0091394400
  -0.0018073400   -0.0006028000    0.0111557600
   0.0010575400   -0.0006609800    0.0108623400
  -0.0003060900    0.0001431400    0.0091164000
   0.0007734000    0.0004803500    0.0091639900

65   
 -0.0055264221495793   0.0000000000000000  -0.0083341861165107
  -0.0000553000    0.0000010300   -0.0000924700
   0.0001571400   -0.0001374600   -0.0001529200
  -0.0000348800    0.0000185900    0.0000624300
  -0.0001814300   -0.0000621700   -0.0003195300
  -0.0000540300    0.0001862500   -0.0001618900
   0.0000002900   -0.0000139400    0.0000581100
   0.0000731300   -0.0000195300    0.0000172700
  -0.0000546700    0.0002109000   -0.0003099600
   0.0000275100   -0.0000287700    0.0000761800
   0.0000283400    0.0000420700    0.0000388200
  -0.0000050600    0.0000160000    0.0000549900
   0.0000254200    0.0000130600    0.0000674800
  -0.0001658100   -0.0000740000   -0.0002450600
   0.0001820200   -0.0001151400   -0.0002203100
  -0.0000032000    0.0000196300    0.0000730300
  -0.0000158500   -0.0000256800    0.0000634200
  -0.0444298300   -0.0239884400   -0.0457252600
   0.0009505400   -0.0005742600   -0.0007316800
  -0.0012556400    0.0004921800    0.0000753400
   0.0086563400   -0.0066321800   -0.0154510800
   0.0003650500    0.0017463600   -0.0004720900
   0.0001353000    0.0000020700   -0.0007881200
  -0.0006555700    0.0002043900   -0.0001908300
   0.0015846600   -0.0021682100   -0.0019442500
  -0.0009486400   -0.0015844000   -0.0000679700
   0.0002383600   -0.0002694100   -0.0005951900
  -0.0001012600   -0.0001571500   -0.0005484900
   0.0002099100   -0.0000187600   -0.0004220000
  -0.0028560600    0.0307800200   -0.0307495300
  -0.0024298600    0.0023203400   -0.0021627400
   0.0001707400    0.0001818200   -0.0004847900
   0.0013234000   -0.0001499700   -0.0017254800
   0.0000159800    0.0000139400   -0.0042731800
   0.0000191900    0.0000002200   -0.0043855200
   0.0000374100   -0.0000212600   -0.0043333800
  -0.0000094900    0.0000021000   -0.0042535900
   0.0000174300    0.0000008900   -0.0043835800
   0.0000087300    0.0000009100   -0.0043449100
   0.0000448100   -0.0000037700   -0.0043380900
   0.0000195200   -0.0000615200   -0.0043190100
   0.0000109100    0.0000161500   -0.0043572200
   0.0000231400    0.0000106000   -0.0043688000
   0.0000189000   -0.0000004400   -0.0043545000
   0.0000087000    0.0000080600   -0.0043796900
  -0.0000077000   -0.0000097800   -0.0042647900
  -0.0000281600    0.0000328600   -0.0043461900
   0.0000181500   -0.0000019400   -0.0043642100
   0.0000801600    0.0000366700   -0.0042856600
   0.0008985200    0.0004547300    0.0030618500
  -0.0000146500   -0.0000258100    0.0033281600
   0.0000560400   -0.0000207800    0.0034285700
  -0.0016655700    0.0010297300    0.0011938000
  -0.0000252500   -0.0000139400    0.0033079800
   0.0000182300    0.0000014000    0.0034046700
   0.0000507900   -0.0000211300    0.0034518400
   0.0000891900    0.0000397200    0.0035710000
   0.0000105100    0.0000474700    0.0033569200
   0.0000191500    0.0000381000    0.0034078100
   0.0000434300    0.0000155200    0.0033625300
  -0.0000278500    0.0000275200    0.0033633300
   0.0001137900   -0.0014734700    0.0021353700
   0.0000705600    0.0000156500    0.0035934000
   0.0000149500   -0.0000366700    0.0033611700
   0.0000039700   -0.0000476900    0.0035421000
   0.0628903500   -0.0003327100    0.0998872000
  -0.0086268100    0.0000817900   -0.0075503200
  -0.0002001000    0.0001720700   -0.0084123500
  -0.0093850100    0.0000675100   -0.0070585300
  -0.0015435300   -0.0039401400   -0.0073904400
  -0.0001091900   -0.0000042800   -0.0087396700
  -0.0000220400   -0.0000423900   -0.0084909500
  -0.0019822200    0.0044394100   -0.0072161600
   0.0001337700   -0.0001905500   -0.0083171200
  -0.0000986700    0.0000518400   -0.0086191200
  -0.0001623500    0.0000236400   -0.0085111900
  -0.0000963100    0.0002165600   -0.0086213100
  -0.0018551100   -0.0044913700   -0.0071469900
  -0.0016689500    0.0038572900   -0.0074630500
   0.0001229700   -0.0001246500   -0.0085952200
  -0.0002537800   -0.0000892400   -0.0086509100
   0.0016195600    0.0000003300    0.0033518000
  -0.0013686300    0.0011719800    0.0073400000
  -0.0000233100    0.0002571000    0.0098537000
   0.0011648400    0.0006968800    0.0090184400
   0.0005269800   -0.0020468700    0.0072114100
  -0.0002308100   -0.0001519700    0.0103893100
  -0.0002434200    0.0001611600    0.0097309300
   0.0001859400   -0.0010658600    0.0091445500
   0.0002695500   -0.0001671600    0.0097009300
   0.0000338800   -0.0000065400    0.0100632000
  -0.0001734600   -0.0000847500    0.0100097600
   0.0000567200    0.0006353000    0.0100598200
   0.0017863600    0.0006019300    0.0080509000
  -0.0010934800    0.0006679100    0.0083056800
   0.0003178400   -0.0001489000    0.0100825200
  -0.0007861400   -0.0004845600    0.0100396100

81   
  0.0055264221495793   0.0000000000000000   0.0083341861165107
  -0.0000100700    0.0000001000    0.0000992200
   0.0000041500    0.0000069400    0.0001026700
   0.0000065200    0.0000087200    0.0000865100
  -0.0000051200    0.0000022400    0.0000881800
  -0.0000018700   -0.0000017400    0.0001155000
  -0.0000228300   -0.0000040300    0.0001092000
  -0.0000112700    0.0000011500    0.0000976800
  -0.0000167500    0.0000057600    0.0000742000
   0.0000072300    0.0000048700    0.0001020100
  -0.0000153300    0.0000074900    0.0001033400
  -0.0000085400   -0.0000100500    0.0000782300
  -0.0000206500    0.0000108000    0.0001113100
  -0.0000045700    0.0000038600    0.0001090300
  -0.0000066100   -0.0000125300    0.0000858100
  -0.0000029900   -0.0000062300    0.0001022500
  -0.0000152400    0.0000028700    0.0001168000
  -0.0084620600   -0.0066158100    0.0155848500
   0.0013133300    0.0004417500   -0.0007503800
  -0.0009258900   -0.0005692500    0.0003576800
   0.0448256300   -0.0241167000    0.0462478400
   0.0006776700    0.0002214300   -0.0003873200
  -0.0001711300    0.0000004400    0.0002457700
  -0.0003198800    0.0017770300    0.0000046700
  -0.0016428900   -0.0018452600    0.0017294600
  -0.0002000500   -0.0002801400    0.0001658700
   0.0010430300   -0.0015889700   -0.0005507200
  -0.0001580600   -0.0000065900   -0.0000521200
   0.0000555400   -0.0001210100    0.0000712200
   0.0030263400    0.0308982200    0.0310800700
  -0.0010572500   -0.0003337100    0.0015804300
  -0.0001504200    0.0001284100    0.0000080100
   0.0021270000    0.0021803500    0.0018718000
  -0.0000078400    0.0000019800   -0.0042363600
  -0.0000060800   -0.0000051700   -0.0042556700
  -0.0000021100    0.0000004100   -0.0042593300
  -0.0000049700   -0.0000022300   -0.0042431800
  -0.0000074400    0.0000006000   -0.0042612400
  -0.0000051900   -0.0000001000   -0.0042667200
  -0.0000011000   -0.0000018900   -0.0042560600
  -0.0000106800   -0.0000018800   -0.0042596100
  -0.0000057600    0.0000022100   -0.0042633900
  -0.0000019600    0.0000046200   -0.0042591000
  -0.0000077700   -0.0000004800   -0.0042644900
  -0.0000043700   -0.0000000500   -0.0042656400
  -0.0000104100    0.0000046100   -0.0042404400
  -0.0000081800    0.0000022600   -0.0042498200
  -0.0000080900    0.0000046200   -0.0042614500
  -0.0000056300    0.0000038600   -0.0042634500
   0.0000331700    0.0000294100    0.0035335400
   0.0000117100    0.0000118900    0.0034963800
  -0.0000415800    0.0000179500    0.0035352800
  -0.0000661500    0.0000295000    0.0034642100
   0.0000180000    0.0000112800    0.0035086300
  -0.0000020300    0.0000003000    0.0035494100
  -0.0000341000    0.0000202800    0.0035256700
  -0.0000206600    0.0000276600    0.0034780900
  -0.0000070800   -0.0000344800    0.0035281500
  -0.0000042300   -0.0000248700    0.0035114100
   0.0000071700    0.0000109500    0.0035476300
  -0.0000251900    0.0000092200    0.0035275000
  -0.0000164400   -0.0000545000    0.0035008700
   0.0000110600   -0.0000148400    0.0035144200
  -0.0000131400   -0.0000153500    0.0035351400
  -0.0000367700   -0.0000082100    0.0034364300
  -0.0016119900    0.0000003100   -0.0023033000
  -0.0011640000    0.0007440800   -0.0079651600
   0.0000313200    0.0002708600   -0.0088092500
   0.0013859700    0.0012179700   -0.0062971500
  -0.0001381900   -0.0010966900   -0.0080652700
   0.0002848200    0.0001929800   -0.0086422500
   0.0002119200   -0.0001488300   -0.0093635100
  -0.0005539400   -0.0020795800   -0.0061923100
   0.0001942100   -0.0000944800   -0.0089574800
  -0.0000458100   -0.0000430300   -0.0090078600
  -0.0002708500   -0.0001730000   -0.0086623600
  -0.0000304300    0.0005822800   -0.0090230200
   0.0011466900    0.0006505900   -0.0072366800
  -0.0018226000    0.0005854200   -0.0070280200
   0.0007432900   -0.0004468400   -0.0090210300
  -0.0002663100   -0.0001364500   -0.0090320300
  -0.0632675100   -0.0002596200   -0.0960818100
   0.0095238800    0.0001857500    0.0076572400
   0.0002822100    0.0001357000    0.0094605400
   0.0082084500   -0.0000952300    0.0085202600
   0.0020863900    0.0044695500    0.0078905700
  -0.0000046200   -0.0000481600    0.0094891500
   0.0001729300   -0.0000519500    0.0097974100
   0.0014206700   -0.0034630100    0.0082853500
   0.0001529200    0.0000740300    0.0095372700
   0.0000826800    0.0001026300    0.0096486100
  -0.0000776800   -0.0002062400    0.0093831200
   0.0000778500    0.0002664600    0.0096506100
   0.0014949700    0.0037034400    0.0083271000
   0.0020116400   -0.0047922000    0.0078566600
   0.0003147200   -0.0001370200    0.0097091400
  -0.0001467400   -0.0001296700    0.0095995800

81   
 -0.0055264221495793   0.0000000000000000  -0.0083341861165107
   0.0000204900   -0.0000009800    0.0000631400
   0.0000099000   -0.0000126500    0.0000540900
  -0.0000015500   -0.0000107100    0.0000812600
   0.0000174400    0.0000028000    0.0000782200
   0.0000136700    0.0000031200    0.0000478900
   0.0000293500    0.0000046600    0.0000579800
   0.0000286800   -0.0000018500    0.0000703900
   0.0000217000   -0.0000056600    0.0000855700
   0.0000049100   -0.0000000400    0.0000714500
   0.0000214700   -0.0000010400    0.0000641200
   0.0000209300    0.0000111500    0.0000913000
   0.0000303100   -0.0000092900    0.0000565300
   0.0000144200   -0.0000061700    0.0000581500
   0.0000198600    0.0000173300    0.0000790600
   0.0000078500    0.0000146000    0.0000639700
   0.0000279800   -0.0000034600    0.0000497500
   0.0085363900    0.0066813400   -0.0160838400
  -0.0012585900   -0.0004322200    0.0003001500
   0.0009068700    0.0005728000   -0.0007813600
  -0.0466560400    0.0252117300   -0.0487623400
  -0.0006517800   -0.0001862600   -0.0000436600
   0.0001881500   -0.0000018300   -0.0006630500
   0.0003204900   -0.0017661000   -0.0004274000
   0.0016830700    0.0018070500   -0.0021225400
   0.0001786300    0.0002514100   -0.0005863600
  -0.0010177600    0.0015645900    0.0001108200
   0.0001796500    0.0000026600   -0.0003661700
  -0.0000350900    0.0001120600   -0.0004917100
  -0.0030121400   -0.0317288500   -0.0322530400
   0.0010600000    0.0003595800   -0.0019616300
   0.0001670400   -0.0001219300   -0.0004269300
  -0.0020736800   -0.0021674800   -0.0022923700
   0.0000188600   -0.0000030800   -0.0043784700
   0.0000121700    0.0000013800   -0.0043548500
   0.0000144800    0.0000020700   -0.0043535700
   0.0000108300    0.0000061900   -0.0043688400
   0.0000160300   -0.0000015800   -0.0043534900
   0.0000135500    0.0000004600   -0.0043532900
   0.0000118700   -0.0000012600   -0.0043525700
   0.0000176500    0.0000029200   -0.0043552600
   0.0000144600   -0.0000012400   -0.0043500700
   0.0000112000   -0.0000041500   -0.0043582700
   0.0000154500   -0.0000016800   -0.0043530500
   0.0000145800   -0.0000000400   -0.0043519900
   0.0000203000   -0.0000028500   -0.0043747600
   0.0000189400    0.0000027900   -0.0043552000
   0.0000136800   -0.0000003100   -0.0043521800
   0.0000145300   -0.0000039800   -0.0043499700
  -0.0000225400   -0.0000302100    0.0035853700
  -0.0000049000   -0.0000149700    0.0036175700
   0.0000549600   -0.0000156500    0.0035831100
   0.0000732600   -0.0000262200    0.0036512700
  -0.0000088000   -0.0000112600    0.0036098800
   0.0000106700    0.0000008200    0.0035773600
   0.0000459500   -0.0000234400    0.0035891300
   0.0000279000   -0.0000267000    0.0036422100
   0.0000162800    0.0000355900    0.0035890200
   0.0000148700    0.0000265500    0.0036115600
   0.0000017800   -0.0000124800    0.0035750500
   0.0000353900   -0.0000088500    0.0035928300
   0.0000262600    0.0000569600    0.0036202500
  -0.0000003900    0.0000197000    0.0035958400
   0.0000189400    0.0000198800    0.0035844800
   0.0000462600    0.0000086600    0.0036817600
   0.0016343600    0.0000005600   -0.0148994000
   0.0011607500   -0.0007303400   -0.0091233200
  -0.0000238100   -0.0002661700   -0.0082972500
  -0.0013764500   -0.0012028500   -0.0108175000
   0.0001556800    0.0010682700   -0.0090003300
  -0.0002707300   -0.0001886600   -0.0084527300
  -0.0001970200    0.0001466100   -0.0077294800
   0.0005654400    0.0021061600   -0.0109364700
  -0.0001784600    0.0000888900   -0.0081529300
   0.0000567300    0.0000413800   -0.0080946000
   0.0002816000    0.0001763600   -0.0084417600
   0.0000328300   -0.0005711600   -0.0080926900
  -0.0011030300   -0.0006424500   -0.0098518700
   0.0018454400   -0.0005866700   -0.0100916000
  -0.0007299100    0.0004403200   -0.0080969700
   0.0002551800    0.0001282500   -0.0080918800
   0.0639979900   -0.0001592800    0.1104202500
  -0.0094652300   -0.0001717700    0.0116727500
  -0.0002841700   -0.0001308200    0.0098943800
  -0.0082664100    0.0001275100    0.0108749500
  -0.0020949900   -0.0045166800    0.0114531100
   0.0000112600    0.0000476800    0.0098458000
  -0.0001593400    0.0000517600    0.0095475600
  -0.0013912100    0.0034099200    0.0110926200
  -0.0001401100   -0.0000835300    0.0098182600
  -0.0000704900   -0.0000987100    0.0097005000
   0.0000853500    0.0002133700    0.0099687000
  -0.0000739400   -0.0002645900    0.0097037700
  -0.0014308800   -0.0036868400    0.0110588000
  -0.0020537200    0.0048359900    0.0114953400
  -0.0003025000    0.0001319200    0.0096435200
   0.0001527300    0.0001311800    0.0097681500
