96   
12   

1    
  0.0054308656621598   0.0000000000000000   0.0083967671254819
  -0.1188133900   -0.0002655800   -0.2137943900
   0.0040543700    0.0058580600   -0.0031603700
   0.0019939400   -0.0000414400    0.0011167300
   0.0034592900   -0.0059103500   -0.0029822600
   0.0021682000   -0.0047017100   -0.0031320000
   0.0001715100   -0.0005241400    0.0003769100
   0.0002425300    0.0004706800    0.0003898100
   0.0020542300    0.0051531600   -0.0029716900
   0.0000895000    0.0010823000    0.0011247400
   0.0011070400    0.0000710900    0.0003651200
   0.0001396800   -0.0010321700    0.0011312800
   0.0010969200   -0.0000089200    0.0003576100
   0.0019529100    0.0066702900   -0.0030801200
   0.0022623400   -0.0070363500   -0.0030465700
   0.0002156500    0.0005132600    0.0003717700
   0.0002047800   -0.0005110100    0.0003171700
  -0.0036918700   -0.0058123100    0.0194766100
  -0.0001703900   -0.0004920500    0.0006445700
   0.0007680800    0.0007169700    0.0000936800
   0.0454258700   -0.0225679000    0.0516689100
  -0.0000728400   -0.0000720100    0.0005392700
  -0.0000941900    0.0000321600    0.0000902500
   0.0001867700   -0.0008725200    0.0001968900
  -0.0020785900   -0.0011957400    0.0017199400
   0.0007211500   -0.0000126200    0.0002610700
  -0.0000218000    0.0006420100    0.0005498000
  -0.0000903900    0.0000332600   -0.0000525800
  -0.0000401000   -0.0000576100   -0.0000197000
   0.0064169100    0.0284821700    0.0356473100
  -0.0006349600   -0.0008390300    0.0013149200
  -0.0001516000    0.0000415300   -0.0000464900
   0.0014074800    0.0020691600    0.0020878300
   0.0466580400    0.0233658100    0.0529747200
   0.0007049400   -0.0007035600    0.0001534800
  -0.0001226800    0.0004363200    0.0006940100
  -0.0035099800    0.0055822600    0.0189157100
   0.0001565700    0.0008231600    0.0002752900
  -0.0000678900    0.0000279900    0.0001697100
  -0.0000366200    0.0000091900    0.0005745200
  -0.0020498700    0.0013372500    0.0015033800
   0.0000246800   -0.0006485100    0.0005534300
   0.0005987700   -0.0000026000    0.0002320400
  -0.0000753700    0.0000369800   -0.0000853500
  -0.0000244100   -0.0000622500   -0.0001033600
   0.0062355400   -0.0288326600    0.0358551400
   0.0015943700   -0.0021103600    0.0020118800
  -0.0001429600    0.0000406200   -0.0000852800
  -0.0007530300    0.0008055000    0.0010307200
   0.0002240100    0.0001010800   -0.0000339300
  -0.0000654400   -0.0000376800   -0.0000773100
   0.0000606100   -0.0000622200   -0.0000269800
  -0.0002003400    0.0001320200   -0.0002203300
  -0.0000200800   -0.0000749700   -0.0000664600
  -0.0000503600    0.0000016000    0.0000600900
   0.0001084800    0.0000129600   -0.0000224500
  -0.0000614500   -0.0000037600   -0.0000221200
   0.0000348900    0.0000498700   -0.0000339600
   0.0000579000    0.0000808900   -0.0000596800
   0.0000029100    0.0000110100   -0.0000095100
  -0.0000109300    0.0000058900   -0.0000234200
   0.0000388400   -0.0002282000   -0.0001289000
   0.0000236300   -0.0000375500   -0.0000194800
  -0.0000066000   -0.0000046000   -0.0000246100
   0.0000119900    0.0000547400   -0.0000244200
   0.0002141000   -0.0000030800   -0.0007578900
   0.0000578300   -0.0001555500    0.0003283800
   0.0000104100   -0.0000060700    0.0000575100
   0.0000007900   -0.0000694800    0.0002832800
  -0.0000690300    0.0000641600    0.0003893400
   0.0000486700    0.0000374900    0.0000566800
  -0.0000447400    0.0000218600   -0.0000176100
   0.0000958300    0.0001005700    0.0002159600
   0.0000033100    0.0000054400    0.0000438200
  -0.0000103200   -0.0000546300    0.0000231300
   0.0000078000   -0.0000010700    0.0000620100
  -0.0000186800    0.0000139300    0.0000055700
  -0.0000385100    0.0000373600    0.0003609500
   0.0001829900    0.0000288200    0.0002399000
  -0.0000183100    0.0000025200   -0.0000225200
  -0.0000455200   -0.0000150800    0.0000366100
   0.0000083900   -0.0000016300   -0.0002998000
   0.0000021400    0.0000312100   -0.0001458600
   0.0000024900    0.0000136700   -0.0001874300
   0.0000049300    0.0000040400   -0.0001437000
   0.0000219500   -0.0000111600   -0.0001508900
  -0.0000069100    0.0000024100   -0.0001751000
   0.0000042600   -0.0000021000   -0.0001874000
  -0.0000099700   -0.0000085400   -0.0001364400
   0.0000151400   -0.0000073200   -0.0001823500
  -0.0000044400    0.0000046200   -0.0001772900
  -0.0000160100   -0.0000093300   -0.0001873300
  -0.0000006200   -0.0000082900   -0.0001738800
   0.0000089700   -0.0000003900   -0.0001525100
  -0.0000203400   -0.0000136100   -0.0001398700
  -0.0000099700    0.0000059400   -0.0001802900
   0.0000061500    0.0000044300   -0.0001775900

1    
 -0.0054308656621598   0.0000000000000000  -0.0083967671254819
   0.1187743000   -0.0002693300    0.2138200400
  -0.0038058900   -0.0058221500    0.0034901500
  -0.0019791700    0.0000382300   -0.0008334800
  -0.0037066900    0.0059338800    0.0031993500
  -0.0021301800    0.0047999600    0.0034014200
  -0.0001868700    0.0005115600   -0.0000857800
  -0.0002599100   -0.0004878000   -0.0000782700
  -0.0020615000   -0.0050558000    0.0032899000
  -0.0000843600   -0.0010837100   -0.0008133300
  -0.0010923000   -0.0000468100   -0.0000828800
  -0.0001623000    0.0010409700   -0.0008534000
  -0.0010903300    0.0000087600   -0.0000829100
  -0.0020226600   -0.0067383800    0.0032568400
  -0.0021909600    0.0069507200    0.0034315300
  -0.0002018600   -0.0004967500   -0.0000959100
  -0.0002203800    0.0005054500   -0.0000677200
   0.0037362500    0.0058279800   -0.0195677900
   0.0001523800    0.0004435700   -0.0006591300
  -0.0007810400   -0.0007380600   -0.0001077200
  -0.0472318200    0.0236144200   -0.0535315400
   0.0000270300    0.0000954700   -0.0005075900
   0.0001047700   -0.0000016100   -0.0001464400
  -0.0001809300    0.0008572600   -0.0002532900
   0.0020749100    0.0011968400   -0.0017116600
  -0.0007398400   -0.0000447500   -0.0002295100
  -0.0000159200   -0.0006097500   -0.0005316600
   0.0001016400   -0.0000200500    0.0000426000
   0.0000687100    0.0000462000    0.0000651600
  -0.0063478700   -0.0293297600   -0.0364258700
   0.0006064000    0.0008448700   -0.0013034200
   0.0001416100   -0.0000221200    0.0000581800
  -0.0014730400   -0.0020562800   -0.0021218300
  -0.0448647300   -0.0222940100   -0.0511686300
  -0.0006881800    0.0006764200   -0.0001813800
   0.0001400500   -0.0004750700   -0.0007509300
   0.0034751300   -0.0056036000   -0.0188594200
  -0.0001864500   -0.0008019500   -0.0003287100
   0.0000759700   -0.0000016500   -0.0001795000
   0.0000566900   -0.0000190700   -0.0006093800
   0.0020878800   -0.0013368400   -0.0015579300
  -0.0000361400    0.0006155900   -0.0006156900
  -0.0006227700    0.0000071200   -0.0003222000
   0.0000910600   -0.0000302800    0.0000422100
   0.0000583400    0.0000555000    0.0000227800
  -0.0062436300    0.0279982500   -0.0351296300
  -0.0015544900    0.0020993200   -0.0020745600
   0.0001481600   -0.0000218400    0.0000284900
   0.0007548300   -0.0007773100   -0.0010389100
  -0.0002044300   -0.0000916800   -0.0000596600
   0.0000522500    0.0000446100   -0.0000257200
  -0.0000644800    0.0000509600   -0.0000770600
   0.0002005400   -0.0001385600    0.0001197700
   0.0000296200    0.0000434600   -0.0000325700
   0.0000485500   -0.0000004300   -0.0001487300
  -0.0001097200    0.0000101300   -0.0000721300
   0.0000561600    0.0000007900   -0.0000712000
  -0.0000251900   -0.0000515600   -0.0000577900
  -0.0000460500   -0.0000924400   -0.0000470600
  -0.0000168900   -0.0000113200   -0.0000819100
   0.0000041000    0.0000040500   -0.0000645300
  -0.0000426000    0.0002318500    0.0000281400
  -0.0000132800    0.0000394000   -0.0000823100
   0.0000043000    0.0000104000   -0.0000746000
  -0.0000162500   -0.0000448900   -0.0000586200
  -0.0002118000    0.0000017600    0.0008216400
  -0.0000643200    0.0001589600   -0.0002731600
  -0.0000082600    0.0000049800    0.0000039500
   0.0000043500    0.0000699100   -0.0002251100
   0.0000698300   -0.0000713200   -0.0003375300
  -0.0000529600   -0.0000385300    0.0000038400
   0.0000433200   -0.0000195400    0.0000690400
  -0.0000908800   -0.0001037800   -0.0001622600
  -0.0000020500   -0.0000012400    0.0000088500
   0.0000126900    0.0000576900    0.0000381200
  -0.0000083500    0.0000022300    0.0000010400
   0.0000173600   -0.0000138800    0.0000483400
   0.0000419500   -0.0000302800   -0.0003126800
  -0.0001888500   -0.0000252900   -0.0001874000
   0.0000177300   -0.0000012800    0.0000767400
   0.0000460800    0.0000142200    0.0000189700
  -0.0000129500    0.0000019600    0.0001233200
   0.0000000200   -0.0000280500   -0.0000366200
   0.0000007800   -0.0000150600    0.0000115500
  -0.0000029100   -0.0000058500   -0.0000298700
  -0.0000204200    0.0000090500   -0.0000247700
   0.0000051600   -0.0000027900   -0.0000032600
  -0.0000041100    0.0000055200    0.0000097000
   0.0000117300    0.0000098500   -0.0000392500
  -0.0000138800    0.0000112100    0.0000162100
   0.0000087000   -0.0000030400    0.0000020300
   0.0000159100    0.0000112700    0.0000058800
  -0.0000024600    0.0000104400    0.0000012000
  -0.0000106200    0.0000043000   -0.0000233800
   0.0000237800    0.0000096400   -0.0000419500
   0.0000091700   -0.0000079500   -0.0000013300
  -0.0000042900   -0.0000035000    0.0000034800

17   
  0.0054308656621598   0.0000000000000000   0.0083967671254819
  -0.0043085500   -0.0061490900    0.0199546600
   0.0478048400   -0.0239479200    0.0533483700
  -0.0001646100   -0.0002502300    0.0008013200
   0.0006778100    0.0002471900    0.0001937800
   0.0063323900    0.0299313900    0.0364873300
   0.0009895000    0.0018143200    0.0025078500
  -0.0001936900   -0.0000220200    0.0000590400
  -0.0002760600   -0.0010795600    0.0011421700
   0.0001175400    0.0002058700    0.0007343900
  -0.0001537300   -0.0000211400    0.0000645900
  -0.0001179100    0.0000449100    0.0000470300
   0.0005376800   -0.0009172000    0.0002620000
   0.0002234400   -0.0000979900    0.0004291200
  -0.0021508100   -0.0007239500    0.0018205500
  -0.0001800300    0.0008351000    0.0005650800
  -0.0001502100   -0.0000077100    0.0002681400
  -0.0558444000    0.0000587200   -0.1218239900
   0.0040408900   -0.0000500600   -0.0018738900
  -0.0000495200   -0.0001062200   -0.0001884200
   0.0056968300    0.0002287200   -0.0029395600
   0.0004583600    0.0016904300   -0.0020910200
  -0.0001299000   -0.0000619300    0.0000573700
  -0.0001110600    0.0000574800    0.0002214600
   0.0011698000   -0.0032604500   -0.0027295000
  -0.0001247000    0.0000444400   -0.0002455100
  -0.0000171800    0.0000112800    0.0001447500
   0.0000631800    0.0000656900   -0.0001232700
  -0.0000172000    0.0001413600    0.0001400500
   0.0013281800    0.0029013000   -0.0026189700
   0.0003079800   -0.0015061600   -0.0021925700
  -0.0000025300   -0.0000101400    0.0001432300
  -0.0002390200   -0.0001300500    0.0001352600
  -0.0017130400   -0.0000007500    0.0105267700
   0.0017329500    0.0015794000    0.0015279200
  -0.0000249400    0.0000121600    0.0000410600
  -0.0008995000    0.0006559100   -0.0002026300
   0.0010715700    0.0006735900    0.0004914600
  -0.0000449200    0.0000037000   -0.0001160900
   0.0001641700   -0.0001175700   -0.0002062200
  -0.0021827300    0.0004911600    0.0008302800
  -0.0001069600    0.0000487700    0.0000421100
  -0.0000454800    0.0001225400   -0.0001659200
  -0.0001247200   -0.0000565200    0.0000304200
  -0.0000424000    0.0000408800   -0.0001611400
  -0.0002330000   -0.0006785300   -0.0003734000
  -0.0008639500   -0.0027331300    0.0016966800
   0.0000899400   -0.0000776300   -0.0002373400
   0.0000272100    0.0000387400   -0.0000828600
  -0.0000427300    0.0000014900    0.0000047600
  -0.0000485900   -0.0000055600    0.0000438100
  -0.0000454100    0.0000015500    0.0000382700
  -0.0000400700   -0.0000064300    0.0000480800
  -0.0000539000    0.0000091100    0.0000583500
  -0.0000459600    0.0000066900    0.0000485700
  -0.0000524600   -0.0000014000    0.0000505400
  -0.0000344100   -0.0000097400    0.0000348700
  -0.0000472500    0.0000037400    0.0000483500
  -0.0000560000   -0.0000025700    0.0000478500
  -0.0000484100    0.0000014600    0.0000276400
  -0.0000483100   -0.0000013200    0.0000447100
  -0.0000568900    0.0000047300    0.0000581700
  -0.0000480500    0.0000127100    0.0000310200
  -0.0000567200    0.0000050500    0.0000375800
  -0.0000497800   -0.0000007800    0.0000420200
  -0.0000290800    0.0000112300    0.0001325900
  -0.0000746800    0.0000134200    0.0001022000
  -0.0000676300    0.0000133500    0.0001067200
  -0.0000404500    0.0000103300    0.0001076600
  -0.0000494100   -0.0000241300    0.0001184300
  -0.0000587200    0.0000001000    0.0000495300
  -0.0000487300   -0.0000013600    0.0001155400
  -0.0000469000   -0.0000039200    0.0001168500
  -0.0000462000   -0.0000113300    0.0001113000
  -0.0000482100    0.0000023200    0.0001155400
  -0.0000458700    0.0000042300    0.0001155100
  -0.0000469800   -0.0000185300    0.0001068000
  -0.0000381900    0.0000008000    0.0001109800
  -0.0000557800    0.0000084100    0.0000847200
  -0.0000722300    0.0000158500    0.0001060700
  -0.0000407300   -0.0000012500    0.0001167800
  -0.0000467500    0.0000036600    0.0000924800
  -0.0000472800   -0.0000033000    0.0000921600
  -0.0000418000   -0.0000006700    0.0000805200
  -0.0000433500    0.0000003900    0.0000787700
  -0.0000523300    0.0000020200    0.0000920600
  -0.0000481500    0.0000033100    0.0000755600
  -0.0000459000    0.0000013900    0.0000750300
  -0.0000464800   -0.0000008500    0.0000789400
  -0.0000474000    0.0000049600    0.0000758600
  -0.0000462700    0.0000021400    0.0000744700
  -0.0000469100    0.0000014100    0.0000772100
  -0.0000413200    0.0000027500    0.0000799300
  -0.0000456100    0.0000023300    0.0000747600
  -0.0000498400    0.0000030100    0.0000747500
  -0.0000435300    0.0000011500    0.0000797700
  -0.0000439100   -0.0000010600    0.0000739500

17   
 -0.0054308656621598   0.0000000000000000  -0.0083967671254819
   0.0043137100    0.0061211300   -0.0198194100
  -0.0458705800    0.0228475900   -0.0511826800
   0.0002039100    0.0002495800   -0.0006316500
  -0.0007130700   -0.0002485400   -0.0000105100
  -0.0062933300   -0.0291282100   -0.0356582900
  -0.0010202000   -0.0018153200   -0.0023182600
   0.0001952600    0.0000135500    0.0001071900
   0.0002585700    0.0010737700   -0.0010033100
  -0.0000905900   -0.0001662100   -0.0005644400
   0.0001486700    0.0000237000    0.0000961400
   0.0001186500   -0.0000475800    0.0001149000
  -0.0005525400    0.0009380500   -0.0000789000
  -0.0002486600    0.0000663300   -0.0002543400
   0.0021209700    0.0007388900   -0.0016653000
   0.0001977800   -0.0008507100   -0.0003906100
   0.0001561800    0.0000002600   -0.0000983700
   0.0537286000    0.0003776000    0.1081806800
  -0.0039866400    0.0000361100    0.0019769500
   0.0000595300    0.0001045800    0.0003364500
  -0.0057219500   -0.0002217400    0.0030988700
  -0.0004828000   -0.0016912900    0.0022036800
   0.0001282300    0.0000597100    0.0000887400
   0.0001193900   -0.0000551100   -0.0000629700
  -0.0011579200    0.0032302500    0.0028619300
   0.0001256800   -0.0000436700    0.0003948800
   0.0000240500   -0.0000102600    0.0000133800
  -0.0000628000   -0.0000760400    0.0002716000
   0.0000238500   -0.0001390000    0.0000168900
  -0.0013097500   -0.0028812500    0.0027652900
  -0.0003253700    0.0015156800    0.0023009900
   0.0000079800    0.0000096900    0.0000109500
   0.0002411700    0.0001263100    0.0000220300
   0.0016864500   -0.0000038800   -0.0102655300
  -0.0017235700   -0.0015902700   -0.0014136800
   0.0000302700   -0.0000135500    0.0000565600
   0.0009240600   -0.0006714400    0.0002791700
  -0.0011021800   -0.0006756400   -0.0004075300
   0.0000552700    0.0000003200    0.0002164900
  -0.0001576800    0.0001223200    0.0003012000
   0.0021723100   -0.0004940700   -0.0007275400
   0.0001057500   -0.0000486500    0.0000559100
   0.0000541500   -0.0001265600    0.0002593900
   0.0001222000    0.0000478700    0.0000633100
   0.0000508400   -0.0000356500    0.0002467100
   0.0002355000    0.0007079400    0.0004440400
   0.0008529800    0.0026962100   -0.0015682200
  -0.0000840800    0.0000785400    0.0003239100
  -0.0000298700   -0.0000457300    0.0001717300
   0.0000459900   -0.0000011200    0.0000564500
   0.0000494200    0.0000051400    0.0000215500
   0.0000488800   -0.0000026800    0.0000245700
   0.0000441300    0.0000049200    0.0000146000
   0.0000567500   -0.0000128200    0.0000058500
   0.0000485600   -0.0000079300    0.0000141500
   0.0000550700    0.0000012000    0.0000117900
   0.0000381700    0.0000057600    0.0000276600
   0.0000510100   -0.0000035800    0.0000155400
   0.0000592400    0.0000009100    0.0000130100
   0.0000499600   -0.0000018200    0.0000325000
   0.0000509600    0.0000014400    0.0000207000
   0.0000591600   -0.0000051600    0.0000042000
   0.0000516300   -0.0000139600    0.0000305100
   0.0000589500   -0.0000065900    0.0000244700
   0.0000537800   -0.0000004900    0.0000191500
   0.0000313400   -0.0000105700   -0.0000016800
   0.0000774900   -0.0000132600    0.0000286000
   0.0000703700   -0.0000144200    0.0000238000
   0.0000452900   -0.0000113400    0.0000254500
   0.0000516400    0.0000212400    0.0000114000
   0.0000625200   -0.0000021900    0.0000814100
   0.0000510800   -0.0000002100    0.0000125200
   0.0000511800    0.0000004100    0.0000145100
   0.0000487200    0.0000138500    0.0000205500
   0.0000519400   -0.0000009500    0.0000173200
   0.0000482500   -0.0000022900    0.0000162000
   0.0000504300    0.0000193500    0.0000251200
   0.0000398100   -0.0000027400    0.0000211200
   0.0000584200   -0.0000119600    0.0000444500
   0.0000755500   -0.0000185100    0.0000232400
   0.0000446500   -0.0000017600    0.0000148000
   0.0000483600   -0.0000019600   -0.0000057700
   0.0000511600    0.0000043900   -0.0000041000
   0.0000444600    0.0000006700    0.0000082800
   0.0000488600   -0.0000007700    0.0000073300
   0.0000549000   -0.0000041000   -0.0000030100
   0.0000519400   -0.0000054400    0.0000126200
   0.0000489600   -0.0000024700    0.0000150100
   0.0000504100   -0.0000023900    0.0000088300
   0.0000504400   -0.0000027100    0.0000118900
   0.0000499500   -0.0000008500    0.0000114200
   0.0000497700   -0.0000000200    0.0000096700
   0.0000454400   -0.0000014400    0.0000072200
   0.0000475600   -0.0000043900    0.0000116200
   0.0000532500   -0.0000065100    0.0000137300
   0.0000475100   -0.0000037500    0.0000087300
   0.0000483300   -0.0000017000    0.0000126100

33   
  0.0054308656621598   0.0000000000000000   0.0083967671254819
   0.0457581600    0.0228735100    0.0504652000
  -0.0045899800    0.0061870800    0.0196278600
   0.0006741700   -0.0002584400    0.0002169700
  -0.0002505900    0.0002773100    0.0007482100
   0.0061333300   -0.0292242200    0.0352028800
  -0.0004434800    0.0009716900    0.0008368300
  -0.0002153100    0.0000120300   -0.0000116200
   0.0011679700   -0.0019095200    0.0023089400
   0.0005032300    0.0009256400    0.0002949900
  -0.0001269100   -0.0000566500   -0.0000025700
  -0.0001533000    0.0000311100   -0.0000204800
   0.0000184700   -0.0001459400    0.0006692700
  -0.0002171400   -0.0008438300    0.0005615600
  -0.0021315700    0.0009366300    0.0015766400
   0.0002240100    0.0000445200    0.0004046100
  -0.0001486300   -0.0000005200    0.0001895200
  -0.0017038700   -0.0000028100    0.0103279500
  -0.0009430900   -0.0006049700   -0.0002185600
  -0.0000483900    0.0000075400    0.0000046300
   0.0017051800   -0.0015231800    0.0014718300
  -0.0021343600   -0.0005292700    0.0008256300
   0.0001569200    0.0001291900   -0.0002112400
  -0.0000864100    0.0000077500   -0.0001719000
   0.0010262200   -0.0007068200    0.0004307900
  -0.0001243500    0.0000405800    0.0000087500
  -0.0000696600   -0.0001423000   -0.0001940400
  -0.0001386200   -0.0000551500   -0.0000019600
  -0.0000730500   -0.0000750800   -0.0001919400
  -0.0008140200    0.0026634200    0.0016664100
  -0.0003080500    0.0006732400   -0.0004184200
  -0.0000275100   -0.0000278300   -0.0001236400
   0.0000990900    0.0000978100   -0.0002597000
  -0.0526768400    0.0003632400   -0.1148957200
   0.0057623200   -0.0002421900   -0.0027827300
  -0.0001150500    0.0000583700   -0.0003412300
   0.0043340200   -0.0001049700   -0.0018550600
   0.0010274100    0.0031789900   -0.0026409600
  -0.0001627300   -0.0000853300    0.0000566900
  -0.0001354000    0.0000653900   -0.0000638300
   0.0006486900   -0.0018257500   -0.0019896200
  -0.0000180600   -0.0000598500   -0.0003042100
  -0.0000182600    0.0000125400   -0.0000016400
  -0.0001210300   -0.0000071400   -0.0003732500
  -0.0000188900   -0.0001138200   -0.0000042800
   0.0003471000    0.0018499100   -0.0021786700
   0.0013233300   -0.0028707600   -0.0024553300
  -0.0002461900    0.0001292800    0.0000019900
  -0.0000523700   -0.0000213400   -0.0000127300
   0.0000661300   -0.0000025300   -0.0002051400
   0.0000326200    0.0000336600    0.0002256200
  -0.0000345500    0.0000021500   -0.0000431800
  -0.0001356100    0.0001038200    0.0001851700
   0.0000392500   -0.0000085900    0.0001430900
  -0.0000072400    0.0000418600   -0.0000153100
  -0.0000989100    0.0000077200   -0.0000863400
  -0.0001705100    0.0000796600    0.0002683800
  -0.0000515900    0.0000070200   -0.0000580900
  -0.0000827600   -0.0000544100   -0.0000513800
  -0.0000591300   -0.0000166500   -0.0000280800
  -0.0001032100   -0.0000443300   -0.0000591700
   0.0000298200   -0.0000937200    0.0001222000
  -0.0000092000   -0.0001279700    0.0002894400
  -0.0001330300    0.0000154300   -0.0000366200
  -0.0000601900    0.0000230500   -0.0000792300
  -0.0008716100   -0.0003763300    0.0005425300
   0.0013298400   -0.0008972200    0.0020984100
  -0.0001126600    0.0000250700   -0.0000678500
  -0.0000063800    0.0000379600    0.0000187000
  -0.0002220500    0.0012658200    0.0013155500
  -0.0000070200    0.0000853000   -0.0001052700
  -0.0000659900    0.0000161900    0.0000054000
  -0.0001160700   -0.0000286500   -0.0002142200
  -0.0000623200   -0.0000681200   -0.0000179200
  -0.0000474000   -0.0000110900    0.0000132000
  -0.0000802100   -0.0000086400   -0.0000000600
  -0.0000677100   -0.0000567700   -0.0000328700
   0.0000021700    0.0000301100    0.0000240100
  -0.0001603200   -0.0000671700   -0.0001609700
  -0.0001058000    0.0000211700   -0.0000774400
  -0.0000730900   -0.0000028800    0.0000389400
  -0.0000657300   -0.0000026500   -0.0000082200
  -0.0000668500    0.0000041500   -0.0000217300
  -0.0000912100    0.0000207000   -0.0000187600
  -0.0000747900   -0.0000028600    0.0000151100
  -0.0000604000   -0.0000048500   -0.0000137500
  -0.0001298100   -0.0000358500   -0.0000370300
  -0.0000707500    0.0000038400    0.0000064400
  -0.0000232600   -0.0000325700   -0.0000201300
  -0.0000631200   -0.0000159300   -0.0000024000
  -0.0000600200   -0.0000065800    0.0000125700
  -0.0000715800   -0.0000008800   -0.0000021200
  -0.0000738400   -0.0000078900   -0.0000007400
  -0.0000708000   -0.0000063900    0.0000159000
  -0.0000736400    0.0000574500   -0.0000280600
  -0.0000942100    0.0000029600   -0.0000163500
  -0.0000617600   -0.0000026400   -0.0000050200

33   
 -0.0054308656621598   0.0000000000000000  -0.0083967671254819
  -0.0477245500   -0.0239695100   -0.0524972900
   0.0045459600   -0.0062109600   -0.0196199600
  -0.0006719500    0.0002499900   -0.0002577300
   0.0001781400   -0.0002812800   -0.0007775500
  -0.0062095800    0.0300199100   -0.0358940700
   0.0004151000   -0.0009869300   -0.0008421700
   0.0001832200   -0.0000239600   -0.0000133800
  -0.0011562600    0.0018986100   -0.0023656200
  -0.0005261300   -0.0009082700   -0.0003353300
   0.0000898800    0.0000531700   -0.0000236500
   0.0001326500   -0.0000301200   -0.0000031700
  -0.0000744400    0.0001796300   -0.0007001500
   0.0001687100    0.0008344800   -0.0005935600
   0.0021280500   -0.0009033000   -0.0015990200
  -0.0002332000   -0.0000671700   -0.0004392900
   0.0001136200    0.0000024100   -0.0002199600
   0.0016978600    0.0000009200   -0.0104826000
   0.0008875200    0.0005910300    0.0002369200
   0.0000105600   -0.0000068200   -0.0000047400
  -0.0017444100    0.0015132200   -0.0014871500
   0.0021122100    0.0005257500   -0.0008286100
  -0.0001912500   -0.0001281100    0.0002089900
   0.0000412300   -0.0000037700    0.0001707500
  -0.0010259300    0.0007029900   -0.0004149100
   0.0000918400   -0.0000462700   -0.0000082000
   0.0000326400    0.0001355000    0.0001888100
   0.0001063200    0.0000561200   -0.0000003000
   0.0000360200    0.0000755000    0.0001973800
   0.0007898500   -0.0027001800   -0.0016963300
   0.0002772700   -0.0006449000    0.0004414900
  -0.0000047100    0.0000244300    0.0001275800
  -0.0001334800   -0.0000966900    0.0002666600
   0.0577589800    0.0000928800    0.1238779500
  -0.0057659100    0.0002467200    0.0026879200
   0.0000728900   -0.0000589700    0.0002541100
  -0.0044112200    0.0000890400    0.0018154100
  -0.0010776200   -0.0032099000    0.0025678900
   0.0001264600    0.0000833500   -0.0001480700
   0.0001013000   -0.0000672800   -0.0000205600
  -0.0006493800    0.0018193600    0.0019390100
  -0.0000185400    0.0000528800    0.0002210300
  -0.0000166000   -0.0000146400   -0.0000839700
   0.0000858200    0.0000077900    0.0002879000
  -0.0000163200    0.0001110900   -0.0000840300
  -0.0003659100   -0.0018338700    0.0021311600
  -0.0013666100    0.0028900100    0.0023750300
   0.0002087200   -0.0001293200   -0.0000934700
   0.0000182700    0.0000207700   -0.0000752100
  -0.0000998400    0.0000002800    0.0000896600
  -0.0000640000   -0.0000370200   -0.0003419000
   0.0000017200   -0.0000048700   -0.0000776800
   0.0001006000   -0.0001070200   -0.0003043300
  -0.0000740600    0.0000093200   -0.0002624700
  -0.0000276600   -0.0000414700   -0.0001039500
   0.0000649600   -0.0000082100   -0.0000344400
   0.0001354600   -0.0000783600   -0.0003850900
   0.0000162000   -0.0000070500   -0.0000637100
   0.0000478000    0.0000532800   -0.0000697200
   0.0000256400    0.0000153300   -0.0000936800
   0.0000687300    0.0000439000   -0.0000620800
  -0.0000658700    0.0000941900   -0.0002432200
  -0.0000218000    0.0001243600   -0.0004038100
   0.0000990500   -0.0000172700   -0.0000827900
   0.0000257900   -0.0000250200   -0.0000394100
   0.0008343600    0.0003783900   -0.0006254200
  -0.0013260200    0.0008698500   -0.0021066500
   0.0000756900   -0.0000240300   -0.0000033100
  -0.0000265500   -0.0000380900   -0.0000909900
   0.0001797100   -0.0012479100   -0.0013696000
  -0.0000266100   -0.0000876900    0.0000315100
   0.0000304400   -0.0000176800   -0.0000787000
   0.0000819300    0.0000247300    0.0001410800
   0.0000276700    0.0000682000   -0.0000540200
   0.0000141000    0.0000116200   -0.0000848900
   0.0000445100    0.0000104800   -0.0000714500
   0.0000328500    0.0000576500   -0.0000394500
  -0.0000381500   -0.0000321500   -0.0000991500
   0.0001251100    0.0000629200    0.0000853600
   0.0000713300   -0.0000242000    0.0000034400
   0.0000393300    0.0000004100   -0.0001135400
   0.0000310300    0.0000045600   -0.0000892800
   0.0000341500   -0.0000024200   -0.0000768900
   0.0000538200   -0.0000181200   -0.0000794900
   0.0000417800    0.0000035400   -0.0001129800
   0.0000264600    0.0000023400   -0.0000826000
   0.0000950400    0.0000317600   -0.0000604000
   0.0000357800   -0.0000056500   -0.0001033800
  -0.0000108800    0.0000290700   -0.0000766500
   0.0000290600    0.0000158500   -0.0000948900
   0.0000270700    0.0000073500   -0.0001109400
   0.0000366900    0.0000030400   -0.0000959400
   0.0000385300    0.0000086400   -0.0000974700
   0.0000352400    0.0000040700   -0.0001108800
   0.0000398600   -0.0000609400   -0.0000683500
   0.0000586300   -0.0000057700   -0.0000801500
   0.0000282000    0.0000004800   -0.0000912500

49   
  0.0054308656621598   0.0000000000000000   0.0083967671254819
   0.0001430800    0.0000656100    0.0001118100
  -0.0001407800    0.0001070300   -0.0001462500
   0.0000436100   -0.0000065100    0.0001024600
  -0.0000283200   -0.0000073500    0.0000286900
   0.0000370500   -0.0001637200   -0.0000167800
  -0.0000009800    0.0000394600    0.0000846600
  -0.0000044600   -0.0000067100    0.0000876900
   0.0000369300   -0.0000466200    0.0000845700
   0.0000491100    0.0000200800    0.0000585100
  -0.0000040200    0.0000050400    0.0000826000
   0.0000176200    0.0000145200    0.0000942800
   0.0000231900    0.0000643700    0.0000739400
   0.0000148900   -0.0000429300    0.0000210200
  -0.0000596900    0.0000163100    0.0000843500
   0.0000690900   -0.0000137400    0.0001104200
  -0.0000477500   -0.0000042700    0.0001630600
   0.0000053300    0.0000061700   -0.0000368400
   0.0000058500    0.0000198600   -0.0000020200
   0.0000023000    0.0000228900   -0.0000122100
   0.0000041000    0.0000370400   -0.0000017600
   0.0000176700   -0.0000026200   -0.0000003200
  -0.0000013200    0.0000012900   -0.0000004800
  -0.0000092300    0.0000079600   -0.0000008300
  -0.0000259900   -0.0000131400    0.0000068500
   0.0000143800   -0.0000046300   -0.0000050200
  -0.0000004200    0.0000005200    0.0000027000
  -0.0000138100   -0.0000066900   -0.0000064000
  -0.0000073800    0.0000033200   -0.0000006700
   0.0000236400   -0.0000141200    0.0000005000
  -0.0000166000   -0.0000148700    0.0000075200
  -0.0000013700   -0.0000050000   -0.0000066800
   0.0000003600    0.0000041100    0.0000000700
   0.0001335000    0.0000055500   -0.0002052200
  -0.0000153700   -0.0000709300    0.0001707900
   0.0000338300   -0.0000206700   -0.0000245200
   0.0000543800   -0.0001751800    0.0002758400
  -0.0000473400    0.0000365200    0.0002322400
  -0.0000615300   -0.0000141300   -0.0000230400
   0.0000073300   -0.0000203000   -0.0000729400
   0.0002077800    0.0000352800    0.0002055000
  -0.0000091800    0.0000267000   -0.0000289300
  -0.0000334300    0.0000439200   -0.0000514400
   0.0000370200    0.0000039000   -0.0000324100
  -0.0000126200   -0.0000612600   -0.0000334500
  -0.0000881300    0.0000663200    0.0002841200
   0.0000975200    0.0001205900    0.0001516600
  -0.0000400200    0.0000146800   -0.0000582600
   0.0000725900    0.0000492900   -0.0000024300
  -0.1306557300    0.0000452800   -0.2258765800
   0.0038054900   -0.0047724100   -0.0062674300
   0.0007374000   -0.0000235500    0.0010921800
   0.0037932400    0.0046402300   -0.0065261400
   0.0024716900    0.0053935600   -0.0063179800
   0.0003661600   -0.0002750600    0.0002069800
   0.0003477000    0.0002856500    0.0002551600
   0.0026071800   -0.0054643000   -0.0064774500
  -0.0001311800    0.0005015500    0.0010827400
   0.0008422100   -0.0000050100    0.0002286200
  -0.0000821400   -0.0004729800    0.0011034200
   0.0008385100    0.0000577800    0.0002309000
   0.0025249000   -0.0039034800   -0.0064478900
   0.0025597600    0.0040540900   -0.0063486800
   0.0004059200    0.0002574900    0.0002242900
   0.0003061700   -0.0002997700    0.0002329100
   0.0476484100    0.0228255600    0.0545226300
  -0.0023798600    0.0060569200    0.0222251300
  -0.0001156600    0.0005292400    0.0008273400
   0.0006666200   -0.0004336900    0.0009261200
   0.0081128800   -0.0289958400    0.0385035300
  -0.0012622700    0.0005790600    0.0013307800
  -0.0000316000    0.0000999600   -0.0000532400
   0.0022239300   -0.0025740400    0.0027687600
   0.0000897300   -0.0004754800    0.0007372800
   0.0001198100   -0.0000861100    0.0000449700
  -0.0000487000   -0.0000088900   -0.0001489000
   0.0004058500   -0.0002498000    0.0010271800
   0.0001795600    0.0006436100    0.0007842200
  -0.0022496000    0.0020208500    0.0020533700
  -0.0002953300    0.0000013000    0.0009757800
  -0.0001227000    0.0000035400    0.0002580400
  -0.0027141900   -0.0063002300    0.0229058900
   0.0504813500   -0.0244186400    0.0571392600
   0.0007211500    0.0005332200    0.0008519600
  -0.0000803200   -0.0005117200    0.0007427000
   0.0081930700    0.0305898800    0.0398826900
   0.0021833200    0.0025372200    0.0027973100
  -0.0000159400   -0.0000446400   -0.0001081100
  -0.0011336800   -0.0006040100    0.0015371400
   0.0005228300    0.0002505700    0.0009204400
  -0.0000209700    0.0000041600   -0.0002037100
   0.0000629200    0.0000464800   -0.0000131800
   0.0001099800    0.0004334100    0.0006641400
  -0.0002452800   -0.0000349700    0.0008673800
  -0.0021950300   -0.0019070400    0.0021647600
   0.0001349600   -0.0006556600    0.0007202000
  -0.0001650000    0.0000037500    0.0001961200

49   
 -0.0054308656621598   0.0000000000000000  -0.0083967671254819
  -0.0001358800   -0.0000582100   -0.0000641500
   0.0001481300   -0.0001079600    0.0002037900
  -0.0000367200    0.0000135900   -0.0000439300
   0.0000343600    0.0000116500    0.0000348700
  -0.0000368700    0.0001643700    0.0000709900
   0.0000101100   -0.0000375900   -0.0000271900
   0.0000108600    0.0000074800   -0.0000302500
  -0.0000229000    0.0000495400   -0.0000251500
  -0.0000398300   -0.0000192600    0.0000019000
   0.0000134200    0.0000000500   -0.0000221000
  -0.0000110200   -0.0000113600   -0.0000357300
  -0.0000172200   -0.0000616500   -0.0000118200
  -0.0000040100    0.0000433900    0.0000404300
   0.0000683200   -0.0000176500   -0.0000262200
  -0.0000632400    0.0000148400   -0.0000512100
   0.0000520700    0.0000024900   -0.0001039000
  -0.0000009100    0.0000007300    0.0000739400
   0.0000012500   -0.0000138800    0.0000277400
   0.0000030800   -0.0000161400    0.0000406000
   0.0000093300   -0.0000296100    0.0000357000
  -0.0000111100    0.0000030800    0.0000347200
   0.0000089000   -0.0000012400    0.0000344000
   0.0000182400   -0.0000060800    0.0000400800
   0.0000326200    0.0000098700    0.0000308400
  -0.0000087600    0.0000061000    0.0000405200
   0.0000091700    0.0000065200    0.0000388900
   0.0000197100    0.0000089700    0.0000406900
   0.0000170100   -0.0000024100    0.0000297100
  -0.0000113500    0.0000136400    0.0000398800
   0.0000195700    0.0000130200    0.0000273000
   0.0000067300    0.0000053200    0.0000320600
   0.0000091600   -0.0000046700    0.0000267900
  -0.0001311800    0.0000000800    0.0001764900
   0.0000221100    0.0000759000   -0.0001674600
  -0.0000292200    0.0000265800    0.0000225400
  -0.0000343700    0.0001792700   -0.0002742900
   0.0000526200   -0.0000379000   -0.0002346400
   0.0000682700    0.0000142500    0.0000176000
   0.0000010800    0.0000230500    0.0000619000
  -0.0001950500   -0.0000425200   -0.0002077600
   0.0000147200   -0.0000266000    0.0000200200
   0.0000421000   -0.0000384500    0.0000379100
  -0.0000311700   -0.0000022700    0.0000251200
   0.0000215100    0.0000623600    0.0000314500
   0.0001015600   -0.0000601500   -0.0002897200
  -0.0000933700   -0.0001178600   -0.0001557900
   0.0000457400   -0.0000143800    0.0000606900
  -0.0000650300   -0.0000498900    0.0000021900
   0.1299240300    0.0003277600    0.2240681000
  -0.0034853400    0.0047685200    0.0062842400
  -0.0007317600    0.0000124600   -0.0011339700
  -0.0040973400   -0.0046403500    0.0064130300
  -0.0023348600   -0.0052737000    0.0064051000
  -0.0003599800    0.0002704500   -0.0002321400
  -0.0003397500   -0.0002863900   -0.0003085100
  -0.0027270200    0.0055876300    0.0062922700
   0.0001205100   -0.0004939500   -0.0011237500
  -0.0008320600    0.0000147800   -0.0002705600
   0.0001048700    0.0004807300   -0.0011445400
  -0.0008329400   -0.0000584100   -0.0002706300
  -0.0025840900    0.0037226900    0.0064690900
  -0.0024782000   -0.0042334100    0.0062282300
  -0.0003984400   -0.0002487800   -0.0002647800
  -0.0003019200    0.0003085800   -0.0002771500
  -0.0496276400   -0.0239894200   -0.0563475300
   0.0023637200   -0.0060369300   -0.0222003700
   0.0001045800   -0.0005183700   -0.0007797900
  -0.0006751000    0.0004246700   -0.0008755400
  -0.0080855700    0.0298931400   -0.0391337800
   0.0012360800   -0.0005685000   -0.0012854400
   0.0000351200   -0.0000945200    0.0001077500
  -0.0022567600    0.0025961300   -0.0027180400
  -0.0000914800    0.0004593600   -0.0006943200
  -0.0001131200    0.0000829200    0.0000082000
   0.0000532800    0.0000077800    0.0002071700
  -0.0004045800    0.0002522800   -0.0009518200
  -0.0001813100   -0.0006326200   -0.0007422900
   0.0022299300   -0.0020114800   -0.0020000000
   0.0002856100    0.0000066400   -0.0009042800
   0.0001295500    0.0000035500   -0.0002051600
   0.0027424100    0.0063190200   -0.0228622100
  -0.0484698100    0.0232421000   -0.0552548100
  -0.0006990400   -0.0005453800   -0.0008311700
   0.0001054100    0.0005212900   -0.0007200500
  -0.0082088300   -0.0296831400   -0.0391895800
  -0.0021355100   -0.0025153600   -0.0027806300
   0.0000311900    0.0000525400    0.0001199500
   0.0011710500    0.0006174400   -0.0015194200
  -0.0005101000   -0.0002464000   -0.0009248200
   0.0000332200   -0.0000033800    0.0002142900
  -0.0000545900   -0.0000519000    0.0000263000
  -0.0000910400   -0.0004476800   -0.0006359400
   0.0002692000    0.0000421800   -0.0008684100
   0.0022305200    0.0019142100   -0.0021512800
  -0.0001169300    0.0006693000   -0.0006904900
   0.0001722900    0.0000035000   -0.0001809700

65   
  0.0054308656621598   0.0000000000000000   0.0083967671254819
   0.0002178700    0.0000017100   -0.0007758900
  -0.0000046000    0.0001562200    0.0002654300
   0.0000142600   -0.0000066000    0.0000357900
   0.0000760800    0.0001087700    0.0003076000
   0.0001725300   -0.0000802100    0.0002134400
   0.0000195700    0.0000211600   -0.0000178900
  -0.0000671500    0.0000392400    0.0000002800
  -0.0000177900   -0.0001116100    0.0003593800
   0.0000058700    0.0000045200    0.0000329400
  -0.0000062200   -0.0000468000   -0.0000087000
   0.0000196700    0.0000007600    0.0000382200
  -0.0000117100   -0.0000624200    0.0000027400
   0.0001590700   -0.0000714900    0.0002365100
  -0.0001178200   -0.0000070900    0.0003392200
  -0.0000466100    0.0000151000   -0.0000277400
   0.0000628500    0.0000340600    0.0000346700
   0.0000246800    0.0000116400    0.0000420900
  -0.0000053500   -0.0000014500    0.0000187900
   0.0000046800    0.0000109500   -0.0000006600
  -0.0000165100    0.0000165700    0.0000150600
   0.0000014400   -0.0000059600    0.0000271000
   0.0000117100    0.0000001200    0.0000238100
   0.0000018800    0.0000002400    0.0000091200
  -0.0000021800    0.0000547400   -0.0000052400
   0.0000116700   -0.0000039500    0.0000178600
   0.0000045200    0.0000058300    0.0000230700
   0.0000088700   -0.0000004400    0.0000250800
   0.0000065300   -0.0000013400    0.0000197400
   0.0000117100   -0.0000271700    0.0000315500
   0.0000458100   -0.0000311700   -0.0000018600
   0.0000057800   -0.0000059200    0.0000141700
  -0.0000482400   -0.0000276400   -0.0000158800
  -0.0008755800   -0.0004237200    0.0006071100
   0.0000802900    0.0000644200    0.0000152200
  -0.0000474500    0.0000450500   -0.0000513500
   0.0014526400   -0.0009146000    0.0019814800
   0.0001043400    0.0000327500    0.0000103800
   0.0000007700    0.0000001100    0.0000403400
  -0.0000512600    0.0000306300   -0.0000635000
  -0.0000859500   -0.0000995900   -0.0001597600
   0.0000243500   -0.0000902100   -0.0000236800
  -0.0000011200   -0.0000780300   -0.0000348000
   0.0000011600   -0.0000080400   -0.0000032600
   0.0000220500   -0.0000073800    0.0000202400
  -0.0001334800    0.0013418400    0.0012945000
  -0.0000752600   -0.0000095800   -0.0001955700
   0.0000108900    0.0000075500    0.0000170800
   0.0000976400    0.0001049000   -0.0001176800
   0.0499020700    0.0241124200    0.0563091300
   0.0003878400   -0.0000742400    0.0010770400
   0.0002028100   -0.0003310300    0.0005711600
  -0.0025072600    0.0061361200    0.0221983000
  -0.0001738800   -0.0001065600    0.0009811200
  -0.0001215000   -0.0000009300    0.0002042600
   0.0000873500    0.0004596900    0.0006724800
  -0.0022486800    0.0012717200    0.0019999000
   0.0000382600    0.0005210800    0.0007275600
   0.0004812300   -0.0004772300    0.0009257300
  -0.0001127400   -0.0000521600   -0.0001622900
   0.0001951100   -0.0001288200   -0.0000524200
   0.0081296500   -0.0300565900    0.0390771900
   0.0016002100   -0.0022232200    0.0031447400
  -0.0000252400    0.0001796100   -0.0001090700
  -0.0006077500    0.0009459000    0.0008583400
  -0.0647582600   -0.0001904400   -0.1317171800
   0.0029073300   -0.0001225300   -0.0021974900
   0.0000081500    0.0000147300   -0.0005865200
   0.0048029400   -0.0004496000   -0.0034155200
  -0.0001661900    0.0010385400   -0.0026703400
  -0.0000422100   -0.0000466800   -0.0000894400
  -0.0001157100    0.0000898500   -0.0000070500
   0.0013031300   -0.0024315800   -0.0029510100
   0.0000286800   -0.0000122400   -0.0005774500
   0.0000398300   -0.0000436000   -0.0000468800
   0.0000009300   -0.0000044700   -0.0005952100
   0.0000405100    0.0000739100   -0.0000474100
   0.0008093000    0.0030452200   -0.0032795600
   0.0003251300   -0.0010762200   -0.0023420000
  -0.0000150200    0.0000329500   -0.0000745000
  -0.0001434200   -0.0001054700   -0.0000217500
  -0.0011089800   -0.0000012900    0.0181999500
   0.0022209500   -0.0020650100    0.0009221100
   0.0000816600    0.0001319900    0.0000775300
  -0.0002279400   -0.0002010900   -0.0007140400
  -0.0009575300    0.0034897000    0.0012065400
   0.0001471100    0.0000583000   -0.0002373000
  -0.0000781000    0.0000744800   -0.0002481000
  -0.0002082700   -0.0002091900   -0.0009923500
   0.0000255400    0.0000319900    0.0000141500
   0.0000488000   -0.0001309700   -0.0002436400
  -0.0002063600   -0.0001667700    0.0001399600
   0.0000455200    0.0000154400   -0.0002476800
  -0.0021800300   -0.0005159800    0.0003802700
   0.0010043800   -0.0004698600   -0.0001820600
   0.0000508800   -0.0000031100   -0.0001961400
   0.0000229300   -0.0000132000   -0.0002996700

65   
 -0.0054308656621598   0.0000000000000000  -0.0083967671254819
  -0.0002109300    0.0000010200    0.0007966000
   0.0000160300   -0.0001631600   -0.0002529200
  -0.0000035700    0.0000074100   -0.0000189900
  -0.0000612900   -0.0001077900   -0.0002942100
  -0.0001655100    0.0000784600   -0.0001982700
  -0.0000063100   -0.0000216100    0.0000335700
   0.0000826800   -0.0000401500    0.0000174400
   0.0000331900    0.0001164500   -0.0003497300
   0.0000079700   -0.0000061800   -0.0000174500
   0.0000227300    0.0000522500    0.0000249800
  -0.0000036300    0.0000004700   -0.0000223400
   0.0000195600    0.0000633400    0.0000141700
  -0.0001407100    0.0000711500   -0.0002171200
   0.0001327800    0.0000038600   -0.0003280300
   0.0000587400   -0.0000194800    0.0000474000
  -0.0000526400   -0.0000392300   -0.0000173200
  -0.0000111300   -0.0000117000   -0.0000554700
   0.0000154200    0.0000049400   -0.0000387900
   0.0000141600   -0.0000115500   -0.0000208900
   0.0000303100   -0.0000141000   -0.0000234800
   0.0000143600    0.0000045100   -0.0000434000
  -0.0000014800    0.0000009300   -0.0000375800
   0.0000178900    0.0000006400   -0.0000194000
   0.0000127700   -0.0000570600   -0.0000054700
   0.0000043400   -0.0000001500   -0.0000310500
   0.0000085400   -0.0000026500   -0.0000247300
   0.0000049700   -0.0000038000   -0.0000367400
   0.0000062300   -0.0000005600   -0.0000355600
   0.0000090600    0.0000250500   -0.0000412400
  -0.0000378200    0.0000297800   -0.0000097100
   0.0000080500    0.0000017500   -0.0000394600
   0.0000622200    0.0000303100   -0.0000029500
   0.0008932800    0.0004232700   -0.0006453300
  -0.0000717300   -0.0000608900   -0.0000580700
   0.0000657900   -0.0000454200    0.0000095700
  -0.0014739700    0.0009438300   -0.0020924800
  -0.0000894600   -0.0000357100   -0.0000572100
   0.0000093200    0.0000006400   -0.0000894200
   0.0000699200   -0.0000300200    0.0000111500
   0.0000980200    0.0000987900    0.0001100400
  -0.0000079700    0.0000864700   -0.0000266800
   0.0000131400    0.0000809300   -0.0000261200
   0.0000135300    0.0000039900   -0.0000484900
  -0.0000097600    0.0000057800   -0.0000676000
   0.0001618300   -0.0013648200   -0.0013645400
   0.0000837800    0.0000085700    0.0001450900
   0.0000029700   -0.0000125000   -0.0000548300
  -0.0000865400   -0.0001052700    0.0000758400
  -0.0477402700   -0.0229026700   -0.0543736300
  -0.0003244300    0.0000723100   -0.0011682200
  -0.0002155200    0.0003283500   -0.0006616500
   0.0025783100   -0.0061601000   -0.0224856200
   0.0002019000    0.0001339500   -0.0010643900
   0.0001279800   -0.0000007200   -0.0002937400
  -0.0000866800   -0.0004373100   -0.0007637500
   0.0022260800   -0.0012870400   -0.0020902200
  -0.0000419200   -0.0005405200   -0.0008104300
  -0.0004433800    0.0004404700   -0.0010159200
   0.0001187800    0.0000467600    0.0000679400
  -0.0001791300    0.0001237400   -0.0000392400
  -0.0080820400    0.0292414400   -0.0385957500
  -0.0016120000    0.0022123100   -0.0032022000
   0.0000365300   -0.0001716300    0.0000144100
   0.0006137000   -0.0009346400   -0.0009725400
   0.0613951800   -0.0001856000    0.1317974300
  -0.0028651000    0.0001355900    0.0021539500
   0.0000106300   -0.0000183300    0.0005817000
  -0.0048345800    0.0004514000    0.0034354000
   0.0001672400   -0.0010493000    0.0026311600
   0.0000539600    0.0000464600    0.0000889100
   0.0001341800   -0.0000926400    0.0000074900
  -0.0012993300    0.0024243600    0.0029509400
  -0.0000144500    0.0000140600    0.0005715400
  -0.0000263400    0.0000449000    0.0000487700
   0.0000151200    0.0000023800    0.0005916700
  -0.0000261700   -0.0000746200    0.0000480900
  -0.0007895100   -0.0030325600    0.0032718500
  -0.0003446200    0.0010757500    0.0023103800
   0.0000299800   -0.0000310000    0.0000716300
   0.0001580100    0.0001075700    0.0000230500
   0.0010909000   -0.0000010300   -0.0179360300
  -0.0021980300    0.0020717400   -0.0009274500
  -0.0000639000   -0.0001365500   -0.0001026900
   0.0002667300    0.0002170400    0.0006775100
   0.0009601000   -0.0034382600   -0.0011991000
  -0.0001331700   -0.0000572200    0.0002045100
   0.0000932900   -0.0000710700    0.0002210100
   0.0002216100    0.0001852800    0.0009538000
  -0.0000128400   -0.0000302600   -0.0000424100
  -0.0000318700    0.0001294800    0.0002127300
   0.0002204900    0.0001633300   -0.0001629900
  -0.0000300900   -0.0000133100    0.0002200000
   0.0021867000    0.0005180400   -0.0004040000
  -0.0010299300    0.0004752500    0.0001436600
  -0.0000311100    0.0000013900    0.0001650400
  -0.0000101300    0.0000122300    0.0002746500

81   
  0.0054308656621598   0.0000000000000000   0.0083967671254819
  -0.0000219900    0.0000000600   -0.0001488600
  -0.0000289000   -0.0000199900    0.0000084700
  -0.0000307900   -0.0000101100   -0.0000359600
  -0.0000246900   -0.0000150000    0.0000078500
  -0.0000536000   -0.0000006600    0.0000191800
  -0.0000370700   -0.0000101500   -0.0000214300
  -0.0000286400   -0.0000047200   -0.0000296100
  -0.0000199600    0.0000067700   -0.0000038300
  -0.0000420900    0.0000062300   -0.0000270700
  -0.0000268900    0.0000055200   -0.0000255400
  -0.0000237700    0.0000056900   -0.0000460400
  -0.0000364900   -0.0000072400   -0.0000263000
  -0.0000404300    0.0000239700    0.0000194700
  -0.0000115000    0.0000034700   -0.0000031000
  -0.0000366200    0.0000028700   -0.0000218400
  -0.0000244300    0.0000100600   -0.0000295300
  -0.0000255600    0.0000038000   -0.0000077600
  -0.0000265600   -0.0000015200   -0.0000200200
  -0.0000263700   -0.0000044100   -0.0000204000
  -0.0000327900   -0.0000013600   -0.0000051700
  -0.0000284400    0.0000021200   -0.0000229200
  -0.0000283900    0.0000004500   -0.0000232600
  -0.0000246400    0.0000018300   -0.0000200100
  -0.0000322100    0.0000064600   -0.0000217400
  -0.0000302000   -0.0000008800   -0.0000208200
  -0.0000256900    0.0000000600   -0.0000161100
  -0.0000271200   -0.0000004700   -0.0000218200
  -0.0000298700   -0.0000006100   -0.0000212600
  -0.0000314600   -0.0000031200   -0.0000078600
  -0.0000262000   -0.0000035600   -0.0000207200
  -0.0000286800   -0.0000010600   -0.0000245800
  -0.0000364800   -0.0000003100   -0.0000229500
  -0.0000181900    0.0000014000   -0.0000449500
  -0.0000185200    0.0000087000   -0.0000296700
  -0.0000682400    0.0000156100   -0.0000381800
  -0.0000388000    0.0000089300   -0.0000507600
  -0.0000184100    0.0000039500   -0.0000246000
  -0.0000247200    0.0000002700   -0.0000373200
  -0.0000653300    0.0000275400   -0.0000411400
  -0.0000368000    0.0000152400   -0.0000619500
  -0.0000310600   -0.0000277900   -0.0000311300
  -0.0000279100   -0.0000313500   -0.0000404100
  -0.0000381200   -0.0000052500   -0.0000322100
  -0.0000172400   -0.0000096300   -0.0000253200
  -0.0000200600   -0.0000109300   -0.0000465800
  -0.0000260000   -0.0000062300   -0.0000286300
  -0.0000316700    0.0000125900   -0.0000258700
  -0.0000521600   -0.0000068900   -0.0000956500
  -0.0024317300   -0.0061228100    0.0226967100
   0.0002109300    0.0002906600    0.0004712800
   0.0003403200    0.0000955300    0.0009901300
   0.0480309600   -0.0230230200    0.0553642100
   0.0000418700   -0.0004714900    0.0006072600
  -0.0001940000   -0.0000003800    0.0001314600
  -0.0002240200    0.0001574500    0.0008520500
  -0.0022235900   -0.0011307500    0.0021048600
   0.0004800200    0.0004857900    0.0008671600
   0.0000800800   -0.0005607700    0.0005932700
   0.0001337900    0.0001058200   -0.0001405800
  -0.0001536200    0.0000590300   -0.0001956200
   0.0081643200    0.0293253800    0.0392040600
  -0.0004940100   -0.0010018600    0.0010466800
  -0.0000502000   -0.0001658100   -0.0001676200
   0.0014605600    0.0021239300    0.0031609100
  -0.0011123000   -0.0000007900    0.0178739400
  -0.0003147600    0.0003036700   -0.0007252400
   0.0000415300   -0.0001118600    0.0000385000
   0.0021980300    0.0021481200    0.0008476100
  -0.0001826100    0.0001248700   -0.0009651600
  -0.0000841200   -0.0000506200   -0.0002923800
   0.0000801000   -0.0000432500   -0.0002731800
  -0.0010376200   -0.0035026100    0.0010825800
  -0.0002219800    0.0001512800    0.0001133500
   0.0000046100    0.0000935600   -0.0002810800
  -0.0000309300   -0.0000424300   -0.0000338300
   0.0000096400   -0.0000121900   -0.0002775000
   0.0010842200    0.0004528800   -0.0001704400
  -0.0022969400    0.0005007700    0.0003040900
  -0.0000128000    0.0000139600   -0.0003525800
   0.0000053700   -0.0000014900   -0.0002038000
  -0.0586452400   -0.0001874700   -0.1223677600
   0.0048243700    0.0004054800   -0.0038078900
  -0.0000298700   -0.0000693500   -0.0006067400
   0.0025177900    0.0000515900   -0.0023120200
   0.0012836300    0.0025071800   -0.0033054200
  -0.0001969800   -0.0001029100   -0.0000393400
  -0.0000647700    0.0000291700   -0.0001043300
  -0.0002399900   -0.0007729000   -0.0028067500
  -0.0000693900    0.0000225000   -0.0006443100
  -0.0000163100    0.0000749000   -0.0000711700
   0.0000478100    0.0000444300   -0.0005673400
  -0.0000155400   -0.0000580400   -0.0000704700
   0.0001593700    0.0009027000   -0.0025565500
   0.0008861000   -0.0030884200   -0.0035540500
  -0.0001802800    0.0000962700   -0.0000298400
  -0.0000801000   -0.0000360700   -0.0001112400

81   
 -0.0054308656621598   0.0000000000000000  -0.0083967671254819
  -0.0000044700   -0.0000010300    0.0001339500
   0.0000055600    0.0000192200   -0.0000230300
   0.0000062700    0.0000122500    0.0000210000
   0.0000070900    0.0000173100   -0.0000209500
   0.0000308000   -0.0000001900   -0.0000340500
   0.0000140300    0.0000100800    0.0000079000
   0.0000048300    0.0000026800    0.0000161700
  -0.0000029000   -0.0000025200   -0.0000116500
   0.0000207900   -0.0000065500    0.0000116900
   0.0000046800   -0.0000031400    0.0000123900
   0.0000048200   -0.0000048700    0.0000324100
   0.0000074700    0.0000059100    0.0000125900
   0.0000204100   -0.0000235300   -0.0000302600
  -0.0000103500   -0.0000076500   -0.0000122500
   0.0000119700   -0.0000058800    0.0000108500
  -0.0000002500   -0.0000151300    0.0000155000
   0.0000030100   -0.0000028200   -0.0000365600
   0.0000007800    0.0000043000   -0.0000307700
   0.0000059200    0.0000054600   -0.0000296700
   0.0000096000    0.0000034700   -0.0000348000
   0.0000062700   -0.0000037300   -0.0000241600
   0.0000030200    0.0000016500   -0.0000194200
   0.0000062600   -0.0000016600   -0.0000201600
   0.0000061700   -0.0000068400   -0.0000181500
   0.0000095300   -0.0000042900   -0.0000211800
   0.0000009300    0.0000026200   -0.0000157800
   0.0000045500   -0.0000038000   -0.0000193800
   0.0000059300   -0.0000012100   -0.0000238800
   0.0000145000    0.0000019300   -0.0000331100
  -0.0000017500    0.0000016800   -0.0000214700
   0.0000056100   -0.0000014400   -0.0000296300
   0.0000131000    0.0000019400   -0.0000254100
  -0.0000046700   -0.0000009300   -0.0000317000
  -0.0000071700   -0.0000059000   -0.0000424400
   0.0000475400   -0.0000149000   -0.0000347300
   0.0000157700   -0.0000067900   -0.0000320600
  -0.0000035900   -0.0000060300   -0.0000512100
  -0.0000008400    0.0000016100   -0.0000419000
   0.0000474700   -0.0000273600   -0.0000407400
   0.0000102800   -0.0000157100   -0.0000197300
   0.0000105900    0.0000223300   -0.0000498000
   0.0000033900    0.0000338000   -0.0000495300
   0.0000157000    0.0000009900   -0.0000486000
  -0.0000070000    0.0000081200   -0.0000519700
   0.0000030500    0.0000101300   -0.0000338500
  -0.0000015300    0.0000041200   -0.0000518200
   0.0000085400   -0.0000153900   -0.0000424300
   0.0000278800    0.0000082600    0.0000222100
   0.0023548300    0.0060941900   -0.0226334100
  -0.0002069300   -0.0002930900   -0.0005980100
  -0.0004144000   -0.0000984100   -0.0011164400
  -0.0501946700    0.0242358000   -0.0574991000
  -0.0000491200    0.0004897700   -0.0007312000
   0.0001765300   -0.0000015400   -0.0002596900
   0.0001890900   -0.0001264700   -0.0009808400
   0.0022344700    0.0011179400   -0.0022254200
  -0.0005232000   -0.0005230800   -0.0009903200
  -0.0000828300    0.0005416400   -0.0007256500
  -0.0001612400   -0.0001096200    0.0000202600
   0.0001356500   -0.0000651200    0.0000764800
  -0.0082094300   -0.0301364100   -0.0398858300
   0.0004808600    0.0010127800   -0.0011427500
   0.0000256200    0.0001745200    0.0000464800
  -0.0014612100   -0.0021338800   -0.0033161600
   0.0011237700   -0.0000019300   -0.0181886300
   0.0002644300   -0.0002839500    0.0007085100
  -0.0000644000    0.0001074700   -0.0000675100
  -0.0022307500   -0.0021393000   -0.0008962200
   0.0001625600   -0.0001523400    0.0009509900
   0.0000599500    0.0000553200    0.0002645300
  -0.0001032300    0.0000411400    0.0002525600
   0.0010245000    0.0035505800   -0.0011440300
   0.0002000900   -0.0001537900   -0.0001429100
  -0.0000333100   -0.0000953200    0.0002605200
   0.0000105900    0.0000428000    0.0000109000
  -0.0000329600    0.0000135200    0.0002526000
  -0.0010663300   -0.0004485700    0.0001562300
   0.0022762500   -0.0004976900   -0.0003331600
  -0.0000070400   -0.0000139800    0.0003231400
  -0.0000336200    0.0000003700    0.0001809000
   0.0628965000   -0.0002016900    0.1304039700
  -0.0048056700   -0.0004067100    0.0037308200
   0.0000051100    0.0000648200    0.0005534000
  -0.0025766700   -0.0000412200    0.0022922600
  -0.0012977200   -0.0025114400    0.0032462100
   0.0001691400    0.0001047000   -0.0000184200
   0.0000454700   -0.0000296900    0.0000454000
   0.0002292300    0.0007706400    0.0027851800
   0.0000462500   -0.0000239300    0.0005913000
  -0.0000089700   -0.0000726700    0.0000135400
  -0.0000697900   -0.0000431500    0.0005165200
  -0.0000069000    0.0000571500    0.0000143100
  -0.0001534500   -0.0009074800    0.0025270900
  -0.0009129300    0.0031021900    0.0035046000
   0.0001574900   -0.0000941100   -0.0000276600
   0.0000587700    0.0000386600    0.0000562100
